[686.144684845423, -248.8234056541198]
[2.73907588496672, 14.136323234902033]
[-4.315107920963577, 3.532867675191934]
[4.277246583234485, -7.765722771600013]
[6.070486594884569, -2.035113623615592]
[2.6820902374748883, -0.8704311246122902]
[2.2978296498098665, -1.1763844797492782]
[-0.029475189849449634, -0.3615022317139087]
[0.9102994186869751, -0.40077791201520174]
[0.9287566785017525, 0.7148409304222314]
[-0.720762068499532, -0.3728565300715747]
[0.1433765876429316, 0.4298374259406189]
[-0.09673402718664192, -0.11147425819515266]
[0.31883813811659145, -0.31937814380552915]
[0.015980237541556974, -0.2785704222807963]
[0.04548314437281853, -0.191078218700801]
[0.2720313605854727, 0.31508888770276133]
[0.18129840312737855, -0.06864854679025656]
[0.24147410719061746, -0.0934858392512874]
[0.19893886982346132, 0.2159787073722499]
[-0.15108189216888768, -0.08378010679472325]
[0.22991179964410335, 0.04146215548579324]
[0.03243995402628386, -0.1705648759798999]
[0.09116712990592823, 0.09906390238279128]
[-0.0627026057074005, -0.09735138743294769]
[-0.08519492664530226, -0.06863225538199691]
[0.03011774397092104, 0.10229858774513545]
[0.07713403153415754, 0.0344959769563582]
[-0.018135386683802324, 0.05274084542167223]
[0.0446240822948063, 0.04920015110381204]
[0.015470132706316697, -0.004810868686464076]
[0.15590425733105384, -0.011803333193006527]
[0.004916000171080626, -0.1019249714683621]
[0.04506172920603291, 0.05867201935606747]
[0.018894432975498532, -0.009887120545922556]
[-0.014243150459360976, 0.023594665326963415]
[-0.016653645013082308, -0.0166253536497436]
[-0.006259550179771978, 0.06496208666266323]
[-0.07654916013994484, 0.060441873063860285]
[0.027984794968159754, 0.006321097706737611]
[0.01457495455055513, 0.003744635665515972]
[0.051569621672005184, 0.0037704573835695143]
[-0.003355349558070486, -0.020335980274658993]
[0.020184553622000223, -0.015121776073474535]
[0.0435906251383853, 0.013626482932211914]
[0.02671568127518409, 0.050554958180499376]
[-0.013940214406248375, -0.013816834730318917]
[-0.017099407753596196, 0.05161712074271296]
[-0.041219559083076174, 0.01512334934785109]
[0.028938312885143702, 0.015646103097726183]
[-0.02332817383009156, -0.005123748172300324]
[-0.00560091847726607, 0.01085206457907173]
[0.005972581653890585, 0.02040189895035205]
[0.0005064573711468512, -0.024077270885898727]
[0.0207019525791938, 0.013302466921777167]
[0.013219297882769432, 0.02965902773213802]
[-0.003733872499826707, 0.022864904818836962]
[0.009196305114651082, 0.026115462748820484]
[-0.0019507637176062742, -0.012551236126623344]
[0.01784489038695325, 0.024940697514431953]
[-0.02705942471075451, -0.0085419176733188]
[-0.011057095841755071, 0.0032055275901301528]
[0.010381848525027326, 0.01753626594525226]
[-0.01100287435756675, 0.004441955279332888]
[-0.0038666804489142503, 0.015072600574429273]
[-0.011812072531306228, 0.005616746571192266]
[-0.00021987195068540188, 0.032095924873320136]
[0.02230242727201004, 0.008746206357697517]
[0.0060326276635778164, -0.006437016206247925]
[0.005375698760395453, 0.014257120922395394]
[-0.0002150951024275649, -0.0035329807814630243]
[0.000892964408887087, -0.002559323073705322]
[0.006838224982518515, 0.0017298432037851086]
[-0.012826809571783171, 0.02042188102255782]
[-0.007816412905308656, 0.01820434201157628]
[-0.015338609479151, 0.0023353345564736117]
[-0.0029650445013720272, 0.014661546931877822]
[0.009918169969220236, 0.003105467151911512]
[-0.002594782124684336, 0.00866141746147786]
[0.0010044426302104337, -0.004450420379297881]
[0.019787663873354955, 0.003357247000428387]
[0.0036056040517124174, -0.0011051551460079523]
[0.005025956659852948, -0.0011725402271212104]
[-0.008074908317171198, 0.011736941568767811]
[0.0009757562410972476, 0.014219654477009236]
[-0.0019259490484628272, 0.010287239418779848]
[-0.005397121841859587, -0.001216370586428539]
[-0.005506612975390457, 0.0027198107773847013]
[-0.004580902419981658, 0.009952816513584484]
[0.0007126606651557399, -0.012223236978456953]
[0.015823207844207765, 0.0061858679062472]
[-0.0036845416366360073, 0.0004656045566973077]
[0.007788220874624496, 0.008099589161389087]
[-0.0021966291392572224, -0.0015728202829285998]
[0.0067853495202681025, 0.005439249717034134]
[0.007675340007750497, 0.011156205151506615]
[-0.0029444431676020066, -0.0026435396095609853]
[-0.005155022765200412, 0.0011968778987534456]
[0.003150285909632622, -0.0002861428802796162]
[-0.0012228270573440003, -0.006241350640236121]
[0.002839099815050261, 0.004504010982493645]
[-0.008958021622624601, -0.0016135302344664204]
[0.008769379822028522, 0.013619342937638779]
[0.0007156799324412599, -0.0034194926340940235]
[0.004491088243733454, 0.0008509689551787769]
[0.005756473073603274, 0.0021969227644986766]
[0.002695504713731811, 0.0016609562150406987]
[0.004965134756006906, -0.002405004456961457]
[0.00943466644472668, -0.006942844620874022]
[-0.003317797623627161, 0.0012657423210913343]
[-0.0002570622272748402, 0.0017045794011077975]
[-0.00622015334241155, -0.0029131372762838392]
[0.004413763883965416, 0.007952618860653127]
[0.0005155317873490883, 0.002251155622283285]
[-0.00044298845585410973, 0.002203832029709807]
[0.0007936821637484215, -0.0056572423578713504]
[0.006105210389440341, 0.0014179594230010195]
[0.008751564466234374, -0.005195759158988178]
[0.008255860021529893, -0.0038761632777933736]
[-0.0020477937937737334, 0.0009040954512031796]
[0.00606033685466989, 0.000602788635620851]
[0.00017049563370707954, -8.331443942843908e-05]
[-0.0006531683230570628, -0.001047310617627313]
[0.00023736371445381987, 0.004593542140250095]
[-0.002059986317595186, 0.0028201347852684217]
[0.0009542933343209548, -0.0050895850457474134]
[0.004567168615779105, -0.002547551471230619]
[0.002721804050719534, -0.0050298673192674115]
[0.00407101508117047, 0.001983981951663716]
[0.0010800845469031706, -0.0038004334157925868]
[0.009069041982959047, 0.0011826999456911597]
[0.0036883523714086874, 0.00332518731799461]
[-0.0012391363820619117, -0.003513322091310722]
[0.002222639240067645, 0.0015176309654820752]
[-0.00012473093737712382, -0.0012012213000161531]
[0.004336548729974937, -0.00019706777935877239]
[0.001006440922569407, -0.004374151775195326]
[-0.0031613365632790213, -0.002707959012867321]
[0.0023220124335054104, 0.0029293551727531397]
[0.0019059856577240408, -0.004314191476751245]
[0.003685967155647729, 0.0018232127064557457]
[0.0030026805646101717, 0.0028747332183264446]
[0.0010835150821257855, 6.49306949433992e-05]
[0.00517761917129389, -0.0014098450101997922]
[0.0018603798994009102, -0.005461164243430572]
[0.005187044180541833, 0.0015863052639134012]
[4.626634354853998e-06, -0.0027568969206918648]
[-0.0017563211390944078, -0.00042607198285018327]
[0.002519622049565462, -0.0002856443067316139]
[0.00010203137509257054, 0.0006742565114757659]
[-0.0029794831454890147, 0.0015032313532908903]
[0.0013378227155036448, 0.00015294902116323034]
[0.001302731237255661, 0.0022538754421472795]
[0.005846075645590254, -0.000930832007372831]
[0.001618168178686652, -0.004618864776204656]
[0.002728458276091139, -0.0007786806671606084]
[0.002058319436895495, -0.0007452810353989481]
[0.0028156753321797456, 0.0006666432939499423]
[0.0017155249005517126, -0.002035946650212672]
[-0.0007889131908267455, 0.0049197221993213525]
[-0.0037932670249980482, 0.0005122036469460411]
[0.0014298655074134192, -0.00015137202588605403]
[-0.001441477846534922, -0.00015636825161324808]
[0.003347497870231253, 0.0007555976770888817]
[5.236475071224156e-05, -0.0003530208507624977]
[0.0004631986001601973, -0.002670126870974454]
[0.0034820079337666288, -4.054822424959248e-05]
[0.003357461785110649, 0.0009659635023510083]
[-0.00012842646188804263, -7.476087374813645e-05]
[0.0009391855425959772, 0.004116532577664311]
[-0.0005496571177968645, -0.00028697027294710686]
[0.0027792221487517033, 0.002392817621835741]
[-0.003266316901794908, -0.003150196486707557]
[0.0004471756113100245, 0.0009816183689059788]
[-0.0006988308027707779, 0.0016029486928528236]
[0.00012199075360830314, -0.0011648809066866495]
[0.0017612506042181675, 0.00043483513095843307]
[-0.0002473131399465256, 0.001235726188355768]
[-0.0010183551874783925, 0.002681744890833837]
[0.0028062957726278093, 0.0009745807069432288]
[0.0008323030029427914, -0.0003260688640858156]
[0.0032529349615444403, 0.0036358714204804965]
[-0.0016619852422382064, -0.0025537461218219093]
[-4.935928913218923e-05, 0.000184415997640075]
[8.365993198444777e-05, -0.00018921059721677125]
[0.0001670653035892311, 0.0017035922890809019]
[-0.0011011759336066185, 0.001439544467338738]
[-0.0025808506699258604, 0.0016967106178022995]
[-0.0007031970556462958, 0.0030139585286099724]
[0.0021650376980690833, 0.0001697256812589476]
[-0.0009802497050624137, 0.0002872276894132497]
[0.002004516072090512, 0.0013936842731192556]
[0.0011752793661772842, 0.00035421085235443073]
[0.0011392481580809743, -8.585493908475073e-05]
[0.0012757604182345172, -0.0016330754729789732]
[-0.0006218958581918343, 0.0026056982712430177]
[-0.0016209662033874195, 0.002058716315673337]
[-0.0011000722978147248, 0.0021072695647426087]
[-0.0006627310584628177, 0.001247350999441732]
[2.753738604110989e-05, 0.0018504349956875998]
[-0.002396210745052585, 0.0008502998387829308]
[0.00021643655517766813, -0.0014367033471387458]
[0.0019119383327951267, 0.0017121587837465313]
[0.0011397169144184982, 0.0001599393683227035]
[0.0015864001529483085, 0.00021884426521845413]
[-0.001293727888763918, 0.001221568920658278]
[0.00033798757536851465, 0.0016861416536571028]
[0.0012659779299938334, 0.0021278433203342217]
[-0.0011851274182392846, -0.00010767301903769066]
[-0.0007184062379014811, 0.002560004350465217]
[-0.0010839465393528425, 0.0006651475157430919]
[-0.0006030686626499748, -0.0014334179625268284]
[0.0005940887165065689, 0.0006756245708192665]
[-0.0008450927576009459, 6.84127345351726e-05]
[0.0010046594223909189, 0.003044454689027809]
[-0.0009017991865898356, -0.00014090764592955551]
[0.0016934305711082676, 0.0011957187961508797]
[0.001320875755604807, 0.001531998281445457]
[-0.0009563677293209505, 0.00015482342781791836]
[0.0005192253244690054, 0.000778266728475252]
[0.0012014970508731349, -0.00015297463855379334]
[-0.00031825055756704024, 0.000489563704111573]
[-0.00010566467427586268, -0.0003289513715478698]
[-0.0024797869650513005, -0.00024088414902778688]
[0.00045865770987840726, 0.003153621424094588]
[-0.0002274171886179066, 7.361983370923753e-05]
[0.0006477877298960433, 0.0013445814745449702]
[-0.00017944492449795124, 0.0004677197919094045]
[0.00037858585382699594, 0.0009369825726557313]
[0.0015800216563633396, -0.001339591163016296]
[0.0019438728022007634, -0.0006581067761410875]
[6.105355715724237e-05, 0.0009430556120400002]
[0.0010262990822591522, 0.00025975407610379087]
[-0.001737229841668242, -5.982936766923963e-05]
[0.0004986930426298386, 0.0008239361685804525]
[-0.000247237899496211, 0.001057372096205933]
[-0.0010340275417226596, 0.0014315642454731936]
[-0.0006091234126821554, -0.0004260761463183993]
[0.0013132533843045469, 0.0007664357220332763]
[0.0008963663845803493, -0.0015735219365107245]
[0.001243827292650268, -0.0002102818127435735]
[-0.0001460799551002978, -0.0007847067873347768]
[0.0023530848552315575, 0.0012749916305184739]
[0.00026798709182074276, 0.0004422735583319293]
[0.0007752963110341238, -0.0006148296392584629]
[-0.00038957837863340394, 0.0012169314788745833]
[-0.0008970247498834016, 0.0005461022095056833]
[0.0005299038261880051, -0.0005611221621489859]
[0.0008226350906639368, -0.00034169110877771414]
[-0.0004805571248700513, -0.0005480825432695458]
[0.0007858936071372113, 0.0005856505392213551]
[-0.0005793363949234687, -0.002029697608733616]
[0.0020344964725541592, 0.0011879504059645052]
[0.0010130520719743297, 0.00044861280356817135]
[0.0007188377822709979, 0.00023183454454309138]
[0.000354203096868122, 0.00028587973076099615]
[0.0007085125988525176, -0.0007555966285816215]
[0.001508007892621177, -0.0001663807662908856]
[2.6110049597960483e-05, -0.0011902009201010255]
[-0.0006938687060729087, -0.00014429180358221938]
[0.0010978460282666802, 0.000605045855615903]
[-0.0005663942353129059, -0.0009538764702135827]
[0.0004899169509111623, 0.00034051278792576745]
[0.00010263223360407192, -4.806101219700931e-05]
[0.00027382586026836186, 0.0013092346081678835]
[0.0014901264149420335, -0.0006139125026360243]
[0.0014402378678265715, -0.0011521606551880767]
[0.001242668408578576, -9.059836837625734e-05]
[0.00040427775056284254, -0.0010071046583614712]
[0.0003190991226619533, -0.0006361784848353362]
[0.0012950776276555442, -0.0002095965606301875]
[-5.630660587962327e-05, 0.0009372324169246039]
[-0.0004950022856151856, -4.8958298554052995e-05]
[-0.0005026559210856291, -0.00014929991680328464]
[-0.00019504873851176885, 0.0006094387777017887]
[0.0016391362924786934, -0.0005619189429991248]
[0.00045050266540014317, -0.0005131189771450662]
[0.00048739860325403006, -0.0006304844595514947]
[0.0014388834182926524, -0.00024238965258574496]
[0.0010209386040591073, -0.0008058773533298064]
[0.0008404323442829931, -0.0006778671156185967]
[0.0004500388283047996, 0.001296086753566697]
[-0.00022663891208268838, 0.00016010091495596845]
[0.0004335026814268894, 0.00048244280529198894]
[-0.0004130949043313348, -0.0010030639287832988]
[0.0007337516502742281, 0.00011779220356765343]
[-0.0006462562146058448, -3.536061072756391e-05]
[0.00024687075036766704, -0.0010137925595670033]
[0.0014334257945137208, 0.00018744002944698357]
[0.0005283139517654467, -0.00012780121358255125]
[0.00021173668684870695, -3.353659414184751e-05]
[0.0006123220572541443, 0.00024508717182078477]
[0.0003048690178547586, 0.000207854024122045]
[0.0017155204391435808, 0.0010120942826207235]
[-0.000370750020871613, -0.0014382220092925557]
[0.00017430186071587528, 0.0004656654385660486]
[-0.00035042664925777345, -0.0004157094068042433]
[0.0003987955525953657, -0.0004706190979858471]
[0.00018127892031472026, 4.106663375069708e-05]
[-0.0003670899962503471, 0.0006076525329618554]
[-0.00010542449610828619, 0.0009292554460272884]
[0.0005329226151943312, -0.00024426421787154817]
[5.715360052438445e-05, -8.738783401140982e-05]
[0.0016468012737381743, 0.00067966769947303]
[-0.00017275730876975537, -0.0004405534121042498]
[0.0006541910016972796, 0.0001342108632251815]
[0.0006834299173544833, -0.0008860448154153211]
[0.0003193429203820486, 0.000552784522621752]
[-0.000696018006277277, -0.00012475572855508155]
[-0.0004992100454290771, 0.0007444408785932666]
[-0.00026616222034664405, 0.000952021927172586]
[0.00042951083769393605, 0.0005802811828680143]
[-0.0007137421691804091, -0.00017392667839688514]
[0.0004610445149931808, -5.5338061505150193e-05]
[3.82651849044624e-05, 0.0004102575634099548]
[0.0011126889386294803, -0.00031128146079906216]
[0.0009109712717537133, -0.00046682100857675657]
[-2.9250578398531957e-05, 0.000903373453298717]
[-0.00019144837695317385, 0.00017597448865669385]
[0.00013625123609395384, 0.0006284486813588064]
[-0.0004849086819522508, 0.00010845163606698627]
[0.0003689569306326579, 0.0014052366609749178]
[-0.0010024369341813805, 9.525507317387216e-05]
[-0.00023804083558809364, -0.00021935026546948677]
[0.00010669334992146132, 0.00017684159390607412]
[0.0004468613263280963, -0.0002508721805656311]
[0.00018627172114212692, 0.000554727752784423]
[-0.00025392095407539284, 0.00033314403076989407]
[0.0006637339588984603, 0.0007236877132925645]
[0.0005886713948086708, 0.000727745652796985]
[-0.0005447242541194719, -0.0003334424026890659]
[0.0003522367247836833, 0.0010232933922298404]
[-0.00044106613663441596, 0.00018830004755088225]
[0.00014279446391862738, 0.00024838925559600433]
[4.16931055964298e-05, -0.000360954813148906]
[-0.0007316546341205044, 0.0001986529956901073]
[-0.00029634700683400794, 0.001064558893049794]
[-0.00027444694695599736, -0.00015046429874110423]
[0.00046339316852589407, 0.000952323134423283]
[0.0003129334530954653, 0.0008005935934123354]
[-0.00026124863941345833, 0.00022018202724360947]
[0.0003815898404198048, -1.7345038544558378e-05]
[0.00033434312486058104, -0.00010505599533505716]
[0.0005806358737479589, 0.00048159825445215354]
[0.000100605762062278, -0.00019445191344624746]
[-0.0010008272203603785, 0.0004392091624423333]
[7.925331681157832e-05, 0.0006850871632892996]
[-0.0003059524386960222, 0.00023283763580184136]
[-0.00048748841742984883, 0.0006964433775102918]
[-0.0002177575773273377, 0.0004735895663210421]
[6.239609651481626e-05, 0.0008538536773858851]
[0.00035786857734138727, -0.000464275837702699]
[0.0005880840498523332, -0.0002478106506331734]
[0.00018385311480021566, 5.677871395715073e-06]
[0.00045542577773705073, 0.00046871272322979163]
[-0.00023195011043754266, 0.00022330946457138623]
[0.0006078425861485437, 0.00017515292182956888]
[-0.00032921065788504844, 0.0008963879253027773]
[-0.0007610079658424418, 0.00031303257160908426]
[-0.00026413072883968436, 2.5076516746436184e-05]
[7.841521788853889e-05, 0.0005370665951255349]
[0.0001459013654197261, -0.00014620106045182268]
[0.00034613583892317834, 0.00011286255954867652]
[-0.0005502738981755795, -0.0006016202389984571]
[0.0008281125644765686, 0.0007641873363646301]
[0.0003147030178445309, -8.886025589927016e-05]
[0.0005214304041738504, 0.00025791456063017915]
[-0.0001186746182786913, 0.0007819719812601766]
[1.7965099200822898e-05, 0.00013866963322017867]
[0.00021933552492753305, -5.370023899475829e-05]
[-2.077544726786229e-05, -0.0003688564884761214]
[-0.00014798961062661986, 9.140671784313437e-05]
[0.0001985807221021041, 0.000466648918339696]
[-0.0006659881483578878, -0.0005804100630828479]
[0.0007610810201127416, 0.00048218105199010486]
[-7.721856960701823e-05, -9.358310700102734e-05]
[6.792311120162875e-05, 0.0006657459333568316]
[0.00025753497990727015, -5.854566742302669e-05]
[0.0007181679481631509, 0.00011423278511021873]
[0.0006198471064701172, 8.550797040052238e-05]
[0.00018644331545336623, -0.0006921059114138872]
[-0.00019554297150770061, -0.00020351837855792088]
[0.00045872252788925483, 0.00022823871945359953]
[-0.00016644333778453868, -3.1410104949447515e-05]
[0.00028300325097507795, 0.00015223779654251202]
[-0.0006072841338375934, 0.00014147425276522796]
[-8.850930456005823e-05, 0.0006502223347450847]
[0.00043353731545175966, -0.0005485644977378801]
[0.0004539599084574242, 1.3135622016706427e-05]
[0.000502143727489468, -9.226838296383377e-05]
[0.0006208341688687113, -0.00015919136317165544]
[8.83126992666794e-05, -0.0005698450441107006]
[0.0007956252545063824, -0.00027221902677391954]
[0.00018499208704253478, 0.00031230683997243713]
[-3.926903523610026e-05, 0.0001244474797822137]
[-0.000285644929774842, 0.000274788661291131]
[8.727878279102264e-05, 6.758807849864545e-05]
[0.00030999447665885915, -0.00016390851833208986]
[-0.0002107709947093972, -0.00019362157785160483]
[0.00011377709355334109, -0.0005422256496165068]
[0.0007559411872270771, 0.0003142513214599643]
[0.0003201160491231869, -0.0004903893868073578]
[0.0007287208820324076, -0.00025555869402476075]
[8.235374807738505e-05, 0.00012368615298189237]
[0.00012227985325798107, 0.00019493422158020982]
[0.0005836990539781466, 0.00019166033175703912]
[0.00013677755129217102, -0.0004754921531396807]
[0.00023136122688092314, 0.00036878272934632965]
[-0.0002547520444320592, -0.00035714774853967506]
[-1.7243681140421963e-05, -0.0006261569442844762]
[0.00040580162182338175, 5.3347283941684864e-05]
[0.00014598895526327094, -0.000100931048671829]
[0.0002666724874972326, 0.0002817481677095113]
[-3.767039414823148e-05, -0.0001559905209664661]
[0.0003567745729282923, 0.00011552078447452097]
[0.0009299069677589367, 7.59298235347497e-05]
[-5.243391917716944e-05, -0.0004706691598404533]
[0.0004360775412560747, 0.0002186173846652137]
[0.0003069553481261922, -0.00039108135074900074]
[0.0002140771938239916, -0.00013559348863136696]
[2.3057740648591007e-05, -0.00044238140604827003]
[-0.0001993181710719938, 0.00017152501539821098]
[-0.00013354892209954672, 0.0005376641186963793]
[0.00015243024659650217, -1.4415985325741398e-05]
[0.00011098113774182794, -2.7881511069749454e-05]
[0.0004842075517947353, 7.369693905864838e-05]
[-0.00015035512116295946, -0.00011685983385834042]
[0.0006483358864398658, -0.00034986082490322257]
[0.0006046749287163533, -0.00031695391858038713]
[0.0004043465345532349, 0.0003108195530805574]
[4.593918726797375e-05, -0.0003545611195300835]
[-0.00018383821115464105, 0.00023254930509628013]
[-0.00017021768434916096, 0.0001383395254805908]
[0.0003942170013784274, 0.00043355032193734266]
[-0.0004462743741902031, -7.542962028983524e-05]
[3.3584274139353276e-05, 0.0001261553045447672]
[-2.86148309929235e-05, 4.272758216328221e-05]
[0.000478983522195775, -0.00046587932642017105]
[0.0002612520375849803, -0.000150836444893776]
[0.00022468795079932935, 0.00018474783890964908]
[0.0002857047597157325, 0.00023704627984855176]
[0.0002210459549432109, 0.00027383810655035035]
[-3.0831300816325236e-05, -0.00029049216782151]
[0.0003764985873079274, 0.0006512792939449286]
[-0.0006142869143927476, -7.60676182095521e-05]
[0.0001714691372872723, 0.00014218178066716103]
[5.168784701892193e-05, -0.00014868531640210847]
[2.8240558613834565e-05, 2.962068889955649e-05]
[-0.0001682415407242288, 8.017270900095852e-05]
[-0.00014576323812465208, -0.00015083603308962967]
[0.0002492102018905318, 0.0005683231901179031]
[0.00044601335525307206, 0.00035979363902560735]
[-5.4667952093329086e-05, -9.176876605265782e-05]
[0.00023469179351920388, 0.0004052447081150934]
[-0.00017685894185365258, -0.00011774737776959476]
[0.000516175794271656, 0.0001297773560535731]
[-3.340990987878156e-05, -0.0003269563329934]
[-0.00023244756211127093, 0.00042504029720324965]
[-0.00012092200891845872, 0.000251833769488119]
[-0.000293687026438727, -2.4717700649601326e-05]
[-0.00012237555026953922, 0.0003458100916079454]
[0.00015219437171387629, 0.0003811943630738224]
[-0.0002511184229632077, 0.00042842973255474703]
[0.0002251889980744437, 2.3551449061076646e-05]
[0.0002687471203341868, -0.00011467138245324637]
[0.0004192176299115946, 9.692312940923209e-05]
[-2.9139524262200567e-05, -0.0001492961789926195]
[-0.00011803643491331561, 0.00024377791444629704]
[0.00021506576148555556, 0.000255737442563686]
[-0.00012661334533131674, 0.0004864326966760313]
[-0.0003813485867911748, 5.988268063239488e-05]
[-0.0002401109773235155, 0.00031474103746453874]
[-0.0003350793082136927, 0.0004875717444047245]
[0.0002578737397339048, -7.595633190515816e-05]
[0.00018232264674816756, 2.2832484537160802e-05]
[-7.063084144526277e-05, -3.4849128912606275e-06]
[0.0002180051737919464, 0.0002512689962231862]
[4.646700935848069e-05, -0.00012488094553264606]
[0.00031856970552790465, 0.0001927955554352767]
[5.824267888226986e-05, 0.0006684264712372157]
[-0.00022037864946705676, 0.0001405369589012606]
[-0.00015516476981752847, 0.00025253028766625274]
[-0.00015928069763426755, 1.2645421462176287e-06]
[0.00011197160798502581, 9.079018103086423e-05]
[-0.0001475426287568249, 0.00016296154197670276]
[-0.00037505864314588827, -0.00013800194176216696]
[0.0004223106944002408, 0.0004591643095467335]
[-6.862696055499364e-05, -0.0001125624525782909]
[0.0001076303596108108, 0.0002636346047395488]
[2.7784766379393422e-05, 0.00025524448552283197]
[0.0001187225386778401, 0.00036014018597607667]
[0.00028329927992440385, 0.00019404250249244193]
[0.00010286122249636431, -0.00033651601670448006]
[-0.00010366431814061439, 0.00015765959584801426]
[-7.819479721382638e-05, 0.00012207166114674983]
[-0.0002488606105162938, -0.00015573995916828842]
[0.0002958844924012549, 0.00031265090699417186]
[-0.00032649630975759014, 0.00019689033379077792]
[-6.763764688277885e-05, 0.0004330807922119373]
[-9.070219901863297e-05, -0.0001842866854677716]
[0.00021077018890125476, 0.000299599646557569]
[0.00043740477621020957, 3.903515035830196e-05]
[0.00023038248677897943, -0.00011235177481894176]
[-9.782509362371572e-05, -7.018092649280216e-05]
[0.0004045281993053651, -2.4685122637979617e-05]
[-1.908563344915626e-05, -1.3679989991910446e-05]
[4.6746623742599525e-05, 7.721809967331517e-05]
[-0.00034176660074924925, 0.00030677437547776965]
[-8.803790104816578e-06, 0.00041536607968994943]
[-5.1459285265897936e-05, -0.00010970442887392462]
[1.7369526175814443e-05, 2.807613704552958e-06]
[0.00010480863524531259, -0.00018430857608575657]
[0.00022667065655768148, 0.000245227631571171]
[8.9518780544251e-05, -0.0003595355639219866]
[0.000673506557191339, -3.0198303553163885e-05]
[-1.0616236510663235e-05, 9.368124255382249e-05]
[7.230524320678278e-05, 6.397385909109876e-05]
[-3.0645342367074946e-05, 9.503492537660252e-05]
[0.0001164944311579097, 0.00010037358975714672]
[0.00014616393147398599, 0.00022523594702084093]
[-0.00011554143134384631, -0.00017545077352347505]
[-0.00019846954220870128, -0.00028545736369062213]
[0.00022536603337941497, 0.00017110083998010672]
[0.0001153601220145184, -0.00036982221088938116]
[0.0003955848432243281, 0.00014207824410356756]
[-0.00012595252171843097, -4.80692506271696e-07]
[0.0003103302392310492, 0.00022590039090999992]
[0.00028352488354563277, -8.518474211427485e-05]
[0.00011501308222960915, -0.00021016046787510675]
[0.00029513274551074, 0.00022057958932866772]
[3.851217743722213e-05, -0.0001416356263181425]
[-2.7737448917763974e-05, -0.00018343599898511254]
[0.0002598809193978535, -0.0002102929680610731]
[-9.956812297626239e-05, -0.00010110462782039753]
[-1.1866298912560636e-05, 0.00024377420711036227]
[-0.0001055815576436886, -0.00014101504976418017]
[0.0003118611713643221, 0.00026113587017084425]
[0.0003105028637419155, -1.0824592772698538e-05]
[2.7868911144909858e-05, -0.0001919869332877057]
[0.0002906094698935796, -0.00016139364399070898]
[0.0002954486904915149, -0.0001125162889775138]
[0.000339726120713603, -5.040200144591138e-05]
[0.0002613597709319581, -0.000337176840568774]
[-0.00020792092017340308, 0.00012491095710867248]
[-3.8667093586748635e-05, 0.00011053729861644837]
[6.942977902661684e-05, -4.456581998668954e-05]
[-4.538643867046943e-05, 5.054806027057768e-05]
[0.00014807860816322405, 0.00012403797571528333]
[-1.980301637087567e-05, 2.2140514018879898e-05]
[0.00022413642545723866, -0.00038812682951727684]
[0.00033345835583370453, -0.000180263374952791]
[0.00034980129902753565, -6.620307113151813e-05]
[0.00021061310955189372, -5.206900867497921e-05]
[1.5206847558152381e-05, 0.00010238318244580602]
[0.00019363550675091656, -8.398643302218178e-05]
[0.00021812609897192692, 0.0002475869810817234]
[-0.00033119136290027384, -0.00018320171628419257]
[0.00010188999373317298, 9.88765111004132e-05]
[-1.9703399669113164e-05, 2.7484313676828798e-05]
[0.00018747936649832209, -0.00017090230255325037]
[0.00011959909328063123, -0.00018349955423024866]
[-6.05489885996402e-06, -0.00014805406026728585]
[0.00014979955504235143, 0.000235484158923438]
[0.0002834937606129295, -9.307076137388126e-06]
[0.00019757656342195284, -7.534662397634673e-05]
[0.0002491526463123117, 0.0003730825224775858]
[-0.0001996096330868502, -0.0001935399250589387]
[0.0002596031025555723, 3.7148122434549347e-06]
[-1.9674441671835297e-05, -0.00023580082957080917]
[0.00015174661141897916, 0.00015523208575662917]
[-6.85902460006993e-05, -4.356028158908343e-05]
[-0.0002233681312046043, -7.806724092232487e-05]
[7.463651686157036e-05, 0.00019540129216799595]
[0.00021881806422541228, 5.125210074924391e-05]
[-0.00011644117478543103, 0.00011253346821693544]
[0.000223012974678638, 0.000170675227772088]
[9.489536786921882e-05, -3.52801554140969e-05]
[0.0003908225276190169, 1.3773420151907967e-05]
[-1.3384828484452882e-07, -0.000370218145531398]
[7.922667166126995e-05, 0.00017316494363728285]
[-1.7816560585526275e-05, 7.704411382258858e-05]
[-5.512479730840347e-05, 0.00015709535483471315]
[-4.677171690467552e-05, 3.720901974091362e-06]
[-6.312360306115483e-05, 0.0002661679989000576]
[-0.0003467181415955922, 0.0002088515739433472]
[0.0001920432117130666, -5.870059598539479e-05]
[9.688103627991662e-05, 4.852747908823396e-05]
[0.0002723761649076062, 7.383714648706574e-05]
[6.688000394992899e-05, -0.00011481183941275397]
[1.2590343684393268e-05, -3.88951886765021e-05]
[0.00015709789179021993, 6.653170268089426e-05]
[0.00017044051845915842, 0.00032415701991894696]
[-0.00015260653263132057, -2.5902958122880904e-06]
[-0.00012410340223389937, 0.00037502420704116357]
[-0.00023128525968631186, 8.160076367436098e-05]
[0.00014168914519580023, 1.125387224465424e-05]
[-0.00016108734246935048, -2.2951855568442703e-05]
[-1.091399375313662e-05, 3.3387613555091455e-05]
[0.00012101553839384549, 0.0002440986417948654]
[-2.013139059442448e-05, -0.00010541171957045847]
[0.00018891448432421798, 6.616973658180036e-05]
[9.80032088673255e-05, 0.00026108316199868753]
[-0.00012935025953535184, 0.00017854265265204727]
[0.0001282653538980938, 0.0002485015415401026]
[7.595831016504739e-06, -9.034361853643702e-05]
[7.971354645008866e-05, 0.0002360767024661703]
[-0.00023024499250398622, -9.194893645003699e-05]
[-0.0001770092328848838, -5.789270988887374e-05]
[9.612098883526876e-05, 0.00027994705925027397]
[-7.410661062406954e-05, 7.490588649794461e-05]
[2.057328445986828e-05, 0.00020838246728105414]
[-0.00013827205063940418, 9.236884250629629e-05]
[-5.590725717041778e-06, 0.0002787028196008512]
[0.0003070717748034357, 5.02545823685141e-05]
[6.093636260234847e-05, -8.059945078986441e-05]
[5.148544447067249e-05, 0.00021320860750306814]
[6.139081788786305e-05, -2.6256668184676535e-05]
[-0.00010777802883048249, -3.686058693763705e-05]
[4.9188913599396145e-05, 4.2720385467487354e-05]
[-0.00016749705965063422, 0.00023911769961548757]
[-0.00012802204130046846, 0.00034342516367791287]
[-0.00017577760063677839, 4.437746196273018e-05]
[4.221717249397461e-05, 0.00017520594848352555]
[0.000140669485937788, -1.7155119337419755e-05]
[-2.288196032468326e-05, 7.646318429010979e-05]
[4.741775028141437e-05, -0.00010205889920511524]
[0.0003587833135355045, 9.870153675617388e-05]
[1.7693467488852366e-05, 6.587480665287693e-05]
[8.764582226145068e-05, -4.23451265997854e-05]
[-0.00019112423185158045, 0.00018427579942181804]
[-6.631016193781036e-05, 0.0002535132537138107]
[2.35575255173176e-05, 0.00013701291512324687]
[-4.901154272851649e-05, 1.4523218104800506e-05]
[-0.00012505531301765238, 2.0530064642532153e-05]
[5.426425761512199e-07, 0.00014926491873645809]
[4.3080964248765063e-07, -0.00031454614068215925]
[0.0003154192047299387, 0.0001414819994356442]
[-1.5807147877633376e-05, 5.7821926818690805e-05]
[0.00018704664867269516, 0.00017482834783344448]
[-6.232736167999242e-05, 2.3599195960954944e-05]
[0.00011018540223695084, 2.4475176892579942e-05]
[0.0001737874876551193, 0.0001775275661913822]
[-0.0001014914563647884, -4.709894522059166e-05]
[-0.00011076614826460718, 2.0967645187330852e-06]
[0.00015695106498864186, 2.970377879632502e-05]
[-9.022752207979434e-05, -0.00017040436796245118]
[7.594766864382763e-05, 9.716780286583848e-05]
[-0.00016384753237974614, -7.703937033942676e-05]
[0.00020190384896223712, 0.0003592493596567825]
[0.00010191544401372266, -3.400886453325258e-05]
[0.0001597862229371083, -5.527339992256186e-05]
[0.0001281100678079683, 4.201362810452025e-05]
[4.2836813318347655e-05, -3.3243034776517244e-05]
[0.0001369680095656689, -0.00010621066528410106]
[0.00025236253472971093, -0.0001300528020808378]
[-0.00012369898171221694, 7.972791814792046e-05]
[1.3694917971651677e-05, 5.989983517091374e-05]
[-0.00019318108646179666, -0.00011743052228871398]
[7.842364126786627e-05, 0.00021325745049034783]
[0.00012054526596741444, 2.7932727798579693e-05]
[2.828799489973388e-05, 6.139186123772095e-05]
[4.9370361237699445e-05, -0.0001511249357329103]
[0.0002462387622774176, -4.004644536231405e-05]
[0.00024391821498859212, -0.0001820443214075873]
[0.0002065259467315117, -0.0001284707349072248]
[-4.080056739422244e-05, 7.387277518228208e-05]
[0.00017598636780449817, 5.974066031431968e-05]
[-1.494053293013553e-05, 4.2182787135039423e-05]
[-5.242163875121553e-05, -8.417108127231968e-05]
[2.8471916423980503e-05, 7.548779773743075e-05]
[-9.004001982633458e-05, 0.00010354209676377568]
[9.426638011279798e-05, -0.00019807868832571324]
[0.0002448680468626757, -7.935051544750299e-05]
[7.014256795626755e-05, -0.00014911577942600812]
[0.0001423502808660035, 2.3001498277839053e-05]
[6.931687188074104e-05, -0.0001262164559682321]
[0.00026163306260207353, 5.12453307812211e-05]
[0.00018695140914293772, 0.00019580730103917025]
[-5.318957343523022e-05, -0.00016473873959402512]
[4.295338809777449e-05, 4.347261938873054e-05]
[-3.6566495786302666e-05, -8.593851808058259e-05]
[0.0001776298700566642, -7.324563997336206e-05]
[4.6810942924857546e-05, -0.00010169906518597144]
[-0.00011680134786089258, -6.87532249187689e-05]
[0.00013854075578716152, 0.00012665609851719717]
[8.142468358782184e-05, -0.00015934691973629525]
[9.58148841474632e-05, 2.790026474448759e-05]
[0.00020824244219327936, 0.00013123530210151606]
[2.8939500588714973e-05, -7.2494071141210314e-06]
[0.0002202632665746218, -1.072123120565184e-05]
[9.712568967287782e-05, -0.00028488245770802445]
[0.00015757917933478804, 4.7129513563033167e-05]
[-5.828548221284424e-05, -9.064926132654194e-05]
[-6.51267743526085e-05, -1.215029084523922e-05]
[0.00011011708701647027, 6.47577813408795e-05]
[1.0710685472314907e-05, 7.591692729571123e-05]
[-0.00013478106325498507, 3.096322939988294e-05]
[9.471805210425899e-05, -3.3936869234731104e-05]
[3.716857867869239e-05, 8.216204460570475e-05]
[0.0003324680862723528, -2.7464566829532577e-05]
[0.0001200990818040204, -0.00021810785311038305]
[7.099230972734683e-05, 2.096885147016836e-05]
[7.338884686966529e-05, -5.873495449548738e-05]
[0.0001115654764941576, 3.73843237412852e-05]
[1.1137650156034518e-06, -4.999010611456134e-05]
[-1.021114974358861e-05, 0.0002841147862985838]
[-0.00018127939943635152, 4.829765611069625e-05]
[5.181145730598358e-05, -2.8008360651726738e-05]
[-6.618369035155114e-05, -4.274679452004326e-05]
[0.00019515654064644616, -1.2782397998650774e-05]
[1.7778732148532317e-05, 2.52390376905276e-05]
[3.5175451968350036e-05, -7.868524104176489e-05]
[0.00021806221501111112, 4.0446996790732825e-07]
[0.00014221898013466738, 0.00010419161738547955]
[-8.429653258287817e-05, -3.4110383509811104e-05]
[7.562703260072245e-05, 0.00022658582325529864]
[-6.77201466716959e-05, 1.774512397401118e-05]
[0.0001414320338431474, 0.00015067071660213038]
[-0.00014502725492659962, -0.0001785984161224441]
[-3.714603575338815e-05, 9.170610353825825e-06]
[-4.80842732604736e-05, 0.00012524946517189495]
[3.523714876185746e-05, -7.244258867006304e-05]
[0.00012174586792454423, 8.66699402337634e-05]
[-4.624815898357504e-06, 0.00014381322924361672]
[-5.539928305627051e-05, 0.00011382249865565797]
[0.00016521935964280976, 4.8463716315783056e-05]
[1.9124949465487706e-06, -4.674813289595736e-05]
[0.00020936493709250437, 0.00022388015620827817]
[-7.888608708792738e-05, -0.00011791407699612844]
[-8.133480242283886e-05, 3.1473524998326674e-05]
[1.3236593660212806e-05, 4.233097210870618e-06]
[-2.2759589355103582e-05, 7.487230261987721e-05]
[-0.00010852209758678566, 0.00015091945315681699]
[-0.00011448842810729554, 0.00012314809798097404]
[-2.9356709062913766e-06, 0.00020859556567087711]
[0.00013842644436662388, 1.705314583744233e-05]
[-4.614643029668408e-05, -4.405531956142017e-05]
[0.0001279102291280032, 5.6828047919177394e-05]
[7.257635425950149e-05, 4.886938969450583e-05]
[5.7186892707006276e-05, 4.03438452402094e-05]
[0.00010672657349522496, -8.06896366050136e-05]
[-0.00011117210391436982, 0.00019911506509129318]
[-0.00015949650045873898, 0.0001442984209696352]
[-5.567963394650932e-05, 9.985788290656217e-05]
[-5.0342945046660814e-05, 0.00012936553533349215]
[2.403979828027869e-05, 0.00012337499188175283]
[-9.201235676212227e-05, 4.765346246349278e-05]
[-2.1237493359804738e-05, -0.00013708543488266667]
[0.00014972741189120398, 0.00010930023909172526]
[9.915714719860302e-05, 1.624221983087537e-05]
[0.00011401614910799829, 5.5681241411087434e-05]
[-0.00010790505349494994, 0.00015540560215321353]
[2.108712152820713e-05, 9.686533039099388e-05]
[6.44366248011008e-05, 0.00012850595707514234]
[-0.00012986604342457575, -1.7660842210998062e-05]
[-3.8723183150360385e-05, 0.0001440559697065691]
[-3.201128246826945e-05, 9.980156474376223e-05]
[-7.970022455977901e-05, -0.00011648770697136879]
[9.979887947753063e-05, 4.8351889599063114e-05]
[-7.599023917092759e-05, -2.1806810960200984e-05]
[5.806904452493322e-05, 0.00025120234414027776]
[-1.2797867276627406e-05, 1.475578065379679e-05]
[0.00015460787452931113, 8.392655156158613e-05]
[9.122155408371191e-05, 0.0001441971341954451]
[-7.687590035704295e-05, -5.0266228193707185e-05]
[1.535482028186541e-05, 6.068934854552843e-06]
[8.561354853903191e-05, 1.78640528434304e-05]
[-3.4683709322552714e-05, 3.919576247946033e-05]
[3.420561673533884e-05, 1.880734804160511e-05]
[-0.00023976881409608353, -2.166618414711774e-05]
[3.4372267000482015e-05, 0.00024828479630062406]
[3.18858785548215e-05, -3.461210483007848e-05]
[5.45405740906002e-05, 0.00011261409896562435]
[3.145986726318939e-05, 5.320025906624393e-05]
[9.08636080264591e-05, 3.789075646609685e-05]
[9.624017127426998e-05, -0.000125938693824601]
[0.00015671676406958657, -9.003440995850043e-05]
[-2.1627363072374006e-06, 6.998517337319932e-05]
[6.970304633047153e-05, 7.386689026445126e-05]
[-0.0001571579729300887, 2.7165535517126305e-05]
[5.576103688381684e-05, 6.669489421498587e-05]
[-2.5663931664005046e-05, 5.283125517474563e-05]
[-0.00010758047337083854, 0.00010416338524371627]
[6.54250913889598e-07, -8.928922387568816e-05]
[0.00017129395599380093, 8.015406122838242e-05]
[8.281634214754585e-05, -0.0001224604296307663]
[0.0001556756887926003, -5.662092466419966e-05]
[-3.431119568395036e-05, -7.169442672089188e-05]
[0.00016878258431962667, 0.00011090009731029582]
[6.328133701183347e-05, 6.491343016321038e-05]
[5.938953978856798e-05, -4.990727673009204e-05]
[-4.8596271387979506e-05, 0.00012365898005964326]
[-8.016485954343011e-05, 1.1348391175711181e-05]
[4.581632615824338e-05, -0.00012490931022618446]
[8.109527778171755e-05, -1.5477217986701458e-05]
[-1.5618016135643398e-05, -5.834139461816101e-05]
[0.00012709179619924127, 8.089640527299269e-05]
[-6.153884530424314e-05, -0.0001669293603401012]
[0.00018870376331925343, 6.974907324450402e-05]
[0.00013846900428804432, 4.109132974050578e-05]
[2.785303274555062e-05, 6.248355556508212e-06]
[6.842838301403253e-05, 5.162343794568036e-05]
[9.256344231683977e-05, -9.939757030593549e-05]
[0.00010618295182716897, -2.981574455339364e-05]
[-1.163364807588163e-05, -0.0001346195789497899]
[-7.190312867172421e-05, -4.931442978233641e-05]
[0.00010325970923723282, 0.0001179122679751815]
[-2.7358059786354583e-05, -6.567109440637833e-05]
[7.377328619820323e-05, 2.276448154556708e-05]
[2.677054632172632e-05, -7.986361306762044e-06]
[5.0718550617182e-06, 8.392856417046603e-05]
[0.0002084765401146292, -8.016179803940413e-05]
[0.00015911687361783514, -0.00012702401610978874]
[0.00011765484524241428, 3.0911739752410156e-05]
[5.440071575272924e-05, -0.00012527443901060205]
[-1.0626823463324997e-05, -6.920262926572544e-05]
[8.237581538104999e-05, -7.3876504055256365e-06]
[2.72333675450237e-05, 0.00010561198821094388]
[-6.381315996650816e-05, 2.8629222399222803e-05]
[-3.871858042024667e-05, -4.849969552165462e-06]
[1.340537360242089e-06, 2.63915933335912e-05]
[0.0001932234920019038, -0.000101970954803925]
[4.4191892505734964e-05, -6.774278392872313e-05]
[8.277480412083316e-05, -4.929420539437866e-05]
[0.0001816486014983021, -1.1214393986463955e-05]
[8.800988397431042e-05, -3.200927655873636e-05]
[5.875574252828253e-05, -0.00010558121953420374]
[5.014195324859472e-05, 0.00014551469772487897]
[-8.639700682058771e-05, 3.228373302859022e-05]
[7.803235391240504e-05, 5.891319178230256e-05]
[-2.2229337217433143e-05, -0.00010633943284102387]
[5.62447976059921e-05, -3.422850346698758e-07]
[-6.354677133293962e-05, -1.5454869964626194e-05]
[3.85395801524302e-05, -0.00014149561965536017]
[0.00016166467305503418, 5.7695082657599484e-05]
[9.154008775458244e-05, 4.4614915514114284e-05]
[2.9847398190646635e-05, -1.618585791074434e-05]
[6.0696970223761415e-05, 5.718421886964642e-05]
[-1.0171504253475572e-05, -1.7574016808741266e-05]
[0.0002200987144352351, 0.00010527434267589009]
[-6.071371063440245e-05, -0.00014867915042782176]
[-3.2853381524144964e-06, 7.310180162022062e-05]
[-1.5407131666339557e-05, -3.2431643969821344e-05]
[7.850685376620259e-06, -6.981410519960041e-05]
[-4.526670070587047e-06, 2.601727782308716e-05]
[-6.01385227444462e-06, 7.888262650115885e-05]
[-1.303762193069491e-05, 0.00014301332022981228]
[8.854890042264696e-05, 7.660088904959395e-06]
[2.3123600129348887e-05, -5.814695099348732e-05]
[0.00019097623061925528, 7.251935079646832e-05]
[-4.870892916433722e-05, -6.613045394909811e-05]
[7.757954197690209e-05, 2.7195201477397957e-05]
[9.23603557066166e-05, -6.830134834101553e-05]
[-5.191058477238553e-06, 0.00010829183674371246]
[-0.0001048662180030413, -7.747728445361979e-06]
[-7.222202359680185e-05, 7.247558531542353e-05]
[-6.62707900573184e-05, 0.00014680215726287082]
[9.966482031331658e-05, 7.151025620355522e-05]
[-5.1843522574757106e-05, -1.6933458682977243e-05]
[4.1537132353275386e-05, -2.3173148925303977e-06]
[2.5227088317605895e-05, 2.4679749964451325e-05]
[0.00013378114069717562, -4.893433847602546e-05]
[9.712507212866067e-05, -3.3734565366760894e-05]
[-6.447099097417475e-06, 0.00017049826406279056]
[-2.9608666447918097e-05, 4.086250711077266e-05]
[-1.6083891338114498e-05, 9.50506588912603e-05]
[-9.576893689252665e-05, -4.4990665382105277e-07]
[5.786956687570122e-05, 0.00014425077290031174]
[-0.00012855898842796532, 4.853709813368301e-05]
[-3.236218767910248e-05, -3.216243137454944e-05]
[7.212069383666364e-05, 3.505796900282743e-05]
[3.0383201268802118e-05, -3.487208622315885e-05]
[1.4379211804554926e-05, 7.29927828057031e-05]
[-1.2041394212181089e-05, 5.762229008365871e-05]
[7.80751951797165e-05, 0.00011902312850198271]
[8.410164324737512e-05, 0.00014047519086257676]
[-7.054607987952433e-05, -7.563376576125158e-05]
[1.102204019479136e-05, 0.00011298765711481584]
[-7.882449684371018e-05, 3.112766583102111e-05]
[1.569996175562749e-05, 6.372518297603769e-06]
[3.4394363020079366e-05, 3.7091441621450727e-06]
[-0.0001275855364600842, 4.497361221411644e-05]
[-1.9546136412362802e-05, 0.00015464207623472337]
[-3.434787461201183e-05, -3.914291947304527e-05]
[4.756752316933954e-05, 0.00013111416376065943]
[8.878856575418592e-05, 0.0001215741859479369]
[-1.1543195971797093e-05, 2.3820256967566067e-05]
[2.7238025685161205e-05, 7.588717259587874e-06]
[6.127398695521258e-05, -4.479574439703038e-05]
[4.9940090088892997e-05, 4.384138015489647e-05]
[-7.3882980207717885e-06, 9.254158032823145e-06]
[-0.00014892556757666736, 7.594423728307653e-05]
[3.017750979317224e-05, 0.00013488514594811596]
[-5.696314516750317e-05, 3.058355794249845e-05]
[-7.120504489799284e-05, 7.937888923725822e-05]
[-4.618794468249504e-06, 2.5207437176821834e-05]
[2.5354634103358364e-05, 0.00013165425571937117]
[7.15344368946852e-05, -6.26892332233897e-05]
[0.00013729015228053365, -4.936201535188367e-05]
[-1.2638923743077402e-05, 1.1166129273654235e-05]
[4.8964871365408946e-05, 5.876649619385166e-05]
[-3.231956968530181e-05, 2.9730076018641416e-05]
[6.882121294937704e-05, 5.506595096749223e-05]
[-4.4384031811339764e-05, 0.00015130486923070618]
[-9.803711936040571e-05, 3.661406032268166e-05]
[-5.6651733163867735e-05, -4.20204384913303e-05]
[2.076775234133299e-05, 7.223573341896827e-05]
[4.620692516769942e-05, -5.733243374628216e-05]
[9.005326665906255e-05, 4.399376949396072e-05]
[-8.807857709611233e-05, -6.501594955865553e-05]
[0.00015134173006686735, 9.841506645327791e-05]
[4.634075476683819e-05, -1.1625023305095183e-05]
[4.241297848139869e-05, 2.0137951408705224e-05]
[1.0499770589283974e-05, 0.00012348854379701235]
[8.586404414478999e-06, 2.454446894795126e-05]
[1.40554009167293e-05, -1.4252940989445406e-05]
[1.676333828742882e-05, -7.811745317290453e-05]
[-4.419789958390319e-05, -2.97954838289205e-05]
[2.8479479589726964e-05, 0.00010284267086416166]
[-7.875545351976321e-05, -9.070786840320588e-05]
[0.00015108842207633977, 9.278490831504671e-05]
[-2.5542853407667376e-06, 4.9567129616345795e-06]
[7.7201828044271e-06, 5.990313835514682e-05]
[6.671938036803549e-05, -3.246638799234147e-05]
[0.00010473618744849533, 2.71442331011007e-06]
[0.00011332259743940254, 2.4205059903054105e-05]
[5.487891904615294e-05, -0.00011694771457485681]
[-7.611941372320796e-05, -3.336558638888931e-05]
[6.0513235152465095e-05, 3.629267890040838e-05]
[-1.7258576991224794e-05, -2.611631876603404e-05]
[3.053885689910385e-05, 5.5192571659680445e-05]
[-6.698452182291037e-05, 3.5682952503862664e-05]
[1.3674643148081644e-05, 8.889990726537039e-05]
[8.083949497572629e-05, -0.0001116568271704449]
[7.81901801715501e-05, -3.864877412314348e-05]
[0.00010804647300911852, -2.84966075509846e-05]
[0.00011227025864707363, -1.6545675053183245e-05]
[5.823669362262085e-06, -5.787845822814719e-05]
[0.000136114812619062, -5.837477710528803e-05]
[1.2296395071373367e-05, 5.6663756741390237e-05]
[-5.4481823644161875e-05, 1.700909180774382e-05]
[-1.6330108942502752e-05, 3.141828749052972e-05]
[2.181813435396529e-05, 2.576942625413109e-05]
[6.073735017421422e-05, -3.142309034980667e-05]
[-5.5261919655602565e-06, -5.853189937367158e-05]
[1.5913269030363303e-05, -0.00012017126382605527]
[0.00012619033038387475, 5.6705504165814775e-05]
[8.654890992220235e-05, -6.109482991244718e-05]
[0.0001298491379337621, -3.868132157069633e-05]
[1.0218829543627572e-05, 6.405918395134373e-05]
[-3.331038513958162e-06, -2.84522178256065e-06]
[0.000107813896288389, 1.508612056770782e-05]
[-6.960008922154981e-06, -8.495419065881332e-05]
[5.281148882263498e-05, 6.136183153364685e-05]
[-1.9304139641608542e-05, -4.575469543174546e-05]
[-2.878304336315085e-05, -0.00011390677478333687]
[7.554477023523354e-05, 5.800502716882261e-06]
[4.53234342891462e-05, -2.519166740994061e-05]
[2.908158138523187e-05, 6.683708265027566e-05]
[3.134402890206389e-05, 6.9615167456668625e-06]
[7.466551137588762e-05, -3.5593922105559006e-06]
[0.00016218317112687286, 2.3355074371378924e-05]
[-3.184947711276642e-05, -0.00012240321907165674]
[7.779995001186424e-05, 2.5891617868701623e-05]
[4.580003155160717e-05, -4.2433776838976534e-05]
[2.4974817847300823e-05, 2.6466791711206306e-07]
[1.1204831845246233e-05, -6.656336064644885e-05]
[-5.419292707939394e-05, 3.07556527178246e-05]
[-5.352619130288838e-05, 0.00010196358716652032]
[7.129456180238192e-05, -1.21174249104114e-05]
[2.7049004557549994e-05, 1.1790806893063888e-06]
[0.00010393765525604226, 3.468050898049885e-05]
[-5.813083712363776e-06, -5.2401241015687106e-05]
[0.00010053912994645309, -6.994310502918266e-05]
[8.997952303560486e-05, -6.0136209586225675e-05]
[7.877947837753307e-05, 8.155832173764588e-05]
[-5.499978212419876e-06, -3.521188087729499e-05]
[-5.323755405017838e-05, 7.496584490258862e-05]
[-4.716222314679608e-05, 1.7945942748232024e-05]
[7.655369887654695e-05, 5.597072597604558e-05]
[-0.00010279333895144016, -6.3441347731285624e-06]
[3.024732015022291e-05, 1.5375205478757037e-05]
[3.1692318129217245e-05, 2.3227415668569673e-05]
[7.432786102212763e-05, -7.333926475627806e-05]
[5.588460864031086e-05, -4.396914443510758e-05]
[4.039461825283697e-05, 4.444867352926263e-05]
[2.174833641188645e-05, 6.184662267116892e-05]
[5.771523769632081e-05, 8.832546189976864e-05]
[-1.0052073067007283e-05, -5.75853775275359e-05]
[4.7907892099463556e-05, 0.00012925023073956377]
[-0.0001344625122745441, -2.726253603912987e-05]
[2.7532458105217206e-05, -7.507332561440538e-06]
[1.6352235607128285e-05, 8.530838278619779e-06]
[4.0847803126076165e-06, 2.0549398599412072e-05]
[-5.185773222934897e-06, 3.261042804147962e-05]
[-4.2552761259084804e-05, -1.956181529444434e-05]
[3.127223855318301e-05, 0.000101443912102539]
[0.00011766477194308234, 7.564551577510237e-05]
[-2.0802875512877794e-05, -1.502839303990644e-05]
[4.272182734094132e-05, 0.00010354402325102319]
[-2.0796849650058652e-05, -3.857816102437184e-05]
