[-461.66693974077504, -107.44580161343868]
[-46.62376907401795, -1.6633252372157745]
[-27.715394434261054, 14.661507282888424]
[-1.8417134161846676, -0.036832305000075394]
[0.7543440813317304, -0.20424033756879822]
[-5.020570565655277, -1.0972293424466883]
[0.443725142322819, 2.6722760759369937]
[0.19302094693667726, -1.5389823830160765]
[-0.8226499349613405, -1.2175166725454964]
[-1.8584900295215636, -0.7282006155212422]
[1.358683572896222, 0.3928900449481354]
[0.5901565367668917, -0.42930419440830647]
[-0.5296963385161355, -0.3740456914727055]
[-0.3692140331444653, -0.5084997339619619]
[0.3603314223264862, -0.2094182478544262]
[-0.17833158123035275, 0.12630474216377152]
[0.2872865748970419, -0.37184990148816865]
[0.1973614046876797, -0.6847451958878317]
[-0.3888587826916483, -0.4510767016072492]
[-0.013378565394180697, 0.30798685983013563]
[-0.09288134967655903, -0.20707205673892304]
[0.18497973583412453, -0.28678216243581023]
[-0.2198165939652359, -0.09514546997627704]
[-0.06471656711567597, 0.2645485348193084]
[-0.2882105790540237, -0.09385943083509929]
[0.07960048157381472, -0.07018075760178277]
[-0.023110367276612642, -0.0020055970522276922]
[-0.18598586508320558, 0.07975586412921953]
[-0.25932906200300154, 0.006872209437910781]
[0.09586860273661035, 0.09177204230620782]
[-0.01369216638305426, 0.04535018929024501]
[-0.25565173246433326, -0.09208824417155437]
[-0.08572027304350183, 0.0650689795343812]
[0.008642874264717548, 0.12912270540349002]
[0.021670848134496268, -0.007319577148414691]
[-0.13370118122451657, -0.20189288188147714]
[-0.016282800912404305, 0.05994773907224582]
[-0.0700891712525804, 0.08028750804581453]
[0.011006118815677368, -0.06833358008371881]
[0.011263774823905948, -0.14287044324821707]
[0.03891831470618534, 0.05918845787677807]
[-0.09733412302961697, -0.022901334313377042]
[-0.03651896882556871, -0.08855744160596224]
[0.07112106502129134, -0.034666819111349056]
[0.07342794211098935, -0.005613193714452791]
[-0.05493432840658796, -0.06689634994572291]
[-0.07110802261538202, -0.033832861213166865]
[0.042558604023132496, 0.022423006546015145]
[0.03521202685381897, -0.0837357781054262]
[0.002618307891160132, -0.048873585162389155]
[-0.05341392070078399, 0.01945542261898492]
[0.0014730315406228378, 0.022101430213635975]
[-0.03930151068774723, -0.0795333836383536]
[0.018797792483882247, 0.006573135828185306]
[-0.011065154907070607, 0.02173999512327951]
[-0.0189630379176684, -0.0009426196091523176]
[-0.07169961596584917, -0.021581614583760844]
[-0.012484892058304276, 0.033028603215412164]
[0.006134069317470736, 0.00047925207245103074]
[-0.006769389683325189, -0.01680339571693292]
[-0.051372471308895995, 0.022938933737141974]
[-0.045732467746166794, 0.019039172239498525]
[0.0016174254126510856, -0.005863797041510965]
[-0.0014900963706527826, -0.0008611958588531365]
[-0.002897410304849579, 0.030075065591727457]
[-0.04962855370737884, -0.03128457544303176]
[-0.008556756493441231, -0.01320958626589186]
[-0.0051330253919563695, 0.015337680018701949]
[0.02195488546316149, 0.010076891811578115]
[-0.015268965612680985, -0.056721258366573046]
[-0.01282053551093787, -0.007801788795056552]
[-0.01970952370754997, 0.017378482206543033]
[0.01777800042326705, -0.01574853320790659]
[0.01999820307253275, -0.04307047645700912]
[-0.002530101155313602, -0.002220931631027767]
[-0.026147806980665322, 3.3238611354846626e-05]
[-0.00707999989093322, -0.02832070981170265]
[0.034515715673723246, -0.007872285234393761]
[0.0035408583787239767, -0.007379394923730409]
[-0.02127357149899778, -0.014936830395217982]
[-0.023336456849179843, -0.014901165307659614]
[0.02204201062700717, 0.021803200340029694]
[-0.0045057354754229895, -0.015207939882713628]
[-0.009612205112108807, -0.022666112336643174]
[-0.017326015233819936, 0.0020457275081917636]
[-0.0009686287605390476, 0.03105972741517299]
[-0.018682188006497125, -0.011867083044241]
[-0.0002991765380508937, -0.016969569714518858]
[-0.0046879612207682, 0.007944064153333319]
[-0.021243474968847646, 0.01811227021791077]
[-0.019474947836851608, 0.0008965048800371276]
[0.0038930219689423673, -0.006176207681277135]
[0.0019693534980231853, 0.003961814577183892]
[-0.025951578851417745, -0.0017176659298546726]
[-0.0072578191061205555, 0.010052659997982993]
[-0.0007543403976297824, 0.0003963581070827171]
[0.0034637467074951633, -0.005094127259902992]
[-0.01744135163051519, -0.015206264836560734]
[0.0032497656210059844, 0.008372145052766289]
[-0.002836005334894587, -0.0020749380094406966]
[-0.00030497645487437275, -0.010124269108887418]
[-0.005588127714979185, -0.01468138917731343]
[0.007653534847289478, -0.0005033263141536182]
[0.0001612598075277638, -0.005244552669503744]
[-0.005261525466486949, -0.008234648534082734]
[-0.0010920892354282508, -0.007986692028113751]
[0.004272924436369174, -0.010491923054849028]
[0.005051963513634128, -0.004244373892789088]
[-0.007727803521151433, -0.004540264606267108]
[0.0006405848840789208, -0.002706033558349752]
[-0.004931837527858751, -0.010701120607248704]
[0.003546822573275321, 0.0033269362696106697]
[-0.006642037061405537, -0.003102309926993785]
[-0.0003981296736452755, -0.0021386649763487364]
[-0.00898495706050606, -0.003553975539692056]
[-0.003050913853039461, 0.007780458024907844]
[-0.007604607717038414, -0.0026836378535498584]
[-0.0002886925224248049, -0.002398212305403484]
[-0.005727618609860818, 0.001708157281155781]
[-0.009696641389839264, 0.00607139760371833]
[-0.008175042065015264, 0.002392899755368991]
[-0.0017817722986430695, -0.002068183594467865]
[-0.00029914605841441233, 0.0003751743914044356]
[-0.011245697660191345, -0.0005184407110710998]
[-0.0036343198498465235, 0.007096258715643622]
[-0.003184474580608665, -0.0023116069196453815]
[0.001279853038189449, -0.003906851794055255]
[-0.007698454436652069, -0.005577735000214856]
[0.0027995139558021354, 0.005429876312205151]
[-0.0030006632059749183, -0.003792851020949062]
[-0.0016641175956577658, -0.005497794238224829]
[-0.003498045977334552, -0.007151175873176818]
[0.006951000539666685, -0.001137353746365477]
[0.0010058199098566534, -0.003548767246777551]
[-0.005911907878114575, -0.004016263594998737]
[-0.0015515852310787892, -0.005879964869707877]
[0.00556432138092601, -0.007850476796602113]
[0.003826995632048691, -4.303323814847104e-05]
[-0.007301016176125441, -0.0006065491888653796]
[-0.00038000400402471435, -0.005257209628016124]
[-0.0017780381963500291, -0.010105606276704204]
[0.00236731402940471, 0.0052995054405227116]
[-0.003635563231884964, 0.0023290762740213466]
[0.0009201181192228791, -0.003728964004115931]
[-0.008682536955665343, -0.006304092201675493]
[-0.003973756758234526, 0.006353771926435048]
[0.0001864839296754628, 0.0013201354979162638]
[0.0022969870116019697, -0.0013180177681402158]
[-0.009267343061127253, 0.0006680189729086627]
[-0.009371783021482762, 0.0019128184428539394]
[-2.82284079949624e-05, -0.0007850163524619758]
[0.002190499258198808, 0.002122172421879648]
[-0.003366951528340767, 0.004675745905432509]
[-0.010276936117956104, -0.004620673039877787]
[-0.0014873187876303096, -0.0009771011101507576]
[-0.000366858069262177, 0.003118135109293596]
[0.0021833548711220896, 0.0025212812509717297]
[-0.005090564014624932, -0.008697662234599113]
[-0.0013080688566702303, -8.274138877473192e-05]
[-0.0036352062341491465, 0.00206254206479195]
[0.002789971373745148, -0.002039367701367034]
[0.0016344888895262755, -0.007813911557342124]
[0.0005945860810377956, -5.6418660839829826e-05]
[-0.0052349716588900586, -0.0011231101466524507]
[-0.00045985466469511405, -0.005092868540177875]
[0.005793661164214536, -0.0030500148291423557]
[0.0015243553065325821, -0.0017905454456155212]
[-0.0038446217711897157, -0.0033280008286415974]
[-0.004362145269384443, -0.004040611881919398]
[0.004497518283979263, 0.0020705504809281905]
[0.00010714901754849127, -0.004207885826056579]
[-0.000702572895087572, -0.0032958331446411027]
[-0.005228951578217567, 0.0004614576945558557]
[-0.00018190358518843652, 0.003966997723319654]
[-0.0028421462395866737, -0.005091088769262342]
[0.0011286207814218407, -0.0007651539352017123]
[-0.0024489939340974765, 0.0032302927369808887]
[-0.004224530534156612, 0.002083180028911353]
[-0.005381908445648509, -0.00233943753845664]
[-0.0001602022234274414, 0.0012699119635553903]
[0.0009122637701600433, 0.0019358989285524035]
[-0.004253398685279519, -0.001168278922910826]
[-0.004682628416825818, 0.0020696231072491744]
[-0.0030613943041815084, 0.001036671976081316]
[0.0021024428550689978, -0.001078535511180062]
[-0.002148639237360306, -0.002402759826657719]
[-0.0013339773520917309, 0.003439869191187439]
[-0.004126061301344741, -0.0022156493740923544]
[0.0009757206405924812, -0.002695751924740253]
[-0.00022188809423362432, -0.001223755003397775]
[0.001412188882973231, 0.0014395542689562557]
[-0.0019271019916380916, -0.004762674503292708]
[-0.0005917222467429761, -0.002714769105038206]
[-0.0005594239851002547, 0.00017526185747551715]
[0.0019101184565404328, -0.001551158015977494]
[0.0016672528870196324, -0.00410081665805806]
[-0.001998055106272878, -0.0023599345704343744]
[-0.0015603238748567172, -0.0002691480969254645]
[0.00023669625924149784, -0.0029974504078620345]
[0.003543302740555365, -0.00023791197185896173]
[-0.0027989409585186253, -0.001669661258156152]
[-0.0020581476747609795, -0.001480874757733619]
[-0.0018965355285114338, -0.002139700876577555]
[0.0019338941796798181, 0.0031892061644440695]
[-0.0026855696860683675, -0.0008013870433805081]
[-0.001320846195700054, -0.002101223981512107]
[-0.002424568800646232, -0.00038562115248635953]
[-0.0013941564661222317, 0.003761867738540918]
[-0.002547004548446974, 0.00033468924636975705]
[-0.0007101165120057124, -0.0014787625625780395]
[-0.0010348135635261657, 0.0004382743661836526]
[-0.0039743331595227804, 0.0013992361256445762]
[-0.0018377939544064192, 0.0016624074507838246]
[-0.0002647627634914107, -0.0008374755626480712]
[0.0002849083475986447, -0.0003446457488741894]
[-0.004304338199775604, -0.0012902665628936605]
[0.00013058236386664923, 0.0019176123590511351]
[-7.033171289017037e-05, -0.0008679121605492668]
[-0.00023692777687533972, -0.0014660919567297537]
[-0.002955493600604042, -0.002793521431065038]
[0.0019458743890150565, 0.0005445366125289564]
[0.000481936049583076, -0.000988971731498145]
[-0.0012470562688220443, -0.0015877778972883672]
[-0.0010246556946041374, -0.002838293674426895]
[0.0019148820238658049, -0.0016810067773034287]
[0.0007410061321176387, -0.0002594440794869701]
[-0.0016525455561881008, -0.001099403719186265]
[0.00029907809181817235, -0.0022722603062719227]
[-0.00010076311868933985, -0.003036875059984512]
[0.0004378621697702645, 0.000896229795122494]
[-0.0015019172575282402, -0.0003376481674757237]
[0.0010163121983006729, -0.0011849906925819331]
[-0.0022003065744956585, -0.0025523395411942706]
[-0.0009627904283233679, 0.0017021241251715669]
[-0.0011231933760680324, 0.00015734907280118282]
[0.0008923652232062373, -0.00031158978756318234]
[-0.0028114945032923777, -0.0007358004474044]
[-0.00249474661277832, 0.0012898323202088415]
[-0.0010888999214933859, 0.00013517289958239753]
[0.0003695410192764634, 0.0003689246876886418]
[-0.0014267635268297996, 0.0010495229897887993]
[-0.003299295623277465, -0.00020950593539494078]
[-0.001183343751402277, 0.00018126911804206003]
[-0.0005682423904723177, 0.0005114834197997298]
[0.00048173438035625793, 0.0009097278745441861]
[-0.0024807565249655994, -0.0020771696137288354]
[-0.0005740277163988061, 0.000699795462269226]
[-0.001319740966003402, 0.0002613663042032588]
[0.0007308372051514356, -0.0009885247931770147]
[-0.000593222696514073, -0.002824002447594731]
[0.0008023764760833885, 0.0008845402552408732]
[-0.0015282382953098195, -0.0004579699916666957]
[-0.0007095046229242952, -0.002150545865571285]
[0.0009137820323261159, -0.0020939458910229636]
[0.0017600205944039438, -0.0004045386053619371]
[-0.0006289104456039252, -0.0009394412456116275]
[-0.002113789859469105, -0.001442701965713944]
[0.0008559340663846227, -0.0004908960719105515]
[0.0010225604398894084, -0.0023180779275775443]
[0.00046126650017463966, -0.0007502471004348088]
[-0.0023100095092482564, 0.0002877896336574981]
[-8.013100064829803e-05, 0.0003897620336649199]
[-0.0008786221612642198, -0.002971281213885457]
[0.0005816530767576156, 0.0003997280723909702]
[-0.0011628208139654594, 0.0013948403602740411]
[-0.0007286414892782034, 0.0001636867434184064]
[-0.0026047745871454753, -0.0019095634756960966]
[-0.0008233083208845082, 0.001283110321872137]
[0.0003172121722740673, 0.0011908327906614558]
[-0.0004033289466931142, -0.0005247510789535446]
[-0.0029465061714428753, 0.00023586704639659388]
[-0.0025536318923404244, 0.0007818849627833913]
[0.0011427123520301175, 1.7141865377105076e-05]
[0.00018824737157452365, -0.0003806000449096403]
[-0.0014824711268655033, 0.0016455039242545544]
[-0.0030600792162837065, -0.0012090392319734633]
[0.0006857401974683652, -0.0010422361414184067]
[0.00014891966152091873, 0.00028057328872599374]
[0.00048749670888803553, 0.0012131104976629281]
[-0.0014269342089470727, -0.0029235734847754546]
[-0.00031074550350507213, -0.0012119253817058917]
[-0.0007652732913703275, 0.0007202341978920224]
[0.0012214529033258703, -0.00031955382461656967]
[0.0009800845731926244, -0.0028039628114853166]
[-0.0007195923555048944, -0.0010024336952552115]
[-0.0015358834863273274, 0.00011764666797331458]
[0.0002706434063327566, -0.001347956437792286]
[0.0023333656384370016, -0.0008609830867476465]
[-0.0006604347902521013, -0.0009208490231837896]
[-0.0014963731302685135, -0.0007291698213908182]
[-0.0011156547800306726, -0.0012058725776578072]
[0.0016404937488184723, 0.0011718709054142629]
[-0.0007274514376241492, -0.0007671456132933852]
[-0.0007394916068743651, -0.0010994359492703665]
[-0.001550429250405827, -0.0003128147884003951]
[-0.00020598648474712267, 0.0018627712198899526]
[-0.0010477980634082673, -0.0004908329872855]
[-5.878733358222199e-05, -0.0007266322772777577]
[-0.0009185812090441725, 0.0005100848074618969]
[-0.0018850954150453972, 0.00112325548454467]
[-0.0013211564087130048, 6.274656080211983e-06]
[7.790130402049456e-05, -0.0003540875557775103]
[0.00021720076964509838, 0.0006233313142680053]
[-0.002187036621730809, -0.0001969061688020246]
[-0.0009636290265497838, 0.0005731779847994722]
[-0.000350734187147983, -0.00024367286930720988]
[0.0007309413361367145, -0.00023021518274413122]
[-0.0013571286203925004, -0.0011872224949623922]
[-4.531772859972527e-05, 0.0007044227246717494]
[-0.0006334093769319038, -0.0005541480370329088]
[0.00021596965903492027, -0.001058124129178939]
[-0.00018003477943123736, -0.001309117413672567]
[0.0007102366038228003, 6.22832469195922e-05]
[-0.0003522261172629604, -0.0007444192263763583]
[-0.00053218126530169, -0.0011807409757897958]
[0.0002766497898236131, -0.0008034060736465953]
[0.0004127035955844016, -0.0009114879313536495]
[0.0003063303867444356, -0.0004897257083571471]
[-0.0009290538419390315, -0.0007711954384927999]
[0.00010291554496077993, -0.00027135135120492926]
[-0.0004522222384922836, -0.001142762511035511]
[0.0005452137510446597, 0.0002740435046413858]
[-0.001078025989978526, -0.00037224852030404154]
[-0.0003409470401376513, -6.449222802740184e-05]
[-0.0008940776515672377, -0.0005476305925588565]
[-5.285423676715251e-05, 0.0008179726911023422]
[-0.0011142638071816036, -7.744652441890598e-05]
[-0.00043684077393454923, -0.00013791189439256793]
[-0.0006948164687254343, 0.00011145274244227232]
[-0.0010367461897947926, 0.0007257592058168161]
[-0.0008813889241048728, 0.00033404348228464106]
[-0.0004113828492719185, -0.0002563408932962641]
[-0.0002158573081834092, 0.00018261347766629354]
[-0.0015671647147609269, -0.00012317987323734458]
[-0.0002971503778418927, 0.0007433143288481658]
[-0.00030274037057553826, -0.0002791597685524727]
[9.699294946030612e-05, -0.00040922948349464416]
[-0.0012594474259999822, -0.0009862693890961838]
[0.00041265434273451973, 0.0007337764105320721]
[-0.0002477853835369803, -0.0003602684723028604]
[-0.0002162087600622309, -0.0009588595818915691]
[-0.0005078279920276985, -0.001243021206303041]
[0.0009444694873476656, 3.094975096873398e-05]
[2.2639827439566163e-05, -0.00047683423363276134]
[-0.0008171524845247136, -0.0007847940923526586]
[6.771069051259015e-05, -0.0007940346115299368]
[0.0007599385354391877, -0.0011783785817984782]
[0.00027293006308304335, -0.0002516906018974474]
[-0.0011142187934508607, -7.855570653414468e-06]
[0.0001830595374536781, -0.00041217545114902165]
[-0.00025671612286159995, -0.001775538507742369]
[0.0001801358318291868, 0.000439066383159048]
[-0.0007250238644657125, 0.0005512367202251678]
[0.00017768457209477173, -0.00030215626245005955]
[-0.0012782639279077523, -0.001209995378346429]
[-0.0006111329831127166, 0.0009610517575563415]
[-0.00012249318572865597, 0.0004388470138184386]
[0.00022239575644228404, -0.00029605485975609837]
[-0.0015611691624673185, -4.0627479311938774e-05]
[-0.001461674812035886, 0.0005831126744415749]
[0.0002126714335875246, 5.508123143906085e-05]
[0.00017708634431182202, 5.1002259995353016e-05]
[-0.0008975828157659071, 0.0007477718257015327]
[-0.0016695110131283442, -0.0005827472631041164]
[0.00014936290329781166, -0.00027159492229958393]
[-0.00015176628065038944, 0.00042181867519991423]
[9.939716594942194e-05, 0.000688781265905769]
[-0.0009292153197445474, -0.0016386427526423608]
[-9.489796090800251e-05, -0.0003764441549143349]
[-0.0005697336560424593, 0.00049259064595919]
[0.0005809504312616065, -9.004789136835001e-05]
[0.00020509460989408257, -0.0017064218773596984]
[-0.00010862888888674149, -0.0002633170116339567]
[-0.0008383811887316961, 3.5684026113869116e-05]
[0.00010783730581509499, -0.0008824654569627999]
[0.001023311030318108, -0.0008189925534202169]
[0.00012966994824816988, -0.0003199633061170548]
[-0.0006926258554658116, -0.00045114105293386775]
[-0.0008244992148010999, -0.0009032237822329536]
[0.0008924193316773854, 0.00032994359972227105]
[6.439146778836058e-05, -0.0006779367995927155]
[-0.0002551081778372488, -0.000620485155197692]
[-0.0011528328871059368, -6.93120900577826e-05]
[8.049048735470077e-05, 0.0008738721504815417]
[-0.0005047409069369735, -0.0009143042520317057]
[3.650122088372232e-05, -0.0002791877471130383]
[-0.0005629368241117927, 0.0006766865346366224]
[-0.00072168663293809, 0.0006100111259688583]
[-0.001120846811055426, -0.0006262972505595571]
[-0.00018242925792365944, 9.063078020708076e-05]
[0.00025512515678688397, 0.0007334415181612418]
[-0.0008574729075245813, -0.00010209297820003294]
[-0.0010990890685773913, 8.839338590189288e-05]
[-0.000674379517310586, 0.0001097480504261561]
[0.0006658184570107473, 6.365807095971843e-05]
[-0.00046368790406342564, -0.0005505932781765255]
[-0.0005082521665374373, 0.0006236319608070584]
[-0.0009201070033168501, -0.0003794517693892496]
[0.0004517767262612882, -0.0007256717341920793]
[-3.3024714567175817e-06, -0.0004875668966807245]
[0.0001715424219377315, 0.0005941848718377107]
[-0.0004894880561721743, -0.0009250196988977999]
[-9.586586961868315e-05, -0.0010226409220398525]
[-3.51902300250867e-05, -3.4327414937807e-05]
[0.000449750419296735, -3.6783159704234514e-05]
[0.0003622103930763232, -0.0010355294554812433]
[-0.0005697805824458717, -0.0007628807362425327]
[-0.0003920415488101181, 0.00020867622027820332]
[0.0001244245312109482, -0.0006104483473962086]
[0.0009242207707047534, -0.00038228353259273096]
[-0.0007323677211276136, -0.0003675237916459517]
[-0.0006490735422156058, -2.70895356146994e-09]
[-0.00040396595852054684, -0.0005742769759239374]
[0.0006040270061195008, 0.0005533348762375434]
[-0.0007096575251512305, -0.00011020953571733161]
[-0.00047660376031072316, -0.00041556405087209147]
[-0.0005404617684575119, -0.0001367185854762587]
[-0.00028803339093871894, 0.000978613328704395]
[-0.0006345744137215004, 0.00012313323389541442]
[-0.00019244354635767139, -0.0005307996775377249]
[-0.0002860462857869478, 0.00011063997962890539]
[-0.0010347214618774137, 0.0005416775119708311]
[-0.0003903604558711249, 0.0003949848393347728]
[-3.786192740729e-05, -0.00041023264366796264]
[5.166420067165278e-05, -2.025203120194219e-05]
[-0.001082778996452205, -0.00023452942357365947]
[-4.156388611009643e-06, 0.0004002652358588987]
[-6.847261397496807e-05, -0.00026901937618706295]
[0.00011441128976608095, -0.0003107608225809688]
[-0.0006467311090836703, -0.000759568609010608]
[0.00028232332786942704, 7.860019337702084e-05]
[-2.0379383047886e-05, -0.00023464218997648612]
[-0.0001182977298136989, -0.00045594748029187393]
[-0.00010411412176264401, -0.0007655230042262762]
[0.0003796623188255799, -0.0003930733143637788]
[8.151159270650132e-05, -0.00011768224180874753]
[-0.000487535887093056, -0.0004039972148607296]
[0.00015553673206591956, -0.0004887399667364845]
[8.698716170180143e-05, -0.0007132680141438419]
[0.00011887848803848744, 0.00013598025937899827]
[-0.0006019583981098364, -0.00016035976202988245]
[0.00016888048204694028, -0.00020356025683415657]
[-0.0004509847964840885, -0.0006308955212109835]
[-9.941467596907838e-05, 0.00041532277606132206]
[-0.0003935590707031533, 1.680881464138917e-05]
[1.556729039980942e-05, -3.640053725283143e-05]
[-0.00078945272447975, -0.00017246179598820466]
[-0.0005060518795749758, 0.00034705564869485107]
[-0.0002074667092444027, 5.359027243480308e-05]
[-7.981029004463028e-05, 0.00010618709524620306]
[-0.0005296205508401666, 0.00026535415018804796]
[-0.0008376955401794839, -8.713162081798453e-05]
[-0.00018060212357284833, 9.169091674755825e-05]
[-0.0001897484174639419, 0.0001365628000896124]
[2.678692571278507e-05, 0.0002447239180980998]
[-0.0007575281354514907, -0.0006004337006123572]
[-0.00011670058234874991, 0.00015674529243839275]
[-0.000271361378034074, 1.5966811657719404e-05]
[0.00028120293562960974, -0.00018554621228150658]
[-0.0003009825840738778, -0.0007731405774984434]
[9.371813806341445e-05, 0.00011080784179295922]
[-0.0003170762781756764, -0.00020584650253718806]
[-1.1948614412171654e-05, -0.0005613037235226992]
[0.00020652066108248213, -0.0005738406871294011]
[0.00032520976073319163, -0.0001315893169674398]
[-0.0002134470677714051, -0.0003026352525336007]
[-0.0005273190837361691, -0.000547111005746781]
[0.00039787736734325785, -0.00013798630935557554]
[0.00026949124662573043, -0.0005484053714833736]
[-6.824414093509201e-05, -0.00020488557955322673]
[-0.0007847957677907247, -3.837085841218446e-05]
[0.00017463152694652262, 0.00015079464581285729]
[-0.00016963077943710214, -0.00085041072948977]
[2.663678866199337e-05, 7.517891337344151e-05]
[-0.0004679915213079977, 0.0004973150143225413]
[-0.00019873896161598514, 0.0001528917204550173]
[-0.0007361022311942467, -0.0006995546421470766]
[-0.00018902824773567306, 0.0003055002812154561]
[8.896890141411873e-05, 0.0005154574128039061]
[-0.0003084425405082379, -9.543844850841334e-05]
[-0.0009354024456029453, -2.0207459956912786e-05]
[-0.0006135109606577316, 0.00021204548894666886]
[0.00042548605834696884, 3.822378351713007e-05]
[-0.00012295081503294059, -0.00018495039328514373]
[-0.000546464524984247, 0.0005509004309240256]
[-0.0008481244130640331, -0.00031134039186425655]
[0.000333391723495835, -0.00043811994840753377]
[6.424012176653449e-06, -1.7874944598650355e-05]
[2.9138626236435705e-05, 0.0005339594268227721]
[-0.0004925732316072018, -0.0008988237298704904]
[2.541687051071939e-05, -0.000571471195840223]
[-0.00014215183778482077, 0.00023411408422246982]
[0.0003290496622585515, 3.7018043947734114e-05]
[0.00020806176239866747, -0.0009927083607080833]
[-0.0002647078159877525, -0.00043964951277541964]
[-0.0004067508354813343, 0.00017945289859877533]
[0.00019669176372561284, -0.0004328009985689052]
[0.0007283261078210312, -0.0004233716131560872]
[-0.0004099671024981044, -0.0002541654776403446]
[-0.0005208374771151214, -0.00012451760502596443]
[-0.00020409706704677122, -0.0005008392569891829]
[0.0006240230372202005, 0.00038363715787570474]
[-0.00038528713361235534, -0.0001592717990021586]
[-0.00037033038949119135, -0.00043723242400908746]
[-0.00048519878024844143, -0.00014475331118482537]
[4.0617160913969386e-05, 0.0007914082234575237]
[-0.00033104461957275677, -0.00015018912339809232]
[-0.0001308471535214628, -0.00042751921696488823]
[-0.0003663849755816406, 0.00022415227612003485]
[-0.0005797062560075165, 0.0005317849146545348]
[-0.00037993662299477815, -4.9474097798033866e-05]
[-2.7119047304374755e-05, -0.0002086313574525267]
[4.971742168363713e-05, 0.00027087544387165846]
[-0.0007550727653818368, -8.798869289944333e-05]
[-0.0003269598586441158, 0.0001459706961317725]
[-9.220776330021163e-05, -4.8565285308665995e-05]
[0.00030737189428020617, -5.443668339127905e-05]
[-0.0005257053118132293, -0.0004928084055147441]
[-0.00010308060872527003, 0.00022454112364006518]
[-0.00014712822359061462, -0.00015562891718734484]
[0.00018658362055468114, -0.000408982516922507]
[-0.00013372636225807144, -0.0004848860130344246]
[0.00014425924661670697, 9.9962297653855e-05]
[-5.432754175914434e-05, -0.00028257313295210196]
[-0.00013768681597908783, -0.0005738686234828538]
[6.845585424608558e-05, -0.00022864684178081074]
[0.0001554496238392357, -0.0001519090392885225]
[0.00011746501245901708, -0.00023591638523101643]
[-0.000429609277445564, -0.00044720577716828025]
[3.9354617193398944e-05, 1.6608533610629195e-06]
[-5.166547152929413e-05, -0.00031122697016539025]
[0.00019446525822153227, 1.3962120740784734e-05]
[-0.0005042798183953479, -0.00013970173196231617]
[-0.00015359773485962291, 6.427854819424095e-05]
[-0.0002851891592456357, -0.00027530391287286515]
[3.1093449728542e-05, 0.00026423234829161396]
[-0.00040691605529918906, 0.00011272704895408381]
[-0.0002529261053434151, -6.529455186564696e-05]
[-0.000284094028274659, -6.554553426043122e-05]
[-0.0003072722799070289, 0.0003328190704989173]
[-0.00029711727683792016, 0.00019651739862542456]
[-0.00021415960340118168, -0.00022169244617104011]
[-4.754474118398577e-05, 7.339771009117271e-05]
[-0.0005781084142246207, 8.875022015958356e-05]
[-0.00016432466950155877, 0.00021326836620673417]
[-9.126332400033466e-05, -0.000267706958550773]
[0.00012685234437165294, -7.326874236712744e-05]
[-0.0005141106692017616, -0.0002651432685228383]
[8.240068463338801e-05, 0.00018491228824679684]
[-5.1512965013655876e-05, -0.00020769790430563706]
[-2.7409800172961685e-05, -0.00032782887634491553]
[-0.00020317000761518184, -0.0004778995456594659]
[0.0003178677242913208, 6.439694871351875e-06]
[7.652526982648844e-07, -0.00011849798665852784]
[-0.0003048600167810389, -0.0003671402246927524]
[6.615763945178044e-05, -0.0003942013088961138]
[0.00028714020605356654, -0.0003413795753800519]
[7.253450173511089e-05, 1.8178058293072397e-06]
[-0.0004622072836670127, -0.00014551352632607983]
[8.667413295998516e-05, -0.0001810955538496528]
[-5.564868751634089e-05, -0.0005567876152076101]
[8.225207048817573e-05, 0.00013994779162757043]
[-0.00035971924657512977, 0.00013787178324387028]
[-1.8868799751547982e-06, -1.0980453147541036e-05]
[-0.00042785352937985133, -0.0004594191670583281]
[-0.00012993553488951926, 0.0002494285878182831]
[-0.00010836654130302881, 0.00023159064410070707]
[-6.200568978927123e-05, -4.652084041556655e-06]
[-0.0005941620100218814, -8.568538050960847e-05]
[-0.00045511462748934126, 0.00017193726123115958]
[0.00011088860767687059, 9.447732824368824e-05]
[-1.9697913677785284e-05, -1.8614637999368744e-05]
[-0.00039827373476847283, 0.00027513505340104674]
[-0.0006497127072385145, -0.00014601116425722038]
[0.00013025473608996307, -0.00012257066086118762]
[-1.7097566324231206e-05, 2.9298457062010286e-05]
[-1.945124081303984e-06, 0.0003014228061446744]
[-0.00045920090289133797, -0.0005448250059698068]
[-1.4073255650115524e-05, -0.00018973567055263763]
[-0.00013515969380661907, 0.00010490223160697365]
[0.00025654397982827204, -2.6684454384084955e-05]
[2.0149810426917103e-05, -0.0006560684792252802]
[-0.0001139177498752364, -0.00013694875858327737]
[-0.00030076731401784684, 2.2488571646661626e-05]
[0.0001359366491180125, -0.00034513234961552897]
[0.0004213644963121099, -0.0003542507384980409]
[-8.037679467675155e-05, -0.00015028028855335052]
[-0.00030761180422905765, -0.00014983053884570774]
[-0.00022980000924915922, -0.0003686701533558434]
[0.0004194498935130575, 0.00013154635077622379]
[-5.039149080374172e-05, -0.00024472780189077614]
[-0.00017509205995258625, -0.0002444531880498313]
[-0.0004830200003330398, -8.950127530465979e-05]
[9.344097916919036e-05, 0.00037669668785253463]
[-0.00012981737275702399, -0.00029383010505160123]
[-3.8414023116079e-05, -0.00013540227347585976]
[-0.0003701326120231774, 0.00022165744427664336]
[-0.00029788791228053946, 0.000278417068932025]
[-0.00032634784277384143, -0.00022730058878574905]
[-4.24656614278901e-05, 5.924723843119158e-06]
[2.0753812686763462e-05, 0.00032379073578031907]
[-0.0004592706405650293, -2.884465539330916e-05]
[-0.0004509428050022135, 1.982381467809796e-06]
[-0.00016459048084979666, 1.8455726083638213e-05]
[0.00036160350044178724, 7.053974800917684e-05]
[-0.00031897264676875037, -0.0002357389817341793]
[-0.00032463313398994886, 0.00023485926195995765]
[-0.0002971095849791938, -0.00016236117032836228]
[0.0003085493626378, -0.0003200501318756932]
[-4.213316834161818e-05, -0.00022404489770716518]
[4.530690540516247e-06, 0.0002795767079852296]
[-0.0002230091144027127, -0.0003825044566821978]
[-2.8966114991341163e-05, -0.0005074926553442216]
[6.240330644512182e-05, -3.297136458180194e-05]
[0.00022122232229528083, 4.526417419181694e-05]
[6.249363969029753e-05, -0.0004143253409447656]
[-0.00032651391633637533, -0.00039781330304222706]
[-7.360753963853162e-05, 7.5444135625935e-05]
[0.00013464746809935257, -0.00022230833139780248]
[0.0003450227726831123, -0.0001462987375908109]
[-0.0004210932806096579, -0.0001556674923630652]
[-0.000283153387562296, 1.0252662537318935e-05]
[-8.993366818205173e-05, -0.00028881006910375095]
[0.0003199183808708095, 0.00023524505879266022]
[-0.0003775467794824572, 3.380198867072859e-05]
[-0.0003212599116000081, -0.00017471968941719374]
[-0.00020737328287379064, -0.00013436240078751327]
[-1.7928297496042078e-05, 0.00044460686093200966]
[-0.0002631579058032102, 0.00011408312906457246]
[-0.0001806409289656502, -0.0002926355980271689]
[-0.0001613837755352135, 4.2813525696655964e-05]
[-0.00042826531786710476, 0.0003115707916296062]
[-0.00012233992469778965, 0.00013732456549647026]
[6.481696216031896e-06, -0.00027148322082490295]
[-7.819949418730321e-06, 5.006143117877726e-05]
[-0.0005622846986580998, -6.320653912467167e-05]
[1.6509723746060967e-05, 0.00013224525193383796]
[7.71883711874477e-05, -0.0001282859664497038]
[6.071780269306659e-05, -0.0001437880107428846]
[-0.0003846107622785533, -0.0003833319119973533]
[0.00011161939173665036, 7.868726286835992e-05]
[6.145405940465726e-05, -4.1483888192250795e-05]
[-3.3090305193300695e-05, -0.0003015266787501081]
[-7.285800203307713e-05, -0.0004010194353736285]
[0.0001415765515936085, -8.769233946293031e-05]
[4.758190006065588e-05, -2.21996841542893e-05]
[-0.00020290943474646737, -0.0002679362049566869]
[8.124589265617876e-05, -0.00019673009904219718]
[1.59006857816113e-05, -0.00027668315446799374]
[4.736141450389919e-05, 1.7257574531859277e-05]
[-0.00029387017064214094, -8.617784862713362e-05]
[7.525280354619968e-05, -2.1960783348123902e-05]
[-0.0001608741207267117, -0.0002914745599741364]
[-4.1755955982603066e-05, 0.0001367390829046522]
[-0.00026558243802707326, 4.656127614366401e-05]
[-8.043399607610136e-06, 9.436311827454302e-06]
[-0.000263321437561137, -0.00012296505255073031]
[-0.000228183948973823, 0.0001818356492869212]
[-0.00017161290555978148, 9.332100800675189e-05]
[-6.400445987276432e-05, -3.1294135009756266e-05]
[-0.00020190010914217932, 6.285701738722657e-05]
[-0.0003664335711000416, 6.117032177876264e-05]
[-6.495588059066137e-05, 8.500199172532114e-05]
[-0.00011706014359955108, -6.22817158183464e-05]
[-3.0256308782006247e-05, 9.974453929971483e-05]
[-0.00033935950503605206, -0.00018578283791018113]
[-4.726622105433176e-06, 4.704806453761923e-05]
[-0.00012029600176649557, -5.9247132025264104e-05]
[0.00011198226234354625, -4.738644592405805e-05]
[-0.0001626093652384586, -0.0003519774416650412]
[2.9196685137844458e-05, 4.967689968271571e-06]
[-0.00010026631683251325, -6.489333149828358e-05]
[3.7731783427141785e-05, -0.0002517172279884461]
[5.085445644510689e-05, -0.0003219066437522011]
[9.813375274439484e-05, -5.469299012916817e-05]
[-4.8319306369920545e-05, -7.9129797193489e-05]
[-0.00022115543574759838, -0.00030582827870884177]
[0.00015420675441632503, -0.00010843895222972799]
[0.00012218936623273335, -0.00019445333094425532]
[-5.593439677875622e-06, -6.067240790136319e-05]
[-0.0004152698945215083, -9.928561004662884e-05]
[6.738380420090451e-05, 6.892984330084118e-05]
[-2.5621696355254686e-05, -0.00031588541588756236]
[1.0819799970196442e-05, 2.4031172632860143e-05]
[-0.0002980834732211335, 0.0001754770348383894]
[-9.713909864556003e-05, 0.00010270179944923269]
[-0.00028471377019226307, -0.00029319125825073844]
[-9.228180783760198e-05, 0.00010571738944674587]
[1.8135559996107498e-07, 0.0002707142217876421]
[-0.00017837357092788386, -8.386739344051243e-06]
[-0.00042761797966063553, -7.784975944479661e-05]
[-0.0002605813060771456, 6.560728714607306e-05]
[0.0002255138445663163, 0.00012400520946545535]
[-0.00011134813732571747, -9.624667828916911e-05]
[-0.0002961896120204921, 0.00015917847010529784]
[-0.0003727938026326927, -0.00011490691268559172]
[0.0002067513798901799, -0.00015249731244706966]
[-1.6536201542238782e-06, -9.399113855684815e-05]
[-1.3307390020034227e-05, 0.0002473350105730576]
[-0.00027291754296485116, -0.00033354428422766036]
[9.017510472941748e-06, -0.00032912434143700375]
[7.359274721577269e-06, 9.660680776235608e-06]
[0.00019362425567490127, 8.542127212202155e-05]
[2.793506155333164e-05, -0.0004097892873973219]
[-0.00018619887122593715, -0.00028600912682169577]
[-0.0001343429744876945, 7.372695548579777e-05]
[0.00014338808265424927, -0.00017963058134040644]
[0.00033687662905940163, -0.0002382818778422502]
[-0.0002395791343176995, -0.00012142977816009815]
[-0.00027247483056042077, 1.460372531891796e-05]
[-9.472435435314841e-05, -0.0002831853456291]
[0.0003518888719574731, 0.00011248168324706764]
[-0.00018726413401762287, -2.0305404990705878e-05]
[-0.0002394076559639191, -0.0001484445668368528]
[-0.00026229048163961544, -0.00012782592079407795]
[4.9484407177696754e-05, 0.00035931514549674554]
[-0.00014027830185792123, -1.1572332528644869e-05]
[-7.565588909345944e-05, -0.00022145566694078538]
[-0.00021376021027758735, 7.660627997429018e-05]
[-0.00032267366486713606, 0.00030163047558808]
[-0.0001381279329112084, -1.107631834979493e-06]
[3.4127464834415866e-05, -0.00016625105986719374]
[-2.2196524527534622e-05, 0.000139270809370734]
[-0.0004481607394504483, 5.29895324868912e-06]
[-0.00011652430411918102, 4.775259396658238e-05]
[1.760187312882522e-05, -6.500698107381186e-05]
[0.0001460375619798393, 1.647175955549196e-06]
[-0.0003076226894103973, -0.0002487651874509278]
[-7.664444089139355e-05, 7.49434547509531e-05]
[-5.180956375253065e-05, -4.721190402490194e-05]
[0.00014832163214761884, -0.00019578036143358402]
[-5.406724043269945e-05, -0.000299772693160949]
[8.55884150441355e-06, 4.7469107334774385e-05]
[-5.3075208711679533e-05, -8.571593730144489e-05]
[-3.5489843684108346e-05, -0.000309063869739612]
[8.557036371353854e-05, -0.00015148788795260604]
[7.939426266866112e-05, -5.953255458551743e-05]
[1.553934467901641e-05, -9.662355405637424e-05]
[-0.0002718881916758953, -0.0002420804958750966]
[5.462604927725101e-05, 3.0474697202964585e-06]
[4.860726189748199e-05, -0.0001508011720625646]
[8.119709246856566e-05, 6.3612462607165465e-06]
[-0.00034586263195174327, -6.599878840313211e-05]
[-8.593066810005934e-05, 3.290319316930079e-05]
[-7.786714455440547e-05, -0.00014722445223466774]
[3.164472057520795e-05, 0.00014676297584365755]
[-0.0002496411237274121, 7.922284405748048e-05]
[-0.0001714771565265727, -5.038176022132914e-05]
[-0.00014590343996015442, -5.396244712506035e-05]
[-0.00012447935079822406, 0.00017932415887504747]
[-0.00010939747928692678, 0.00014027765488846058]
[-0.00014784773966952658, -0.0001249030704639359]
[-8.735216095395737e-05, 3.8067755695966876e-07]
[-0.0002858123535723345, 4.599032001365022e-05]
[-5.598801410405807e-06, 0.00013916184246770547]
[-3.603243525313049e-05, -0.0001485544741054723]
[1.2374663335201763e-05, -5.301864472900819e-05]
[-0.000311033857264581, -0.00013450482151966536]
[6.676106918912517e-05, 8.094980495637616e-05]
[5.5996295080726344e-05, -0.00011455441273122702]
[6.1483269038487e-06, -0.0001579994115209482]
[-0.00019415335534332667, -0.0002496622821941963]
[0.00011389259236710414, -1.4867962034037507e-05]
[8.630814757999011e-05, -4.944051748212441e-05]
[-0.00011314295110351202, -0.00020636183085459558]
[-5.205291732868211e-06, -0.00022493400235151784]
[0.00011775158262438724, -0.00014181143346103653]
[3.722783790546802e-05, 3.0146863852997807e-05]
[-0.000255243395247684, -0.0001265722060044827]
[9.21048064134733e-05, -0.00011144602834906037]
[9.206636900932486e-06, -0.0002482056917064157]
[-2.7840615203500452e-05, 8.786626938778186e-05]
[-0.00025235848701357644, 6.221961466967851e-05]
[5.5730171007656315e-05, -7.317583856608634e-06]
[-0.00016677922856150884, -0.0002596681139319379]
[-0.00010480646800822835, 0.00012942072883806444]
[-0.00010401122189038214, 0.0001757728767265987]
[-4.408460967517125e-05, -1.9195584421889824e-06]
[-0.0002838184991193482, -0.00010674799395478732]
[-0.00021488641129630004, 9.715755090256364e-05]
[4.3838596726956947e-05, 0.00011646841136600961]
[-5.9032894275168335e-05, -4.015344255303699e-05]
[-0.00020190342227122127, 9.760282027556494e-05]
[-0.00030804443680937377, -3.8419058605257406e-05]
[7.90845544387242e-05, -3.7406609657480994e-05]
[-2.8178411645207735e-05, -4.204733116786041e-05]
[-1.7145776675664415e-05, 0.00015402736859668198]
[-0.00025242595182345395, -0.00023883885060893562]
[2.8896801204048028e-05, -0.00012647041511257284]
[-3.164582663969795e-05, 1.2651511113237479e-05]
[9.715952196417965e-05, 1.725996794904594e-05]
[-4.056643494739637e-05, -0.00033935877308111095]
[-2.4943475928407288e-05, -0.00011797544308012053]
[-9.24145959015979e-05, 3.818994859050573e-05]
[4.737360657540435e-05, -0.00016995149412984967]
[0.0001730184052073369, -0.0002464127126688975]
[-4.94310537287497e-05, -7.112030946793135e-05]
[-0.0001260290209131043, -1.701691973554631e-06]
[-0.00011129227102982253, -0.00024050179681517347]
[0.00021340087555321574, 1.5241452779313214e-06]
[-5.2660216130567816e-05, -6.822422194407984e-05]
[-0.00010244052956509542, -8.122810872415731e-05]
[-0.00025241751315308036, -0.00010370900471598499]
[5.909033588735735e-05, 0.00019666772053392179]
[-6.459181059900732e-05, -0.0001172211940212442]
[-3.935585681399956e-05, -0.00010158092759082749]
[-0.00022755370179081136, 0.00011725137592660806]
[-0.00015725597211635467, 0.0001988822781427086]
[-0.0001333053162160952, -0.00014245405735051515]
[-3.64027249226892e-05, -4.389603695004185e-05]
[-3.424895192979255e-05, 0.0002181454247285764]
[-0.0002466231248276912, 4.651038622592585e-06]
[-0.0002014630169256404, -5.0182062445898457e-05]
[-0.00010105706018812, 1.2282781141181864e-05]
[0.00017347100474066068, 9.375896241142767e-05]
[-0.00016529770455500636, -0.00016728822111411468]
[-0.00017020699009570595, 7.241344399430694e-05]
[-0.00016260959316780066, -3.7908563903066295e-05]
[0.00019305979278605445, -0.00013603401241776836]
[-2.4201140429030987e-05, -0.00018345953256221348]
[-3.80987999327731e-05, 0.00012579413700603004]
[-0.00011317058822273018, -0.00015875842499546433]
[2.9803047273652128e-05, -0.0002881226014838645]
[4.291011904622444e-05, -5.6393951796573916e-05]
[8.820056095790174e-05, 5.2194749802725315e-05]
[2.001427583994686e-05, -0.00020815819192154805]
[-0.00018271965081542892, -0.0002711590333259184]
[-7.3116886739610365e-06, 5.26990648234138e-05]
[9.565512312061097e-05, -7.599975485739208e-05]
[0.00015121853891283954, -0.00011327306139152782]
[-0.0002786274882433104, -0.0001090453378060352]
[-0.0001250924401419995, 6.158419155069539e-05]
[-2.1445159301997085e-05, -0.0001633386905255385]
[0.00015692387518789763, 7.437603233993728e-05]
[-0.00021478957729190173, 6.0583741555486625e-05]
[-0.00018957267259062105, -4.7008441492961406e-05]
[-0.00014426261567296317, -0.00012625840881926031]
[5.626819568393948e-06, 0.00021786348004890145]
[-9.486011291135604e-05, 0.00012296715948452615]
[-0.00012978359809608792, -0.00016156704393610784]
[-0.0001364361274159634, -1.5601464527533696e-05]
[-0.000227505620784052, 0.00019051439194400777]
[-3.2351580262657276e-05, 9.065372612189135e-05]
[4.94765418845855e-06, -0.00018809213519203893]
[-1.2595534090692473e-05, 3.799366887538569e-05]
[-0.00033705689749990997, -2.485960370224305e-06]
[3.1292751911660144e-06, 3.841789427058706e-05]
[8.068514817782813e-05, -0.00010618672242090899]
[5.380163803714311e-05, -3.7204218011205326e-05]
[-0.00024491258391376447, -0.0002011693085594013]
[4.503485550672037e-05, -8.266591254635358e-06]
[5.6056816954658945e-05, -1.5924852432958048e-05]
[-5.8129517489236004e-06, -0.0001359426184737722]
[-3.248968880084635e-05, -0.00026128252013696285]
[7.144159329952604e-05, -6.877413544825739e-05]
[2.53539579453399e-06, 4.385759680025636e-05]
[-0.00012059229461815896, -0.00016250370655152002]
[9.210232255690842e-05, -0.00016842549613765856]
[1.8625552819978575e-05, -0.00012931973974827926]
[-2.301739235946454e-05, 5.999178081533829e-05]
[-0.0001964800049340798, -8.152954767159937e-05]
[7.623535174428042e-05, -3.0544976255819645e-05]
[-6.465447780715228e-05, -0.00013951503664078047]
[-3.916074766358024e-05, 6.798734541131612e-05]
[-0.00018077223506809958, 3.152839751952019e-05]
[-2.461026430986002e-05, 4.137363193698618e-05]
[-0.00013321105672751965, -9.118226403107693e-05]
[-0.00010057142074454406, 6.308419726310313e-05]
[-9.69894388094944e-05, 9.556228605826778e-05]
[-7.96773036209758e-05, 1.033468862762614e-05]
[-0.00012763209137668652, -4.743692620105995e-07]
[-0.00018789284794312744, 2.1245014856133282e-05]
[-4.259817529841947e-06, 7.437085906630836e-05]
[-6.465672255423494e-05, -4.642188569313477e-05]
[-5.0895857553856505e-05, 4.246522804987607e-05]
[-0.0002244972523064992, -9.013555108383642e-05]
[3.858027280176368e-05, 2.5486745008157508e-05]
[-1.9642286086113403e-05, -5.745657427524975e-05]
[2.800006360453855e-05, -2.7517672178067887e-05]
[-0.00013885343537552164, -0.00019348443215921884]
[4.530888864037741e-05, -4.765127183781193e-06]
[-1.3155671055305879e-05, -3.5759668613855045e-05]
[9.41299892953662e-06, -0.00014188806457055003]
[6.267280013218246e-06, -0.000200122567389438]
[4.307667782527114e-05, -4.35228229182516e-05]
[-1.4162706156423122e-05, -2.0686900261024377e-05]
[-9.962131901965383e-05, -0.00016672740941542363]
[9.247376458498824e-05, -8.90533079587752e-05]
[2.8043258216120526e-05, -0.00012006017459059715]
[-1.8905913930389318e-05, -4.639005458884071e-06]
[-0.00021454758640057636, -5.751519641228331e-05]
[6.434486773942982e-05, 2.1571694190980484e-05]
[-2.090948510699575e-05, -0.00017501036414258042]
[-3.76186423786673e-05, 2.8183565706385583e-05]
[-0.0002094117706609444, 0.00010054807995091286]
[-1.6768148812934536e-05, 5.5825466333689344e-05]
[-0.00010400713714013576, -0.00017209591380032419]
[-9.394799336660126e-05, 6.168467640292629e-05]
[-6.794159059493599e-05, 0.00018142028423248288]
[-9.008142835239055e-05, -4.768545491870037e-06]
[-0.0001951240420124678, -7.756292921595872e-05]
[-0.00015087757475427954, 3.8084721404138544e-05]
[0.00012008893542882204, 0.00011172972733965517]
[-8.784102054024134e-05, -6.858527436505446e-05]
[-0.00019419990848904, 5.750136612481249e-05]
[-0.00018559150940500313, -5.695551335666016e-05]
[0.00017911519453764346, -7.080813579241063e-05]
[-2.552233126071335e-05, -7.003039457653681e-05]
[-7.337226533768448e-05, 0.00013258000233323797]
[-0.00014750355295507778, -0.00019194260199412172]
[6.371348815470412e-05, -0.00020052011716592544]
[2.252930155820232e-05, 6.601669854167103e-06]
[7.270702204612012e-05, 6.149252640280656e-05]
[-1.887566068232288e-05, -0.0002525098420512739]
[-9.521696589662176e-05, -0.00019154088606981867]
[-2.0529074331754327e-05, 6.508678458949646e-05]
[8.399104893025769e-05, -8.387259136460878e-05]
[0.00013690165676136234, -0.00016481250265693026]
[-0.00016146190640664582, -8.813989462330696e-05]
[-0.00011175075409944335, 4.166424740426056e-05]
[-3.600836212902525e-05, -0.0001624555781174486]
[0.00018412455518657111, 3.6017239259278355e-05]
[-0.00013297942268228335, 2.5970422808940796e-06]
[-0.00015974826486106486, -5.318503385090545e-05]
[-0.00014895876364717786, -0.00010033705799779302]
[7.064450668342603e-05, 0.0001904388329584429]
[-7.777833455308025e-05, 2.4255046750965015e-05]
[-0.00011098805027604658, -0.00012464331240953684]
[-0.00014643334812597386, 3.4343568836397304e-05]
[-0.0001356450608214453, 0.0001905265451998756]
[-5.209123247608416e-05, -1.0124275832692651e-05]
[-2.0228524824014715e-05, -0.00012696653892007442]
[-3.5409007432873896e-05, 0.00012064239186040243]
[-0.0002583440117639446, 2.7751393030656102e-05]
[-5.023997398001523e-05, -2.6170586239673832e-05]
[2.628754508807174e-05, -5.886185258907606e-05]
[8.598530373532531e-05, 5.334219212360658e-05]
[-0.00020599769953591474, -0.0001558430548332379]
[-4.748608492607942e-05, 6.956093588361689e-07]
[-7.39755048843882e-06, -4.635480463088815e-06]
[9.7345304304719e-05, -0.00010439803663181424]
[-3.717339062367722e-05, -0.00021805250383194474]
[-1.092727659429693e-05, 3.162254841809764e-05]
[-3.676396318851721e-05, -1.6776050747069338e-05]
[-3.0600340131942128e-06, -0.00020992994157859046]
[7.227644912846665e-05, -0.00011046555267241187]
[1.5272637455678723e-05, -6.3036883776734776e-06]
[-1.25111607769679e-05, -5.484185972232103e-05]
[-0.00013488216343390813, -0.00017467667666393183]
[5.031292507245988e-05, 2.571868238288033e-05]
[-5.5981341229305315e-08, -6.687376731628891e-05]
[3.2632245221431155e-05, -3.3434461901349355e-05]
[-0.00019995642654191403, -4.731977144906141e-05]
[-4.4506669896249296e-05, 7.164708778771567e-05]
[-3.870956128473879e-05, -9.291768093280806e-05]
[8.373137659736796e-06, 4.216012199531605e-05]
[-0.00017358760771367387, 7.051141673507927e-05]
[-0.00010434544875609353, 4.952784000689038e-06]
[-6.633600139980406e-05, -6.123197334155159e-05]
[-7.64610641512363e-05, 9.301983152365436e-05]
[-7.129406029990348e-05, 0.00011712253191080522]
[-9.792958609888824e-05, -8.839935000094779e-05]
[-6.296932785547493e-05, -1.8130413891460917e-05]
[-0.00016203523093413774, 5.477410141097039e-05]
[2.7332512485295224e-05, 8.227610151405329e-05]
[-3.5278344720918176e-05, -0.00012989310868327664]
[-2.0483027211137816e-05, -1.1290087530979598e-05]
[-0.00017464762776212006, -5.6683237756427474e-05]
[6.305079924096013e-05, 1.0170384571600577e-05]
[2.9205952869024165e-05, -8.306302995914061e-05]
[2.2853559989710615e-06, -6.0159304145046555e-05]
[-0.00011226875520984475, -0.00016152357787602156]
[5.3128105432509454e-05, -4.611059110476434e-05]
[5.409303139973509e-05, -5.7913920051833045e-06]
[-4.819725560088056e-05, -0.00010723873076140533]
[-2.2786370279526125e-06, -0.00016886494685564024]
[4.4624119921921404e-05, -9.494234481249864e-05]
[2.302116773356122e-05, 5.3004797705258344e-05]
[-0.0001453159126586917, -8.199169025185915e-05]
[5.944655192907655e-05, -9.023513325945309e-05]
[1.988133186525687e-06, -0.00013539045182570097]
[-3.0306444412625533e-05, 7.095502664569708e-05]
[-0.00017110175966891794, 1.7889845302626606e-05]
[4.8322182767790434e-05, -4.106360468977832e-06]
[-7.962284193768765e-05, -0.0001326422037041669]
[-8.700502467300086e-05, 6.756682319639801e-05]
[-8.676938696944303e-05, 9.35328832564683e-05]
[-1.3920629205903257e-05, 2.5922078262117653e-05]
[-0.00016009684053788428, -6.520406349875586e-05]
[-0.00014048621907324088, 2.3846662837201903e-05]
[3.400143404162087e-05, 9.423640133356787e-05]
[-4.745161907027118e-05, 6.663739888508602e-06]
[-0.00014877227953377647, 2.297968881873058e-05]
[-0.00016913156054060297, -5.1490735350212535e-05]
[9.386447670753362e-05, 1.6893460703340524e-05]
[-3.682496546283942e-05, -2.029852845791824e-05]
[-5.426887989962159e-05, 6.500653505642218e-05]
[-0.00014839352975573594, -0.00014160564563214795]
[5.4058663478878666e-05, -7.398460338828294e-05]
[-2.0878872965673922e-06, -1.623041706383388e-05]
[4.63867244845928e-05, 2.5279008456779994e-05]
