[281.4012066362269, -701.4270611422585]
[-6.059663461328853, 19.860898695410185]
[-12.018565761160206, 8.087923306407237]
[6.843946811629262, 2.9847085788666092]
[-0.7608581978426265, 7.216405031498857]
[10.128506234573527, -3.392822592238442]
[-6.60415551803975, 9.275976778332213]
[-9.293295359190656, 8.505920975919572]
[8.248701002579718, -2.919573828222248]
[-1.3863200195598466, 1.3991813371142037]
[1.3181059424845096, -2.0415955301064965]
[0.6210427785078423, 3.0887970643392357]
[4.201248853487153, -1.2440018538310262]
[-3.153887613822123, 2.792737017639322]
[-3.268645435233263, 4.433802871699683]
[-0.33631958540172313, 0.22044338099982674]
[-0.13319233795576735, 1.7341315836407567]
[0.5845782749087967, 0.7614793160366631]
[0.3580520947906507, 1.1288338978257801]
[1.862424387039761, 0.207928764691383]
[-0.5991048386253586, 0.47238154531507526]
[-0.44004373127293306, -0.20195936215732502]
[-0.8829372577333672, 0.27958147711547277]
[-0.16732877270602664, 0.009453046987509595]
[-0.26071945284843423, -0.19787396771983978]
[0.1271963963958349, -0.05168104615673297]
[0.45114267141147657, -0.3514097441561077]
[-1.1389235092134626, -0.08846757581484566]
[-0.8459387226787163, 0.12486354410382106]
[-0.24878378647332156, -0.09180527536293459]
[5.0772110835595186e-05, 0.5214944331930891]
[-0.48977439843890735, 0.10136233516069604]
[-0.3303812413152629, 0.18682130175531775]
[0.2971473225084793, 0.26394340505177216]
[0.01567328480032515, -0.1931928440517794]
[-0.1785476220296598, 0.30708435296339065]
[0.02569618487491887, 0.123319020195364]
[-0.1141765025385677, -0.023697156632548122]
[-0.31322270206910474, 0.014311687635760961]
[-0.14319019964586843, 0.19770997297341242]
[0.29614263038680466, -0.40486125554997887]
[-0.0709811877612907, 0.26128985232882873]
[-0.006084351415030831, 0.1937086945939166]
[-0.03775604594562765, -0.13673828150324474]
[-0.04922404986426887, 0.24583353663262475]
[-0.28228232154678246, 0.06194453522028631]
[-0.10418479670427505, 0.23414780124105583]
[0.38030449156010526, 0.1781905355585014]
[0.10201743192510193, 0.1271027640982041]
[0.030136129904731135, 0.054218099241179374]
[-0.1300717245933285, 0.08581248612032022]
[-0.060753486534007806, -0.01727659009859206]
[-0.1694158389785274, -0.034003677133684906]
[0.04902081582310025, -0.04122690559346376]
[0.0017509791342549264, -0.03832541464038064]
[-0.11049892960629304, -0.09325779273235035]
[-0.19463479603864986, -0.11539952214329219]
[-0.0595272160830973, -0.01775825765389527]
[0.09689102382198023, 0.004151556772202802]
[-0.18405916209753137, -0.08679134874810579]
[-0.05095035654426194, 0.21439162588851768]
[0.010573855821870204, -0.029802451889097803]
[0.020019213322933993, -0.031806761021651586]
[-0.100089744793733, 0.23035909793680087]
[0.07176312716101307, -0.05406725412950056]
[0.03668034051695468, 0.07436756813575318]
[-0.07537003212542803, 0.09384041592239784]
[-0.13168316427595572, -0.03398415115621223]
[-0.06581747093509094, -0.04654085568007582]
[-0.01965885099767739, 0.11186592719739696]
[-0.03019543269466407, -0.03803749915688415]
[0.10212535273128065, 0.022296251615706808]
[0.03404918125110079, 0.033291009095147484]
[-0.11735350893017849, -0.06149710939615005]
[-0.053054559661378065, 0.10528919656319635]
[0.07283273501321785, 0.03802414096272111]
[0.08200976682324246, 0.036258482916213586]
[0.0210869362402597, 0.07214871501024289]
[-0.026703542835434302, 0.039231358852003684]
[-0.02246501567463266, 0.031625751602903485]
[-0.07857197762445356, -0.023733775083341513]
[-0.016106989171660757, 0.014436283879733391]
[-0.013536797987110383, 0.04429344106480615]
[0.010442943475218125, -0.07047214915771827]
[-0.12083469257699919, 0.0005968652361325599]
[-0.017386791360456233, -6.617408147446824e-05]
[-0.008304444938706634, -0.08715976156075023]
[-0.043450403859008224, -0.002645708950869796]
[0.013061041099650339, 0.04231326964588189]
[0.033991096931309674, -0.08499417820861543]
[0.027270504909362003, 0.035656607674297014]
[-0.1181208748638273, 0.04713463912252469]
[0.011202395796283904, -0.034539132322477295]
[0.008242478673972431, 0.10452544859641577]
[0.025331572853203754, 0.006141955769813245]
[-0.05538600013381795, -0.009308705967175923]
[-0.02391775172773347, 0.03906106079949978]
[-0.042609648977806586, 0.014325874693107976]
[-0.056453019936833326, 0.014060635096363572]
[0.044759717519373576, 0.05967843794462313]
[0.0008629646174997396, -0.0032239234908061354]
[-0.010973732866928293, -0.01238607095607444]
[-0.043031571247960754, 0.033210990443676536]
[0.02471430252236575, -0.007068076752344343]
[0.037181314871133415, 0.0011909724201406846]
[0.009244908513569516, 0.016329495434732916]
[0.01066071086502457, 0.03946184880020173]
[-0.0016896284090167357, 0.009512260958592422]
[-0.03250918741940573, -0.019012403717210635]
[-0.054671837500151255, 0.0415383644682199]
[-0.007185242094247757, 0.0029457409844363402]
[0.018283961008145666, -0.025425795626258574]
[-0.04156321525731885, 0.042797788297749384]
[-0.0037346143104635132, -0.02944314633029399]
[-0.04201222355116094, -0.005167517519205411]
[-0.030822874948791767, 0.029312908053371833]
[-0.02545411457067176, -0.01814052843860403]
[0.04774090987959778, -0.012688307652334085]
[0.03373515162326056, 0.00041851712092344506]
[-0.04735220123836048, -0.03629754125824847]
[0.003427993053191414, 0.0014250931653287946]
[-0.011615748082650645, 0.04117061255261589]
[0.014447375166508875, -0.02546014518399864]
[-0.043286894553372646, 0.028434564756638192]
[0.0048171491344588535, 0.011375339617576863]
[-0.030765911612146812, -0.010909314584066854]
[-0.0191211991039254, 0.03505621727379449]
[0.003312059771855669, 0.023917172640356643]
[0.0036868453731930817, 0.020899813223231423]
[0.011676161803702012, 0.01615804756130057]
[-0.03185190395815962, 0.025272029891893588]
[0.00880786847498971, 0.012744591340094091]
[-0.004258774296956203, -0.013390934584403436]
[0.006391670016148154, 0.008305117881163948]
[0.0090029520691568, 0.013354783836838635]
[0.02939127482068038, -0.01509352735883962]
[-0.0044974420900745216, -0.005045978109507132]
[-0.05122053189357656, 0.010767822110166692]
[-0.021465992510355525, -0.004111016837715642]
[-0.0056514764031025955, 0.003963609190168471]
[-0.008541435521262741, 0.009813694642058834]
[0.009120869566807688, -0.024044312915601634]
[0.0006118105460117818, 0.025461304145697472]
[-0.0202159752677753, 0.003524717325763871]
[-0.0324709918098236, 0.007270892548661312]
[0.010476718677281394, 0.02750925957083422]
[-0.00010991318940556383, -0.01779671829154994]
[-0.011725569901219757, -0.014367461367343792]
[0.0025352502888473794, 0.00019088949940604394]
[0.009080229422648411, 0.00033796277273201447]
[0.0063196475443856315, -0.014787245675028204]
[-0.030315110352116648, 0.015612764900032827]
[0.001913836908417732, -0.006148175465495509]
[-0.019314241349449368, -0.004958749507663729]
[-0.002723204683281466, 0.01105284844436194]
[-0.01294238331982367, 0.006261159973924846]
[0.009840869132183183, 0.017026350605499285]
[0.012977655865547888, 0.011121242114672691]
[-0.004758348235173848, 0.028687271628638822]
[0.0003995359931954212, 0.015125846127486353]
[-0.008428848684096657, 0.006509344387840232]
[-0.009472765774899194, 0.01619654812571114]
[-0.014131051252153526, 0.0033955573068833456]
[0.03379780754247008, 0.0009804241926483215]
[0.0035417686657188696, -0.013961800320691165]
[-0.013822733546553057, -0.00821651427201786]
[-0.013091636748010504, 0.006564114653120234]
[-0.013077457246404522, -0.0027234163261378175]
[-0.020127196379047696, -0.005194631494178273]
[-0.005752138560233266, -0.00941073562826511]
[0.008651256012004005, 0.0036907688594183877]
[0.00027327630926499147, -0.011135508276975736]
[-0.0015024157575123098, 0.019219708207525332]
[-0.0010338765868658228, 0.016053927716967564]
[-0.0050602927769642925, -0.00031846340706181975]
[-0.019594833949031054, 0.008026922984086138]
[-0.0068571669967329996, -0.004539785146836062]
[0.006915689022056637, 0.006784948578610672]
[0.00010370563861439308, -0.010147239629659355]
[-0.009718693430404657, 0.004799291604809408]
[-0.005172998165248854, -0.003944323376918302]
[-0.0038063904376103297, -0.0028442388686249487]
[-0.002628682650228642, -0.0008002689132068364]
[-0.01948477645458968, -0.0004476957348227284]
[0.0030802860479974825, 0.009289315738743809]
[0.009097798498043597, 0.0029265392008643865]
[0.004910488264438406, 0.012324507402962426]
[0.005904960813943871, 0.011294775523846834]
[0.012194008299326375, 0.007603749893707046]
[-0.013728066579356435, 0.01187297489152428]
[-0.01587529385364561, 0.017429546848041877]
[0.006445917993701089, 0.010609857714586335]
[-0.011983635844140306, -0.011409124666568071]
[0.0009654719750091835, -0.0002709769496652692]
[-0.002515021757382385, 0.0034691615154281985]
[0.007758562554656789, -0.004413622880029444]
[-0.01565556375243038, 0.00248126878832744]
[-0.012463328335821325, -0.009432535816359722]
[-0.008904391984555005, -0.0037008097355366587]
[-0.00030082306760487176, -0.009625385258186792]
[0.005705426652231782, 0.001592191277930921]
[0.005407349254197849, 0.005730190669041069]
[0.006705979979555493, 0.004034214838167127]
[-0.016660315647804097, 0.0022150134288323464]
[-0.005302239600503439, 0.0012736561704922433]
[-0.010423225933476832, 0.008121995231113538]
[-0.0009105688563886341, -0.003538964725053051]
[-0.007654772415611973, 0.005953188000409997]
[-0.008058562047876716, 0.0029914219108561277]
[0.007217989800253663, 0.004795423923743325]
[-0.0032729681799411672, -0.00598486312136165]
[-0.013923450920034733, 0.0005269883681693899]
[0.0014884159912483819, 0.007742331887138826]
[0.004442882352246769, -0.0037857790555955173]
[-0.005791469083483963, 0.007500638817759475]
[0.004048659969079993, 0.006602404822337982]
[0.011776690254035577, -0.00601860472941812]
[-0.002534386594169602, 0.008867406157890112]
[0.004729080885010714, 0.015415746757592386]
[-0.003268277847887746, 0.0042118424159907075]
[-0.01117493230468243, 0.0028532391625875064]
[-0.009962992399019988, 0.00013129772505415804]
[-0.008641606952424712, 0.0007002645284307496]
[0.011375725499118694, 0.007761717939336221]
[-0.005810705490536833, 0.0026834262203531134]
[-0.0012907084079540887, -0.005443674664331821]
[-0.011222446261392724, 0.006566668693678501]
[-0.002624932281725223, -0.011174070471450803]
[-0.0038254722447890743, -0.004569538044929988]
[0.003361592111146283, 0.003239288192562473]
[0.0063840159802630025, -0.0025883887055819788]
[-0.0017177163839356968, -0.0007548090959085263]
[-0.0006860057606175585, -0.0012983622153506236]
[-0.0126538381961121, 0.002551450019893653]
[0.004662049217292075, -0.005138320977308153]
[-0.014685291839856118, 0.0005294167553778761]
[-0.004662412663232751, 0.009968734827352721]
[0.0032569589136861588, 0.004702945826078664]
[-0.007605746607703745, -0.0017883296686060923]
[-0.008490169678729398, 0.006719412687796633]
[0.0049717259204178355, 0.003469924007933889]
[0.0073530366359855215, 0.0013182907252592135]
[-0.0031524426196107846, 0.010658588560899407]
[5.044065162662648e-06, -0.00044355194575412815]
[-0.0024902602188335843, -0.0052971459463200254]
[1.8067908484020734e-05, 0.007600235620571258]
[0.005516589836206176, -0.0007038285312024328]
[0.0026872909374509035, 0.006320213683409584]
[0.0011817878846787089, 0.00300046002171217]
[-0.010047195074623927, -0.009536448891380722]
[-0.00915646615841359, 0.007077907715314025]
[-0.0009071374933444787, 0.004576499476173557]
[-0.00342081102585734, 0.0004556781969289325]
[0.003265430734540553, 0.004384404708662137]
[-0.004028707794035968, 0.009296661532187334]
[0.0026111512229778366, -0.004813213105057501]
[-0.006554676127178416, -0.0016758061316056727]
[-0.002979719733854358, 0.0007838206810703019]
[0.0006443399743205624, -0.002011617289933376]
[0.00434458945231575, -0.0002615085671384687]
[-0.004167834867149001, -0.0014219235046136758]
[-0.005538293274261141, 0.0016516554000562955]
[0.0027805518225485493, -0.011522860652201206]
[-0.01224313348950501, -0.0024559528832834854]
[0.0035947050537785685, 0.004886603392812272]
[0.0005971325963007867, -0.0021690362651889394]
[-0.004730080145812998, 0.004747989275102116]
[-0.010330086466506572, 0.003098282039877831]
[0.000604124471958567, 0.0019602266195488105]
[0.003411005954958579, 0.011376632378490181]
[0.003192004504475321, 0.005801885070110369]
[0.0018094155123549172, 4.151025739829173e-05]
[-0.002328761010591096, 0.004697369232312648]
[0.0001386935913816334, 0.0006014978763955181]
[-0.004473357246430165, -0.0014806826581445914]
[0.0016104269078771605, 0.012009077738077911]
[0.0017630959477139552, -0.00522118852714934]
[-0.0008452053247699487, -0.005855677743182852]
[-0.0038200403983974507, 0.005162245971174179]
[-0.003794351903212645, -0.005706057130497433]
[-0.0029626867131762324, -0.0006527675215823314]
[-0.0012541589356630523, 0.00157101646102209]
[-0.0014782795498475831, 0.008754700434309481]
[0.003633824354323134, 0.0021008541259228686]
[-0.004055683950192623, 0.0011623632363054748]
[-0.005427225214883147, 0.0012795037654738106]
[0.0012845140125610222, -0.000735605724810906]
[0.004270918913818311, 0.0011111509096100036]
[-0.0041220474760022, 0.0015003582609927624]
[-0.0014446228810427453, 0.0019689366247155338]
[-0.005083123372211951, -0.007728063323171719]
[-0.009468999163886133, -9.151754927105848e-06]
[0.0005104212194998459, -0.003307668548909015]
[0.001849432415531968, -0.0015309335626297882]
[0.0020729898185609663, 0.0012532480166983495]
[-0.005288913340987127, -0.006889918641604931]
[-7.821629426141286e-05, 0.00598573688740156]
[-0.003045305423810766, 0.00864834070603393]
[0.0018375918065601238, 0.0012518229408826076]
[-0.0010416112703218912, 0.007336370240070833]
[0.0039466131922575864, 0.003925054245875914]
[0.0024677034353135507, -0.0008062464881551934]
[-0.00433990178554039, 0.004069179953499924]
[-0.002713742643186759, 0.00755674907089271]
[-0.0038606819578386464, -0.002363964820054576]
[0.0015644522754391932, 0.0017445729339273797]
[-0.00447235541791513, 0.002659292757141385]
[0.000372171097569797, -0.004035861830626597]
[-0.002079537335463788, -0.0033365908730436378]
[-0.0006413856797055084, -0.004616790782538849]
[-0.0001258005050956898, 0.005663158068884122]
[0.0031369866983102304, 0.0009407126306343327]
[-0.0016500784076884985, 0.0016760068551023959]
[-0.006941695101983031, 0.0006081281940712446]
[0.000729219913731538, -0.00034577208969025636]
[-0.0002794354895928469, 0.003010839798164744]
[-0.0015356219853158645, 0.00012498341986907913]
[0.0005577431250180231, 0.0011954366065576871]
[-0.00314152795974261, 0.00010186508604603794]
[-0.006162828387611896, -0.0007182910783660179]
[-0.005016318202345493, -0.00016365198735696085]
[-0.0015007105591514358, 0.004083396017551699]
[-0.000289319298084581, -0.005306828574013711]
[0.000867139953278584, -0.005640475999655781]
[0.002455002062619935, 0.0036941232962445225]
[-0.00033498132613907217, 0.0002973010684156896]
[0.0006967384291660089, 0.00210924238265775]
[-0.005423315024017161, 0.005473625412371064]
[0.003482730845849477, 0.0013024723714175623]
[0.0007489705481332765, 0.002770007251853668]
[0.00036373089434414696, 0.002127831375780098]
[-0.0024197486354653464, 0.002748508852724929]
[-0.0016985417404760395, 0.001962981730659452]
[0.0011007293720471933, 0.0026715666792208603]
[-0.005639434269417681, 0.005117382133009052]
[-0.000516241845934462, 0.001700669520036835]
[-0.0036749203668201003, -0.0022642297535645506]
[0.0005116251269760008, -0.004000858475701474]
[-0.0019768599210008286, 0.0028292189634999687]
[0.005752141041393322, -0.0004566105692260236]
[-0.00016077841657269332, -0.0008512403193633444]
[-0.002836359692510837, -0.002204543863836561]
[0.0015832681262534232, 0.0015382650798151376]
[-0.004525562827942142, 0.0017526361862228446]
[-0.0020509562834768458, -0.0022483429877080408]
[-0.002032358975196491, 0.001280890075564367]
[0.0004151091980842958, -0.0017620602504579974]
[-0.0016884229761344738, -0.0015792335614880498]
[-0.0024867813469194866, 0.004507870304635508]
[-0.004314265178074095, 0.003211272737967369]
[-0.004012377158154501, -0.0008683661294721645]
[-0.0010581865256491518, -0.0007536097565742431]
[0.00040029142749409274, 0.0002508711987598833]
[0.004009849362731188, 0.0012224760835819887]
[0.0022506486397664283, -0.000316219951995822]
[-0.0016327584635862369, 0.0011313868331717936]
[0.001642500723390783, 0.001981655238832536]
[-0.002003177865046224, 0.0028088684199606972]
[5.2135997137381374e-05, -0.0012077834790956699]
[-0.003860932724517374, 0.0013486937814159994]
[0.0012733219138540974, 0.0005234068950115134]
[0.001703463522059856, 0.0008508477299402628]
[-0.0035905890195935264, 0.005570612904016503]
[-0.001059465075144539, 0.002209078631000616]
[-0.001713871077124507, 0.0012698840433410519]
[-0.000570295605517801, -0.0015325864971326153]
[-0.0029964815094207786, 0.004699837057857037]
[0.004252687149586265, 0.002027044003758638]
[-0.0031531109526279355, -0.003281309868709781]
[0.0018852417764813056, -0.0010621032300676125]
[0.0019141670191333837, 0.0004362956044908217]
[-0.00193996700839838, -0.00011392150609790264]
[-0.0015489017763115065, -0.0006540613880954282]
[-0.004556164526794637, -0.001617939689301351]
[-0.0016195465176325197, -0.0035897682753413818]
[-0.0013647187928211846, -0.0007171990861889466]
[0.000427193976645146, 0.00038598743716200534]
[-0.002199214787513948, 0.0014964523807806662]
[-3.5061712389428124e-05, 0.003127955653260843]
[-0.0032394148340834095, -0.0012032073209529148]
[-0.0020110307899283697, 0.00262442068360505]
[-5.21898421337319e-05, 0.003789212217078397]
[0.0005035852484461811, -0.002548910576606417]
[0.0017359700405101819, 0.0022642866100018866]
[0.0011117130650809548, 0.002802486322767389]
[0.0007833911893447842, 0.0022871411575505762]
[-0.001034270098137613, -0.001307791206957537]
[-0.0044681360369097645, 0.00011041501348196814]
[0.0017067286667618031, -0.0012893208512934073]
[0.0007758517741775495, 0.0001486685885855321]
[-0.0032789403715864918, 0.00283392408767813]
[-0.0004217775140819835, 0.0009112688523584822]
[-0.0001863343668487838, 0.000437725273495726]
[-0.0006469355024403545, -0.000798706689599249]
[0.0005325606587502918, 0.006280699474119966]
[0.0006702452024665295, 0.0017261783354708404]
[-0.004033478692275105, 0.00017750962717300034]
[0.0012639958391895828, 0.00012361441174002508]
[-0.0015196208505858233, -0.000714548722406505]
[0.0013332997129043497, 0.003372042527356345]
[0.000162683940532371, -0.0014555425463002591]
[-0.0017624983747754445, -0.0024697103260939435]
[-0.002442180274995487, -0.00041595432452856684]
[-0.0030961617316584075, -0.002678438606629807]
[-0.002736604481119509, -0.002999191335274154]
[-0.0016914938341475172, 0.0010123819517581234]
[0.0024579008480917486, 0.0002119069855375244]
[-0.00033444073490801474, -0.001482272258316819]
[0.00032476858135602193, 0.004563049155177135]
[-0.003398220470643143, 0.001394297791330823]
[0.0005057858455038144, -0.0014435818266705647]
[-0.0010968134066657378, 0.0028522713953913204]
[0.0008433898696601078, 0.002691412035482177]
[0.002122914689008472, 0.004536320985665504]
[-0.002664103872595712, -0.000574759158409266]
[-0.0027237642512620563, 0.0004557301328717671]
[0.0009950371258733055, -0.0007897862866991998]
[0.00029704860999967, -7.243032094038371e-05]
[-0.002479981096722282, 0.0022809384452270876]
[0.0004249667065742424, -0.0010360188067282672]
[-0.0019186171286636883, -0.0004583834330364883]
[1.299403432968027e-05, -9.764087199007343e-05]
[0.0018024918952010624, 0.0023958121776339603]
[-6.86548397271225e-05, 0.0015884417883772761]
[0.0007579899761544912, 0.0018124704105661749]
[-0.00017341520282029843, -0.0023289780973936303]
[-0.0032876035302206313, 0.0020917529170777494]
[-0.0013886026975242216, 0.004340011642441521]
[-0.0016941606570901185, -0.002804142999915993]
[0.00038652045031678517, 0.0010449576341673428]
[-0.000426585008704395, 0.001677555569774447]
[-0.0005487424464430957, -0.003156451638748947]
[-0.0039062015365603706, -0.0012679612793018435]
[-0.0023592427210945566, -0.0010209536420319187]
[0.00016131671812721904, -0.0021258528060109083]
[0.000992777880333473, 0.0006025137511848633]
[0.0007439464648085897, 0.002340734059717131]
[-0.0018903773322365147, -0.0002112615514783811]
[0.001978465953459324, -0.0012596434205770501]
[-0.0029994976080558455, 9.043581340462126e-06]
[0.002370595018809901, 0.0021195988963061962]
[0.00019298761177355406, 0.004235053386573595]
[-0.0025057905329330943, 0.0009340958954834333]
[-0.0020736352997978713, 0.001410592511622677]
[-0.0005135435654430309, 0.0005288541021561954]
[-0.00022129572866091962, 0.0021679753627280862]
[-0.0007465012472321342, 0.0010423935517526184]
[0.0018223925350839831, -0.0014250535851755841]
[-0.0022112888221535454, 0.001469628780897847]
[0.0006885770064416485, -0.0011755296817822225]
[-0.002057456639513955, 0.000909821825168633]
[-0.0004995220200237904, 0.0026089901009051786]
[0.002901328294684369, -0.0010213429470854463]
[0.00163091968829443, -0.002439798557685724]
[0.00014232384272794274, 0.0027725779396036154]
[-0.0026808254488533967, 0.00038816318736951093]
[-0.002620930106959629, -0.001959682072800506]
[-0.0020080231724783904, 0.002020490002365455]
[-0.0006110912403206603, 0.0014605661158196837]
[0.00043542617828129515, 0.0004851208588425443]
[-0.002535949775631763, 0.0001049943077328086]
[-0.0013512550029770587, -0.0025372781401196143]
[-0.0008392270623961418, -0.000695199900828225]
[0.0006407644758509301, 0.0006747854764078964]
[-0.0008669520912610862, 0.0011947088340510947]
[0.00022613422507922198, 0.0008117342248295523]
[0.0010802565719587598, -0.001626259402531749]
[-0.0020462752016982, -0.0004661248470773649]
[0.002808711977453582, -0.00035125466292773577]
[-0.0009751904005234069, 0.002376236845956281]
[0.0001185010768011141, 7.204009039563086e-05]
[-0.0016710058476673284, -0.0003308956451008038]
[-0.0010774458877741422, 0.002640525676302685]
[-0.002392506035523212, 0.0028680032501432473]
[-0.001291677603097896, 0.0003235983324376135]
[0.0013042252983036517, 0.0008035871050846577]
[0.0002562900701078563, 0.001919866036669271]
[0.002786312159018034, -0.0013289669783096425]
[-0.0029223236295639055, 0.0025290754822736433]
[-0.0008928187780495866, 0.001763394113891481]
[-0.00017922153209337655, -0.0015397454757963489]
[0.0015124297669613096, 0.0005310979334612886]
[0.0006339004280143667, 0.0003670903284751677]
[-0.0004645191145629113, -0.0011379498596899573]
[-0.0007243654836635027, -0.0018571881649199623]
[-0.0021826738531274814, -0.0013505840969731953]
[-0.0008505745783954355, 0.0016097225624438355]
[-0.0014823317290638682, 0.0018549448694069604]
[-0.0018003514876994142, 5.959677800165819e-05]
[-0.0012136001206621838, -0.0015651517124601888]
[7.458534601911815e-05, 0.0003557824237519769]
[0.0001469592356611038, 0.0005388162735916469]
[-0.0010607592300725388, 0.0007631809996716254]
[0.0007732793307633767, 0.001295281963748729]
[-0.0002737146124360823, -0.0001667963736160516]
[-0.0013123902889822237, 0.00030136453054485646]
[0.0004945879239526274, -0.0003355403632182563]
[-0.0013110586271185554, 0.0019492250738402106]
[0.0008735676968411044, -0.0025413407979286706]
[0.00048401198058835304, -0.0009892064116722166]
[0.0005996721323972554, 0.0019205878112692476]
[-0.0023809837087079982, 0.0009331222641167924]
[-0.001634360121633649, 0.001307548456678076]
[-0.0017507403461127086, 0.0010437244323057149]
[0.0005542505520575447, 0.0013951532776025344]
[0.002387452939294767, 0.0006527852531866829]
[-0.0009150600402625941, 0.0018573939827362107]
[0.0005853425608710813, 0.00047604485705604604]
[-0.0008747342903797084, 0.0010575733664537068]
[0.00033437321292161676, 0.0013405917178663795]
[-0.001702975452062494, 0.0007883930653439508]
[-5.822118391201475e-05, 0.000739240721725043]
[-0.0003978166489334023, -0.002939746497589407]
[0.00013271120459508456, -0.002147933537801072]
[-0.0006377624312301489, 0.000558287145093761]
[-0.0013497216770334969, 0.0002491734856721606]
[-0.0017913708262486117, -0.00018081934486814666]
[-0.0016953693731105515, -0.001813743074641258]
[0.0006992712752605795, 0.0012056855508675302]
[-0.0011851303392147565, 0.0004986476528568463]
[-0.0003072333440782022, 0.00010194409422868006]
[0.0004274068126968785, 0.0011881394200516163]
[0.00034298432312139526, -5.3323014330385055e-06]
[-0.000508070003935393, 0.0009718062176632541]
[-0.00015266538442691366, 0.0013506401959223202]
[-0.002138817033383561, 0.001752413895915128]
[-0.000902272981565394, -0.0017850885113327025]
[0.0003785715856007149, 0.00015421860921840946]
[-6.515091476363283e-05, -0.0004222810772143426]
[3.4023734972465913e-06, 0.0003895568795757587]
[-0.0002307705425582396, 0.0007951821791711833]
[-0.0012713044751000435, -0.0010095223276259946]
[0.00044724656940377944, 0.0025202108130423784]
[-0.00012710038237087606, 0.0010081893006060605]
[-0.0005185928994709916, 9.569366088146847e-05]
[0.0006092317507739864, 0.0009072223869177332]
[0.0010212077587112272, 0.0008637652749876601]
[0.0006163452903479305, 0.0010521199885996646]
[-0.0018363761470445022, 0.002399613879709994]
[-0.0011531615466674472, 0.0009947119947097405]
[-0.0014761148651466771, -0.0015311163344488565]
[0.00023878819035372256, -0.0008323276498229948]
[-0.001187775276296557, 0.00020229268630461705]
[0.00034692414335996125, 0.0001382496603701544]
[-0.001985444630641986, -0.000977060847917821]
[-1.645552594187194e-08, -0.00210535092167935]
[0.0007714695972549923, 0.0008634307886363768]
[-0.0016944187514776887, -0.00018489567138971208]
[0.00028453186828095167, 6.640946923575086e-05]
[-0.0007605424481648138, -6.573195329984127e-06]
[0.0002722576597093962, -0.0005585054989947213]
[-0.0004476003399096484, 0.0014782026026934347]
[0.000697335650191977, 0.0004900615685400345]
[-0.0017912414484561046, 0.001464152780426442]
[6.588852401367973e-05, 0.0007901797025665624]
[-0.0009634226077064323, 6.595879987435216e-05]
[-0.001764926923280341, 0.00035319411466450124]
[-3.0302570274143292e-05, 0.001408651516459719]
[-0.0007178841309175565, -0.0013601856158663717]
[0.001158996308661231, -0.0002461799106089884]
[0.0009199583294258185, 0.0025470296785785607]
[-0.00011224419919331208, -0.00018906023100913327]
[-0.0009843761152077413, 0.0005272188684891654]
[-0.0006282920319172769, -0.00014160008332189666]
[0.001490776871413857, -0.00043801733359510875]
[0.0007710116429479053, 0.0014969775288808107]
[-0.00047273815113335615, 0.0014659601744892448]
[-0.0007905710044628922, 0.000674897161199367]
[-0.001024535092178036, -6.652605451601401e-05]
[-0.0010305832082123656, -0.0004759225383917376]
[-0.0009764221633378201, 0.0010488133603877015]
[-0.00012766164994315599, 0.0006233337253949145]
[-0.0024299323883979485, -0.000546305758030663]
[0.0012889333901017208, -0.001183162601751886]
[-0.0009216626325226907, 0.00014473093693251338]
[-0.0005024969277842573, 0.00020972860783752267]
[0.0009216918763490511, -0.00032496524134867366]
[-0.00019138206716140527, -0.0012850542798200082]
[0.0005833181811472077, 0.00019123301234927337]
[-0.001060942210671545, 0.0006562594562380952]
[-0.00033995058280811286, -0.0014788567537511454]
[-0.001770790305227199, 0.0017816937732636484]
[0.0015546454098332996, 3.362167028263252e-05]
[-0.0008567955910295799, -3.9846136433319135e-05]
[-0.0006310325904169689, 0.002423385746362819]
[-0.0013803384775618044, 0.00030747511282180895]
[-0.0017816451095609143, -0.0007646737203631706]
[0.000701996603461541, 0.0013042683128418053]
[0.0004254030719366142, 0.0014229118014389835]
[0.0014065180049465664, 0.001074316007093068]
[-0.0008068193558600223, 0.0009161062818573013]
[7.198279554354592e-05, -0.0011982132276195934]
[0.0007877196085981364, -0.0004244212953164461]
[-7.43615769208672e-05, 0.001110086609431904]
[-0.00036338193135232455, 1.1380980981690048e-05]
[-0.0002508626424100324, 0.0005071978918005371]
[-0.0007663707510172646, -1.9901221712997907e-05]
[-0.0010826106794528112, -0.0006571965824450632]
[-0.00016044262851822033, 0.0008491911545567554]
[-0.0010016459281076695, 0.00030168182495365903]
[-0.0007584268004824368, 0.0005049113409565098]
[0.0009568277092013855, -0.0008521427875345378]
[-0.0022077959158657845, 0.001088920852211267]
[-0.0006645362233011209, 0.0012929166551084448]
[-0.0002993888675223433, -0.0013030782373590344]
[0.0006909865814829219, -0.00019551805667206157]
[0.0013399827417802657, 0.000446936651587293]
[-0.0002028592468193563, -0.0006151083909798905]
[-0.0012477972074204646, -0.0009436026120903662]
[-0.0019531601756841953, 0.00048189159029660145]
[0.0004917237539134589, -0.0014081197314545213]
[-0.0007006568577078813, 0.0011853796847191567]
[0.0009675297538643546, 0.001452590820661348]
[-0.0009603188247907374, -0.0006418848304072522]
[-0.0006101130272220534, 0.0005064721647579373]
[-0.0007976664186475635, 0.0002097604344591386]
[-8.159379177613557e-05, 0.0013849585474159376]
[0.0005502498437199299, 0.002489865055853968]
[-0.0009090767088696938, 0.0009698032280957003]
[0.0010417948355385329, -0.00013242266163568384]
[0.00012671420242774123, 0.00038442518764419953]
[-0.00012952795672863116, 0.0005969593559840211]
[-0.0003192980817402352, -0.0004806508167686241]
[0.000399393528109554, 9.199574976330449e-05]
[-0.000865772076023898, -2.4635387072952097e-06]
[-0.000484210296059627, -0.0005794699792401881]
[-0.0011890626482245169, 6.314027394653185e-05]
[-0.0015184147769016741, 0.00010208744034728712]
[0.0006479238541446004, -0.0001615486210989614]
[0.0008756609633340101, -0.0012284343005807274]
[-0.0006067165555287239, 0.002095242303616074]
[-0.001013510441530821, 0.00031841948852021074]
[-0.0014122054097333442, -0.0005000400911968628]
[-0.00041191676555843437, 0.0012093992881981597]
[0.000784889934654219, -4.10230567625125e-05]
[0.00043578837150787253, 0.000672930783007536]
[-0.0003967917244510691, -0.00043181229205768723]
[-0.0007343938853387744, -0.0010685496220946]
[-0.0006648805800634483, -0.0009162652345270916]
[-0.001292901671597263, 0.0011540899274576355]
[-0.00011230985033982427, 5.645645645441233e-05]
[-0.0004032973577607901, -4.53640315627446e-05]
[0.0003179108839507089, 0.0002679734737901507]
[-0.0002520025907475909, -0.0010406197352779978]
[0.000853636356041354, 0.0012780072790353758]
[-0.0004616757219669809, 0.0016307076476383964]
[-0.0001912863651415686, 0.0008676857697185181]
[0.0005089161130478193, 0.0009100342714750131]
[-0.0002521215340664379, 0.001208430770646196]
[-0.0006239216117592816, 0.0010498422084771752]
[-0.0006299208223911612, -0.00045247967499090214]
[0.0006855185351458126, 0.00030428978310850785]
[-0.00039992236932503977, 9.845756731213795e-05]
[0.0006122192242933311, -0.0005510633809948651]
[-0.001986966499609999, 0.0006183200861029636]
[-0.0013833711989034159, -0.0003995154650466848]
[-0.0003321262982967643, -0.000672682508552569]
[0.0007424525505695945, -0.0005970892156076241]
[0.0006842774071051383, 0.0006790865672458013]
[8.183880250545172e-05, -0.0005870779286637207]
[-0.00035469875744986723, 7.464509305105116e-05]
[-0.0012148901474730023, 0.0001355602145205262]
[-7.892470590392664e-05, 0.0005877383410125558]
[-0.0011550495647509873, 0.0017873405582204075]
[-0.00011189510033265959, -0.000622016229902933]
[0.00020856255200474294, -0.000538402786218542]
[-0.0001427087604118915, -0.00030065745737778427]
[-0.0008019301067319073, 0.0004710151660925199]
[-0.0009050594608859264, 0.00020024342971386444]
[-0.0005203179833453975, 0.0004063858417670402]
[-0.0003794384802189299, 1.4769255089364108e-05]
[0.00020409278552391275, -0.0005328113429576287]
[0.0007634709961940045, 0.0004689566136637513]
[-0.00024993990089783313, 0.0004995160167929336]
[0.0005048554952507001, 2.9531387789383245e-05]
[0.0005342523654714437, 0.0004937580508076744]
[0.00045098847058078206, 0.0014151516154006227]
[-0.0011421697226351446, 0.0008972321289330565]
[-0.000632015817184306, 0.000293938366291685]
[-0.0003566082756398803, 0.0007414590140706889]
[-0.0002761244840460142, -5.4433170134177145e-05]
[0.0009100899919869399, 0.00036468966889280363]
[-0.0013378514363705518, 0.000558427711392806]
[-0.00022013186391822703, -0.0006860981364215646]
[-0.0011566001448537477, 0.0004564620470091929]
[2.4714929150571052e-05, -0.00030165971934842384]
[-0.000562546651262319, 0.00010891958985517758]
[0.0005207787639568418, -0.0001605836239180758]
[0.00033840941600271623, -0.0010017885584242478]
[0.00028611607024109365, -0.0007907436352838082]
[0.0005556206236275729, 0.0006329461666694687]
[-0.001845560270001989, 0.0008845737224802419]
[-0.00039507929256865637, -0.0004064089414566076]
[-0.0008514721544185533, 7.422248449823199e-05]
[7.60440707281429e-05, -0.00028761000588135854]
[-0.0007266338163174901, 0.0005909284250955049]
[-0.00040509809367406113, 0.00036938512370049414]
[-0.00020765189956911678, 0.00030282675885162647]
[-0.0006679857927227029, 0.0005150313605701423]
[6.833427764466049e-05, 0.0001598114783671889]
[5.884161589359005e-05, 0.0006248603241530426]
[-0.00016907956362730014, 0.000388137636559871]
[7.150434780101023e-05, -0.0003995202023753808]
[0.000985352125259048, 0.0004835030098119253]
[0.0006240458400958437, 0.00015536535983626254]
[-0.0005539170497990548, 0.0005294486653093511]
[1.331534471710194e-05, 0.0002832643488963893]
[-0.0010314924390410068, -6.55767624955228e-05]
[-0.00032074788483044125, 0.0007959151279861854]
[-0.0003197829969549676, 0.0005252940361215042]
[-0.001068034232999393, 2.9736252128403917e-05]
[0.0005447868472008358, 9.182130584201031e-05]
[-0.00026781358807626, 0.000699782967306023]
[0.00019902026352478473, -0.00010747818333156633]
[-0.001011850077101778, 0.0012532640020801733]
[-0.000236764215933322, -5.723481176223011e-05]
[-0.0007803149855562241, -0.0011492548216840703]
[0.0008805690007062279, -0.00016294182601508944]
[0.0004972750870180231, -0.0004623206974715133]
[-0.0006338552198479133, 0.0003331270537685338]
[-0.0002686500393702107, -0.00032886328954945254]
[-0.0010475977432554788, -0.0007295088560161922]
[3.401542796059587e-05, -0.00010521633501309191]
[-0.0014417348776202335, 0.00025792941057804775]
[0.00014991010118023396, 7.238004876108928e-05]
[-0.00013698274403598984, 0.000377680293672876]
[-0.0003889852257380061, 0.0005812966045493986]
[-0.00011699734817426088, 0.0006630559934814595]
[6.651489447453279e-05, 0.0008410587248415362]
[-0.0004249396626575478, 0.00044732561173807875]
[-3.4649712857912768e-06, 0.0004719416545814429]
[0.0007043995820601341, 0.000545013793345997]
[-0.00034384258166907794, -2.2311636450000893e-05]
[3.907605712422102e-06, 0.0008014208255827521]
[-0.00019784269596006057, -0.0008787625954319728]
[-5.2064099154119914e-05, -0.00014542650297556803]
[0.0005038401109625293, 0.000978141581510078]
[-0.0008199580050694266, -0.0004843378479248983]
[-0.001176814887672812, 0.00037410421161857]
[-0.00021523785091281944, -4.5184510332890726e-05]
[-0.00019364301208736265, -5.55371279941097e-05]
[0.00033939348402017844, 0.000595132287197736]
[1.809360813559424e-05, 0.0014707735143232592]
[-9.014274272961531e-05, -0.00022074633887483874]
[-0.0008725588448893241, 0.00023183401576765128]
[9.023434416630116e-05, -1.1646674351800668e-05]
[-0.0002449105309803058, -0.0005847129896978109]
[-0.000235813108896199, 0.0009270221146200908]
[-0.0004575931290028215, -0.0007290475095166338]
[5.340070789844331e-05, -0.0006140548702473769]
[-0.0002849804298358377, -0.00029170618570428797]
[-0.00142823522548291, -0.00047741879455082126]
[0.00025177242135690503, -0.00027352808236535964]
[-0.0003321800076211412, -0.00026432330416364946]
[1.5934905633618879e-06, 0.0007235158179840218]
[-0.00029360177862136627, 0.0005196173256881431]
[7.087121481005876e-05, 0.00045568950511659656]
[-0.0004891745439890571, 0.0007670179677806699]
[0.0007823045006269125, 0.00042610218789512766]
[0.00035326152362807894, 0.0006871634461006193]
[-0.00010922754410505608, 0.0010656234235640327]
[-0.0003363954607576436, 0.0005626451594646226]
[-0.001411153786310848, -0.0007667665185071559]
[0.00021766759451086193, 0.000750840382721843]
[0.000404197925763794, 1.010477158353007e-05]
[5.81394917720246e-05, -0.0003299630908310536]
[-0.0006170345975685665, 0.000691613779679745]
[-1.4645010004921133e-05, -0.001278256224335599]
[-0.0005762495534580858, 3.849515475112808e-05]
[-0.0002516282319122709, 0.00047967577344090045]
[0.000276794398311242, 0.00043945538616874114]
[0.000241453365767752, 0.00041964428828258904]
[-7.303792184809588e-05, 0.0005315884079060695]
[-0.00025432174898809556, -0.0003763377327077877]
[-0.00022880805509672975, 4.16128801001836e-05]
[-0.0008568384048318611, 0.0006695354974142753]
[-0.0005418897355815022, -0.0003798659158077977]
[0.00042065678601743706, 0.0002460066926155413]
[-0.0007828904679519355, -6.589913295962369e-05]
[-0.0009291800650537141, -0.00017490255153215784]
[-0.00023998137422787114, -0.000770799400532457]
[-2.2903301815424548e-05, -0.0005017356312424781]
[0.0005797756938032972, 0.000397603880513242]
[-4.6216699534473715e-05, -0.0001571935227347998]
[-0.0002062933371418385, 0.00044908376352009727]
[-0.0007076729019623862, 0.00048049128936350494]
[0.0004177856226845744, -0.00029949814207252956]
[-0.00013345761138039425, 0.0011401156683378266]
[0.0011247792440364224, 0.0009495330880579522]
[-0.00011816071068315726, 3.3267440729678466e-05]
[-0.0010254343679115818, 0.00040362417333381084]
[-0.00028151755008387624, 0.0006190295107443844]
[-0.0005192301641817609, -3.689723122045352e-05]
[-0.00016679748747866485, 0.0009894438702277575]
[-0.0005911365002952973, 0.0002942521808075487]
[0.0009593795696283269, -0.0009638732866333877]
[-0.00044007311998583987, 0.000388201667846224]
[-0.0001736890134272362, -0.0005581344412207145]
[-0.00023545891131621088, 3.4646830573553666e-05]
[0.00017245861965409226, 0.0005023068939188358]
[3.8065571907497375e-05, 0.000134680422404998]
[-5.90654494107834e-05, -0.00021142353398745373]
[4.835324754826065e-05, -2.591927770534408e-05]
[-0.001032360667476695, 5.644145423405744e-05]
[-4.782825551724601e-05, -0.0003800766426384494]
[2.5520158809161364e-05, 0.0003675472562679749]
[-0.0004984921610879933, 0.0005522020559264873]
[-0.0009817799462423504, 8.882037954216493e-05]
[-0.0011103518327525985, -0.0002793478174263897]
[-0.00016262899563454503, 5.3396434198049736e-05]
[0.0004172582157765392, -0.0001592238895634368]
[0.00046491107435545076, 6.893255838308354e-05]
[0.00018298109848863264, 0.000439503105601452]
[-3.9957785887813346e-05, -0.00029584073799676647]
[-0.0002166814247251958, -0.00015546855911563462]
[-0.0008574582379743331, 0.0010426892431903423]
[0.0008885342165365628, -0.0001027422349200724]
[-6.971820068390339e-05, 0.00039793291523035346]
[-1.3611930339413325e-05, 0.00021296212752705546]
[-6.632804915981646e-05, -0.00019951579257357355]
[-0.00030571506045559693, 0.0007110826665225611]
[-0.0009753612384003699, 0.0007688108345526579]
[-0.0008583282523823843, 0.0005551474428722725]
[0.0007724545125502962, 0.0003180871129572771]
[-0.0002560651130963931, 0.0004887872972601237]
[0.0003197451651917038, -0.0004358953991039499]
[-0.0004973079979778416, 4.6781538705464865e-05]
[0.0004469139496904792, 0.00020811515189235463]
[-0.00015209501966064604, 1.6037548000155666e-05]
[5.906824833220789e-05, -2.09480474653162e-05]
[-0.00024861506872210504, -0.00010987111829051377]
[-0.0009149940745059627, -0.0003139839891869098]
[-0.00021807992652999805, -0.0007709623929050662]
[-0.00019773644037430257, 1.741706360857201e-05]
[0.0002704947771443658, 0.00023860154428848469]
[-0.0006182400259787078, -0.00020309735548176833]
[-0.0007143764526823145, 0.0005006362774306605]
[-0.0006375623182170928, 5.653989267935533e-05]
[-0.00013636096853016436, 0.00017478409786784999]
[-0.00031048636131342233, 0.0008133186365508194]
[0.00010901188290608071, 1.1110881926665317e-05]
[0.0008466541412784356, -4.7082204711876297e-05]
[3.249910549798715e-05, 0.0001356915264698333]
[-0.0005493917409465365, 0.0003769883916196204]
[0.0001152799320926455, 4.944154405595036e-05]
[-0.0005447314312616858, 0.0005971535184007282]
[-0.0001771525606507167, -0.0004320967471532211]
[0.0002169062300332314, -0.0001302861839875824]
[0.0003739620729706775, 0.0002705056442835474]
[-0.0006296143859982339, -0.0001231534217741026]
[-0.0005132069279078187, 0.000710492822395048]
[8.664182769238526e-05, 0.0004322666631800809]
[-0.00011463654310200216, 0.0008191341001885233]
[-0.00015807494943453904, 4.1083986590612076e-05]
[-0.0005642741414564334, 0.00036932023583929885]
[0.0006114873840470381, 0.0003338651264080117]
[-0.00012534757837173727, 5.803642130169928e-05]
[0.00038878966697952766, 0.00029082582589873285]
[-0.0003213068563898275, -2.8815843349738746e-05]
[-0.00043193658723433836, -0.0003206884833304724]
[-0.0006317662575351379, -0.0005293312760356605]
[-0.0004939679475556291, -0.000246515280352827]
[-7.385035786527938e-05, -0.00041780973572796976]
[-0.0002608762573312884, -0.0002477888508254228]
[-0.0001504419775607002, -5.1922361977430054e-05]
[-0.00018988482305909438, -0.00044185043893113507]
[0.0003386478918702418, 0.000739986985479002]
[-0.0011386555891694239, 0.00034264179068570905]
[-0.00021747094032348313, 0.00031668510748067424]
[0.00041294671209968214, 0.0006206554143642143]
[0.00024243718934641167, -0.00019761984887006756]
[3.9055946544186426e-05, 0.0006588792775838737]
[0.0001776003022576078, 0.0003386897052795046]
[-0.0004136483952789094, 0.0004063422897984739]
[-0.0006283967119074529, -5.158797871568366e-05]
[-0.00015346214971545535, 5.6186909085702286e-05]
[2.7137376179764416e-05, -0.0002281783197964904]
[-7.97099506791854e-05, -0.0002283082062224523]
[-0.000336086774042621, 0.00022021662807814035]
[0.0003658360893228907, 7.493943465516906e-05]
[0.0003172275318824025, 0.0007302601658817909]
[-0.00047258376379422096, -0.00015043740141185147]
[-0.00019181757832842372, 0.0005041120000300048]
[0.00015838207909996127, 0.0003140671258550498]
[-6.821372413134963e-05, 0.00025750704844701433]
[6.069067383818183e-05, 0.0006050723517769807]
[-0.0005704460629814556, -3.7843602748832694e-05]
[7.998106927620263e-05, 0.00015408539345004857]
[-0.00035968253714246945, -0.00015444160621810865]
[-0.0003569912053761337, -0.0003720349870431905]
[-0.0004269883872033975, 2.935543488563619e-05]
[-0.0003424721731300484, -0.0002863002643985757]
[-0.0007741165376093373, -0.000662889379718104]
[0.000312722380976016, -0.00019465705175880643]
[0.0007564595762559745, 5.91632870243497e-06]
[-0.0006696970710226569, -0.00015135377944486272]
[0.00016730170243756115, 0.0006289137519422464]
[-0.00031912030806086067, 0.00011893016244213239]
[8.897917320493942e-05, -0.000143798388373537]
[-0.0005110188271402749, 0.000800686304103515]
[0.0002282010690590197, 8.680270585024324e-05]
[7.636955794459999e-05, 0.0007118187025844658]
[-0.00027322136120810914, 0.0004214872281977297]
[-0.0002212646058512291, 0.00016828710875133046]
[-0.00028563534885645003, 8.932901606481525e-05]
[-0.00020441351123295926, -5.823275219668522e-05]
[-0.0006290416391142584, 9.334980640110513e-06]
[0.0006246150373454551, 0.00018146842064181712]
[9.323960739127113e-05, 0.0003978227080275176]
[-7.098227151672298e-05, -0.00021910366671368253]
[-9.448968324476947e-05, 6.284133830580796e-05]
[0.00011730042281107855, -1.35383262583888e-06]
[0.0005340964059776243, 0.0003511228193372462]
[-0.00042101529154658923, 0.00013158423310843936]
[-0.0007344136137950596, 0.0002638550902399339]
[-0.00010774161780909008, 0.0004478457068161634]
[-0.0003391937621759489, -0.00040592611586542926]
[-0.000243842702901495, 0.00016594133256064847]
[-1.623107020068404e-05, 0.0003634079933050316]
[-0.00022518059321841727, -0.00041983407913648296]
[-0.0011571633850723517, 8.282713196455793e-05]
[5.784752890790508e-05, -0.00019303357446445735]
[2.2688616359262115e-05, -0.00047252400499500635]
[-0.00014005787639322954, 0.00030382488847433]
[0.0004032831630558231, 9.369691910154909e-05]
[0.00014676689532807166, -0.00016923900430870775]
[0.0003985895578376142, -1.2015292842615377e-06]
[-0.0009880596429218715, 2.3400912680326957e-05]
[3.3248033074362304e-05, -0.0001930199645643893]
[-0.00022805525680010333, 0.0008050173618708995]
[3.901475604783933e-05, 0.00030777879991777946]
[-0.0002656224726184167, 0.0004191637484377564]
[-0.00022731121154168088, 0.00047716743488940283]
[-0.00030954367761488327, -8.852633284666539e-05]
[-0.0004505714364691285, 0.00021252973302250677]
[0.0005291282791438714, 0.00028866586790582405]
[-5.3946656032456686e-05, 0.0006830608875597471]
[0.00022771274255033126, 8.279895223770734e-05]
[-0.0007715389989147248, -7.480328742839621e-05]
[0.00027067820814478255, 0.0002477186500167011]
[0.0007560302811814405, -0.0002807848808472277]
[-0.0002037885836320072, -0.00023226302623553796]
[-0.0002947246270509976, 0.0003799562892708025]
[-0.00016214475570107412, -0.0002285810996597859]
[-0.0006725284133671169, -0.00023295768024528263]
[-0.0007621749996171295, 0.000284538285689917]
[4.061037066490844e-05, 2.539901089693153e-05]
[-8.72215507308205e-06, 2.7972310546506285e-05]
[-0.0003191358181970673, 0.0005209725985302338]
[5.28758084087505e-05, -0.0005227055428048133]
[-0.00038317809237664244, 3.4161941443150434e-05]
[-0.0004286359083951474, 0.0004432534843883118]
[-0.0002349536339214366, -0.00015916855973008293]
[0.000420565982480664, 0.0005027624580698498]
[0.0004919907552576736, -6.535525499212769e-05]
[-0.0005226870886236024, -0.0003353184086193062]
[-4.4186318275588055e-05, -0.00036366582042943185]
[-0.0003344590765865241, 0.00021408234650302504]
[0.0002555331946865469, -3.135802102766094e-05]
[-0.00041180118001710175, 0.0003583177848716368]
[-0.00017658171353514274, 0.00059851990160803]
[-0.00037774761047904004, -3.43190589153497e-05]
[-0.00022900902096525955, 8.10586349963005e-05]
[0.00014555716942482588, 0.00036393891942496093]
[0.0004141356040140154, 0.0007188037170273165]
[0.000339326871813872, 0.00011676925772005631]
[-0.0009545727949029914, 0.0006497587514712189]
[0.00018048045047747152, 0.00035504795470203687]
[8.376840679769071e-05, -0.00031853668400633195]
[-9.059506096864567e-05, 0.00031462325778969236]
[-6.168819558804994e-05, -0.00015924462295657804]
[0.0005327228411990959, -0.0003682488266990719]
[-0.0003627858234109549, -3.291179752218376e-05]
[-0.0008252752971210642, -0.0005061605543814005]
[-0.0004915799981053404, -8.27769654532795e-05]
[-0.00037150492227822074, 0.0002663596067680931]
[7.212118019872538e-05, 0.00011643655344428794]
[0.0001541924092968716, -0.0003762716452492369]
[6.490233654143918e-05, 0.0002975405895680461]
[-0.00042172287125818997, -9.46971330540447e-05]
[-0.00036126724006496636, 0.00013895039929656683]
[4.850358194691262e-05, 0.0007939196701840096]
[0.00033014305283624035, 0.0001104822173898512]
[-0.00029582440719022607, 0.00022438568909763368]
[-0.00036840223344031253, -0.00034218168516306213]
[-0.00011188921405275165, 7.097905962602513e-05]
[0.00020113613507272143, -0.00045857188359427203]
[-0.0002288174622055439, 0.0001275136790769571]
[-8.226424162199875e-05, 0.0005310683240631053]
[-0.00017191044826270208, -0.00022431642256232065]
[-0.0002599096971663273, 0.00017791737346004033]
[-0.00037425315096162315, 0.00021978252235366202]
[0.0005481965788793342, 0.00020161387820955]
[0.000338744003315572, 0.0002995442881161825]
[-0.00019564668748361935, 0.0006375171712801053]
[0.0003169916604853218, 0.00017562818722965945]
[-0.00011438732064295021, 0.0003874558504448622]
[-0.0006261605145390647, 0.0004853224890319918]
[-0.0006208204428078123, -0.00014324974161653709]
[0.000552441480301813, 0.00033386505093208063]
[-9.204691666964138e-05, -0.00022774818953888443]
