[18.500922341916752, -831.1876195628411]
[1.0320303432690139, 5.248246729963039]
[0.9173100370851444, 4.199705157703923]
[0.17800518397844822, -0.19167012776914277]
[0.1883123529535864, -0.0896873503712764]
[0.08248278678512122, 0.5655940420421404]
[0.08523222305609579, 0.5267635082316029]
[0.0473597339721632, -0.04152322468251757]
[0.04421963129207618, -0.02877812337100727]
[0.027676392694687024, 0.20141477193824597]
[0.03129332945336927, 0.1930292510874837]
[0.021909512459833635, -0.017495925664896717]
[0.018792413607221947, -0.013720955238003096]
[0.013459130552135434, 0.10222481290521168]
[0.016429599743062795, 0.0991698896484775]
[0.0127505882819135, -0.009564541973064666]
[0.010144234066785218, -0.00797277706188848]
[0.007798775001695901, 0.06164551189194767]
[0.010232811679529163, 0.06020879013384971]
[0.008418513157636198, -0.006010047250153694]
[0.006234164042143997, -0.005195590656550175]
[0.005005749920712788, 0.041178078650382144]
[0.007048297719865815, 0.040391613880318776]
[0.006020270430676433, -0.004118582209477362]
[0.004155192121073126, -0.003647625875923932]
[0.00343526267645089, 0.029434856361745698]
[0.005188283552310935, 0.02895871522383564]
[0.0045487487145284, -0.0029943219757090356]
[0.0029270946161074063, -0.0026980203889831467]
[0.0024707059879638393, 0.02207999141434891]
[0.004003302415743093, 0.021770283963097548]
[0.003577792870056856, -0.002272305192945634]
[0.0021458937553888724, -0.002074020597803261]
[0.0018393053661185377, 0.01717115175120587]
[0.0031993327512704894, 0.016958587859832897]
[0.00290149892256783, -0.0017812972061757026]
[0.0016209148350570524, -0.0016422061432377344]
[0.0014055721074637262, 0.013732763465883813]
[0.0026271888267430654, 0.01358066061873478]
[0.0024102942499249214, -0.0014323372439754012]
[0.0012528560925144927, -0.00133107877026295]
[0.0010961642593247944, 0.011231220214922177]
[0.00220447072910801, 0.011118694154176989]
[0.0020414109451878104, -0.0011754949377484891]
[0.0009859816472542193, -0.0010995332595492568]
[0.0008686484030189234, 0.009354700679982675]
[0.0018825719596708979, 0.009269156356803365]
[0.0017567393229636213, -0.0009809919947161294]
[0.0007871073626291025, -0.000922579401665069]
[0.0006971343696910992, 0.007911091228481104]
[0.0016312725095790626, 0.00784456864561206]
[0.0015320241000972706, -0.0008301764281102297]
[0.0006355101685243808, -0.0007843164406031722]
[0.0005651245384630244, 0.0067767935842876215]
[0.001430957714143588, 0.006724062967695954]
[0.0013512136976531752, -0.0007108831916358138]
[0.0005177281887589341, -0.000674236942364792]
[0.00046171901813885086, 0.005869365090240719]
[0.001268431257116731, 0.005826876179438334]
[0.0012033310712899203, -0.0006149041140568468]
[0.00042472171887060484, -0.0005851720465979149]
[0.0003794923423559027, 0.005132105895195971]
[0.001134540882429036, 0.0050973802570741245]
[0.0010806561679147786, -0.0005365383832285353]
[0.00035024654923404563, -0.0005120951035323396]
[0.0003132513518337987, 0.004524982770614638]
[0.0010227712636323716, 0.0044962478949137075]
[0.000977626570270028, -0.00047172667191153206]
[0.00028988299095417114, -0.0004513971035319253]
[0.0002592804308072516, 0.004019078133252418]
[0.000928378022393872, 0.003995039335154382]
[0.0008901489602257465, -0.00041751502233400295]
[0.00024043554793753974, -0.0004004326766224864]
[0.00021486757824540348, 0.0035930820856423518]
[0.0008478371265621121, 0.003572775955441254]
[0.0008151546117731168, -0.0003717124085358403]
[0.00019955023032489083, -0.00035722707358343264]
[0.0001779981695744226, 0.0032310112335977026]
[0.0007784847004659312, 0.003213708947979399]
[0.0007503046872258182, -0.00033266595665371046]
[0.0001654639760454643, -0.00032028205486922534]
[0.00014715201674864176, 0.00292068739153839]
[0.0007182754112893264, 0.002905829404833804]
[0.0006937901950635345, -0.0002991097944252674]
[0.00013683663630816717, -0.0002884442966079037]
[0.00012116583513055446, 0.002652700079184722]
[0.0006656167433201077, 0.002639851075714128]
[0.0006441933216720513, -0.000270061204574068]
[0.00011263591393462918, -0.000260814320036995]
[9.913815105111468e-05, 0.0024196846466427724]
[0.0006192530365387583, 0.0024085018780608536]
[0.0006003894787888764, -0.00024474789071493586]
[9.20570572739629e-05, -0.0002366822869800389]
[8.036235829500527e-05, 0.0022158108764782636]
[0.0005781828782582821, 0.0022060215256358706]
[0.000561476925078061, -0.0002225561402102727]
[7.446584459016442e-05, -0.00021548196980902823]
[6.427881699355709e-05, 0.0020364147416236378]
[0.0005415992924024948, 0.0020277994881676698]
[0.0005267254136742949, -0.00020299329653450382]
[5.935747169980021e-05, -0.0001967572482112212]
[5.0440067075108175e-05, 0.001877729286261065]
[0.0005088457916748723, 0.001870110205956732]
[0.0004955381918448909, -0.00018566019706145465]
[4.63264852853737e-05, -0.00018013738140587598]
[3.8485222018991294e-05, 0.0017366852707776381]
[0.00047938364775035325, 0.0017299168103876994]
[0.00046742351710420127, -0.00017023066336274706]
[3.504450833266559e-05, -0.00016531852451817652]
[2.8120885417592945e-05, 0.0016107616502271105]
[0.0004527672133454175, 0.0016047238162013588]
[0.00044197305283942556, -0.0001564360553255595]
[2.5243541367715727e-05, -0.00015204975076155147]
[1.9106765810406046e-05, 0.0014978721436254006]
[0.0004286251027574295, 0.0014924653052297288]
[0.00041884530240292317, -0.00014405350737067835]
[1.670330611267673e-05, -0.00014012236479932216]
[1.1244718553626853e-05, 0.0013962782696562703]
[0.0004066456888587311, 0.0013914191536997245]
[0.00039775277809583204, -0.000132896878754174]
[9.241555606692708e-06, -0.0001293616525702701]
[4.370316595725399e-06, 0.001304522021287613]
[0.000386565817410478, 0.001300140596214805]
[0.0003784519696871033, -0.00012280972446332417]
[2.7065856401317645e-06, -0.0001196204520464983]
[-1.653692223158032e-06, 0.0012213732675250277]
[0.0003681619454916074, 0.0012174102982056012]
[0.0003607354331826018, -0.00011365978605260008]
[-3.028603242714867e-06, -0.00011077409864890253]
[-6.942506511453672e-06, 0.0011457883139601721]
[0.0003512431246051051, 0.001142193427174143]
[0.00034442550100306085, -0.00010533463996043047]
[-8.070894030896836e-06, -0.00010271642126857827]
[-1.1593311632474013e-05, 0.0010768769951968737]
[0.0003356454007730214, 0.0010736071374967127]
[0.0003293692432121617, -9.773823215319943e-05]
[-1.2510686837816087e-05, -9.535654519532422e-05]
[-1.568849069766287e-05, 0.0010138763506550852]
[0.00032122731254036196, 0.0010108945502508293]
[0.00031543440223291697, -9.078809902951512e-05]
[-1.6424796943755038e-05, -8.861632171752731e-05]
[-1.9298194037897787e-05, 0.0009561294186472002]
[0.00030786624668310836, 0.0009534037847220289]
[0.00030250609107432963, -8.441312407281298e-05]
[-1.9878781630060238e-05, -8.242824836612872e-05]
[-2.248240868096829e-05, 0.0009030680435910821]
[0.00029545546906595277, 0.0009005709524232408]
[0.00029048409478574927, -7.85517140032832e-05]
[-2.292882016993042e-05, -7.673377422712235e-05]
[-2.529263527861758e-05, 0.0008541988502478448]
[0.000283901690814492, 0.000851906279337511]
[0.0002792806519198096, -7.31503087467722e-05]
[-2.562324173442654e-05, -7.148191258321557e-05]
[-2.7773254785312673e-05, 0.0008090917367972184]
[0.00027312306179672063, 0.0008069827170337773]
[0.00026881862041475135, -6.816215651772595e-05]
[-2.8003774102322576e-05, -6.662809813262616e-05]
[-2.9962648281145476e-05, 0.0007673703810687771]
[0.00026304750742500715, 0.0007654265436262686]
[0.00025902995325727957, -6.354630061256028e-05]
[-3.010656959716307e-05, -6.213323989234798e-05]
[-3.189411928383734e-05, 0.0007287043685153538]
[0.00025361134292900545, 0.0007269095682175264]
[0.00024985442531005875, -5.926673855627396e-05]
[-3.196305216236761e-05, -5.796293386262086e-05]
[-3.3596657029288934e-05, 0.0006928026318285818]
[0.00024475811320412433, 0.0006911426325903469]
[0.00024123856486506223, -5.529172035778629e-05]
[-3.360062008055109e-05, -5.4086804836206426e-05]
[-3.509557111636141e-05, 0.0006594079601321967]
[0.00023643761698188825, 0.0006578701710595047]
[0.00023313475293149089, -5.159315881808624e-05]
[-3.5043231589024226e-05, -5.047795234125463e-05]
[-3.641302141454972e-05, 0.0006282923798702766]
[0.00022860508252087186, 0.0006268656329103117]
[0.00022550046075925367, -4.814613493253628e-05]
[-3.631189490740233e-05, -4.711248534061685e-05]
[-3.756846244318268e-05, 0.0005992532559402353]
[0.00022122046828698672, 0.0005979276177758286]
[0.00021829760166920675, -4.49284781161019e-05]
[-3.7425080026590174e-05, -4.396912665305397e-05]
[-3.857901746240344e-05, 0.0005721099862723289]
[0.0002142478673650139, 0.0005708765985641961]
[0.00021149197794907704, -4.192040982464729e-05]
[-3.8399066054059516e-05, -4.102887665258237e-05]
[-3.945979456032589e-05, 0.0005467011873898642]
[0.00020765499830321943, 0.0005455521305933186]
[0.00020505280716713592, -3.91042414462639e-05]
[-3.924823523925036e-05, -3.827472788642261e-05]
[-4.0224154738144335e-05, 0.0005228822918895704]
[0.0002014127682312683, 0.0005218104687532144]
[0.00019895231496945553, -3.646411364377489e-05]
[-3.9985322832669645e-05, -3.5691418411976095e-05]
[-4.0883940049418754e-05, 0.0005005234892238031]
[0.0001954948967060055, 0.0004995225247887425]
[0.0001931653839576386, -3.39857749270811e-05]
[-4.062163001743169e-05, -3.326522212132588e-05]
[-4.144966832964059e-05, 0.0004795079533540525]
[0.00018987759081889877, 0.0004785721088365058]
[0.00018766924985372246, -3.165638955338057e-05]
[-4.116720604110946e-05, -3.098376654941948e-05]
[-4.1930700040104796e-05, 0.00045973031590484936]
[0.00018453926360306738, 0.00045885441430493223]
[0.0001824432378038643, -2.9464371614440488e-05]
[-4.1631004450107256e-05, -2.8835875341415296e-05]
[-4.2335381520430815e-05, 0.0004410953427669284]
[0.00017946028932858127, 0.000440274704414656]
[0.0001774685328729958, -2.7399242730985485e-05]
[-4.2021017465546096e-05, -2.681143306293432e-05]
[-4.267116844625107e-05, 0.00042351678692131856]
[0.00017462279015045823, 0.0004227471734727928]
[0.00017272797964336395, -2.5451506344364994e-05]
[-4.23443919723987e-05, -2.4901265548660234e-05]
[-4.294473248078745e-05, 0.0004069163900174422]
[0.0001700104496049626, 0.0004061939556598837]
[0.00016820590684635262, -2.3612540243300728e-05]
[-4.260752980798921e-05, -2.309703760661197e-05]
[-4.3162053614320683e-05, 0.00039122300983374103]
[0.00016560834916967693, 0.00039054425865769904]
[0.00016388797341529426, -2.1874501354157694e-05]
[-4.2816174781523664e-05, -2.1391162242978545e-05]
[-4.3328500387573854e-05, 0.00037637185802086304]
[0.0001614028246046395, 0.0003757336066873007]
[0.00015976103303158573, -2.023024235409121e-05]
[-4.2975488339744294e-05, -1.9776721089326266e-05]
[-4.344889972562882e-05, 0.0003623038314849447]
[0.00015738133940068622, 0.00036170317644801386]
[0.0001558130146825376, -1.8673239631672445e-05]
[-4.309011548722652e-05, -1.8247395645709652e-05]
[-4.352759783632365e-05, 0.00034896492320179995]
[0.0001535323730506022, 0.00034839921186391454]
[0.000152032817033243, -1.719752875195546e-05]
[-4.316424240502492e-05, -1.679740558646614e-05]
[-4.356851351650093e-05, 0.0003363057048375584]
[0.00014984532211403945, 0.0003357725101078568]
[0.0001484102148312516, -1.579764752945856e-05]
[-4.320164690059525e-05, -1.5421454291120185e-05]
[-4.357518482889233e-05, 0.0003242808678918241]
[0.00014631041250678933, 0.0003237779656969364]
[0.00014493577582051775, -1.4468586813642936e-05]
[-4.3205742645782697e-05, -1.4114681768595538e-05]
[-4.355081012352713e-05, 0.00031284881872162273]
[0.00014291862149029555, 0.0003123741680824965]
[0.0001416007867745539, -1.3205745807209901e-05]
[-4.3179618101629735e-05, -1.2872621832360487e-05]
[-4.349828414218493e-05, 0.00030197131930309595]
[0.0001396616081845714, 0.0003015230446523631]
[0.0001383971875404122, -1.2004892397610156e-05]
[-4.3126070812304906e-05, -1.1691164058191816e-05]
[-4.342022983028215e-05, 0.0002916131668596611]
[0.0001365316515662407, 0.00029118954231310834]
[0.00013531751213996523, -1.086212904444217e-05]
[-4.3047637645898806e-05, -1.0566521089772074e-05]
[-4.3319026460375554e-05, 0.0002817419095733076]
[0.00013352159499868677, 0.00028134134491486495]
[0.0001323548360009641, -9.773860652262378e-06]
[-4.2946621583203615e-05, -9.495197756281826e-06]
[-4.3196834535352835e-05, 0.00027232759293105424]
[0.0001306247965269236, 0.0002719486211011368]
[0.00012950272867834345, -8.736767584505145e-06]
[-4.282511540634748e-05, -8.473965179334186e-06]
[-4.305561782902423e-05, 0.00026334253184767675]
[0.00012783508429192736, 0.00026298379775313574]
[0.00012675521134969392, -7.747780413014382e-06]
[-4.268502275131536e-05, -7.4998364865130895e-06]
[-4.2897163008870365e-05, 0.0002547611082670542]
[0.00012514671639518582, 0.00025442135875597405]
[0.00012410671856311062, -6.8040572872574145e-06]
[-4.252807682261772e-05, -6.570045027465277e-06]
[-4.272309705211086e-05, 0.00024655958796593325]
[0.0001225543447944677, 0.0002462376628309393]
[0.00012155206378341998, -5.90296470803775e-06]
[-4.235585702916378e-05, -5.682025899012011e-06]
[-4.253490278660621e-05, 0.00023871595701963066]
[0.00012005298269879283, 0.00023841078091213497]
[0.00011908640824107031, -5.04205864104712e-06]
[-4.21698038615137e-05, -4.833397722170396e-06]
[-4.233393276442676e-05, 0.0002312097746316466]
[0.00011763797510777607, 0.00023092034978067222]
[0.00011670523280254974, -4.219069088096106e-06]
[-4.1971232138865444e-05, -4.021947803023451e-06]
[-4.2121421632845824e-05, 0.00022402203952931465]
[0.00011530497217226987, 0.00022374743917807915]
[0.00011440431246642624, -3.4318851365178205e-06]
[-4.176134288499944e-05, -3.245617705371906e-06]
[-4.189849723457151e-05, 0.00021713507028231493]
[0.00011304990502436496, 0.0002168744327603056]
[0.00011217969322940835, -2.6785414531937946e-06]
[-4.154123396615805e-05, -2.502490209610464e-06]
[-4.1666190555567084e-05, 0.00021053239709956095]
[0.00011086896383871725, 0.000210284920462267]
[0.00011002767109674627, -1.957206976377357e-06]
[-4.1311909609653696e-05, -1.7907784215509537e-06]
[-4.142544462326647e-05, 0.0002041986628619208]
[0.00010875857791581289, 0.00020396360003660519]
[0.00010794477296574567, -1.2661737793795425e-06]
[-4.107428897645593e-05, -1.1088150047022793e-06]
[-4.11771225483637e-05, 0.00019811953487691714]
[0.00010671539751383463, 0.0001978961892605824]
[0.00010592773921411225, -6.038469653191214e-07]
[-4.082921387119076e-05, -4.550424091975813e-07]
[-4.0922014717947874e-05, 0.0001922816232992064]
[0.00010473627732943136, 0.0001920693447627908]
[0.00010397350784166481, 3.126363756766892e-08]
[-4.057745566193871e-05, 1.7199513779875275e-07]
[-4.066084530296443e-05, 0.00018667240793124318]
[0.00010281826139157957, 0.00018647058918469517]
[0.00010207919996579884, 6.405518877539151e-07]
[-4.031972154197594e-05, 7.736597772423082e-07]
[-4.039427812907448e-05, 0.0001812801715977974]
[0.00010095856926262137, 0.00018108824488166642]
[0.00010024210655928956, 1.2253229941805444e-06]
[-4.005666018103149e-05, 1.3512274417148973e-06]
[-4.012292195354483e-05, 0.00017609393857764832]
[9.915458343057182e-05, 0.00017591137264916235]
[9.845967633312358e-05, 1.7867995685261207e-06]
[-3.978886680922056e-05, 1.9058936934213122e-06]
[-3.9847335261855577e-05, 0.00017110341925707928]
[9.740383774414774e-05, 0.00017092971663795753]
[9.672950459430063e-05, 2.3261285330145043e-06]
[-3.9516887851337446e-05, 2.4387804372638655e-06]
[-3.956803060534142e-05, 0.00016629895957143148]
[9.57040067977033e-05, 0.00016613365403456148]
[9.504932305728908e-05, 2.844386067790694e-06]
[-3.9241225089470255e-05, 2.950940694468329e-06]
[-3.92854785129515e-05, 0.00016167149394674674]
[9.405289621655655e-05, 0.0001615141482166904]
[9.341699045825602e-05, 3.342583128174148e-06]
[-3.8962339462045303e-05, 3.44336395996514e-06]
[-3.9000111059728226e-05, 0.00015721250310407608]
[9.244843369460298e-05, 0.0001570627067530861]
[9.183048394020843e-05, 3.821669871895139e-06]
[-3.868065449577629e-05, 3.916980488627431e-06]
[-3.8712325093559485e-05, 0.00015291397476357993]
[9.088866077155977e-05, 0.00015277134228092182]
[9.028789109566393e-05, 4.282540692512882e-06]
[-3.8396559448733436e-05, 4.372666198904085e-06]
[-3.842248518926006e-05, 0.00014876836854793574]
[8.937172522971437e-05, 0.00014863253757052552]
[8.878740267950769e-05, 4.726037099223035e-06]
[-3.8110412123426585e-05, 4.811245434388489e-06]
[-3.813092629645354e-05, 0.00014476858201517562]
[8.789587412660893e-05, 0.0001446392117002704]
[8.732730584098958e-05, 5.152952076814543e-06]
[-3.7822541471194127e-05, 5.2334952185262296e-06]
[-3.7837956186059785e-05, 0.00014090792112875228]
[8.645944732355026e-05, 0.0001407846906601451]
[8.590597789609467e-05, 5.564033252802858e-06]
[-3.7533249943849656e-05, 5.640148324714822e-06]
[-3.754385766718826e-05, 0.00013718007223839646]
[8.506087152682085e-05, 0.0001370626794495733]
[8.452188056676246e-05, 5.959985979075988e-06]
[-3.724281564140841e-05, 6.031896269242942e-06]
[-3.724889060219283e-05, 0.00013357907626110332]
[8.369865477764193e-05, 0.00013346723636770141]
[8.317355465531362e-05, 6.3414760042013185e-06]
[-3.695149426866107e-05, 6.409391905437545e-06]
[-3.695329377251255e-05, 0.00013009930569896078]
[8.237138132738409e-05, 0.00012999275013048095]
[8.185961509094009e-05, 6.709132763682568e-06]
[-3.665952094278335e-05, 6.773252639535876e-06]
[-3.665728653690081e-05, 0.0001267354417934241]
[8.107770693621674e-05, 0.00012663391711398297]
[8.057874638087159e-05, 7.063550793495743e-06]
[-3.636711180446395e-05, 7.124061776386803e-06]
[-3.636107039262093e-05, 0.00012348245502791233]
[7.981635446863145e-05, 0.0001233857219402612]
[7.932969834853476e-05, 7.405292637097105e-06]
[-3.6074465532720534e-05, 7.462371368949228e-06]
[-3.606483038254282e-05, 0.00012033558630264451]
[7.85861098282492e-05, 0.00012024341872746147]
[7.811128219659125e-05, 7.734890746458056e-06]
[-3.578176471169536e-05, 7.788704060485152e-06]
[-3.576873638100331e-05, 0.00011729032951413032]
[7.738581817906542e-05, 0.00011720251373692481]
[7.692236684900267e-05, 8.052849238548987e-06]
[-3.5489177082653756e-05, 8.10355479252678e-06]
[-3.547294429839809e-05, 0.00011434241619578955]
[7.62143804131643e-05, 0.00011425875007808894]
[7.576187552763014e-05, 8.359646301303592e-06]
[-3.519685671249384e-05, 8.407393162546128e-06]
[-3.5177597138780214e-05, 0.00011148779973613188]
[7.507074990598106e-05, 0.00011140809198384449]
[7.462878260719452e-05, 8.655734888840527e-06]
[-3.490494502578212e-05, 8.700664076988218e-06]
[-3.4882826016380264e-05, 0.00010872264226269301]
[7.395392945275248e-05, 0.00010864671174792839]
[7.352211064445835e-05, 8.941544882734576e-06]
[-3.461357179160296e-05, 8.983789873684422e-06]
[-3.4588751064656975e-05, 0.00010604330170793652]
[7.286296843345141e-05, 0.00010597097683856527]
[7.244092762881404e-05, 9.217484352230798e-06]
[-3.432285601123741e-05, 9.257171545429266e-06]
[-3.429548227784629e-05, 0.00010344631993919329]
[7.179696016601511e-05, 0.00010337743807425914]
[7.138434441739117e-05, 9.483940720755868e-06]
[-3.403290673395509e-05, 9.521189873629154e-06]
[-3.400312028190022e-05, 0.00010092841157116617]
[7.075503943942962e-05, 0.00010086281847648815]
[7.03515123206544e-05, 9.741282595177037e-06]
[-3.374382382659302e-05, 9.776207227307765e-06]
[-3.371175706035068e-05, 9.848645428955916e-05]
[6.97363801893669e-05, 9.842400363230253e-05]
[6.934162088506612e-05, 9.989860001669015e-06]
[-3.345569864457443e-05, 1.0022567770384683e-05]
[-3.342147658669248e-05, 9.611747838467188e-05]
[6.87401933652243e-05, 9.605803126150336e-05]
[6.835389578133122e-05, 1.0230006054601226e-05]
[-3.316861468677379e-05, 1.026059910436139e-05]
[-3.313235544255555e-05, 9.381865843216541e-05]
[6.776572489619603e-05, 9.37620829312702e-05]
[6.738759684823958e-05, 1.0462037795089252e-05]
[-3.288264818104847e-05, 1.0490613084890299e-05]
[-3.284446337303848e-05, 9.15873048281668e-05]
[6.681225380766875e-05, 9.153347561868808e-05]
[6.644201626038182e-05, 1.0686256974867803e-05]
[-3.259786862383485e-05, 1.0712906580945258e-05]
[-3.255786379097181e-05, 8.942085588059534e-05]
[6.587909045396856e-05, 8.936965383193884e-05]
[6.551647679331474e-05, 1.0902951489588641e-05]
[-3.231433929656857e-05, 1.0927762889800796e-05]
[-3.22726142700791e-05, 8.731687113006092e-05]
[6.496557484747534e-05, 8.72681829554578e-05]
[6.461033023361096e-05, 1.1112395327694813e-05]
[-3.203211770574921e-05, 1.113545166564478e-05]
[-3.198876695753583e-05, 8.527302371874601e-05]
[6.4071075126515e-05, 8.522674164168631e-05]
[6.37229558510255e-05, 1.1314849896526535e-05]
[-3.175125602569717e-05, 1.133623022986363e-05]
[-3.1706368991413214e-05, 8.328709462390727e-05]
[6.319498607887386e-05, 8.324311606733303e-05]
[6.285375898226753e-05, 1.1510564585259786e-05]
[-3.147180148957429e-05, 1.1530344116494895e-05]
[-3.142546287204784e-05, 8.13569665863989e-05]
[6.233672777844479e-05, 8.131519388171471e-05]
[6.200216969709516e-05, 1.1699777424600821e-05]
[-3.119379675453615e-05, 1.1718027716822732e-05]
[-3.1146086801547845e-05, 7.948061842222298e-05]
[6.149574429914484e-05, 7.944095853673616e-05]
[6.116764154817655e-05, 1.1882715569622171e-05]
[-3.0917280235992495e-05, 1.1899504749890433e-05]
[-3.0868275017192914e-05, 7.765612036392255e-05]
[6.06715024915605e-05, 7.761848464610255e-05]
[6.034965037815532e-05, 1.2059596419811136e-05]
[-3.064228643412381e-05, 1.2074989368393574e-05]
[-3.05920580664365e-05, 7.588162836769108e-05]
[5.9863490864731084e-05, 7.584593230763881e-05]
[5.954769323110454e-05, 1.2230627349507639e-05]
[-3.0368846201944688e-05, 1.2244685877460526e-05]
[-3.031746309201111e-05, 7.41553800835959e-05]
[5.90712185014608e-05, 7.412154308911179e-05]
[5.876128729426222e-05, 1.239600676083974e-05]
[-3.0096987027466993e-05, 1.2408789776319207e-05]
[-3.0044514083504836e-05, 7.247569042567736e-05]
[5.8294214051457516e-05, 7.244363561242917e-05]
[5.798996891731578e-05, 1.2555924425894371e-05]
[-2.9826733278198736e-05, 1.2567488090697854e-05]
[-2.977323211017513e-05, 7.084094753939674e-05]
[5.7532024780759805e-05, 7.081060153329988e-05]
[5.7233292688418924e-05, 1.2710561806683618e-05]
[-2.955810642787937e-05, 1.2720959683076849e-05]
[-2.950363553533286e-05, 6.924960888499143e-05]
[5.6784215677785355e-05, 6.922090163680172e-05]
[5.649083054581894e-05, 1.286009299533708e-05]
[-2.929112528310407e-05, 1.2869376183555215e-05]
[-2.9235740231170482e-05, 6.770019818880257e-05]
[5.6050368594684485e-05, 6.767306280058838e-05]
[5.5762170973250313e-05, 1.3004684333184358e-05]
[-2.90258061612092e-05, 1.3012901600384374e-05]
[-2.896955974474036e-05, 6.619130132023976e-05]
[5.53300814685187e-05, 6.616567388106898e-05]
[5.504691820640284e-05, 1.3144495304096004e-05]
[-2.8762163086865078e-05, 1.3151693206980841e-05]
[-2.8705105485360427e-05, 6.472156365378012e-05]
[5.462296755420759e-05, 6.469738308628736e-05]
[5.434469150106258e-05, 1.3279678756084046e-05]
[-2.8500207959303303e-05, 1.3285901754145346e-05]
[-2.8442386881044612e-05, 6.328968697033588e-05]
[5.3928654715096336e-05, 6.32668948855053e-05]
[5.365512443733511e-05, 1.3410381232037416e-05]
[-2.823995071041252e-05, 1.3415671796301876e-05]
[-2.8181411525385336e-05, 6.189442653620203e-05]
[5.324678475282507e-05, 6.1872967097365e-05]
[5.297786426511353e-05, 1.3536743160236231e-05]
[-2.7981399448429034e-05, 1.3541141873851803e-05]
[-2.792218532865487e-05, 6.053458895938224e-05]
[5.2577012758181496e-05, 6.051440875359804e-05]
[5.2312571269086394e-05, 1.3658899638668842e-05]
[-2.7724560607067517e-05, 1.366244529293903e-05]
[-2.7664712626274124e-05, 5.920902896078273e-05]
[5.191900652667947e-05, 5.9190076877435605e-05]
[5.165891819941537e-05, 1.377697997562155e-05]
[-2.7469439052796307e-05, 1.3779709659322847e-05]
[-2.740899631281657e-05, 5.791664752252679e-05]
[5.1272445976136005e-05, 5.7898874639750186e-05]
[5.1016589701635695e-05, 1.389110844307595e-05]
[-2.7216038216315575e-05, 1.3893057628000527e-05]
[-2.7155037948478622e-05, 5.665638954904795e-05]
[5.063702260943437e-05, 5.663974902547775e-05]
[5.038528179068802e-05, 1.4001404402330664e-05]
[-2.6964360197556658e-05, 1.4002607022722824e-05]
[-2.690283785966585e-05, 5.542724165669144e-05]
[5.001243900526475e-05, 5.541168863021362e-05]
[4.9764701354759744e-05, 1.4107982418243292e-05]
[-2.6714405865879698e-05, 1.4108470946738727e-05]
[-2.665239524801688e-05, 5.422823066980609e-05]
[4.9398408320966425e-05, 5.4213722161411404e-05]
[4.9154565667675065e-05, 1.421095295295327e-05]
[-2.646617496604442e-05, 1.42107584714668e-05]
[-2.6403708258793124e-05, 5.3058421041307646e-05]
[4.8794653850325886e-05, 5.304491586466398e-05]
[4.855460195712924e-05, 1.4310421864838219e-05]
[-2.6219666187987656e-05, 1.4309574132453928e-05]
[-2.6156774079577616e-05, 5.191691355965755e-05]
[4.820090857449166e-05, 5.1904372235345164e-05]
[4.796454696576191e-05, 1.4406491079588246e-05]
[-2.5974877261580875e-05, 1.4405018595509134e-05]
[-2.5911589011440306e-05, 5.0802843559016875e-05]
[4.761691475141383e-05, 5.079122823314908e-05]
[4.7384146547646555e-05, 1.4499258658706715e-05]
[-2.5731805029405308e-05, 1.4497188722817356e-05]
[-2.56681485423238e-05, 4.971537933518011e-05]
[4.7042423521048704e-05, 4.9704653703464e-05]
[4.68131552870954e-05, 1.458881886268193e-05]
[-2.5490445514975146e-05, 1.4586177632502917e-05]
[-2.5426447409659936e-05, 4.865372053475259e-05]
[4.6477194534655375e-05, 4.864384976954739e-05]
[4.625133612001786e-05, 1.4675262772545494e-05]
[-2.5250794000175603e-05, 1.4672075316857214e-05]
[-2.5186479675753937e-05, 4.7617097187035995e-05]
[4.592099558842211e-05, 4.760804786924089e-05]
[4.569846000357369e-05, 1.4758677766624206e-05]
[-2.501284506972734e-05, 1.4754968116259537e-05]
[-2.4948238766087094e-05, 4.660476767914812e-05]
[4.5373602302278826e-05, 4.6596507732643566e-05]
[4.515430557433531e-05, 1.4839148125944668e-05]
[-2.477659267979826e-05, 1.4834939322416751e-05]
[-2.4711717536929356e-05, 4.561601793356962e-05]
[4.483479778649713e-05, 4.560851656382203e-05]
[4.461865883548244e-05, 1.4916755063487663e-05]
[-2.454203020813006e-05, 1.4912069204398026e-05]
[-2.4476908320636426e-05, 4.465016008464717e-05]
[4.4304372340375764e-05, 4.464338772086629e-05]
[4.409131286076118e-05, 1.499157674972329e-05]
[-2.4309150501500287e-05, 1.4986435032116052e-05]
[-2.424380297050277e-05, 4.370653122126589e-05]
[4.378212316147323e-05, 4.3700459460394026e-05]
[4.357206749699971e-05, 1.5063688878547143e-05]
[-2.407794593278778e-05, 1.505811163993176e-05]
[-2.4012392914829483e-05, 4.278449273209528e-05]
[4.326785405972533e-05, 4.277909428695992e-05]
[4.306072911053338e-05, 1.5133164132541399e-05]
[-2.3848408426785372e-05, 1.5127170889694952e-05]
[-2.3782669180461014e-05, 4.188342861627392e-05]
[4.276137520797807e-05, 4.1878677265350106e-05]
[4.255711031603271e-05, 1.5200072736198944e-05]
[-2.3620529512047295e-05, 1.5193682222414129e-05]
[-2.3554622442190087e-05, 4.100274493706868e-05]
[4.2262502880419106e-05, 4.0998615477794154e-05]
[4.2061029733420074e-05, 1.526448245836587e-05]
[-2.339430035541712e-05, 1.525771265808995e-05]
[-2.33282430530668e-05, 4.01418687773214e-05]
[4.1771059215434114e-05, 4.013833698063296e-05]
[4.15723117518918e-05, 1.532645871366034e-05]
[-2.3169711795778536e-05, 1.5319326896023888e-05]
[-2.3103521076817124e-05, 3.930024724674297e-05]
[4.12868719886772e-05, 3.929728981466596e-05]
[4.109078630876173e-05, 1.53860645604742e-05]
[-2.294675437525262e-05, 1.5378587310876934e-05]
[-2.28804463265897e-05, 3.8477347056531386e-05]
[4.080977438436495e-05, 3.847494158210063e-05]
[4.061628866436351e-05, 1.544336121200862e-05]
[-2.272541837855524e-05, 1.543555446187339e-05]
[-2.2659008378056456e-05, 3.7672653084186436e-05]
[4.033960480309684e-05, 3.767077801269947e-05]
[4.014865921364574e-05, 1.5498407498093503e-05]
[-2.2505693845542574e-05, 1.5490286553565547e-05]
[-2.2439196606049983e-05, 3.6885668030228747e-05]
[3.987620665302227e-05, 3.68843026223864e-05]
[3.968774328094726e-05, 1.555126037089405e-05]
[-2.228757060823705e-05, 1.5542839940096975e-05]
[-2.2221000205990826e-05, 3.611591158392269e-05]
[3.9419428160547554e-05, 3.6115035881467694e-05]
[3.9233390935589085e-05, 1.5601974880652403e-05]
[-2.2071038311699542e-05, 1.5593269099112295e-05]
[-2.2004408216647064e-05, 3.536291972999761e-05]
[3.896912219203408e-05, 3.536251452262995e-05]
[3.878545681679224e-05, 1.5650604153427672e-05]
[-2.1856086434901556e-05, 1.564162660872004e-05]
[-2.1789409538452986e-05, 3.4626243986646266e-05]
[3.8525146079271266e-05, 3.462629078004875e-05]
[3.834379995298898e-05, 1.5697199868214273e-05]
[-2.164270432086779e-05, 1.568796362355629e-05]
[-2.1575992964040225e-05, 3.390545117881727e-05]
[3.808736144661484e-05, 3.39059321650681e-05]
[3.7908283614607186e-05, 1.574181172059319e-05]
[-2.14308811820052e-05, 1.573232933665958e-05]
[-2.1364147179014914e-05, 3.3200122232401874e-05]
[3.765563406588068e-05, 3.320102026127536e-05]
[3.747877514859166e-05, 1.578448789596454e-05]
[-2.1220606127247965e-05, 1.5774771452259362e-05]
[-2.1153860792044732e-05, 3.250985200570211e-05]
[3.722983369591759e-05, 3.251115055763476e-05]
[3.705514583141056e-05, 1.5825275031078334e-05]
[-2.101186817710099e-05, 1.5815336146141057e-05]
[-2.094512234451784e-05, 3.183424864261486e-05]
[3.6809833938833414e-05, 3.183593180239308e-05]
[3.663727072678036e-05, 1.5864218276429032e-05]
[-2.080465627957162e-05, 1.5854068126819332e-05]
[-2.073792032497579e-05, 3.1172932952960863e-05]
[3.63955121048809e-05, 3.1174985385518106e-05]
[3.622502855221699e-05, 1.5901361255954427e-05]
[-2.0598959320994314e-05, 1.5891010594515365e-05]
[-2.0532243191762056e-05, 3.052553830590332e-05]
[3.598674906823973e-05, 3.0527945232117215e-05]
[3.581830153809307e-05, 1.593674651323429e-05]
[-2.0394766150788612e-05, 1.5926205686800365e-05]
[-2.0328079370135477e-05, 2.9891709568463654e-05]
[3.558342915566115e-05, 2.9894456743173592e-05]
[3.5416975317670296e-05, 1.597041497986007e-05]
[-2.019206557807296e-05, 1.5959693945688525e-05]
[-2.0125417274252655e-05, 2.9271103042960434e-05]
[3.5185440014462444e-05, 2.927417673359578e-05]
[3.5020938796925805e-05, 1.6002406415638326e-05]
[-1.9990846393702633e-05, 1.5991514757507375e-05]
[-1.992424531516157e-05, 2.8663385936544827e-05]
[3.4792672497951926e-05, 2.8666772901753124e-05]
[3.4630084042752696e-05, 1.603275936057358e-05]
[-1.979109737809681e-05, 1.6021706303326333e-05]
[-1.9724551907907006e-05, 2.8068235850553513e-05]
[3.4405020555183796e-05, 2.8071923322103842e-05]
[3.42443061752129e-05, 1.6061511086906677e-05]
[-1.9592807309620763e-05, 1.6050305511272622e-05]
[-1.9526325491125984e-05, 2.7485340764299426e-05]
[3.402238111560596e-05, 2.748931642715391e-05]
[3.386350325151888e-05, 1.6088698019278702e-05]
[-1.9395964982071856e-05, 1.6077348476084552e-05]
[-1.932955451999785e-05, 2.6914398087996005e-05]
[3.364465399857686e-05, 2.6918650062990324e-05]
[3.348757618049092e-05, 1.611435521264859e-05]
[-1.920055920001662e-05, 1.610286993508625e-05]
[-1.9134227484229882e-05, 2.6355114678799918e-05]
[3.327174180628445e-05, 2.6359631505823433e-05]
[3.311642861458797e-05, 1.613851676990352e-05]
[-1.900657879516654e-05, 1.6126903686741745e-05]
[-1.8940332912609215e-05, 2.5807206400829674e-05]
[3.290354983065402e-05, 2.581197702206106e-05]
[3.274996685975751e-05, 1.6161215785903682e-05]
[-1.881401263204019e-05, 1.61494825335895e-05]
[-1.8747859379553145e-05, 2.5270397791987698e-05]
[3.253998596258745e-05, 2.5275411536851422e-05]
[3.238809978578505e-05, 1.6182484385729445e-05]
[-1.862284961418048e-05, 1.6170638319046304e-05]
[-1.855679550866185e-05, 2.474442165667501e-05]
[3.218096060703113e-05, 2.4749668226409227e-05]
[3.203073873997431e-05, 1.6202353758598687e-05]
[-1.8433078690316407e-05, 1.6190401962656864e-05]
[-1.8367129988150488e-05, 2.4229019124522022e-05]
[3.182638658910664e-05, 2.423448857857835e-05]
[3.167779746532373e-05, 1.622085419339392e-05]
[-1.8244688860191705e-05, 1.6208803493511503e-05]
[-1.8178851561023723e-05, 2.372393881394652e-05]
[3.1476179088496536e-05, 2.3729621555612646e-05]
[3.1329192025142394e-05, 1.6238014931779787e-05]
[-1.8057669174842417e-05, 1.622587190358571e-05]
[-1.7991949040063737e-05, 2.3228936916530607e-05]
[3.113025555162574e-05, 2.3234823680773342e-05]
[3.098484070840346e-05, 1.6253864915993788e-05]
[-1.7872008760133617e-05, 1.624163589519778e-05]
[-1.7806411308329828e-05, 2.2743776839528884e-05]
[3.078853562021866e-05, 2.274985867983803e-05]
[3.064466398461363e-05, 1.626843174229453e-05]
[-1.7687696792889618e-05, 1.6256122833790965e-05]
[-1.7622227324654016e-05, 2.2268228948907343e-05]
[3.0450941059689818e-05, 2.2274497225693857e-05]
[3.030858441466222e-05, 1.6281742408918998e-05]
[-1.7504722523598026e-05, 1.6269359495502123e-05]
[-1.7439386125917e-05, 2.1802070323651e-05]
[3.0117395689810422e-05, 2.180851669253414e-05]
[2.9976526587705e-05, 1.6293823163204824e-05]
[-1.7323075275688105e-05, 1.6281371914117493e-05]
[-1.725787683054536e-05, 2.134508452000805e-05]
[2.9787825319038674e-05, 2.135170092132377e-05]
[2.9648417055827547e-05, 1.63046995279581e-05]
[-1.7142744447973257e-05, 1.6292185406885373e-05]
[-1.707768863717929e-05, 2.089706117275325e-05]
[2.946215768534488e-05, 2.0903839820618497e-05]
[2.9324184271817266e-05, 1.6314396327266056e-05]
[-1.6963719518536813e-05, 1.6301824599884718e-05]
[-1.6898810844490075e-05, 2.04577964709185e-05]
[2.9140322376330907e-05, 2.0464729843294727e-05]
[2.900375852821213e-05, 1.632293770992277e-05]
[-1.6785990046619403e-05, 1.6310313451728398e-05]
[-1.6721232827310306e-05, 2.002709190845886e-05]
[2.8822250798199445e-05, 2.003417273782615e-05]
[2.8687071899735628e-05, 1.6330347173965087e-05]
[-1.6609545675672077e-05, 1.6317675276933397e-05]
[-1.6544944055896238e-05, 1.9604754779800615e-05]
[2.8507876100258844e-05, 1.9611976043498736e-05]
[2.837405818723049e-05, 1.6336647587988917e-05]
[-1.6434376134633055e-05, 1.6323932767459137e-05]
[-1.6369934094095928e-05, 1.919059781357868e-05]
[2.8197133124685525e-05, 1.919795272514735e-05]
[2.806465286336879e-05, 1.634186121324266e-05]
[-1.626047124081431e-05, 1.6329108014745408e-05]
[-1.619619260001537e-05, 1.8784438988395102e-05]
[2.7889958354621047e-05, 1.8791920989025268e-05]
[2.775879302618911e-05, 1.6346009556356123e-05]
[-1.6087820896626415e-05, 1.6333222361331057e-05]
[-1.6023709327905866e-05, 1.8386101355849505e-05]
[2.7586289862602253e-05, 1.8393704106001163e-05]
[2.745641733048476e-05, 1.6349114061064984e-05]
[-1.591641510845232e-05, 1.633629709330009e-05]
[-1.5852474129385286e-05, 1.799541287000883e-05]
[2.7286067262322078e-05, 1.80031302423056e-05]
[2.7157465966543004e-05, 1.6351195118113893e-05]
[-1.5746243962000417e-05, 1.6338352449074556e-05]
[-1.568247695427072e-05, 1.7612206224260074e-05]
[2.6989231660889956e-05, 1.7620032295218024e-05]
[2.6861880596085186e-05, 1.6352272757425013e-05]
[-1.55772976410673e-05, 1.6339408312138204e-05]
[-1.5513707851466663e-05, 1.7236318694102692e-05]
[2.669572561420086e-05, 1.7244247737302487e-05]
[2.656960431168809e-05, 1.6352366496497073e-05]
[-1.5409566423485455e-05, 1.6339484058824905e-05]
[-1.534615696507924e-05, 1.6867591822344874e-05]
[2.640549308652318e-05, 1.687561830110429e-05]
[2.6280581594151364e-05, 1.6351495358279955e-05]
[-1.5243040682233477e-05, 1.6338598575804664e-05]
[-1.517981455312345e-05, 1.650587192808528e-05]
[2.6118479391989968e-05, 1.6513990489519514e-05]
[2.5994758270031504e-05, 1.6349677886551284e-05]
[-1.5077710886546303e-05, 1.6336770275182655e-05]
[-1.5014670960766807e-05, 1.6151008984499615e-05]
[2.583463117900031e-05, 1.6159214452693416e-05]
[2.57120814726175e-05, 1.634693216245875e-05]
[-1.4913567601471112e-05, 1.63340171118187e-05]
[-1.4850716638981076e-05, 1.5802857139701754e-05]
[2.555389637404204e-05, 1.5811144509381148e-05]
[2.54324996019073e-05, 1.6343275818453407e-05]
[-1.4750601488977555e-05, 1.6330356595872786e-05]
[-1.4687942139601784e-05, 1.5461274423644866e-05]
[2.5276224147774418e-05, 1.5469638854570533e-05]
[2.51559622881925e-05, 1.6338726053832797e-05]
[-1.4588803308179799e-05, 1.632580580873677e-05]
[-1.4526338115938842e-05, 1.5126122623110305e-05]
[2.500156487883487e-05, 1.513455943441544e-05]
[2.4882420359639834e-05, 1.633329948969031e-05]
[-1.442816391089563e-05, 1.6320381257650673e-05]
[-1.4365895322721034e-05, 1.4797267161803518e-05]
[2.4729870118200825e-05, 1.4805771826442715e-05]
[2.4611825791054365e-05, 1.632701281750748e-05]
[-1.4268674258799408e-05, 1.6314099524683545e-05]
[-1.4206604615318863e-05, 1.4474576984946363e-05]
[2.4461092555050357e-05, 1.4483145124533081e-05]
[2.4344131694942206e-05, 1.6319881858073426e-05]
[-1.4110325397942436e-05, 1.63069763245427e-05]
[-1.4048456950688237e-05, 1.4157924447810721e-05]
[2.4195185984121625e-05, 1.4166551827232698e-05]
[2.407929227260519e-05, 1.631192221113187e-05]
[-1.3953108475850406e-05, 1.629902715455378e-05]
[-1.3891443385871671e-05, 1.3847185208359925e-05]
[2.393210527329437e-05, 1.3855867731726867e-05]
[2.3817262786718363e-05, 1.6303149107110837e-05]
[-1.379701473697148e-05, 1.6290267146945592e-05]
[-1.3735555078608908e-05, 1.3542238124886197e-05]
[2.3671806333502854e-05, 1.3550971829867642e-05]
[2.355799953102089e-05, 1.629357742000126e-05]
[-1.364203552184362e-05, 1.6280711079896815e-05]
[-1.358078328217438e-05, 1.3242965000659357e-05]
[2.341424609264564e-05, 1.3251746055042979e-05]
[2.3301459801117197e-05, 1.6283221677237947e-05]
[-1.3488162267760728e-05, 1.6270373389137838e-05]
[-1.3427119361641981e-05, 1.2949251107341464e-05]
[2.3159382450899102e-05, 1.2958075803537472e-05]
[2.3047601866055256e-05, 1.6272096071023867e-05]
[-1.3335386507440372e-05, 1.6259268178053787e-05]
[-1.3274554768571978e-05, 1.266098416335959e-05]
[2.2907174276831643e-05, 1.2669848915347615e-05]
[2.279638494090408e-05, 1.6260214468766243e-05]
[-1.3183699869134813e-05, 1.62474092280096e-05]
[-1.3123081056720665e-05, 1.2378054864981003e-05]
[2.265758136477114e-05, 1.2386956203480626e-05]
[2.2547769160052855e-05, 1.6247590422846514e-05]
[-1.3033094075631801e-05, 1.6234810008730616e-05]
[-1.2972689877988053e-05, 1.2100356644673127e-05]
[2.241056441287803e-05, 1.2109291213979745e-05]
[2.2301715552175416e-05, 1.62342371803903e-05]
[-1.2883560944532135e-05, 1.6221483687017813e-05]
[-1.2823372980586e-05, 1.1827785588724993e-05]
[2.2166084997832236e-05, 1.1836750142379948e-05]
[2.205818601880294e-05, 1.6220167542491115e-05]
[-1.2735092382643032e-05, 1.6207442986582166e-05]
[-1.2675122209371281e-05, 1.156024035636749e-05]
[2.1924105550685802e-05, 1.1569231753938425e-05]
[2.1817143294911023e-05, 1.6205394473389756e-05]
[-1.2587680401743295e-05, 1.6192700797168502e-05]
[-1.2527929504457802e-05, 1.1297622103167981e-05]
[2.1684589333215154e-05, 1.1306637306696121e-05]
[2.157855094919725e-05, 1.6189930208021508e-05]
[-1.2441317093991877e-05, 1.6177269281325568e-05]
[-1.2381786900661496e-05, 1.1039834406367799e-05]
[2.144750041538357e-05, 1.1048870476926265e-05]
[2.134237334594502e-05, 1.6173786861917172e-05]
[-1.2295994647304465e-05, 1.6161160484362558e-05]
[-1.2236686526501117e-05, 1.0786783192495708e-05]
[2.121280365291467e-05, 1.0795837287302934e-05]
[2.110857562709345e-05, 1.6156976288095315e-05]
[-1.2151705340079921e-05, 1.6144386192240567e-05]
[-1.2092620603754156e-05, 1.0538376668367544e-05]
[2.0980464666697785e-05, 1.0547446037734165e-05]
[2.087712369164274e-05, 1.613951008572201e-05]
[-1.2008441541033754e-05, 1.6126957938511488e-05]
[-1.1949581442238788e-05, 1.0294525108256458e-05]
[2.075044982524643e-05, 1.0303607091921574e-05]
[2.064798417450442e-05, 1.6121399607049725e-05]
[-1.1866195707865845e-05, 1.61088870122561e-05]
[-1.180756145457984e-05, 1.0055141372256049e-05]
[2.0522726209781794e-05, 1.0064233397166777e-05]
[2.042112442773858e-05, 1.6102655964633783e-05]
[-1.1724960386816363e-05, 1.6090184465189505e-05]
[-1.1666553132116952e-05, 9.820139967586794e-06]
[2.0297261617896467e-05, 9.82923954490067e-06]
[2.019651250034782e-05, 1.6083290038548803e-05]
[-1.158472821155554e-05, 1.6070861118211432e-05]
[-1.1526549059392988e-05, 9.589437572676829e-06]
[2.007402452941509e-05, 9.598542295374823e-06]
[1.9974117120791224e-05, 1.6063312483105552e-05]
[-1.1445491902351002e-05, 1.6050927568511675e-05]
[-1.1387541909352317e-05, 9.362952833102955e-06]
[1.9852984091794923e-05, 9.372060372936364e-06]
[1.9753907681996363e-05, 1.6042733590904135e-05]
[-1.1307244261737903e-05, 1.6030394053512254e-05]
[-1.1249524442480396e-05, 9.1406063041366e-06]
[1.9634110102889624e-05, 9.149714409573129e-06]
[1.9535854209662418e-05, 1.60215638698169e-05]
[-1.1169978188008134e-05, 1.6009271027406236e-05]
[-1.1112489505554768e-05, 8.92232039700902e-06]
[1.9417372993768556e-05, 8.931426890401717e-06]
[1.9319927367367207e-05, 1.5999813191946988e-05]
[-1.1033686652228702e-05, 1.5987568310782407e-05]
[-1.0976430031034434e-05, 8.708019325343042e-06]
[1.920274381236875e-05, 8.717122100987407e-06]
[1.9106098425480944e-05, 1.5977491371499397e-05]
[-1.0898362712119525e-05, 1.5965295667719204e-05]
[-1.0841339035644326e-05, 8.4976290545824e-06]
[1.8990194206869315e-05, 8.50672607649594e-06]
[1.8894339249120318e-05, 1.5954608027279882e-05]
[-1.0763999507945599e-05, 1.5942462668672164e-05]
[-1.0707209619847946e-05, 8.291077252808865e-06]
[1.8779696411036495e-05, 8.300166552177579e-06]
[1.8684622282438834e-05, 1.593117258885668e-05]
[-1.063059026040758e-05, 1.591907869619158e-05]
[-1.0574034962768097e-05, 8.08829310305903e-06]
[1.8571223231927947e-05, 8.09737277679412e-06]
[1.8476920534415964e-05, 1.5907194300945893e-05]
[-1.0498128270697293e-05, 1.5895152949585434e-05]
[-1.044180833589814e-05, 7.889207815137134e-06]
[1.836474802136001e-05, 7.898276022988426e-06]
[1.8271207563591574e-05, 1.588268222901812e-05]
[-1.0366606919109955e-05, 1.5870694450637046e-05]
[-1.0310523080508949e-05, 7.693753743764908e-06]
[1.8160244683262938e-05, 7.70280870726614e-06]
[1.806745746502081e-05, 1.585764526429445e-05]
[-1.0236019664433549e-05, 1.584571204810148e-05]
[-1.0180172620666283e-05, 7.50186490400262e-06]
[1.7957687645342446e-05, 7.510904903862414e-06]
[1.786564485545261e-05, 1.5832092128853503e-05]
[-1.0106360042283491e-05, 1.5820214422368473e-05]
[-1.0050750458956426e-05, 7.3134767895055575e-06]
[1.7757051849642824e-05, 7.32250016433067e-06]
[1.7665744861394828e-05, 1.580603137929515e-05]
[-9.977621664880587e-06, 1.5794210090736005e-05]
[-9.922250175598002e-06, 7.128526331556806e-06]
[1.755831273914099e-05, 7.1375314760202535e-06]
[1.7467733108900152e-05, 1.577947127706647e-05]
[-9.849798216055028e-06, 1.576770727568233e-05]
[-9.794665426859916e-06, 6.946951861153128e-06]
[1.7361446245700574e-05, 6.955937223773745e-06]
[1.727158569758691e-05, 1.575242033435842e-05]
[-9.72288346479111e-06, 1.574071445220593e-05]
[-9.667989944756039e-06, 6.76869306925898e-06]
[1.7166428777554144e-05, 6.777657151624261e-06]
[1.7077279209576357e-05, 1.5724886504031588e-05]
[-9.596871242689708e-06, 1.5713239537029633e-05]
[-9.542217535352115e-06, 6.593690971667954e-06]
[1.6973237207340564e-05, 6.602632325991564e-06]
[1.688479068345794e-05, 1.5696877727788827e-05]
[-9.471755457235442e-06, 1.568529043649569e-05]
[-9.4173420784327e-06, 6.421887872087861e-06]
[1.6781848860975e-05, 6.430805100265946e-06]
[1.669409760673979e-05, 1.566840180317053e-05]
[-9.347530087633338e-06, 1.5656874914393715e-05]
[-9.293357525863577e-06, 6.253227328223421e-06]
[1.659224150618588e-05, 6.2621190801692705e-06]
[1.650517790469097e-05, 1.563946638827307e-05]
[-9.224189183310028e-06, 1.5628000596012992e-05]
[-9.170257897567202e-06, 6.08765398657507e-06]
[1.640439334521515e-05, 6.0965189587203206e-06]
[1.6318009929461308e-05, 1.5610079005135002e-05]
[-9.101726863358639e-06, 1.5598674971140092e-05]
[-9.048037294179245e-06, 5.925114078320082e-06]
[1.6218282990448918e-05, 5.933951012282446e-06]
[1.6132572450089366e-05, 1.5580247042901174e-05]
[-8.980137315428571e-06, 1.5568905398499755e-05]
[-8.926689875454752e-06, 5.76555459369521e-06]
[1.603388947488127e-05, 5.774362275057232e-06]
[1.5948844641844317e-05, 1.5549977762263634e-05]
[-8.859414794837317e-06, 1.5538699108363918e-05]
[-8.806209872869175e-06, 5.608923782374209e-06]
[1.5851192228494293e-05, 5.617701039128953e-06]
[1.576680607673353e-05, 1.5519278297904116e-05]
[-8.739553623460239e-06, 1.5508063206826073e-05]
[-8.686591585482795e-06, 5.455170990265046e-06]
[1.5670171071763273e-05, 5.4639166917613835e-06]
[1.5586436713843632e-05, 1.5488155662213288e-05]
[-8.620548189175459e-06, 1.547700467802171e-05]
[-8.567829378802738e-06, 5.30424663186535e-06]
[1.5490806206441832e-05, 5.312959687642227e-06]
[1.540771689328979e-05, 1.5456616619724528e-05]
[-8.502392940923365e-06, 1.5445530259172724e-05]
[-8.449917683756025e-06, 5.1561021619517255e-06]
[1.531307820651362e-05, 5.164781520183848e-06]
[1.523062731406677e-05, 1.5424668206087677e-05]
[-8.385082402084798e-06, 1.5413646959672178e-05]
[-8.332850995940166e-06, 5.010690048434796e-06]
[1.513696800903297e-05, 5.019334695599564e-06]
[1.5055149044984617e-05, 1.5392316955853413e-05]
[-8.26861114855415e-06, 1.5381361288313578e-05]
[-8.216623874568452e-06, 4.8679637478232785e-06]
[1.4962456905770471e-05, 4.876572706424831e-06]
[1.4881263502852793e-05, 1.5359569422779273e-05]
[-8.152973821839993e-06, 1.534867977431853e-05]
[-8.10123094147075e-06, 4.727877677301873e-06]
[1.4789526534719766e-05, 4.7364500058710846e-06]
[1.4708952447872736e-05, 1.5326432053541783e-05]
[-8.038165124513164e-06, 1.5315608839994166e-05]
[-7.986666880427373e-06, 4.590387192859868e-06]
[1.4618158871743114e-05, 4.598921984344528e-06]
[1.4538197975144662e-05, 1.529291118984588e-05]
[-7.924179819485122e-06, 1.5282154803952785e-05]
[-7.872926432422878e-06, 4.455448437301612e-06]
[1.4448336226241532e-05, 4.463944818455801e-06]
[1.4368982506840489e-05, 1.5259013071283745e-05]
[-7.81101272906426e-06, 1.5248323883054749e-05]
[-7.760004408524646e-06, 4.323018823471081e-06]
[1.4280041220005035e-05, 4.331475953328612e-06]
[1.420128878465432e-05, 1.5224743838082588e-05]
[-7.698658733956698e-06, 1.5214122195794655e-05]
[-7.64789566898294e-06, 4.193056252987937e-06]
[1.4113256799702656e-05, 4.201473322335003e-06]
[1.4035099862530487e-05, 1.5190109533547158e-05]
[-7.587112772489135e-06, 1.5179555764133212e-05]
[-7.536595135249069e-06, 4.065519600526812e-06]
[1.3947966216176777e-05, 4.073895831041563e-06]
[1.387039909922505e-05, 1.5155116106030375e-05]
[-7.47636983999822e-06, 1.5144630515884216e-05]
[-7.426097786256136e-06, 3.940368565824581e-06]
[1.378415302058511e-05, 3.948703209105675e-06]
[1.3707170150978332e-05, 1.5119769411903183e-05]
[-7.3664249873317544e-06, 1.5109352287379085e-05]
[-7.316398657086776e-06, 3.817563653973899e-06]
[1.3621801057711602e-05, 3.825855990485794e-06]
[1.3545396968794865e-05, 1.5084075094234928e-05]
[-7.25727331751802e-06, 1.5073726702341528e-05]
[-7.207492838640084e-06, 3.6970661546342765e-06]
[1.3460894458972028e-05, 3.7053154929855836e-06]
[1.3385063777793249e-05, 1.5048039078147113e-05]
[-7.1489099972010806e-06, 1.5037759667102524e-05]
[-7.099375476271597e-06, 3.578838122964001e-06]
[1.3301417636113477e-05, 3.587043799296863e-06]
[1.3226155090584335e-05, 1.501166683270938e-05]
[-7.041330236934318e-06, 1.500145663263508e-05]
[-6.992041769210422e-06, 3.4628423609128767e-06]
[1.3143355274608526e-05, 3.471003738042544e-06]
[1.3068655688397435e-05, 1.4974963867098179e-05]
[-6.934529303337378e-06, 1.4964823090296564e-05]
[-6.885486969671062e-06, 3.3490423989868123e-06]
[1.2986692327576765e-05, 3.3571588655134654e-06]
[1.2912550617250051e-05, 1.4937935608555497e-05]
[-6.828502514100165e-06, 1.492786445037031e-05]
[-6.779706378925998e-06, 3.237402357525454e-06]
[1.2831414012648423e-05, 3.2454733271403136e-06]
[1.2757825183062899e-05, 1.4900587405108912e-05]
[-6.723245238593467e-06, 1.4890586044064014e-05]
[-6.674695359087934e-06, 3.127887413634234e-06]
[1.2677505793756705e-05, 3.135912324508938e-06]
[1.2604464944498961e-05, 1.486292452673732e-05]
[-6.61875289587055e-06, 1.4852993125369363e-05]
[-6.570449313236804e-06, 3.0204630571961655e-06]
[1.2524953394182914e-05, 3.0284413712611258e-06]
[1.2452455708689136e-05, 1.4824952167341587e-05]
[-6.515020954833695e-06, 1.4815090872588588e-05]
[-6.466963697493444e-06, 2.915095560551695e-06]
[1.2373742778279406e-05, 2.92302676277445e-06]
[1.2301783524570897e-05, 1.4786675447131525e-05]
[-6.412044932679883e-06, 1.477688439069369e-05]
[-6.3642340168701406e-06, 2.8117518403314445e-06]
[1.2223860149235266e-05, 2.8196354381615496e-06]
[1.2152434677836776e-05, 1.474809941345856e-05]
[-6.309820394567733e-06, 1.4738378712408906e-05]
