[621.1227269477608, 616.6019213386355]
[-20.628477669280116, -14.402051352788884]
[-4.2809977913033315, -3.000356548693375]
[0.022085663011051082, -0.2064284299807717]
[0.21754787905460304, 0.0023649872607123257]
[-0.4653547299189018, -0.23962589527672762]
[-2.2444196828693492, -1.222483807362872]
[0.10566887005643189, 0.0035136670954614146]
[-0.08746400803033438, 0.048822189225012025]
[-0.738345301884328, -0.6428078444566729]
[-0.06404983188629387, -0.08389003763918446]
[-0.08582090735435788, 0.05554222875195691]
[0.08433337286486164, -0.09150407357748058]
[-0.2116245928127216, -0.16365340053297217]
[-0.3990273280274188, -0.19194098275929639]
[0.07469503296534998, -0.07007491884741412]
[-0.043806072936096285, 0.046670859904420436]
[-0.12095596399411646, -0.11226170787170275]
[-0.03339119775342425, -0.03669568317474847]
[-0.041718955376762956, 0.05761046660736824]
[0.01799632252211225, -0.00678429864182295]
[-0.12828231023907577, -0.1335684553023846]
[-0.08894522142698236, -0.04046032126521659]
[0.01181495956139944, -0.029960876587434626]
[0.00521010221885021, -0.025410263159601598]
[-0.062336778380551294, -0.04594398146741341]
[-0.06464561980773453, -0.04026175681836186]
[0.01657687707079525, 0.006009977429922486]
[-0.010654059501892021, 0.029839312104666504]
[-0.04116477813069608, -0.06288837899563227]
[-0.00683174353846816, -0.012383444465331905]
[-0.024889722858276286, 0.01009706055326376]
[0.010610995656149314, -0.01891265492190186]
[-0.056404770811511185, -0.0498145619985646]
[-0.034063931984738005, -0.019778159856389976]
[0.021360377087631832, -0.009836902768689981]
[-0.004613708170019493, -2.0398131219678817e-06]
[-0.021352477736126474, -0.0334257421499462]
[-0.017559063310589096, -0.02133590094867266]
[-0.0072890195744186315, 0.006725049778622427]
[0.0013103120141941815, 0.012083458314791073]
[-0.02328515351808136, -0.0322712513661938]
[-0.0013110442857202642, -0.006365988077789098]
[-0.004862822468439276, 0.0012956024142387612]
[0.0006926138234359946, -0.013401570242260519]
[-0.02865209225328691, -0.033284253295445154]
[-0.016975273784336276, -0.018738157395619126]
[0.009874260366228071, -0.0012481029814953581]
[0.0002474862015649504, 0.00670668112476136]
[-0.005481139190273154, -0.019778515608294356]
[-0.006887782134852305, -0.010799822960342098]
[-0.00793595026156435, 0.001271227493385707]
[-0.0001159460923911837, 0.002563608756072533]
[-0.017804970386055885, -0.022539807687744107]
[-0.00020379104226808664, -0.008949396267537324]
[0.0008190629034667829, 0.003076795938786292]
[0.0005617946249185657, -0.006062748066728574]
[-0.009957646510019291, -0.02287702384781931]
[-0.01328082175477241, -0.013722080346875831]
[0.003039382755473108, -0.0029709994026432263]
[0.0013378030971780142, 0.005146756871263536]
[-0.0037488109460140917, -0.010880784208122662]
[-0.0015217071130004811, -0.006547727507351553]
[-0.004492558956211146, 0.002258935027445258]
[-0.001034511671866023, 0.0007062362655581855]
[-0.0100290577338229, -0.018498624466323388]
[-0.0034721887448429523, -0.00957779436636641]
[0.0004577179264917408, 0.0012885218149126798]
[0.0022661127240142243, -0.003807969466439909]
[-0.002682717322455175, -0.012375135038949159]
[-0.009233853892403276, -0.007538013335598559]
[0.00239217332118824, -0.003080491632199145]
[-0.000161794214202704, 0.004541934115287027]
[-0.00386199351870653, -0.008230325032915431]
[-0.0003314322551051241, -0.006078179663619565]
[-0.004187859713980502, 0.0035014251815805864]
[0.0006671222302152557, -0.0007319077757559356]
[-0.004113440130524726, -0.012534720943162547]
[-0.0049701909266053335, -0.006473045989516368]
[0.0018667729164295321, -0.0015653879137769167]
[0.0013504757415088164, -0.0026776797375394346]
[-0.0023874271849747553, -0.0068363170736081]
[-0.005254095034976203, -0.00493285575794114]
[0.0012419511901722302, -0.000322527781053239]
[6.418110111461317e-05, 0.004460529944235292]
[-0.002347509933607439, -0.006412776471261594]
[-0.0009861351313356082, -0.0049539495532158195]
[-0.003692779735586793, 0.0019424420103746343]
[0.0011149975469306739, -0.0028494174297795105]
[-0.0030802017045910013, -0.0077868799578508785]
[-0.0036409747948660254, -0.004161433662907221]
[0.0034159657340104843, -0.001369687079360915]
[0.00037919009145692684, -0.0003283941677052482]
[-0.002290366448759684, -0.005115665144258763]
[-0.0036484164279348974, -0.0041639813100551315]
[-0.0011800472964114128, 0.0009828414169161803]
[0.0008906721254069438, 0.002677113177973034]
[-0.0018948990090663642, -0.004155748708521312]
[-0.00052858477986506, -0.0035249785899926778]
[-0.0015018742835239962, 0.0006305883113317812]
[0.00018046649672998072, -0.003109272764968196]
[-0.003317759248115948, -0.0065475803180521375]
[-0.0028293789032249883, -0.0038034108707076797]
[0.002475640523360134, -9.108500937093922e-05]
[0.0007815325667048789, 0.0011961314189834482]
[-0.0014577788839966743, -0.0035554085652929057]
[-0.0028706449951632074, -0.0030764425145299867]
[-0.002037359660352678, 0.0005277661329590178]
[0.0004699162888941455, 0.0007061199868481083]
[-0.0025435959865345303, -0.0036620243782564676]
[0.00017437425783628502, -0.0034106843516257257]
[-9.98687622688621e-05, 0.0008071907703380565]
[6.544547915643406e-05, -0.0019279598727899305]
[-0.0021654254085579083, -0.006135154667646331]
[-0.003298562270693778, -0.0031798145209291917]
[0.000852007250230713, -0.00017390599419081498]
[0.0009279420099858049, 0.0011209338147146752]
[-0.001415882934981294, -0.002080665398878745]
[-0.0016156002963660931, -0.0024216617701497967]
[-0.0014946249114744514, 0.0005194866603120962]
[-7.684970852139816e-05, 0.00011581383089032116]
[-0.0020858693768919245, -0.004490119249768387]
[-0.000378497853293025, -0.003507406726296347]
[-0.00018376822272669902, 0.000629184016368578]
[0.0005702393816090501, -0.0012967555003875475]
[-0.001017108564245195, -0.0045665582622207435]
[-0.003279451190025484, -0.0018941941274460694]
[0.0004954542161732522, -0.0005497549890038089]
[0.0003476753653544884, 0.0009920997196654069]
[-0.0015273560767459782, -0.0017941151069685995]
[-0.0007780537974565044, -0.0026017644426025444]
[-0.001360392194072635, 0.0008770609754701342]
[0.00026942572227339756, -7.159565006154e-05]
[-0.0007738926932930323, -0.004408526575125138]
[-0.0012088445202974585, -0.002548671252039114]
[-3.244337176178114e-05, -0.000261995522190972]
[0.0003992442296751886, -0.001129108444394178]
[-0.0009824105151671203, -0.002959235254417658]
[-0.002493525206825664, -0.0012808193291087289]
[0.0005089555055370898, -2.3236610685595238e-05]
[0.00023851817535480713, 0.0012434488035183433]
[-0.000875727153956618, -0.001857478899855547]
[-0.0006781000403703885, -0.0025112057489426465]
[-0.0014703563242547124, 0.00048665019834581713]
[0.0005522697641948682, -0.0006912532362926826]
[-0.0003717335120888149, -0.0034159025553690547]
[-0.0011878310533774972, -0.0014551911361325442]
[0.0006880227623817237, -0.00044301630451881735]
[-4.4901156409871135e-05, -0.0005016771578764678]
[-0.0010686695304371607, -0.002173960893261384]
[-0.0019660306185569354, -0.0013754535053887018]
[-5.680483091585753e-05, 0.0004982008749503386]
[0.000680418575821129, 0.0009920687856903587]
[-0.00033333735362695016, -0.0014229611199318981]
[-0.00040609067631436346, -0.0019092978801520388]
[-0.0009609898845197584, -0.00010183375714944987]
[0.000168508561030567, -0.0010068961498035378]
[-0.0007797701819831637, -0.0029012568591859633]
[-0.0009975633583962917, -0.0011976645618387849]
[0.0008247220489723261, 0.00016544441411658894]
[0.00010100286663794478, 0.00014455552536851712]
[-0.0007401289286015356, -0.0015317684172067025]
[-0.0016917881204299157, -0.001306993469821105]
[-0.0005145665179369097, 0.0003119988443511801]
[0.0007351453128445762, 0.0003370508675142325]
[-0.000564334730651872, -0.0012303637040431692]
[9.432161124833804e-05, -0.0016475309878205557]
[-0.00039064829743784557, -2.1255320432178593e-05]
[-0.0001282685356496227, -0.0006881905723670201]
[-0.0007998254436909491, -0.0028213667811323173]
[-0.0013204920867544434, -0.0011812989385142636]
[0.0003593948052484919, 0.00042007954048950413]
[0.00042227755566004443, 0.00016463730014892874]
[-0.0006232965561947523, -0.0008384185714430115]
[-0.0011282058281014695, -0.0011408264224597175]
[-0.00045173465398518076, 8.359855549067152e-05]
[0.000424485470547048, 9.47510453168654e-05]
[-0.0007501537238869815, -0.0017310002956591533]
[3.9766104857851675e-05, -0.0017340214662824316]
[-0.0004263001700106628, 0.0002147144753673058]
[-7.109578542996431e-06, -0.0004715367801086945]
[-0.00045602864988292247, -0.002340137481467941]
[-0.0015919846654587344, -0.0008244629397047287]
[0.00020557985299052284, 0.00021056731194568634]
[0.0003681581280483015, 3.515801743914082e-05]
[-0.0007561101554292016, -0.0006757050657629771]
[-0.0005834430621202702, -0.001277705344555402]
[-0.0004819505512785316, 0.00014591867506369427]
[0.0003722038136499961, 0.00015656402427466354]
[-0.0003739471176646969, -0.002086668341496456]
[-0.0004643070217751344, -0.0014506435747395074]
[-0.0005055780876673799, 2.6027375580356393e-05]
[-1.9820895865191313e-05, -0.0005851933006605359]
[-0.00039421370802302305, -0.0016325621340817012]
[-0.0013796793021803241, -0.0005461295809422659]
[0.0003570192184456089, 0.000210600859851362]
[0.00032367514858608337, 0.00022681692641701723]
[-0.000568236491186036, -0.0008954985925866965]
[-0.00047097968723014416, -0.0013639737672460073]
[-0.0007521671633195504, 1.531459530745849e-05]
[0.00042239866753601696, -3.3140825945410235e-05]
[-7.615432381474774e-05, -0.0018185904074211612]
[-0.000665982316013336, -0.0008872367797231329]
[-0.00012535006231612078, -0.00010376999430095069]
[-0.0002350195575229197, -0.0005064524101716095]
[-0.0004561989303271119, -0.0012493437282523612]
[-0.0010989037363986487, -0.0006001254418797619]
[0.0002351314418977679, 0.00035072874798158793]
[0.0005780823114127642, 0.00036080584491396395]
[-0.00022248161425205554, -0.0008531583896780326]
[-0.0004299393620077474, -0.0010904090426987131]
[-0.0007345851099165857, -0.00029581068207451544]
[0.00015523820316265535, -0.00029440423612500655]
[-0.00020357927773367868, -0.0014973690648494298]
[-0.0005663417363122036, -0.000656749701334669]
[0.00022839249766470893, 0.00019584980546616393]
[-0.000160647633353328, -0.00020266033153770735]
[-0.00030181258735428873, -0.0010092800189607232]
[-0.0009703336336430723, -0.0006095284849731986]
[-4.699097569615951e-05, 0.00020325462500636604]
[0.0007100408866480556, 0.0001924826999699647]
[-0.00025744158933815875, -0.0006645731335614968]
[-0.00017692307631844706, -0.000874456751555508]
[-0.00045472682034408685, -0.00026486724487972957]
[-0.00015768485719935832, -0.00026242526234598884]
[-0.0002738606418080103, -0.0014432093069369767]
[-0.0006359897507797196, -0.0006907393546029539]
[0.00018803991299121137, 0.0004497149649378418]
[0.00016320744208231375, -0.0001112572252586208]
[-0.00021380574448603973, -0.0006606814073593092]
[-0.0007277889092300871, -0.00048591475877968193]
[-0.00012627064623549344, -2.9115557864445307e-05]
[0.0005215419688600065, 8.34609832220945e-05]
[-0.00046340465859340263, -0.0007932241105911286]
[-8.230359304772783e-05, -0.0009722574628721059]
[-0.0003953178477034136, 2.3315466194717693e-05]
[-0.0001632942562415085, -0.00018569228207776511]
[-9.26226595576729e-05, -0.0013048295372463103]
[-0.0007919422037602764, -0.0005604910629746218]
[0.00011431606027345609, 0.0003539427243007265]
[0.00030093899888333775, -0.00018085932257316806]
[-0.0003828049872094397, -0.0004931095727156165]
[-0.0004211914043757703, -0.0005293663874847976]
[-0.00018852775329292193, -3.5809090873320515e-05]
[0.00036357989031518545, 0.00015487014297144164]
[-0.0003547901016740518, -0.0010338847794118255]
[-0.0003197494853356686, -0.0009989558743623839]
[-0.00047464823430498626, 8.427994792642446e-05]
[-9.951654107154262e-05, -0.0003195086920178003]
[-9.24641953881089e-06, -0.0010015022763846804]
[-0.0007206264734459511, -0.00034419332160762206]
[0.00020656313941003202, 0.00023771610684614197]
[0.0002891353253458573, -7.105351213143596e-05]
[-0.00045925403257579545, -0.0006158525434066808]
[-0.00036589911649220763, -0.0006730334436955143]
[-0.00042125477382609633, -4.003448916878316e-05]
[0.00033686472896488073, 9.448475259349332e-05]
[-9.13494020664124e-05, -0.0009765014092762841]
[-0.0004897494625696192, -0.000756942453121634]
[-0.0002983905680686294, -1.3077799330754591e-05]
[-0.00018491855798663526, -0.00039564275819808925]
[-8.189947734407732e-05, -0.000839376439201206]
[-0.0005616951162636941, -0.0002889989952213068]
[0.0001845380897924631, 0.00025610923920360573]
[0.0004002930692219575, 0.00010765927248801432]
[-0.000307584129864813, -0.0006468302038763474]
[-0.0004484995893104804, -0.0006252739471198088]
[-0.0005295736338331025, -0.00020797704488140223]
[0.00018343154549149698, -0.00010995290724213902]
[-2.5722128245864173e-05, -0.0007900797629823986]
[-0.00040381946554168824, -0.0005600726518856236]
[2.085952907959765e-06, 8.1969277266003e-05]
[-0.00018123466121244824, -0.00023747675866106488]
[-6.565546778949938e-05, -0.0007959483282642399]
[-0.0005280642950755698, -0.0002647999168031989]
[-6.840628544654836e-07, 0.0001806069391545595]
[0.0005105146360480095, 9.027836959006608e-05]
[-0.0002516359390224987, -0.00046957931637758854]
[-0.0003626504061065017, -0.0005116982110514312]
[-0.00036582435919441103, -0.00025628516820463965]
[-5.3299466548528684e-05, -0.00016626724333218545]
[-2.9174387422781223e-05, -0.0007703860491821146]
[-0.0003366569839260425, -0.0005345355391409568]
[7.793355093599352e-05, 0.00026031925585123794]
[2.5269646705350368e-05, -0.00010495782176578317]
[-3.3447568508981895e-05, -0.0006312970791542138]
[-0.0004785711433252793, -0.000152087504702747]
[-9.093452715358552e-05, 2.2387060392370373e-05]
[0.00041918845716226727, 4.398660787163777e-06]
[-0.00035725831883293147, -0.00040537409513996536]
[-0.00022395151433718397, -0.0005955197008453705]
[-0.00023885371374743336, -7.691634234174849e-05]
[-0.00010150384271145896, -0.00010184309222394106]
[9.029470000343487e-05, -0.0007820833436642527]
[-0.00038942336068314987, -0.0004448015550364559]
[1.5495014551225594e-05, 0.0002562811635807849]
[0.00017308049001729664, -0.00012663104254806434]
[-0.00018380218092284295, -0.0004520265192852202]
[-0.00033236302358674585, -0.00014286020427656254]
[-0.00010028962805064268, 5.260413159513533e-06]
[0.00029117798669919814, 2.7376712941951098e-05]
[-0.00032140735431607226, -0.0005203239282896566]
[-0.00027269756495751363, -0.0007232140226123285]
[-0.0002821001541171153, 2.7191424898403982e-05]
[-2.684870535091255e-05, -0.00014678343134355565]
[0.0001650016552621203, -0.0006711913801112634]
[-0.00037357787285480226, -0.0002525898321961151]
[3.1156769806139906e-05, 0.00018131843289070915]
[0.00016587203367762066, -0.0001045755442850016]
[-0.00034926687564773573, -0.00045694588022587856]
[-0.0002902468194914687, -0.00029369962983638587]
[-0.0002147423946595728, 4.7546718950242095e-05]
[0.0002825306084972834, 1.808700149896758e-05]
[-0.00011028187748474139, -0.0005480761631975473]
[-0.0003706652610901695, -0.00064808199379085]
[-0.0002525442546317258, -4.751341305214707e-05]
[-5.97933922349414e-05, -0.0002234132312367576]
[8.3558481723367e-05, -0.0005917440053912204]
[-0.00029139940511554996, -0.0001495387223612865]
[3.176902239496182e-05, 0.00020423234363328713]
[0.00019662264573977462, -3.2243879412585663e-06]
[-0.00031346744443480623, -0.0004897955927575526]
[-0.0003832121507892361, -0.00037424006445445357]
[-0.00032009309988033363, -5.424493738105142e-05]
[0.00024118566455530194, -0.00010936436604833122]
[1.857766826457441e-05, -0.0004624651133707802]
[-0.00031581554798226774, -0.0004872594547444542]
[-9.108433735974253e-05, -5.7766824517635484e-05]
[-0.00012486131998695749, -0.00014551654257871638]
[2.0847861578132676e-05, -0.0006041887162425708]
[-0.00029910229589796833, -0.00012397375143979872]
[-7.236769901164397e-05, 0.0002076864208847562]
[0.0002881214521940345, -5.148219187123271e-06]
[-0.00022393928832589727, -0.0003736941375548364]
[-0.0003815322472635607, -0.00033458028003668927]
[-0.00023192313222686334, -0.0001780559813612248]
[9.28934336829057e-05, -0.00016523661255488098]
[3.881378069391095e-05, -0.0004602215833156009]
[-0.00022649121831586072, -0.00041680642542375745]
[-2.0997586128199824e-05, 6.030900631337488e-05]
[-5.682892261926753e-05, -2.5604094572776945e-05]
[2.8401169800615356e-05, -0.0005335760938316447]
[-0.0003331156968551241, -5.033220623376633e-05]
[-0.00012581608872608285, 0.00011817569634109404]
[0.0002840010308893248, -9.358065799902615e-05]
[-0.00024619087462146583, -0.0002686992966509649]
[-0.00025882052219228235, -0.0003694761529101087]
[-9.975093098113508e-05, -0.00013736789263640858]
[1.4772028592124897e-05, -8.135134229292351e-05]
[0.00010520552010373496, -0.0005125369468459429]
[-0.00023951086334972338, -0.0003474194505769246]
[-7.769875077012767e-05, 0.00012550948342804347]
[4.193434161225973e-05, -3.1627042020865304e-05]
[-5.1805987752895355e-05, -0.00037547918175806494]
[-0.0002648723873803771, -1.5586145024615305e-05]
[-7.639345077592452e-05, 8.161380791049666e-05]
[0.00022308383251679054, -0.0001045328970068482]
[-0.00024430147816478787, -0.00031838101343284464]
[-0.00021978655750665155, -0.0004805842920598824]
[-0.00011671657051115503, -5.833058178561501e-05]
[5.064720537362177e-05, -3.722179204146414e-05]
[0.00016860327629175664, -0.00046857358913565683]
[-0.0002527232772745469, -0.0002052666209839682]
[-9.636853183137006e-05, 0.00012209973005672392]
[4.5270245876638526e-05, -7.430127149099519e-05]
[-0.00019556497040063014, -0.0003197723081998505]
[-0.0001991861670112005, -0.00012319586627662638]
[-8.51709720817162e-05, 0.00011417230107416132]
[0.00024310643652880604, -7.704321733026376e-05]
[-0.0001160449825696741, -0.0003778225922636408]
[-0.00027881660383743956, -0.00047836242099785764]
[-0.00017100523074198293, -9.487489662828724e-05]
[3.046809663071609e-05, -7.827097854673504e-05]
[0.00011429620235237081, -0.000392894283544179]
[-0.00020349407668251995, -0.00011240063642103948]
[-7.76643204879468e-05, 0.00016986052523645934]
[5.3451644043189805e-05, -5.409208453077685e-05]
[-0.00021724936954592433, -0.00035759403138463375]
[-0.00024613736922401985, -0.00023347534807349746]
[-0.0001622869233991464, 4.861439910458509e-05]
[0.0002700596143461187, -0.00012607372407380524]
[-7.259332843290167e-06, -0.0003425339413688222]
[-0.0002762613869473629, -0.0003670928222907488]
[-0.00012598342465863777, -0.00012989031312238275]
[-6.506546979939687e-05, -6.028087188353348e-05]
[4.159070448134239e-05, -0.0003927408997484866]
[-0.00019560862500564435, -0.00010760161457243345]
[-0.00011781301314225945, 0.0002175280711403972]
[0.00013792757179096476, -6.376199491460802e-05]
[-0.0001432772598455312, -0.000325256045349831]
[-0.0002829982728091568, -0.00022339540312725503]
[-0.00014393116754934931, -0.0001005625161509538]
[0.00018578744523492507, -0.00016391360699183344]
[4.561703301264597e-06, -0.00032298268939451313]
[-0.00022061906479842186, -0.00029929132023565064]
[-8.036477223188898e-05, -5.0303639097137864e-05]
[-8.586986728398305e-05, 1.5726430222490206e-05]
[5.326697037635886e-05, -0.00037597477606776675]
[-0.0002309299882604643, -7.627050414402148e-05]
[-0.00014618305499822237, 0.0001666815219654172]
[0.00018910740133959436, -0.0001396109766881315]
[-0.00013625460347892193, -0.00025253436311389876]
[-0.00021688126576757671, -0.0002059001444079528]
[-4.788729554377688e-05, -0.00014997663941718198]
[8.533174696223611e-05, -8.817926909870238e-05]
[3.23078471875099e-05, -0.00035348401131229945]
[-0.0002232455222855867, -0.00026810835094599056]
[-0.00011421020711602226, 4.1449466061660445e-05]
[-2.904117031499176e-05, 1.555543058426312e-05]
[4.727765515344373e-05, -0.00027576886764890673]
[-0.00019114280140697382, -2.3092585677564337e-05]
[-8.41901549232249e-05, 0.00010410030135399317]
[0.00017138343189726513, -0.00016279138133751259]
[-0.00016736731319122455, -0.00027064256264086595]
[-0.0001707412774087924, -0.00026586410839013475]
[-4.010009541044468e-05, -9.999797290682899e-05]
[7.398093229737945e-05, -6.3074716251110274e-06]
[9.718787468682155e-05, -0.00032218957916230195]
[-0.0002413870165967058, -0.0001909526076266932]
[-0.00013328831187919832, 7.362284352463444e-05]
[-7.121221016426205e-06, -4.429663982041809e-05]
[-4.0557900145454795e-05, -0.00021756400276840004]
[-0.00010684280005657243, -5.851702584980245e-05]
[-4.124025032647971e-05, 0.00011039551942992887]
[0.00018812450345273568, -0.00011720375964219265]
[-0.00012156401674223716, -0.0003243576211000576]
[-0.00022054051901998495, -0.00029624851895393434]
[-0.00010681828233116697, -9.350330553969943e-05]
[6.436787776864517e-05, -1.7960076752032705e-05]
[9.627895376951301e-05, -0.00023718874619593766]
[-0.00019436608112177733, -0.00012454410457718446]
[-0.0001038373828212702, 0.00011813124165155342]
[1.8093277743269631e-06, -5.9542266592105264e-05]
[-9.290635960901295e-05, -0.0002627619148693472]
[-0.00010760492297101631, -0.00013872627007549543]
[-9.309686142511264e-05, 8.332249553933552e-05]
[0.00023201676352748585, -0.00011636250318680652]
[-5.231790191373431e-05, -0.0003001792625982186]
[-0.0002607802520757721, -0.00024319312333020981]
[-0.00011438125404172883, -0.00011789393601567555]
[-1.142922177030381e-05, -3.605659588157284e-05]
[5.1990498458387435e-05, -0.00021372927184107327]
[-0.00014664575422698722, -0.00012870249760366104]
[-0.00011231996430194346, 0.00017193144997415533]
[6.971952707424123e-05, -6.16415701686357e-05]
[-6.265801196364551e-05, -0.00029229484989565235]
[-0.0001616813355900526, -0.00013867477221757296]
[-0.00012393807249011513, -3.1815903073745266e-05]
[0.00019139674702980947, -0.00015173244939387098]
[-4.5234901700802466e-05, -0.0002507850895435426]
[-0.000239850185530896, -0.00020453020666444388]
[-7.879182556750491e-05, -7.336350258820012e-05]
[-5.807040399018193e-05, 2.6257427051742943e-06]
[6.725086757207802e-05, -0.00023027601135812426]
[-0.00015087250606436037, -0.00012171493470100256]
[-0.0001465502225734966, 0.00014524110035214755]
[0.00013234010359568227, -0.00011252288920313158]
[-6.0032526211756254e-05, -0.0002587491771161854]
[-0.00015879814730490605, -9.737763639686148e-05]
[-6.734830073756859e-05, -0.00010837066524277406]
[9.42100367205545e-05, -0.00011790582706433517]
[-3.4882521403434286e-05, -0.0002469126901262775]
[-0.00023262459752371178, -0.00020940149959833287]
[-8.617296708521294e-05, 9.301446830534132e-07]
[-2.4730225504421277e-05, 1.829003963568776e-05]
[9.988307837553723e-05, -0.00019515266237168927]
[-0.00012768816253716508, -5.9754046478302514e-05]
[-0.00011747904776351903, 7.486710603332725e-05]
[0.00012322565353228843, -0.00014506006746098365]
[-0.00011028095531990037, -0.0002545103412898708]
[-0.00013703608775339493, -0.0001193307076625353]
[-2.9317053178226637e-05, -8.128935937345982e-05]
[5.855259155562731e-05, -4.4512066361163116e-05]
[3.216765496513729e-05, -0.00022427783556966396]
[-0.00024154946748700112, -0.00018190778190574353]
[-0.00010189875872074206, 2.7096835023665555e-05]
[6.882723791012957e-06, -1.8188372619520887e-05]
[5.6648176781803894e-05, -0.0001561816210878808]
[-5.2670012614775e-05, -3.437437596925941e-05]
[-6.793099414581505e-05, 6.563885883403842e-05]
[0.00011285547371664428, -0.00011170000553994974]
[-0.00011526933894534519, -0.00028692849874545345]
[-0.00017924082484765957, -0.00016452004870604053]
[-5.971290687678543e-05, -5.118599110909283e-05]
[6.735024809456647e-05, -3.3557089782143557e-05]
[7.563602976157213e-05, -0.00015053552264421288]
[-0.00019525432276534804, -0.00013059588353148133]
[-8.103732486641757e-05, 4.5887553724144325e-05]
[1.0817341400737313e-05, -3.126819267595948e-05]
[-9.323790456705616e-06, -0.00019296413585245809]
[-2.822759789233853e-05, -7.454341896073746e-05]
[-9.247021174629833e-05, 7.909056233090794e-05]
[0.0001452173236495824, -9.683304766749945e-05]
[-6.979507512105965e-05, -0.00026648578892873864]
[-0.00023283414381775058, -0.00015672191418247827]
[-7.120923277192936e-05, -6.586685435405748e-05]
[3.7119710652122606e-05, -5.529380789071059e-05]
[5.963309046697063e-05, -0.00011411553169923816]
[-0.00012394700314932727, -0.00012384183984193164]
[-8.57202084910691e-05, 8.92311672438667e-05]
[4.6048286875294275e-05, -1.8842862847479047e-05]
[-1.7826562474287933e-05, -0.00024242285515458512]
[-7.998061900028495e-05, -8.722392056226269e-05]
[-0.00013651822475069242, 2.619099476865172e-05]
[0.00014085981243461276, -0.00013941064774203316]
[-5.380337137805835e-05, -0.0002056987989070974]
[-0.00022854764097658686, -0.00013914417138793933]
[-3.887607046210162e-05, -5.7287373953829324e-05]
[1.8671806154002546e-07, -3.073046845514238e-05]
[6.20967272916273e-05, -0.0001400381752622859]
[-0.00010381025992420301, -0.00012679922151487277]
[-0.00013781389138034505, 8.943202354080859e-05]
[9.178805933088285e-05, -4.8518001559860746e-05]
[-1.9375372713792416e-05, -0.00023095988616494978]
[-0.00011376683031227852, -5.40225287830598e-05]
[-0.00010448128693829606, -4.0596456400712744e-05]
[7.502118964980431e-05, -0.00015242841629950488]
[-5.031091501965209e-05, -0.00018441870269489315]
[-0.00021108428102962692, -0.0001552318212354178]
[-3.3177177440030237e-05, -1.8936029211838457e-05]
[1.6775732493881645e-05, 6.122752584582225e-06]
[9.43637981268286e-05, -0.00014445931067114115]
[-9.90203483882679e-05, -7.717107931586031e-05]
[-0.00015341470030172388, 3.699943682600182e-05]
[7.94321188757885e-05, -9.567820605291266e-05]
[-6.253250477236683e-05, -0.00021264520068797754]
[-0.00010854195116516419, -5.7323637374567804e-05]
[-4.284027608716934e-05, -3.718506245359299e-05]
[3.9005498814581596e-05, -0.00010497942504386626]
[1.7373438851581158e-06, -0.00017924991042916893]
[-0.00021433946298410333, -0.00015038164243201535]
[-5.5326732577271054e-05, -1.1277900409223385e-05]
[4.219302283969828e-05, 3.1793285842213193e-06]
[7.767348650264752e-05, -0.00011672128800732651]
[-5.1830013466758196e-05, -2.9112994549064172e-05]
[-0.0001161778790829543, 2.332064423327118e-05]
[4.611341732174701e-05, -9.456873862759285e-05]
[-8.30477774966254e-05, -0.00023117412500284207]
[-0.00013180631404963172, -0.00010001867141778975]
[-2.9653947788615964e-05, -9.937227951839489e-06]
[6.045285990829985e-05, -7.419910929498674e-05]
[5.701963537685373e-05, -0.00013270113114727256]
[-0.00018644306494020046, -0.00010453548349248498]
[-5.5272631964253804e-05, -1.5897374913254048e-05]
[3.3301946090857903e-05, 7.847131194838042e-08]
[1.8323922234775303e-05, -0.00012852011696140586]
[-1.627135278636782e-05, -4.57893883216709e-05]
[-0.0001099967214239772, 5.947433602859764e-05]
[6.146955934394072e-05, -8.438701931079429e-05]
[-4.7086283014419195e-05, -0.00022791277443534597]
[-0.0001761252526645274, -0.000109704922437448]
[-3.06818345676696e-05, -2.3163263936254452e-05]
[6.689163344020255e-05, -7.78630441330419e-05]
[5.3231083674165625e-05, -8.977679637045544e-05]
[-0.0001233768807962221, -8.241358264449161e-05]
[-6.274730495048342e-05, 1.6550186501373965e-05]
[3.5078677676769754e-05, 1.8262568304394655e-05]
[-4.061609201855276e-06, -0.00016860415690450603]
[-4.507329318792497e-05, -7.386104766027302e-05]
[-0.0001397276033390238, 5.730929672131957e-05]
[8.493736481951508e-05, -0.00012418447308892855]
[-2.0580973693618e-05, -0.00018276926396834647]
[-0.00017970708529710389, -9.169294818878182e-05]
[-5.947542663142791e-06, -3.907172020653493e-05]
[4.470739598518014e-05, -5.461344508539412e-05]
[3.586759816220919e-05, -9.978974691490089e-05]
[-9.52912925541137e-05, -9.247667076905941e-05]
[-0.00011775773642508369, 4.35082614330326e-05]
[6.185207787826746e-05, 1.8135338366587206e-06]
[3.4729185798276774e-06, -0.00016910417423565693]
[-8.045807980276709e-05, -6.0911129187934954e-05]
[-0.00012304861919892884, 9.071754234576956e-06]
[5.864064565638816e-05, -0.0001622767681196957]
[-2.4783223859070613e-05, -0.00016079849146599656]
[-0.0001615761071427635, -9.570100390093872e-05]
[5.434849201235714e-07, -2.580833288950979e-05]
[4.591730619435408e-05, -7.917218774300405e-06]
[5.106778353500263e-05, -0.00011028334541088314]
[-0.0001027489733280984, -7.39684889455583e-05]
[-0.00016050264929901026, 1.9328933171761098e-05]
[5.595439517883105e-05, -5.439340730896414e-05]
[-1.5388522784664377e-05, -0.00015076779252023997]
[-7.570173591895518e-05, -5.2968747312559517e-05]
[-6.029429365270178e-05, -9.815727891868131e-06]
[2.9016263366370143e-05, -0.00013869042583733449]
[-4.4595743234343566e-06, -0.00016955546112196185]
[-0.00016921338771146155, -9.676541801240113e-05]
[-2.857449332598072e-05, -2.4019396030694473e-05]
[6.016397865954426e-05, 7.881988167535159e-06]
[5.22359429226682e-05, -8.260175043095508e-05]
[-8.063930114060591e-05, -3.693597457771203e-05]
[-0.00013926971032157676, 2.2436069441189588e-07]
[1.892752021942501e-05, -8.165318713401759e-05]
[-3.430169275214778e-05, -0.00016862586231053411]
[-7.718406806062061e-05, -7.782725498912957e-05]
[-2.5303079198596423e-05, 2.8945451442385917e-06]
[4.498800938035341e-05, -9.722876418589987e-05]
[3.549192003225385e-05, -0.0001475553468420765]
[-0.0001712855840712013, -6.0327606659797695e-05]
[-4.4001126907493304e-05, -3.7201346262061286e-05]
[4.542658646355946e-05, 5.479815464747018e-06]
[1.5568695441850466e-05, -6.928519811133516e-05]
[-3.860153542534217e-05, -4.452276588214066e-05]
[-0.00011099960757410265, 2.986361214163402e-05]
[1.8733438269524783e-05, -7.571854647489551e-05]
[-8.672963395683908e-06, -0.0001907721885612279]
[-0.00010800197676474887, -8.399247810592092e-05]
[-2.1290658808237328e-05, -6.838157339261741e-06]
[6.323273381314554e-05, -8.378791941066055e-05]
[3.5130332871669e-05, -0.00010020115400277696]
[-0.0001351442974718564, -3.253185919022128e-05]
[-4.558778207641723e-05, -1.6137740368904474e-05]
[3.0178622992038662e-05, 1.9344074902449826e-05]
[-1.6399909887887532e-06, -9.416504873427378e-05]
[-3.546650555852349e-05, -7.924108770995808e-05]
[-0.00012147196105805058, 4.9079357679615576e-05]
[5.092342015744489e-05, -9.66034479483735e-05]
[1.962482241568697e-05, -0.00017322542331865698]
[-0.00012188648244371159, -5.6167489429270745e-05]
[-6.406864412888957e-06, -2.6428173218795425e-05]
[4.979913555247517e-05, -6.558739211315334e-05]
[7.998928523211823e-06, -8.343593776632963e-05]
[-0.00010648275111135863, -4.83014903296386e-05]
[-8.12904534400749e-05, 2.3007518258510995e-05]
[4.8871847788900524e-05, 1.55081305064364e-05]
[1.7694631309961295e-05, -0.00010640615302909273]
[-5.424830320310825e-05, -8.060893411632186e-05]
[-0.00012083540910745594, 1.7750242496145097e-05]
[5.020567655128483e-05, -0.00013466343238588419]
[8.774253953069966e-06, -0.00015379539216094085]
[-0.00011316319091770471, -4.274451599073359e-05]
[1.5465473658382578e-06, -1.800610962546939e-05]
[4.229576098065818e-05, -2.6958151898459626e-05]
[9.587690828705142e-06, -8.328602914285665e-05]
[-0.00011203485530224266, -6.097568251151042e-05]
[-0.0001281945592039313, 1.9066325517000382e-05]
[5.971505817643774e-05, -3.1630329561327386e-05]
[2.112877889187681e-05, -9.79152309743131e-05]
[-4.64428330827632e-05, -6.333513636286314e-05]
[-7.927537562346654e-05, -1.1842563677019746e-05]
[2.2077601521314216e-05, -0.0001300703187767649]
[-8.207636676416108e-07, -0.00016220990868180685]
[-0.00012615479623592774, -4.628421304295194e-05]
[-2.2388543286316898e-05, -7.6027765719965945e-06]
[5.385327779017235e-05, -9.613479640124822e-06]
[2.3283420575656577e-05, -5.662459032877015e-05]
[-0.00010256103369083586, -4.5377627239190366e-05]
[-0.0001251847649920805, -9.969562541765203e-06]
[3.311361173013137e-05, -6.862209920356632e-05]
[4.4760809069996355e-06, -0.00011690072592115963]
[-3.564675008985163e-05, -6.757774194162541e-05]
[-4.568096789042686e-05, -7.863018923526255e-06]
[1.93292778511156e-05, -9.436601996822003e-05]
[1.7972843802976923e-05, -0.00015371201718650251]
[-0.00014993297519991233, -2.6937932616349913e-05]
[-3.984190499119189e-05, -1.8953487939288305e-05]
[4.871755652480214e-05, -1.7072647416696562e-05]
[9.964719812571854e-06, -3.1813429503479984e-05]
[-5.9861359195667596e-05, -4.6576153359359496e-05]
[-9.46143589692916e-05, -5.73187922403573e-06]
[1.7140774071000564e-05, -6.243801845262631e-05]
[1.3944496192720701e-05, -0.00015452717103492386]
[-5.792682947891592e-05, -6.808715200057325e-05]
[-4.1538416914592945e-05, -6.3774526751769756e-06]
[3.216074137601943e-05, -7.819490226512347e-05]
[2.300355249025554e-05, -0.00010857498858574122]
[-0.0001384665497653481, -2.3220159441686428e-06]
[-3.007769597759835e-05, -1.4331884842455622e-05]
[3.4571777360659084e-05, -9.356268293597703e-06]
[-1.4647755561258968e-06, -4.6996297696555445e-05]
[-3.429938437060631e-05, -7.531651968500919e-05]
[-9.541191753470457e-05, 1.278954963468415e-05]
[3.639299755930914e-05, -6.030746224294781e-05]
[3.785994246369162e-05, -0.00015827749640395794]
[-8.265453611877582e-05, -3.87146091238022e-05]
[-3.1442407154025354e-05, -1.5201076491777599e-05]
[2.5161764656278507e-05, -7.22624369698388e-05]
[9.278397629097768e-07, -7.456344006318005e-05]
[-0.00010944992040673451, -1.5248011031365749e-05]
[-3.8261900355385237e-05, 1.6699330067537765e-05]
[5.0816778075724045e-05, 2.573971454089552e-06]
[1.8383253512110898e-05, -6.913870207209127e-05]
[-3.96181390894812e-05, -8.294392103314063e-05]
[-0.00011020360676983199, -2.222776874505339e-06]
[4.179413096350171e-05, -8.65327393546611e-05]
[3.0343186935399835e-05, -0.00013838950575656428]
[-8.362442777798407e-05, -1.6024659855728984e-05]
[-1.4902560318219571e-05, -2.5289102520975604e-06]
[1.8926246971029403e-05, -5.02278359231223e-05]
[-4.062096625512268e-06, -6.69350440819505e-05]
[-0.00010396518861960358, -4.130874991670197e-05]
[-7.671593129487952e-05, 2.0757078502853243e-05]
[7.546086307574917e-05, -1.989602737340057e-05]
[3.19117362356236e-05, -6.891584347114288e-05]
[-3.57218212571897e-05, -6.321884486581997e-05]
[-9.572406197999594e-05, -2.7349929945272885e-05]
[1.3126184906306002e-05, -9.796841328801875e-05]
[9.559324899766075e-06, -0.00013660368596329908]
[-9.22679012368699e-05, -2.1011484770350197e-05]
[-2.2265336544091685e-05, 1.8202232725514356e-05]
[3.6584179406037864e-05, -3.6167061873482176e-05]
[1.2391018412882815e-05, -4.922603620087507e-05]
[-9.995814409978487e-05, -3.946265037013674e-05]
[-9.328385077800316e-05, -1.4012520733297507e-05]
[6.21218662393841e-05, -5.1497486868279374e-05]
[1.629806011071988e-05, -7.949968496305526e-05]
[-2.358011098506363e-05, -5.7073942079849393e-05]
[-7.173656407610807e-05, -2.2993887457772866e-05]
[-6.117104049727096e-06, -8.018516243032958e-05]
[1.6040102252840027e-05, -0.0001351586913737185]
[-0.0001179277697220052, -1.7493865043835544e-05]
[-3.470160862951814e-05, 1.135853386666566e-05]
[4.894690641943193e-05, -4.4693957328758097e-05]
[9.990880932141122e-06, -2.5561069040329343e-05]
[-6.726384161682974e-05, -3.322085398745761e-05]
[-7.682721856111518e-05, -3.3217137235849736e-05]
[3.289485287462368e-05, -4.776418967816776e-05]
[1.1403217000063859e-05, -0.00011342195151672896]
[-3.853779673790303e-05, -6.104614209941073e-05]
[-6.597908230067395e-05, -9.304260420228694e-06]
[-1.20706049347441e-06, -7.109909353997246e-05]
[2.866448666541399e-05, -0.000103523661927174]
[-0.00011959505364628198, 3.7201850419249505e-06]
[-2.060497515740667e-05, -1.58095129676461e-06]
[4.2966515386766435e-05, -4.0812255171995826e-05]
[-5.073324808584079e-06, -3.319561528841719e-05]
[-3.786326782834193e-05, -5.1075150218793386e-05]
[-7.566925260528261e-05, -2.2609036479104283e-05]
[2.9882062473673976e-05, -3.3192606103488176e-05]
[3.2076045574314094e-05, -0.00012670252157398476]
[-6.604409906674213e-05, -4.2915668777884775e-05]
[-5.556735016588876e-05, -7.660458375302603e-06]
[-1.0764417200936904e-06, -7.588943606999521e-05]
[1.7415089374084314e-05, -7.046462289128641e-05]
[-9.259195137134579e-05, 4.540671700831167e-06]
[-1.0103074429196335e-05, 1.0944628217712804e-05]
[5.285494664952761e-05, -1.6917697021612277e-05]
[2.8665175584863256e-06, -5.6751037992186504e-05]
[-4.011879400700469e-05, -6.413398137850024e-05]
[-9.659159339031609e-05, -2.2934990726586335e-05]
[3.194283651508645e-05, -4.761742857012363e-05]
[3.917471560788144e-05, -0.00010808600217615538]
[-6.977424904730523e-05, -1.944557923105883e-05]
[-3.008592531866805e-05, 4.431633777945976e-06]
[-2.1884775118774513e-06, -6.612063109939781e-05]
[7.036050717168507e-06, -6.419517331829327e-05]
[-7.866625663160987e-05, -1.5379229195033872e-05]
[-3.672122750264517e-05, 1.8229397200197894e-05]
[7.941264523314562e-05, -1.4413178677008531e-05]
[1.759958493807723e-05, -5.757898769082059e-05]
[-4.5040297577902955e-05, -5.265927924025249e-05]
[-9.893278120598481e-05, -3.7109516699884715e-05]
[8.28672358277327e-06, -6.894583466487969e-05]
[2.6144342596734482e-05, -9.804153663897641e-05]
[-6.555118531884063e-05, -2.0329038786681686e-05]
[-2.130452922755044e-05, 2.799682835505357e-05]
[1.9327960878390282e-05, -5.115228799035254e-05]
[1.5307130307395944e-05, -5.857880618399813e-05]
[-8.027411004588036e-05, -1.7715872411949718e-05]
[-6.68784393830224e-05, -9.809522556428196e-06]
[7.760302744303643e-05, -3.710562604586354e-05]
[7.676349339513777e-06, -5.2430963440420336e-05]
[-3.5445907693068546e-05, -4.7795119065885405e-05]
[-8.129013990570977e-05, -3.201220502251079e-05]
[-1.5700370777499417e-05, -6.766194302659789e-05]
[2.88754879474995e-05, -0.00010270277999455124]
[-7.883085571243342e-05, -2.265356875713609e-05]
[-3.1107442174993505e-05, 2.729041695422041e-05]
[4.3425206234681824e-05, -5.4722564595655054e-05]
[1.201421029309313e-05, -3.93857903995265e-05]
[-6.548960492820666e-05, -7.395264232656906e-06]
[-6.667972204088546e-05, -3.805110630647479e-05]
[4.5579193390862804e-05, -4.2576390232113015e-05]
[-2.3688314329806115e-06, -7.036776490999819e-05]
[-3.924942627413219e-05, -6.021294651660514e-05]
[-7.221138188127918e-05, -1.4519322471626822e-05]
[-1.5082434922930599e-05, -6.337954949172178e-05]
[4.4726446461529346e-05, -9.088320696261365e-05]
[-8.553613792105022e-05, -1.79213501550618e-06]
[-2.4889546177742083e-05, 6.136244048077222e-06]
[4.3229391459898014e-05, -5.5462316668968004e-05]
[-1.0838791199230258e-05, -3.6521340033651706e-05]
[-4.4448526939383504e-05, -1.803891320600881e-05]
[-6.300114158126757e-05, -3.527040263059944e-05]
[2.742070340727709e-05, -2.9167025334841945e-05]
[1.707614000702462e-05, -8.65712145105002e-05]
[-5.9321388479138815e-05, -5.750744064479674e-05]
[-6.33164157003846e-05, -1.0693037953479756e-05]
[-1.047206054632932e-05, -6.99358421102636e-05]
[4.0439779115178376e-05, -6.92827933910789e-05]
[-6.65647790959456e-05, 1.535043899446309e-05]
[-9.585446198993874e-06, 4.306362228811977e-06]
[4.233354949212398e-05, -3.257455701705797e-05]
[-1.7573087274479204e-05, -5.2826212832313146e-05]
[-4.7457212980717145e-05, -3.854457438123675e-05]
[-7.758965158757847e-05, -2.8185873276354023e-05]
[2.7400723963899587e-05, -3.411224997260098e-05]
[3.9832153596874864e-05, -7.585308176616401e-05]
[-6.167831083514486e-05, -3.631470573633999e-05]
[-3.848129046685189e-05, -6.4356902701456775e-06]
[-1.1452005237222451e-05, -6.459231261088383e-05]
[2.382805146255995e-05, -6.639987938272807e-05]
[-5.203912196871663e-05, 9.074067188752366e-06]
[-2.2944462865825965e-05, 1.5952693812271157e-05]
[6.181322416876078e-05, -1.7598648960115426e-05]
[-3.8866771723267135e-06, -5.2398178222889946e-05]
[-5.847094917255102e-05, -4.076851350376387e-05]
[-8.360848880578642e-05, -3.631514001445346e-05]
[1.4693470484994364e-05, -5.439302901105725e-05]
[4.070656127114214e-05, -6.490493484034854e-05]
[-4.7061470903719815e-05, -2.741116383331299e-05]
[-2.2983101278906126e-05, 1.3647222727508623e-05]
[3.3991095934049476e-06, -4.6549134895879085e-05]
[2.0329772270399893e-05, -6.834493051305346e-05]
[-5.8798201835519315e-05, 5.299719098017519e-06]
[-5.341310867412741e-05, 4.262953429257088e-06]
[7.103204445146893e-05, -3.387206770655293e-05]
[-2.684667356978032e-06, -3.601623221943795e-05]
[-5.0813748252109825e-05, -4.016568077513938e-05]
[-6.89071091256599e-05, -3.69949427184435e-05]
[-5.334025976161394e-06, -5.854803050098223e-05]
[4.1616708094438515e-05, -7.324874483646826e-05]
[-4.697525311972428e-05, -2.6987568861658318e-05]
[-3.370660495166655e-05, 2.2798110386322568e-05]
[2.764460401249308e-05, -4.431883974087558e-05]
[1.4672593795950206e-05, -5.2010851862762525e-05]
[-5.96702350059786e-05, 1.366261085122833e-05]
[-6.08951505005062e-05, -2.0911722072546046e-05]
[4.9996903295199124e-05, -4.9990250842013584e-05]
[-1.0366520013571634e-05, -3.8594552101020585e-05]
[-4.262226680210035e-05, -5.580951080885743e-05]
[-5.893024792202883e-05, -2.4986319239625465e-05]
[-8.172400441985861e-06, -5.1681501827105514e-05]
[5.397196914846969e-05, -7.618817960360069e-05]
[-5.591402025670322e-05, -7.915779277029023e-06]
[-4.057036129562208e-05, 7.84143736606846e-06]
[3.0659196219876006e-05, -5.283167534442246e-05]
[-9.869276632226698e-06, -3.828240742477507e-05]
[-4.694042356197248e-05, 6.294485211930101e-06]
[-5.1924493580358944e-05, -2.6092321829131182e-05]
[3.0272452231000502e-05, -4.382862933567655e-05]
[4.595569851599535e-06, -5.564419981407857e-05]
[-5.204426124712875e-05, -6.344431541904436e-05]
[-5.71746014807889e-05, -2.357532904075782e-05]
[-5.03891434886633e-06, -5.303772910710686e-05]
[5.227131904225746e-05, -6.388347468661015e-05]
[-4.811138185537023e-05, 1.712267896547548e-05]
[-2.864907224917057e-05, 1.585664635678219e-06]
[2.198166180536476e-05, -4.365542977773085e-05]
[-2.579578257659587e-05, -4.575906515227879e-05]
[-4.699726818604977e-05, -1.8520774161465137e-05]
[-5.460071635753072e-05, -2.1408586740490065e-05]
[3.104926712704792e-05, -3.999010414013071e-05]
[3.253451514440009e-05, -5.6234404553379136e-05]
[-5.587184314298499e-05, -4.593689126648759e-05]
[-4.347354414629273e-05, -2.7269525196882416e-05]
[-1.2063887391611239e-05, -4.95542692794948e-05]
[3.312085185847892e-05, -5.9878132593782496e-05]
[-3.628488310614131e-05, 2.0311723924582026e-05]
[-2.7916073006777065e-05, 1.6575245357974833e-05]
[3.312764582241723e-05, -2.921411362286075e-05]
[-1.4550325795295582e-05, -4.894728813098492e-05]
[-5.851118540667333e-05, -3.05312291915133e-05]
[-5.8804680199447956e-05, -3.094135726200431e-05]
[2.838705352736781e-05, -5.00854540748108e-05]
[4.210698334053409e-05, -4.776720013777158e-05]
[-4.1532973902635995e-05, -2.8656641393481896e-05]
[-2.9374520000957638e-05, -1.2102534053815006e-05]
[-1.1194657300706012e-05, -3.240647172014777e-05]
[2.3269963669969584e-05, -6.355933710922024e-05]
[-4.2389338802406584e-05, 1.418941626168957e-05]
[-4.718006769854899e-05, 2.0188091800821262e-05]
[5.2031444946532e-05, -3.966358484130961e-05]
[-3.694404833887166e-06, -3.367864383929664e-05]
[-5.4270859147997896e-05, -2.9853349536312912e-05]
[-4.801888908095853e-05, -4.110342404611833e-05]
[1.3007129357922587e-05, -5.0886377314374176e-05]
[4.069936985756639e-05, -5.324219912078432e-05]
[-3.469733810074205e-05, -2.4829427966166495e-05]
[-3.887213389774935e-05, 8.048664074444822e-06]
[6.107921772136038e-06, -2.7106040860314096e-05]
[2.0923570921982382e-05, -5.1196712937851e-05]
[-4.910218083536977e-05, 1.816749963856612e-05]
[-5.45837488397094e-05, 1.7538560440621964e-06]
[4.8780686662752704e-05, -6.0045201442426865e-05]
[-8.298331952538707e-06, -2.8089859685692664e-05]
[-4.087548506123695e-05, -3.99510465414199e-05]
[-4.0235633585627983e-05, -3.693231421787735e-05]
[4.994411448695779e-06, -3.8875861294696e-05]
[4.7715914023194195e-05, -5.9393077838499134e-05]
[-4.338578075086842e-05, -1.302165036026759e-05]
[-5.388175047810195e-05, 7.458232118777441e-06]
[1.3695556798188485e-05, -4.2306373385481155e-05]
[3.7542782551636122e-06, -3.2953108682030885e-05]
[-3.910576810157995e-05, 1.5398331488614136e-05]
[-4.245789516527099e-05, -1.1236826582272652e-05]
[3.539305101028789e-05, -5.9952301238896943e-05]
[-3.5874056082685346e-06, -4.295888555456984e-05]
[-4.402055965319063e-05, -5.12222369595805e-05]
[-4.645957427948377e-05, -3.542140074691558e-05]
[3.4877576418762546e-06, -3.4853627984721136e-05]
[4.9461981539322686e-05, -4.935112702658673e-05]
[-4.2934681055067925e-05, 8.588719855220917e-06]
[-4.73820121128371e-05, 2.331074350964135e-06]
[5.390450440748151e-06, -4.928732572411637e-05]
[-1.534464565418857e-05, -3.579887206400095e-05]
[-3.273536860921855e-05, -5.313697735659026e-06]
[-3.690882355814051e-05, -1.3510860277596987e-05]
[3.565645654960564e-05, -4.968860371954223e-05]
[1.7315582189508794e-05, -5.0668228770117674e-05]
[-5.36832424661432e-05, -4.094723771778941e-05]
[-4.5855898857305455e-05, -4.140825598461517e-05]
[-8.626510967807421e-06, -3.50875857465377e-05]
[3.5094240421820744e-05, -4.06846496788793e-05]
[-3.0983621109564874e-05, 1.4941103756230256e-05]
[-3.620493513488421e-05, 1.4926836608336602e-05]
[1.034327934007484e-05, -4.0666230984962026e-05]
[-1.0934396539347135e-05, -4.7303066667170324e-05]
[-4.2143579615516735e-05, -1.9308149182134526e-05]
[-4.051368468389188e-05, -2.5355937926074823e-05]
[3.691295284585783e-05, -4.9179707512746196e-05]
[2.8761230537792393e-05, -4.2773267064477594e-05]
[-4.811686490413525e-05, -2.3304855213582276e-05]
[-3.478768252031944e-05, -3.144475802346891e-05]
[-1.9257270303552065e-05, -2.379306837967804e-05]
[2.60584485470422e-05, -4.425365314819629e-05]
[-2.9483463882984395e-05, 7.670636480439086e-06]
[-4.2561610477165335e-05, 2.5421852546780865e-05]
[3.2673214170109155e-05, -4.349736149461547e-05]
[1.6666329639702937e-06, -4.2351604040813395e-05]
[-4.5476569788205357e-05, -1.5478619132869298e-05]
[-3.510287144486979e-05, -4.1224005447704215e-05]
[2.3784568912110782e-05, -4.677260214003276e-05]
[2.6991279323596018e-05, -3.988051442299634e-05]
[-3.989153383820998e-05, -1.997737123710097e-05]
[-3.7615816785740996e-05, -6.32221821011969e-06]
[-9.329645273781217e-06, -1.63225886785634e-05]
[3.0124055630575963e-05, -4.01471062496106e-05]
[-3.378394640890514e-05, 9.57076217800168e-06]
[-4.919946068898673e-05, 1.3105912022859378e-05]
[4.261815271805469e-05, -6.0351099050504065e-05]
[-2.239352038635456e-06, -3.4266725080722704e-05]
[-3.6469646049031024e-05, -1.658714299362929e-05]
[-2.8417772958533316e-05, -4.150988145928958e-05]
[1.1383730899594546e-05, -3.3587668250734115e-05]
[3.20697815493487e-05, -4.143984427693037e-05]
[-4.432073551807747e-05, -1.8174040140761516e-05]
[-5.261616850332773e-05, 4.624105115841326e-06]
[4.147551023181428e-06, -3.045332129958389e-05]
[2.383242263281904e-05, -2.5772638838517103e-05]
[-2.4317840424892267e-05, 1.4594979279747289e-05]
[-4.003307742950213e-05, -3.7929296391459033e-06]
[3.500241731503595e-05, -6.438427739358099e-05]
[-8.659551840151103e-06, -4.233180137148268e-05]
[-3.8393501532077434e-05, -2.8077733516984615e-05]
[-3.5824829746566866e-05, -3.615904820102392e-05]
[8.012140619195057e-06, -2.7147762712120826e-05]
[4.007273109579712e-05, -3.0838628688564795e-05]
[-4.4574991202445124e-05, -5.078139118652736e-06]
[-5.235432914052485e-05, 3.602415886844179e-07]
[1.744518830421038e-06, -4.576558861674185e-05]
[4.54574558475529e-06, -2.7047484533040955e-05]
[-1.3101488841468778e-05, 4.505975164215137e-06]
[-3.268731280134385e-05, -9.700251362765311e-06]
[3.17497867969585e-05, -5.398250504495827e-05]
[7.50402164850783e-07, -4.9953285792908586e-05]
[-5.298407290955931e-05, -2.819550617166877e-05]
[-4.192896534027657e-05, -3.995466508122797e-05]
[-1.726376186853007e-06, -3.1062384080488004e-05]
[3.486942514039845e-05, -1.865117887542289e-05]
[-2.9862383577158175e-05, 2.4724777210362314e-06]
[-3.9574359453720814e-05, 5.27387650859322e-06]
[1.1400996739845126e-06, -4.221545592216977e-05]
[-1.772073373304539e-06, -4.4489178746741354e-05]
[-2.0385234942764396e-05, -7.356063478930475e-06]
[-3.668700924340518e-05, -1.8539112317195183e-05]
[3.242855698405711e-05, -4.982327545041687e-05]
[1.1564856790241551e-05, -4.10689155737054e-05]
[-5.655800639264852e-05, -1.7131651886617694e-05]
[-3.24676514127098e-05, -3.714592581621767e-05]
[-1.5443395432246376e-05, -2.6003958921258508e-05]
[2.8413737053409327e-05, -2.2396288415105214e-05]
[-1.9266788538530033e-05, -2.616982240993826e-06]
[-3.958877116577719e-05, 1.5519528799634585e-05]
[1.7589346573143594e-05, -3.797342501996037e-05]
[5.641470351022693e-06, -5.0232990485676865e-05]
[-3.255319796824363e-05, -3.171171405479817e-06]
[-3.48347535886577e-05, -3.3201439010255296e-05]
[2.193266752592571e-05, -4.944912941529014e-05]
[1.2551643467959006e-05, -3.083011554289028e-05]
[-4.862334548505487e-05, -1.5751901577369665e-05]
[-2.677533396093501e-05, -1.7218191165013774e-05]
[-1.1360996264364598e-05, -1.4664456434998474e-05]
[3.5031253418915664e-05, -2.805990750437415e-05]
[-1.966963899024954e-05, -7.151338564936882e-07]
[-4.8392394956908724e-05, 9.60547855988203e-06]
[3.0593757029184765e-05, -4.869044029692793e-05]
[2.6663632329837483e-06, -4.22866976265146e-05]
[-3.2369722859304506e-05, 1.5078918236266503e-06]
[-2.520624235424762e-05, -3.5218293231498166e-05]
[9.49661498778065e-06, -3.993071020830241e-05]
