[638.0996687261996, -880.3656552726081]
[7.386494428633455, -4.894983551411997]
[3.902834294633351, -3.4535637500189864]
[0.03018124028811897, 0.7616368909246916]
[0.8131824263071081, 0.30478859540669845]
[0.8893241306020343, -0.473243277686052]
[0.29802014860299764, -0.21272980879973602]
[-0.05302274207220137, 0.08270570121731424]
[0.27873788365373287, -0.02279115254464159]
[0.3312341070899816, -0.07233246819416905]
[0.09461862972755242, -0.03714974811078697]
[-0.020676636521386627, -0.03662731028210775]
[0.11638792181423341, -0.024746818333788667]
[0.15365576908156697, 0.012411616624504518]
[0.06659729718034413, -0.016506494948789197]
[0.007510661436812782, -0.049217823555176565]
[0.04839362131488878, -0.013033452603543771]
[0.07219155174892933, 0.02141006271769008]
[0.053334477984506634, -0.01168881750637496]
[0.023162036395664387, -0.03580490407041381]
[0.024024781124285965, -0.006873467561824054]
[0.03363646476083737, 0.013415351842691159]
[0.03813573235329715, -0.00946415512112786]
[0.025946251191719227, -0.02148416871410319]
[0.017323960981599384, -0.0028971822899315214]
[0.018420391224708954, 0.005529564042126012]
[0.02565746163172733, -0.008870626430065975]
[0.021380845201132814, -0.011849621544260724]
[0.014408017243829452, -0.0002451718358003063]
[0.01337688014391425, 0.0008144464078725377]
[0.01814139568617179, -0.008004871096013666]
[0.016034728992276537, -0.006463258613322642]
[0.011828935807128182, 0.0003918873021784286]
[0.010690105721145926, -0.0012155360561525441]
[0.01341825867419466, -0.006152985566771463]
[0.012686647095656145, -0.003883076260505547]
[0.010274983208834243, -0.00018621430085374868]
[0.008246572764653237, -0.0017684263524544441]
[0.009608691603993247, -0.0043273851081577774]
[0.010626510414887491, -0.0025181279300632298]
[0.00953744584325733, -0.0006676437823500692]
[0.006529034715444082, -0.0021048801925944716]
[0.0068417320821314576, -0.0031592738727619363]
[0.008752052724423365, -0.001289033701461051]
[0.008565139219896212, -0.0008876660246137646]
[0.00568222295014742, -0.002639829373164204]
[0.005422112036328031, -0.002243700575964347]
[0.006972124154355774, -0.0002347119621814997]
[0.007189873049919693, -0.001249702918587503]
[0.0052273161024238846, -0.0028811462619864336]
[0.004744224871151559, -0.0013230060218791806]
[0.005532143440710069, 0.00013929351579911042]
[0.005972357014039531, -0.0016140242350615175]
[0.00484636540497041, -0.002485801864199999]
[0.004170635799894962, -0.0007240785204123412]
[0.004445189785116099, -0.00010461715448339959]
[0.005090410212133634, -0.0016111069098414532]
[0.004468315836206327, -0.0018175401901068255]
[0.0036952381993184957, -0.0005775962071394858]
[0.0036731478691631736, -0.0004174462891926023]
[0.004292987838212969, -0.0013697281021594065]
[0.004017766128314726, -0.001341800907496804]
[0.003450329950895892, -0.0005304598428299556]
[0.0032068128516359873, -0.0005331821411314053]
[0.0035201698340479037, -0.0012462601876527257]
[0.0035021241891275423, -0.0010572079886457253]
[0.003289083463088538, -0.00036368726750346525]
[0.0029001306513478653, -0.0006096704945290909]
[0.0029235809013954395, -0.0012180468179880943]
[0.0030774431790061563, -0.0007617030561688498]
[0.0030662414686617456, -0.00026857514651945635]
[0.0025739191496452207, -0.0007568310750940554]
[0.0025013717869146745, -0.0010394035633556342]
[0.0028024111033799204, -0.0004632229462284698]
[0.002843466598700495, -0.0003878285913998525]
[0.0022578875759444728, -0.0008668034512000489]
[0.0021429272713751057, -0.0007290310370233755]
[0.0025356523553350385, -0.00028127430085422844]
[0.0026539684377837602, -0.0005505431640644431]
[0.002084473991591951, -0.0008644367493086946]
[0.0018771656385504487, -0.0005056425918199547]
[0.002191111911525212, -0.0002115765163480665]
[0.0023967118520746844, -0.0005873038764265814]
[0.0020175858978503936, -0.0008029899618664516]
[0.0017757314890580744, -0.0004167248119532063]
[0.0018798503593271398, -0.00018979762725912508]
[0.002060159693928032, -0.0005604902242659637]
[0.0019048404095096672, -0.0007140177201225839]
[0.0017457493929295964, -0.0003430000552953061]
[0.0017004539651744865, -0.00021839095030573574]
[0.0017820415184499616, -0.0005663209963180371]
[0.0017239993900268757, -0.0005779559367069531]
[0.001651757819076699, -0.0002532732600730725]
[0.001583030863649526, -0.00029693379870288084]
[0.0016158979025187037, -0.0005665133050816173]
[0.0015764481982069034, -0.00042994163924992]
[0.001526213944354038, -0.00021278976503857905]
[0.001437036772188094, -0.0003595004583505923]
[0.0014577886426665465, -0.0005131013079067159]
[0.0014884383223459086, -0.0003340926888926177]
[0.0014703711153734034, -0.00022123951366545547]
[0.0012925730568966731, -0.000372853234802073]
[0.0012554168721273795, -0.0004459234235987264]
[0.0013914417464482298, -0.0002754692929891611]
[0.0014520668103630285, -0.000227479507027617]
[0.0012049336940956057, -0.00038555695324493655]
[0.0010966137566938983, -0.00039177563951309224]
[0.0012650366523239143, -0.0002014703575121679]
[0.0013685192249065573, -0.00024090768145068608]
[0.0011473792180165532, -0.00041950523799982875]
[0.0010399832107896856, -0.0003160361358238717]
[0.0011553733997934912, -0.0001338632891327851]
[0.0012242978896819245, -0.0002896580256840364]
[0.0010777842486398015, -0.00041904814760751474]
[0.0010211423665322794, -0.00022223135937515792]
[0.001073436129432448, -0.0001300899553235979]
[0.001100945285067212, -0.00033098397421907344]
[0.0010119066661590237, -0.0003557356304292325]
[0.0009771907459958928, -0.00017213827215689648]
[0.0009885893260914713, -0.00017256110758223642]
[0.0010141098923921454, -0.000315515051348747]
[0.0009682422487576337, -0.00028344694378068525]
[0.0009314597304186378, -0.0001745848050107579]
[0.0009037513920597817, -0.000197331218977137]
[0.0009222182473345303, -0.00027931301731465297]
[0.0009217267371139926, -0.0002449895493898957]
[0.0009109292934841307, -0.00016722394519286254]
[0.0008460025723813214, -0.00019874539108832856]
[0.0008255842511621925, -0.0002767478718219696]
[0.0008587234471733041, -0.00021247178757424767]
[0.0008887497133640565, -0.0001314230042348541]
[0.0008036754689353387, -0.00021601348911914897]
[0.0007557726260518649, -0.00028179502572228676]
[0.0008070014587006069, -0.0001600161529461408]
[0.0008461653742224406, -0.00012122122422320025]
[0.0007477974915319763, -0.0002460595275188826]
[0.0007072748715977184, -0.00024230742611930367]
[0.000776753277480037, -0.00011643183474197016]
[0.0008036806683846542, -0.00015824267622610577]
[0.000691728429006222, -0.000250907444642956]
[0.0006593965957827908, -0.00017743540201076158]
[0.0007368640680303074, -0.00010767829138336182]
[0.0007648783408864546, -0.00019313214980432036]
[0.0006645259371552692, -0.00022849194096763448]
[0.0006273050029237393, -0.00014078352276769568]
[0.0006759488905712097, -0.00011357140893217266]
[0.0007045999661892122, -0.00019296631080178983]
[0.0006515455695663697, -0.0002069913689122238]
[0.0006267534261814589, -0.00013220705551486578]
[0.0006254832111375896, -0.00011404851921181791]
[0.0006287309069784031, -0.0001843566263259877]
[0.0006204820414987822, -0.00018867202297712105]
[0.0006279843724779077, -0.00011728600280536128]
[0.0006001852119396078, -0.00012175385845525355]
[0.0005764342138876444, -0.000189197006499775]
[0.0005801344080920146, -0.0001574192545894526]
[0.0006010006780342025, -9.637568003251218e-05]
[0.000572972230276303, -0.00014301333527066973]
[0.0005522961703645635, -0.00018873631712068573]
[0.0005589536980888932, -0.00012249496440097651]
[0.0005672797500031468, -9.233334010860794e-05]
[0.0005290456380171449, -0.00015699041032556094]
[0.0005204298982370847, -0.00017025985585750192]
[0.0005497861534906612, -0.00010453811388222434]
[0.0005562500229348011, -0.00010113390184951498]
[0.0004917020376212777, -0.0001544616083573036]
[0.00047311525317311753, -0.0001497033274695525]
[0.0005260618204587786, -9.684453583647112e-05]
[0.0005494408402921813, -0.00010624353628596594]
[0.00047566116220462695, -0.00015256397658180987]
[0.0004438506793502661, -0.00013352710204572737]
[0.0004911441173018893, -8.313603503828926e-05]
[0.0005158375442221863, -0.00011384495350030832]
[0.0004624890153812622, -0.0001559812105669245]
[0.0004445247136262154, -0.00010910465845670458]
[0.0004663993379219744, -7.341337571564743e-05]
[0.0004673252266242933, -0.00013185774422119767]
[0.0004394385840846837, -0.00014583663244754907]
[0.0004463091847780598, -8.131957893331432e-05]
[0.00044945022878750684, -8.373371032988075e-05]
[0.0004338414244657862, -0.00014250253062686458]
[0.0004202882418814502, -0.00011900255738361842]
[0.0004319209552171299, -7.2047049805124e-05]
[0.0004242637347893208, -0.00010126386056308334]
[0.0004136269407046811, -0.00013187711626638787]
[0.0004128363622663278, -9.804374791633208e-05]
[0.0004169108458169646, -7.873808378500158e-05]
[0.0003952332083010379, -0.00010513004996814956]
[0.00038842120461521357, -0.00011819110240485209]
[0.00040342572636742347, -9.169772623307537e-05]
[0.0004107098793215691, -7.703164749006675e-05]
[0.00037625317920242374, -0.0001019792763259364]
[0.00036167509262374775, -0.00011864192277810659]
[0.000385864228516386, -8.311550546472035e-05]
[0.00040050770132837865, -6.61369242744847e-05]
[0.00036242335926761626, -0.00010815615571058146]
[0.0003462114086292267, -0.0001173269552664502]
[0.00037190994424729507, -6.612916003476133e-05]
[0.0003811761312082218, -6.953750301830208e-05]
[0.0003428938461982334, -0.00011611106276498973]
[0.00033686330710391843, -9.626026509224062e-05]
[0.00036400271666803263, -5.743399983426656e-05]
[0.00036341548397578194, -8.962915096094592e-05]
[0.0003251701227640069, -0.00010945410551466139]
[0.00032492668222658394, -7.007763035060677e-05]
[0.00034896736331058165, -6.409426656839301e-05]
[0.0003477125338382514, -0.00010216900161230669]
[0.0003197113867624557, -9.376507260872025e-05]
[0.00031803146433972973, -6.047465156866494e-05]
[0.0003254932232890084, -7.155935999750285e-05]
[0.00032374312364713553, -9.793973754490537e-05]
[0.0003172132017237317, -8.420463265368383e-05]
[0.0003210796935455562, -6.13763339357698e-05]
[0.00030826498508255973, -7.187199106221953e-05]
[0.0002967644386359519, -9.289139307122607e-05]
[0.0003056355899642149, -7.844359412356727e-05]
[0.0003197052646626286, -5.6766530844853946e-05]
[0.000299821982670867, -7.443634781578723e-05]
[0.000282981578106245, -9.445557377452118e-05]
[0.00029289914422703234, -6.697209940920157e-05]
[0.0003044793455910244, -5.052045483600054e-05]
[0.00028652623388625287, -8.235741136664032e-05]
[0.00027946250775823245, -9.134554719092414e-05]
[0.00029005806211140905, -5.5139158469330596e-05]
[0.0002891976415455577, -5.3611476708681494e-05]
[0.0002663099814372849, -8.505303562617028e-05]
[0.0002688033894363562, -7.944794920344833e-05]
[0.00028871278742448325, -5.235310171114449e-05]
[0.00028526554170626994, -6.148029357067042e-05]
[0.0002532823663704345, -7.970489994289093e-05]
[0.00025160777495573244, -6.836125114718927e-05]
[0.0002766442335513375, -5.353820575038082e-05]
[0.00028042010067030887, -6.569399930711484e-05]
[0.0002511647117579008, -7.570289973202193e-05]
[0.0002448307489983925, -6.053697531527291e-05]
[0.0002600811746746867, -5.098587630880669e-05]
[0.00026215059009046526, -7.014074597955222e-05]
[0.0002475928490137669, -7.428946668208702e-05]
[0.00024977866149855643, -4.970950911742378e-05]
[0.0002503743506617473, -5.0458977748357725e-05]
[0.0002407175274988793, -7.783817189621622e-05]
[0.00023809906967797723, -6.65769184559073e-05]
[0.00025012069998320285, -3.9516595794264475e-05]
[0.00024331876365701888, -5.7973833963220756e-05]
[0.000230024007039642, -7.952736951721828e-05]
[0.00023212552296269368, -5.37584539322053e-05]
[0.00024074191898550493, -3.976046521552562e-05]
[0.00023022129709504568, -6.500859058311548e-05]
[0.00022503380210792123, -7.081635653394258e-05]
[0.0002323130428976694, -4.736917780401306e-05]
[0.0002325455813261268, -4.62064062793921e-05]
[0.00021575304946330753, -6.315967988013149e-05]
[0.0002156887615749059, -6.283004116247604e-05]
[0.0002295986514098125, -4.8211419758192875e-05]
[0.00022922659035717885, -4.662919664721876e-05]
[0.00020792062103022757, -5.934650777694728e-05]
[0.0002057110326174616, -6.222712193726387e-05]
[0.00022134174263932493, -4.583517070394505e-05]
[0.00022287142120053227, -4.355619069640326e-05]
[0.00020301339033035326, -6.14237072480428e-05]
[0.00020175225226548577, -5.878337234754838e-05]
[0.00021459117830526647, -3.9439675667135576e-05]
[0.00021202838528500134, -4.9015825181818184e-05]
[0.00019534363469420057, -6.278419125838042e-05]
[0.0001996226173273108, -4.5606120380181636e-05]
[0.00020997630393321254, -3.911598923944659e-05]
[0.00020324320877862512, -6.057732841691088e-05]
[0.00018953956461009724, -5.5654918220071625e-05]
[0.00019484506331199358, -3.3531474608494705e-05]
[0.00020069363193497836, -4.591091351824339e-05]
[0.00019603358878628185, -6.437526679881067e-05]
[0.00018995249905096045, -4.623578113438498e-05]
[0.00019215044454690133, -3.258967089819764e-05]
[0.00018789605908486884, -4.982971808026315e-05]
[0.00018499169751379219, -5.87665247191449e-05]
[0.0001901206515591003, -4.294727431775058e-05]
[0.0001933133274305554, -3.606068001382745e-05]
[0.0001797921040481154, -4.81596008430063e-05]
[0.00017398651248458352, -5.448095349684656e-05]
[0.0001846733549988322, -4.2089207771600634e-05]
[0.00019031726447682473, -3.5185400122594856e-05]
[0.0001758601973770313, -4.806698694181932e-05]
[0.00017074360767765917, -5.401649674507958e-05]
[0.00017951865463572414, -3.7656892088455685e-05]
[0.00018030126978266225, -3.4092518194750454e-05]
[0.00016840286207031596, -5.08182182874517e-05]
[0.00017114971251963595, -4.9961972817591516e-05]
[0.00017938734317471394, -3.359544049175156e-05]
[0.00017243387695886625, -3.861924815795614e-05]
[0.00015860680734025578, -4.9925244282988945e-05]
[0.00016578630405220118, -4.146721945397225e-05]
[0.0001775873739462419, -3.485642776168696e-05]
[0.00017120783519519733, -4.4453425066870444e-05]
[0.00015497171309458713, -4.490775467577701e-05]
[0.0001575288343412251, -3.511331245187321e-05]
[0.0001685016318200283, -3.733117491733218e-05]
[0.0001679216292721497, -4.6658746402528095e-05]
[0.00015707920995344793, -4.178372722285495e-05]
[0.00015607372159620603, -3.1694508864962834e-05]
[0.0001582945895496346, -3.6789553412852616e-05]
[0.00015716740931365214, -4.818887894542101e-05]
[0.00015637236953258693, -4.05490017192367e-05]
[0.0001595737718207424, -2.732158232587878e-05]
[0.00015332887484378888, -3.715739334997359e-05]
[0.0001469928970694312, -5.0548973667075003e-05]
[0.0001517674278468384, -3.614984219962869e-05]
[0.00015802906738830724, -2.445708190235152e-05]
[0.0001493583025087286, -4.107364530914204e-05]
[0.00014420844825258072, -4.850133729916717e-05]
[0.00014986082446240279, -3.041608780940397e-05]
[0.00015091765466368479, -2.7823417565631114e-05]
[0.00014148817012316073, -4.293548113781798e-05]
[0.0001434202245006455, -4.113752383294589e-05]
[0.0001509674592348742, -2.963245048559493e-05]
[0.00014604258911377066, -3.3300640104913515e-05]
[0.00013400398441160144, -3.939972094535449e-05]
[0.00013879183656356764, -3.582257145351431e-05]
[0.00014878138478491287, -3.218589865250365e-05]
[0.0001444031582213956, -3.410385497049084e-05]
[0.00013158846241680122, -3.6193990158750466e-05]
[0.000133973429425005, -3.5067555048062804e-05]
[0.00014268022507435418, -3.144433308599481e-05]
[0.00014044682171442113, -3.3346194339811674e-05]
[0.00013082424057508923, -3.710759688746457e-05]
[0.00013284950667169504, -3.196428098528603e-05]
[0.00013771555211906927, -2.8554006920922248e-05]
[0.00013409502515149274, -3.7675041669626985e-05]
[0.00012815426430745624, -3.6797470956528855e-05]
[0.00013204283363066338, -2.411074394759183e-05]
[0.00013393562367902678, -2.9905997099621828e-05]
[0.00012968567085569482, -4.3566050668849415e-05]
[0.00012668342457472503, -3.15387318258753e-05]
[0.00012910162883406073, -1.935895134691501e-05]
[0.0001274116430463046, -3.437792893290492e-05]
[0.0001263329712180017, -4.280532700096096e-05]
[0.00012829177881173992, -2.672417263061e-05]
[0.00012735374302430547, -2.2132260388108005e-05]
[0.00011984031391576444, -3.5230755146498094e-05]
[0.00012079017471464809, -3.682052361853039e-05]
[0.00012840250400159015, -2.6859275731316856e-05]
[0.00012741048415931822, -2.6205081508190453e-05]
[0.00011610448299156917, -3.238463138716119e-05]
[0.00011590580150963592, -3.316040369580331e-05]
[0.000124635011690577, -2.793882917839774e-05]
[0.00012440114784706413, -2.6576086822105438e-05]
[0.00011468924268953629, -3.1361019142917e-05]
[0.00011562488513439106, -3.211302988502182e-05]
[0.00012144327571195213, -2.6132963086067384e-05]
[0.00011790293991967293, -2.7067633816046932e-05]
[0.00011089567252420274, -3.229314911290526e-05]
[0.00011617579523859334, -2.8539156468054827e-05]
[0.0001208695793640524, -2.4721119154413884e-05]
[0.00011404826481475894, -3.088522563066132e-05]
[0.00010665598515724461, -3.073758513921776e-05]
[0.00011236663028297254, -2.298205515516294e-05]
[0.00011801455810145356, -2.6517902424583184e-05]
[0.00011413982998043082, -3.4255578068242976e-05]
[0.00010700946424138658, -2.7152408373920522e-05]
[0.00010759924228403994, -2.0086308143429932e-05]
[0.00011065855581060546, -2.8198454909922344e-05]
[0.00011185184359507883, -3.429858284209608e-05]
[0.0001099173080363336, -2.5609430540862732e-05]
[0.00010765479853414028, -1.964281206172369e-05]
[0.00010413771992123788, -2.7402082784760973e-05]
[0.00010512105136031846, -3.361124570450125e-05]
[0.00010949745729438298, -2.5462996807834593e-05]
[0.00010971010566107608, -1.8798946842313313e-05]
[0.0001018580346534674, -2.7144518054855737e-05]
[0.00010014474355202196, -3.317059655177923e-05]
[0.00010636821189602408, -2.3437396011294354e-05]
[0.0001074606701993025, -1.918054390515067e-05]
[9.987273543421438e-05, -2.8707946611694624e-05]
[0.00010009329327664851, -2.9879006649413675e-05]
[0.00010529367533251843, -2.121590211334734e-05]
[0.00010228248685806296, -2.308440383208543e-05]
[9.539468700658915e-05, -2.8357802808243182e-05]
[0.00010009446257086552, -2.4176930837116473e-05]
[0.0001055513130925334, -2.2317836762653087e-05]
[9.969870398784941e-05, -2.7005430216525683e-05]
[9.207972132543873e-05, -2.5021182459450397e-05]
[9.690592302845358e-05, -2.103632042510517e-05]
[0.00010276018331145664, -2.453292218307368e-05]
[9.922399152140216e-05, -2.7132793046114045e-05]
[9.25024562119861e-05, -2.3081974201311084e-05]
[9.398470876131881e-05, -2.0989577386942848e-05]
[9.749827711380554e-05, -2.3729554355311766e-05]
[9.673769049196174e-05, -2.65133074351942e-05]
[9.344118452281336e-05, -2.4079326746972995e-05]
[9.366551368183984e-05, -1.9168012919901223e-05]
[9.363702995998646e-05, -2.1831573840391805e-05]
[9.282343061001175e-05, -2.8970835826647168e-05]
[9.256027917081688e-05, -2.3738236544383617e-05]
[9.314124227882692e-05, -1.5131164902149052e-05]
[9.087028432375188e-05, -2.2993660243608716e-05]
[9.052963669264891e-05, -3.1094862924213595e-05]
[9.219958414014018e-05, -2.0427951324480942e-05]
[9.104698097744945e-05, -1.4432747705267479e-05]
[8.665440689270554e-05, -2.5352206340034655e-05]
[8.883308289941994e-05, -2.8125276133383892e-05]
[9.320642899811327e-05, -1.849513793672486e-05]
[8.986644340169825e-05, -1.8493971123023645e-05]
[8.258437949737463e-05, -2.4464587078110167e-05]
[8.565805159127526e-05, -2.273047787482163e-05]
[9.237661479422066e-05, -2.0077350705305363e-05]
[8.966763233653197e-05, -2.196686860267416e-05]
[8.15564725645257e-05, -2.1559558983252902e-05]
[8.318905373161378e-05, -2.0190440715661673e-05]
[8.890080437029546e-05, -2.1400337745364206e-05]
[8.728765928528448e-05, -2.2176690722464087e-05]
[8.173200806593783e-05, -2.0780339352155508e-05]
[8.351822615537685e-05, -1.9599674283887758e-05]
[8.621335095995719e-05, -2.0196138615230508e-05]
[8.321768998986734e-05, -2.2587174433541524e-05]
[8.010411620484881e-05, -2.146564941463147e-05]
[8.355607185506209e-05, -1.724357060939319e-05]
[8.508428456825701e-05, -1.938437092663392e-05]
[8.15408125827144e-05, -2.494304754563359e-05]
[7.861140555975865e-05, -2.0340826614451135e-05]
[8.053191581555708e-05, -1.4236743829720844e-05]
[8.201548506647782e-05, -2.0624167643479296e-05]
[8.203011301510799e-05, -2.6101540376188836e-05]
[8.016931747981126e-05, -1.8244084498852953e-05]
[7.768741837888005e-05, -1.3812642810417941e-05]
[7.653681796093714e-05, -2.1234495893529548e-05]
[8.012543542584849e-05, -2.4557230315025436e-05]
[8.229144119065168e-05, -1.7978074914548614e-05]
[7.839213928417799e-05, -1.5106778551127187e-05]
[7.291217902906377e-05, -1.9985161231889093e-05]
[7.553924965940373e-05, -2.2713128615403644e-05]
[8.112153818129464e-05, -1.8552905046598234e-05]
[7.962331955158053e-05, -1.5857913045813632e-05]
[7.261401051340821e-05, -1.9329037936222093e-05]
[7.301639386314562e-05, -2.126074747890727e-05]
[7.82081336185847e-05, -1.7694726438144404e-05]
[7.740796716748655e-05, -1.721402789234272e-05]
[7.208478792319895e-05, -1.987280744630837e-05]
[7.371939450973031e-05, -1.8237008836630153e-05]
[7.704533856678353e-05, -1.6863004120071245e-05]
[7.38562424879019e-05, -2.031600904500719e-05]
[6.98123556008845e-05, -1.9023290470543408e-05]
[7.355431891153952e-05, -1.4490248505527603e-05]
[7.64487889507448e-05, -1.8093225774951094e-05]
[7.276705622816237e-05, -2.2415773511169634e-05]
[6.881897452017116e-05, -1.6699842216486016e-05]
[7.097140306303734e-05, -1.3307428501960206e-05]
[7.341334388044629e-05, -1.9280895657447505e-05]
[7.28420957514242e-05, -2.152368884122957e-05]
[7.032505318031734e-05, -1.6076244223395264e-05]
[6.910770820245382e-05, -1.4181528860096604e-05]
[6.916245100874185e-05, -1.799949741482232e-05]
[7.102313405595029e-05, -2.0433592984314686e-05]
[7.14138258885999e-05, -1.738488458136178e-05]
[6.92494084395534e-05, -1.3588218194193757e-05]
[6.663969521436552e-05, -1.641218662873367e-05]
[6.830519241585176e-05, -2.135944745329521e-05]
[7.066289239787693e-05, -1.7252490873073678e-05]
[6.897060736635319e-05, -1.1966670007579339e-05]
[6.519694043249924e-05, -1.7194848419332942e-05]
[6.693558494186291e-05, -2.1359490436356765e-05]
[7.006360804665684e-05, -1.5229693405102718e-05]
[6.752991403959768e-05, -1.3163455120701606e-05]
[6.297577617875305e-05, -1.8297635624608954e-05]
[6.587953968317795e-05, -1.7842124801825676e-05]
[7.004274853031345e-05, -1.4720463462847277e-05]
[6.68365207667776e-05, -1.6997269799701176e-05]
[6.128792015325235e-05, -1.6864975177388608e-05]
[6.377980754807e-05, -1.3787577020862862e-05]
[6.838821304433473e-05, -1.645150139772955e-05]
[6.667139468707894e-05, -1.9155859308228607e-05]
[6.17911361538298e-05, -1.4669427955360526e-05]
[6.237247444712546e-05, -1.2703448966533415e-05]
[6.513503535909848e-05, -1.7167813561341783e-05]
[6.488223709760765e-05, -1.8560530802513853e-05]
[6.2641688782894e-05, -1.46503137241627e-05]
[6.276371735070008e-05, -1.2981860015692792e-05]
[6.292551221952214e-05, -1.578860528340595e-05]
[6.228238394347368e-05, -1.8326121038178544e-05]
[6.1918583817544e-05, -1.559136896789326e-05]
[6.25136652753211e-05, -1.1881901253563143e-05]
[6.183990201333311e-05, -1.4966266161042796e-05]
[6.158627082031298e-05, -1.93180628197398e-05]
[6.139608386668272e-05, -1.500503570472933e-05]
[6.025097725681494e-05, -1.0725438951419974e-05]
[5.936267705730636e-05, -1.5632893714534468e-05]
[6.189944017220839e-05, -1.898640222575132e-05]
[6.272260230172355e-05, -1.3906732777901887e-05]
[5.876205866117701e-05, -1.1702990470041641e-05]
[5.5853138909767175e-05, -1.559555222199749e-05]
[6.00386711547829e-05, -1.6748708164926462e-05]
[6.353516785195801e-05, -1.425340449223711e-05]
[5.98272446079573e-05, -1.3578272589409579e-05]
[5.4493281143123615e-05, -1.4312058938634187e-05]
[5.669347035242023e-05, -1.4786210984987433e-05]
[6.152235475087586e-05, -1.4920795695982925e-05]
[6.056412206312256e-05, -1.4573244498272686e-05]
[5.5479459612178816e-05, -1.3786140386717882e-05]
[5.5444566777196336e-05, -1.3508339884671372e-05]
[5.86850708469977e-05, -1.432436612952559e-05]
[5.8568392929114754e-05, -1.5646091043097776e-05]
[5.572216547156117e-05, -1.4190555030824115e-05]
[5.6291426175469894e-05, -1.1508888899447456e-05]
[5.7529793144245334e-05, -1.377463181351235e-05]
[5.6153240679368555e-05, -1.7434873073929325e-05]
[5.457594094537832e-05, -1.3612168599380636e-05]
[5.592673620358202e-05, -9.622338536852126e-06]
[5.664860774567959e-05, -1.4508870596507961e-05]
[5.5827987219148056e-05, -1.7917692332392043e-05]
[5.453128401848584e-05, -1.2360423640334073e-05]
[5.3896020931427924e-05, -9.926158768647914e-06]
[5.3999090642520287e-05, -1.4760695484977715e-05]
[5.592136597842856e-05, -1.625024548723708e-05]
[5.59726332715893e-05, -1.2637174063745427e-05]
[5.290373028565831e-05, -1.1393359432274042e-05]
[5.106306695962237e-05, -1.3239555212485321e-05]
[5.426178651664337e-05, -1.488026941476317e-05]
[5.640649468552361e-05, -1.3961840285570126e-05]
[5.344719329736236e-05, -1.1476735520710157e-05]
[4.996262471876345e-05, -1.2031154827618629e-05]
[5.2124907634176765e-05, -1.50118858247561e-05]
[5.51628477394317e-05, -1.3765559324946386e-05]
[5.338551516499701e-05, -1.1026626335786105e-05]
[4.9735063711975336e-05, -1.2745012391457422e-05]
[5.12024446577275e-05, -1.420173773530875e-05]
[5.4060572623582104e-05, -1.2322416220858501e-05]
[5.238319265331304e-05, -1.2674549720426143e-05]
[4.8911946254559524e-05, -1.3359280301744603e-05]
[5.0477472503751564e-05, -1.1193041242973933e-05]
[5.332456927190088e-05, -1.2271533702090665e-05]
[5.195603981122954e-05, -1.5465781082399377e-05]
[4.855292446648285e-05, -1.2099049653713223e-05]
[4.904460702359614e-05, -8.78014655558701e-06]
[5.140662145075581e-05, -1.3531418822321228e-05]
[5.174712599875786e-05, -1.6143735381723978e-05]
[4.9576308498555655e-05, -1.0846072933778927e-05]
[4.829856240307073e-05, -9.06125532684765e-06]
[4.873992416376538e-05, -1.3476650508048582e-05]
[5.026615086385633e-05, -1.474124157285761e-05]
[5.032441593755266e-05, -1.1523575851768442e-05]
[4.87672097093661e-05, -1.005583654523079e-05]
[4.7292877110007014e-05, -1.189987852392993e-05]
[4.842525974443901e-05, -1.399199763185699e-05]
[4.965441932403003e-05, -1.2592145567313917e-05]
[4.852898750440371e-05, -9.779354889882796e-06]
[4.671804858469297e-05, -1.1155899619863519e-05]
[4.803897757243991e-05, -1.4160483872566187e-05]
[4.916897739282167e-05, -1.2206469680892118e-05]
[4.700577552541052e-05, -9.624335561231323e-06]
[4.516450412905826e-05, -1.1627643904277285e-05]
[4.7999820447675035e-05, -1.3184057125692483e-05]
[4.977450961092533e-05, -1.1505932356881132e-05]
[4.6442176665273394e-05, -1.1036320917368059e-05]
[4.3325907586266865e-05, -1.146551325856282e-05]
[4.61863084577005e-05, -1.106284100815813e-05]
[4.946208377609729e-05, -1.1888433006257415e-05]
[4.7572097385151224e-05, -1.264207870982359e-05]
[4.3436659529411115e-05, -1.053143116794275e-05]
[4.3776348483001715e-05, -9.678536874696553e-06]
[4.704224614515695e-05, -1.2235669689081297e-05]
[4.7841700450412805e-05, -1.3135067195912953e-05]
[4.4916642196857204e-05, -1.0428741302859201e-05]
[4.337655147157449e-05, -9.126995913516511e-06]
[4.4614802798048636e-05, -1.1492166449911245e-05]
[4.596444642132602e-05, -1.3456280075097027e-05]
[4.5229122364043306e-05, -1.1014362318095827e-05]
[4.428868695616206e-05, -8.256433887354753e-06]
[4.3843610016844337e-05, -1.08744829148133e-05]
[4.4210997515503614e-05, -1.4046350869961755e-05]
[4.4379151862283805e-05, -1.0803490975652696e-05]
[4.391041798259068e-05, -7.748605395319075e-06]
[4.3200072428972724e-05, -1.1162671333164731e-05]
[4.414106191097389e-05, -1.3473444375855514e-05]
[4.443556081204503e-05, -1.024597017462714e-05]
[4.247083061585666e-05, -8.85402655359524e-06]
[4.1310927640036965e-05, -1.0934861571165744e-05]
[4.3995407780661466e-05, -1.1570522114201509e-05]
[4.528797334979462e-05, -1.0840686308744019e-05]
[4.2183464929790304e-05, -1.0367257035671235e-05]
[3.967897401305209e-05, -9.602395829005905e-06]
[4.2354066668290336e-05, -1.0369918275798806e-05]
[4.491609894219373e-05, -1.1796219111070982e-05]
[4.2953322224703605e-05, -1.051805516905091e-05]
[3.9713129180767026e-05, -8.980008514569704e-06]
[4.0650241445616686e-05, -1.0381169569306792e-05]
[4.32438485915565e-05, -1.1270647859135119e-05]
[4.291344997683563e-05, -1.036008484089912e-05]
[4.0228617341764306e-05, -9.874966194090007e-06]
[4.0120319486414147e-05, -9.589133278031792e-06]
[4.1935949184973564e-05, -9.991239777962235e-06]
[4.204952538250373e-05, -1.168231294930433e-05]
[4.0066373364067154e-05, -1.0393089674404221e-05]
[3.974327988975901e-05, -7.532128138199035e-06]
[4.104747827271549e-05, -9.97941015901116e-06]
[4.1621444984762945e-05, -1.3239362953748612e-05]
[4.0144356466237374e-05, -9.507253070056843e-06]
[3.8890440734518084e-05, -6.588338640756142e-06]
[3.9426591317504034e-05, -1.0703253083388375e-05]
[4.1229606934534146e-05, -1.2737662609452194e-05]
[4.0980781253491944e-05, -8.994845151266695e-06]
[3.867454694195249e-05, -7.779402189406204e-06]
[3.7630023145385216e-05, -1.0147843418600866e-05]
[3.985153190311924e-05, -1.0929453823305124e-05]
[4.1201663802614696e-05, -9.981238181189234e-06]
[3.925929578674214e-05, -9.024755271147544e-06]
[3.704850215717481e-05, -8.687562664949633e-06]
[3.840669541446684e-05, -1.0099108617017682e-05]
[4.024067221941596e-05, -1.08270576361022e-05]
[3.912264799454945e-05, -8.999927193054091e-06]
[3.706556734822675e-05, -8.303806662945945e-06]
[3.8109463891156103e-05, -1.0044322645549886e-05]
[3.953372396625632e-05, -1.027677784073977e-05]
[3.8135241099759853e-05, -9.126482730298369e-06]
[3.630165248091899e-05, -8.917272181940827e-06]
[3.785176778714483e-05, -9.07875626776633e-06]
[3.953567567013729e-05, -9.574578609505835e-06]
[3.8037805382251655e-05, -1.0331606538294125e-05]
[3.5553295721468814e-05, -8.926622318522481e-06]
[3.628958662084403e-05, -7.542719155040345e-06]
[3.86253634611089e-05, -9.7328037040878e-06]
[3.891800430833037e-05, -1.126729419981265e-05]
[3.631415272749294e-05, -8.436450072868418e-06]
[3.476004004115962e-05, -6.9696345112169045e-06]
[3.636149906227626e-05, -9.703131641086715e-06]
[3.8660170370130587e-05, -1.1075964573281638e-05]
[3.7615913781985366e-05, -8.707275120256597e-06]
[3.503755638389894e-05, -7.154210495435853e-06]
[3.468756339836121e-05, -8.831934238479056e-06]
[3.679645879213489e-05, -1.0737669134786021e-05]
[3.752701783388268e-05, -9.38173570130818e-06]
[3.601393174534895e-05, -7.083037868782505e-06]
[3.453503915354372e-05, -8.242411710268627e-06]
[3.542772967068952e-05, -1.0594815645637023e-05]
[3.654690661314408e-05, -9.293578282582038e-06]
[3.5702182324577614e-05, -7.299613672517857e-06]
[3.433118968920734e-05, -8.404341257484127e-06]
[3.5410371136301855e-05, -9.624588206025297e-06]
[3.638816891717023e-05, -8.959203247282943e-06]
[3.474526631333519e-05, -8.541445373766443e-06]
[3.319224362241524e-05, -8.158104483530632e-06]
[3.505829648425829e-05, -8.001583454153582e-06]
[3.664300727168612e-05, -9.41497218021059e-06]
[3.487348618680386e-05, -9.649196851674313e-06]
[3.2529962283492364e-05, -7.304466261209841e-06]
[3.355865272103298e-05, -7.3096530946170635e-06]
[3.5738120389261496e-05, -9.811439268314626e-06]
[3.558528441227615e-05, -9.490099609599234e-06]
[3.318027748207622e-05, -7.300086209638401e-06]
[3.2370236955570064e-05, -7.5639734516408375e-06]
[3.401454598495057e-05, -8.932090506952317e-06]
[3.532330620240054e-05, -9.205200442341521e-06]
[3.3869070607317475e-05, -8.366904841738965e-06]
[3.230669643250472e-05, -7.109860682974478e-06]
[3.2927226131601595e-05, -7.753790723763476e-06]
[3.436140616513983e-05, -9.990183793079366e-06]
[3.375398137706043e-05, -8.814205484285187e-06]
[3.231843388937228e-05, -5.954028464816297e-06]
[3.233466619045888e-05, -7.770782606830728e-06]
[3.379078900711541e-05, -1.0560952110327815e-05]
[3.3713067839113986e-05, -8.161173126505772e-06]
[3.1952900052131805e-05, -6.001954386630759e-06]
[3.1300738897899194e-05, -8.196511023073061e-06]
[3.3211570964919446e-05, -9.41967647405395e-06]
[3.4066421232298305e-05, -8.003299556635923e-06]
[3.209829809336373e-05, -7.514868034186328e-06]
[3.0367913236573063e-05, -7.5368897234917576e-06]
[3.193143938642895e-05, -7.707462664707787e-06]
[3.373412277896115e-05, -8.887560047021736e-06]
[3.269556374407845e-05, -8.534093131951082e-06]
[3.0465129985127182e-05, -6.496693911894891e-06]
[3.0820271191722703e-05, -7.197411628995232e-06]
[3.2551889382670396e-05, -9.255250272358073e-06]
[3.254812196548662e-05, -8.33401695854441e-06]
[3.084069659470279e-05, -6.626818860544503e-06]
[3.06670872940451e-05, -7.3110110381524596e-06]
[3.176842281048947e-05, -8.392628933887036e-06]
[3.179496802308002e-05, -8.336981356243944e-06]
[3.0489323371796218e-05, -7.468778594921233e-06]
[3.0437584669251727e-05, -6.664999067873545e-06]
[3.1531226920525346e-05, -7.604700357433103e-06]
[3.1768745954230404e-05, -9.097565457777401e-06]
[3.0225032051411915e-05, -7.640658998914196e-06]
[2.9320549377917504e-05, -5.7928173194943255e-06]
[3.0549887661601716e-05, -7.596559694622584e-06]
[3.220329777842146e-05, -9.374946618900815e-06]
[3.101235771281463e-05, -7.422030895876119e-06]
[2.8601023760399524e-05, -5.884822901841558e-06]
[2.883196532754706e-05, -7.391619507815528e-06]
[3.1460048875692204e-05, -8.697854586903198e-06]
[3.176880648525504e-05, -7.808255044317036e-06]
[2.9360256638133464e-05, -6.498863262760501e-06]
[2.801510779858879e-05, -6.6178488011131575e-06]
[2.9652946056092644e-05, -8.059705780001647e-06]
[3.115652893093124e-05, -8.327123436457917e-06]
[3.0292020586353274e-05, -6.751204581267878e-06]
[2.8428547318423703e-05, -6.274738145517489e-06]
[2.8625906549395452e-05, -7.70090542348556e-06]
[3.0012995139161447e-05, -8.091219180550446e-06]
[2.9958682251821078e-05, -7.120334386490068e-06]
[2.8546983902533185e-05, -6.582158403545257e-06]
[2.8697610959471653e-05, -6.839524169355293e-06]
[2.9708197489625165e-05, -7.672538178959964e-06]
[2.925193963188022e-05, -8.062624356292014e-06]
[2.788346882798276e-05, -6.557670267567928e-06]
[2.832823428572384e-05, -5.773909626083373e-06]
[2.9635634705982294e-05, -7.816464503540566e-06]
[2.9473073632990676e-05, -8.584445936127283e-06]
[2.772769688724752e-05, -6.199152529315702e-06]
[2.7162640928963394e-05, -5.660556561884467e-06]
[2.8598591405581963e-05, -7.739968111042383e-06]
[2.9883363024674203e-05, -8.05519275393074e-06]
[2.8491794737850462e-05, -6.611113367971377e-06]
[2.6567296410373586e-05, -6.184649400858833e-06]
[2.7187360241431868e-05, -6.7152078106480495e-06]
[2.927087902526715e-05, -7.608935227942926e-06]
[2.8938532714795073e-05, -7.63338981235595e-06]
[2.695859901602482e-05, -6.017108100775381e-06]
[2.6587636701908002e-05, -5.794472876463619e-06]
[2.816027327906534e-05, -7.997709410650922e-06]
[2.8554326177876455e-05, -7.847634156329941e-06]
[2.7265536352072406e-05, -5.450367169701487e-06]
[2.64504535393284e-05, -5.997791219125581e-06]
[2.750297741715979e-05, -8.007946820848266e-06]
[2.8224735925574257e-05, -7.194597777202168e-06]
[2.7177940094461235e-05, -5.956104665388873e-06]
[2.5969340524123474e-05, -6.39252918174793e-06]
[2.6892517814680605e-05, -6.746349850317301e-06]
[2.8158620071230822e-05, -7.072471203906083e-06]
[2.7429584109062155e-05, -7.310775604021935e-06]
[2.563859988852224e-05, -5.902527987017292e-06]
[2.5850217322181956e-05, -5.486302364687834e-06]
[2.7515756346296882e-05, -7.632737050511373e-06]
[2.784870067440437e-05, -7.828809455046049e-06]
[2.6058480166485376e-05, -5.378468292960292e-06]
[2.514947024090386e-05, -5.4720397923424535e-06]
[2.6374648571136916e-05, -7.508075582113305e-06]
[2.7523198165346763e-05, -7.3046001879406575e-06]
[2.64590854702762e-05, -5.9372923703060465e-06]
[2.5255248619293624e-05, -5.848551901527221e-06]
[2.5766375697689956e-05, -6.443921261874153e-06]
[2.6766704306643505e-05, -7.109942397028404e-06]
[2.6159098583833362e-05, -6.851834333881923e-06]
[2.5221092064264816e-05, -5.511639764033127e-06]
[2.5606686588880434e-05, -5.726263827221523e-06]
[2.6602676697184968e-05, -7.502024419570041e-06]
[2.5963035344078733e-05, -6.982368866870203e-06]
[2.4584317537712508e-05, -5.115512894005025e-06]
[2.4863534025532097e-05, -5.770814789141099e-06]
[2.6602113162854657e-05, -7.368221761838711e-06]
[2.647455940978094e-05, -6.768024360059854e-06]
[2.446983042936335e-05, -5.55249754458087e-06]
[2.378727772911482e-05, -5.6468029703132805e-06]
[2.5574504818964838e-05, -6.535892670744836e-06]
[2.6656940592562073e-05, -7.014781204905951e-06]
[2.5420955861221728e-05, -6.231979738507976e-06]
[2.3661332710346594e-05, -5.1649796510983e-06]
[2.4004096842458744e-05, -5.953223108999539e-06]
[2.5689025387354292e-05, -7.2132735972341155e-06]
[2.6107848236256448e-05, -6.4294957624611015e-06]
[2.437115364881115e-05, -5.176543773521836e-06]
[2.34088977181246e-05, -5.728195897433674e-06]
[2.458259233639737e-05, -6.728090792551544e-06]
[2.5594906390410954e-05, -6.625345686961381e-06]
[2.453974910687773e-05, -5.694240475639933e-06]
[2.368471275804307e-05, -5.203643790974155e-06]
[2.435225645578548e-05, -6.17498626459545e-06]
[2.4918503948978543e-05, -7.135196120694465e-06]
[2.4027818113947497e-05, -5.8661250118136055e-06]
[2.34659517915764e-05, -4.690393862527564e-06]
[2.4245256839139362e-05, -6.101271909475514e-06]
[2.5018084088168635e-05, -7.16055447586017e-06]
[2.400252572600653e-05, -5.796797285850808e-06]
[2.2725054372056686e-05, -4.989351158522781e-06]
[2.336830707017068e-05, -5.819148110625116e-06]
[2.5049228261575518e-05, -6.429428847321006e-06]
[2.4577228684791175e-05, -6.306181164150715e-06]
[2.2658269921205232e-05, -5.604622868811415e-06]
[2.2432811403266806e-05, -4.9373980152978e-06]
[2.4148946105903568e-05, -5.983818438970445e-06]
[2.4636371327213524e-05, -7.032840631859827e-06]
[2.333642759755339e-05, -5.5196177246585876e-06]
[2.2331957673760172e-05, -4.445680539089114e-06]
[2.3026528176928185e-05, -6.222967222635489e-06]
[2.3972998571597515e-05, -6.876020847312869e-06]
[2.3713228193625313e-05, -5.209439197573218e-06]
[2.2540943790172463e-05, -4.939554555161152e-06]
[2.247487032847051e-05, -6.042954615814722e-06]
[2.3468466310162805e-05, -6.099385859506534e-06]
[2.3632295322893737e-05, -5.782483247326886e-06]
[2.237124335080498e-05, -5.419168056255974e-06]
[2.2047219479848224e-05, -4.9843622362821804e-06]
[2.3231083140590192e-05, -5.898571426521393e-06]
[2.374349782652274e-05, -6.740883368938633e-06]
[2.2293802219491843e-05, -5.147384771170271e-06]
[2.138513733994374e-05, -4.2826203234813676e-06]
[2.2580241841207993e-05, -6.155546663610956e-06]
[2.384168948232901e-05, -6.742710102258798e-06]
[2.2703600603357632e-05, -5.010892633383612e-06]
[2.1137181404173866e-05, -4.693185447518511e-06]
[2.1710636903482516e-05, -5.733320900314087e-06]
[2.326447044496624e-05, -5.990457784377234e-06]
[2.289514145559224e-05, -5.743094293353401e-06]
[2.1517907045187634e-05, -5.204048656282101e-06]
[2.1423203756212872e-05, -4.721471168200875e-06]
[2.2437249343698618e-05, -5.732550833428829e-06]
[2.2464992609494416e-05, -6.476653425055434e-06]
[2.1673226454577144e-05, -4.998162820180063e-06]
[2.146192734422958e-05, -4.292977346387339e-06]
[2.214411531664684e-05, -5.963229462387781e-06]
[2.2187255942496265e-05, -6.35329142897878e-06]
[2.1372819497322837e-05, -4.817446712185314e-06]
[2.1004081814823827e-05, -4.575563791464621e-06]
[2.1895224478152286e-05, -5.692292983638936e-06]
[2.2412799005742945e-05, -5.964020522442048e-06]
[2.1555114456450752e-05, -5.3107281897113445e-06]
[2.042440861299566e-05, -4.667854762746559e-06]
[2.0869571894920058e-05, -4.962139687370026e-06]
[2.2217774303778803e-05, -5.972797092357318e-06]
[2.2388285059182778e-05, -5.818185063011239e-06]
[2.0677561191451144e-05, -4.504654926587581e-06]
[1.9736056654034995e-05, -4.625039491806815e-06]
[2.1180886612737204e-05, -5.871557772443858e-06]
[2.2655715085695416e-05, -5.796215084452605e-06]
[2.1369674809312844e-05, -4.792410218223964e-06]
[1.9644524796968987e-05, -4.643283766396153e-06]
[2.0339273489267118e-05, -5.23459348375499e-06]
[2.187304513573407e-05, -5.7565048325325385e-06]
[2.1355148996482498e-05, -5.390922436399048e-06]
[2.016605684684869e-05, -4.4304275855777675e-06]
[2.0347898507088596e-05, -4.688637120220385e-06]
[2.1139177564966083e-05, -5.934514685723702e-06]
[2.079532592574873e-05, -5.572593966191031e-06]
[2.0127928149740217e-05, -4.2786896292668075e-06]
[2.035609661321658e-05, -4.616547614744171e-06]
[2.1084819341710137e-05, -5.696575563929329e-06]
[2.0728250619286848e-05, -5.523220134112661e-06]
[1.9736878588277884e-05, -4.73091308042517e-06]
[1.9725198986630943e-05, -4.404128136382968e-06]
[2.0842031316192777e-05, -4.993288869603596e-06]
[2.1051789727027925e-05, -5.864714225145562e-06]
[1.9989767762185195e-05, -5.233097580333024e-06]
[1.9210511610190384e-05, -3.862528051651326e-06]
[1.9860890838385714e-05, -4.712487691571621e-06]
[2.0807158133351322e-05, -6.1698199726456515e-06]
[2.0692569451585818e-05, -5.064697121248685e-06]
[1.9431569944803467e-05, -3.8345781258053435e-06]
[1.894610999081392e-05, -4.971900794514816e-06]
[2.0037008788442723e-05, -5.657698216976481e-06]
[2.0891460333244058e-05, -4.8110315588600905e-06]
[1.975216041161243e-05, -4.562812960795526e-06]
[1.8693404817970993e-05, -4.795532970502947e-06]
[1.9571682060744167e-05, -4.81257600162821e-06]
[2.06075496631819e-05, -5.280050389688817e-06]
[1.962632839735967e-05, -5.058494809702385e-06]
[1.8585202552739988e-05, -4.030575576075002e-06]
[1.9399961695004686e-05, -4.610999054355247e-06]
[2.045502005820765e-05, -5.838859500437166e-06]
[1.9538591251894166e-05, -4.87706907409402e-06]
[1.8327140803714448e-05, -3.7844325307401228e-06]
[1.893372536632132e-05, -4.739962091382388e-06]
[2.0234126469897973e-05, -5.490988363887617e-06]
[1.9765369282828855e-05, -4.889528427476364e-06]
[1.8445239798658974e-05, -4.408256157134582e-06]
[1.8407090952465843e-05, -4.2824642979832905e-06]
[1.9484182323552257e-05, -4.716017589223576e-06]
[1.9700693703161853e-05, -5.525191045241407e-06]
[1.897603060130315e-05, -4.8553111074989275e-06]
[1.841109179087641e-05, -3.550824876519254e-06]
[1.8682659803120893e-05, -4.567673644997883e-06]
[1.9157825277171803e-05, -5.894605079281162e-06]
[1.9172920011495398e-05, -4.60610216557189e-06]
[1.8583477314981778e-05, -3.529117631795309e-06]
[1.841008790937071e-05, -4.805146000597116e-06]
[1.8849192166631168e-05, -5.441146512394357e-06]
[1.897689751518411e-05, -4.462256608370185e-06]
[1.8289573451069074e-05, -4.0775434431150615e-06]
[1.8156105029754066e-05, -4.558275053301308e-06]
[1.893250688489098e-05, -4.877208256981458e-06]
[1.916161730897148e-05, -4.86860057496985e-06]
[1.7970625532381934e-05, -4.338544681320444e-06]
[1.7372652636023223e-05, -4.025217370473566e-06]
[1.860807147580079e-05, -4.732870979684556e-06]
[1.9666146987340483e-05, -5.147571360941683e-06]
[1.8312268085740602e-05, -4.354762821484615e-06]
[1.6770241813734987e-05, -3.9381840311186744e-06]
[1.773406171257097e-05, -4.502167447554065e-06]
[1.9473193350300066e-05, -4.93287859215652e-06]
[1.8781212917651224e-05, -4.71781672439775e-06]
[1.7129596941556358e-05, -4.128741892386878e-06]
[1.7264603111841192e-05, -3.9123586773048835e-06]
[1.8476483125709486e-05, -4.76038126434597e-06]
[1.8504831184151804e-05, -5.196947268915064e-06]
[1.7800866714823282e-05, -4.073824248385094e-06]
[1.7522596714145827e-05, -3.5577896920213625e-06]
[1.7755393795726437e-05, -4.7951633767862045e-06]
[1.7877809741440043e-05, -5.201551932038084e-06]
[1.7829953097625584e-05, -4.058577580678957e-06]
[1.7622557721752585e-05, -3.6650216408418146e-06]
[1.766296166183512e-05, -4.516290231959541e-06]
[1.778442535554925e-05, -4.9959272374611174e-06]
[1.7600553796237595e-05, -4.459406593590454e-06]
[1.7159061308169576e-05, -3.6644818919434607e-06]
[1.7348422648139072e-05, -3.99114720217586e-06]
[1.7953886663868435e-05, -5.072868438871225e-06]
[1.7917507673548272e-05, -4.745412523043946e-06]
[1.6893534812947864e-05, -3.4787861196775016e-06]
[1.651480027243385e-05, -3.9283828833086565e-06]
[1.758478989122292e-05, -5.015261150043138e-06]
[1.8413165338793114e-05, -4.455039756434687e-06]
[1.721500738400411e-05, -3.7796534534395576e-06]
[1.5973052624462802e-05, -4.2381431332172426e-06]
[1.6898717977664734e-05, -4.3188303712748954e-06]
[1.8287531662733447e-05, -4.217382582827334e-06]
[1.74466479943014e-05, -4.552561237769481e-06]
[1.609424359749756e-05, -4.090954466129393e-06]
[1.662558375474521e-05, -3.579220348631784e-06]
[1.7745195112023326e-05, -4.583504186667087e-06]
[1.72089638649231e-05, -4.898351298632253e-06]
[1.628673000966807e-05, -3.5551071723149974e-06]
[1.662337136520975e-05, -3.5316794645412486e-06]
[1.737540124224779e-05, -4.868131667140618e-06]
[1.7017084011097805e-05, -4.636516522701917e-06]
[1.6307479830196536e-05, -3.5763799285173925e-06]
[1.636418122075156e-05, -3.7148350627846938e-06]
[1.6981668552462637e-05, -4.381148192900142e-06]
[1.7068715072475482e-05, -4.599025422824532e-06]
[1.6591964913104107e-05, -4.202648896486916e-06]
[1.609490943166314e-05, -3.40425445993775e-06]
[1.6242873221591902e-05, -3.755203911937066e-06]
[1.6850214540786723e-05, -4.988460142074658e-06]
[1.7072818160324132e-05, -4.452792329079358e-06]
[1.6243535133284026e-05, -3.035499378911677e-06]
[1.563033566673311e-05, -3.8038100335091585e-06]
[1.6320235006195283e-05, -4.975733803598559e-06]
[1.7131862884128823e-05, -4.0934653154911516e-06]
[1.6407631803549982e-05, -3.368147945770339e-06]
[1.5538049784158403e-05, -4.095042977728114e-06]
[1.60965456772362e-05, -4.2881809460756926e-06]
[1.684911458416094e-05, -3.9442879342377335e-06]
[1.6130898138788652e-05, -4.048274626716752e-06]
[1.5447833240589404e-05, -3.8927846299774416e-06]
[1.618047965136482e-05, -3.699595307937731e-06]
[1.686757205088263e-05, -4.263826635556023e-06]
[1.589029302889733e-05, -4.305271555898882e-06]
[1.5000877806620183e-05, -3.5175716208701857e-06]
[1.5888753955861645e-05, -3.585758222124369e-06]
[1.7004396683062417e-05, -4.382097918920191e-06]
[1.6161777932816035e-05, -4.29911359328683e-06]
[1.486179759538353e-05, -3.5802466217260687e-06]
[1.526303832954934e-05, -3.425436060251752e-06]
[1.64706705298584e-05, -4.087792901397158e-06]
[1.636864701198837e-05, -4.543573772441967e-06]
[1.5485725297192943e-05, -3.8136392535581543e-06]
[1.5118022960721594e-05, -3.045900934122575e-06]
[1.5440062639827598e-05, -3.9154711533248565e-06]
[1.5905748135813802e-05, -4.769549362959591e-06]
[1.6113596223998883e-05, -3.7706712318064106e-06]
[1.5505745144764327e-05, -2.9761770613534466e-06]
[1.4890285454260965e-05, -3.952027007231296e-06]
[1.531488372141787e-05, -4.529349107051939e-06]
[1.6038421468668462e-05, -3.7488564260668156e-06]
[1.5578570806473735e-05, -3.2987869807987735e-06]
[1.4916324331371023e-05, -3.746134800974854e-06]
[1.5293919614078888e-05, -4.155545731854282e-06]
[1.5782789511920026e-05, -4.021590198216574e-06]
[1.5154852794685425e-05, -3.4785646278040483e-06]
[1.470484984292253e-05, -3.4187129910323577e-06]
[1.5434027682725837e-05, -4.045970293020673e-06]
[1.5980182197061765e-05, -4.116252537267329e-06]
[1.4980639794883246e-05, -3.5074754529936317e-06]
[1.4151213830996753e-05, -3.5114337314946092e-06]
[1.5081369744152084e-05, -3.8157059548127314e-06]
[1.616754892308503e-05, -3.7727469871517982e-06]
[1.5258164210371628e-05, -3.908449681788717e-06]
[1.4006553334056093e-05, -3.804734432635848e-06]
[1.457530541260077e-05, -3.16478652495622e-06]
[1.5731635539306676e-05, -3.601991872048682e-06]
[1.5324141896089216e-05, -4.51342858054371e-06]
[1.4420336880149875e-05, -3.633015920989635e-06]
[1.4516009356327353e-05, -2.7004309214317956e-06]
[1.5034635112903816e-05, -3.930647886146721e-06]
[1.4967671217336331e-05, -4.575127800429679e-06]
[1.4757381065794162e-05, -3.2252084118944424e-06]
[1.4643697674343592e-05, -2.907230722604126e-06]
[1.4616443776205301e-05, -4.071441692288236e-06]
[1.4722591912226697e-05, -4.144334492958701e-06]
[1.4846563251232764e-05, -3.3595022753052026e-06]
[1.4492655148412581e-05, -3.219528061065846e-06]
[1.4255691305697926e-05, -3.5896941824598017e-06]
[1.4711153169241764e-05, -3.99243723869791e-06]
[1.5078389520417623e-05, -3.8722134212618164e-06]
[1.4328576763533718e-05, -3.0857355100832873e-06]
[1.3709158536136246e-05, -3.1748814871002118e-06]
[1.448323679786867e-05, -4.150281371295694e-06]
[1.5344615811541118e-05, -3.910701064036015e-06]
[1.446950792100693e-05, -3.0012047015359755e-06]
[1.3398139455167435e-05, -3.391646855671615e-06]
[1.4079466524874462e-05, -3.888268106225223e-06]
[1.5166487410012142e-05, -3.487342695951412e-06]
[1.4523369561925126e-05, -3.5076117932408835e-06]
[1.3548977840338594e-05, -3.6803181893974024e-06]
[1.4004495283777285e-05, -3.1656720191897136e-06]
[1.4734197428253187e-05, -3.3852801978040414e-06]
