[111.40299996879372, 111.39959361944312]
[-21.934249544002128, 9.2369690015716]
[-10.84770755191691, 5.0900578844612845]
[0.3271407161929858, -0.07257928716150097]
[-0.30626338027899713, 0.1867683326198044]
[-2.4300505278809874, 0.36898491083010043]
[-1.3034707878450664, -0.1767228536191887]
[0.45468599118377107, 0.059628188878937394]
[-0.5808819011723614, 0.5016683753855684]
[-0.7250899984251458, 0.3631054059466212]
[-0.32899508838780633, 0.011372111282474506]
[0.01014167776506536, 0.09954895046966938]
[-0.1642481190455749, 0.26185701677588913]
[-0.36120290935577604, 0.14221125756738773]
[-0.16847731963782997, -0.07496213199252288]
[-0.05372945217697778, 0.0012723299002552757]
[-0.13931870697708554, 0.11330734198443881]
[-0.1374260146226306, 0.13165648863144797]
[-0.10684519218592603, 0.026520776391535494]
[-0.10217206957729857, -0.01797865359552886]
[-0.07366786547754789, 0.03716811089922656]
[-0.07949221072307508, 0.07056317702260162]
[-0.06248640346804968, 0.025028246391315845]
[-0.061480930497474606, -0.030011666732207676]
[-0.08482957303534011, 0.013781873277499801]
[-0.026659047078706477, 0.06621409574096626]
[-0.02976486799108846, 0.04309373599990596]
[-0.06566514102259324, -0.005740536396601215]
[-0.05135178346913705, 0.007161688584952364]
[-0.022824236605127446, 0.03293678028389879]
[-0.025792461829724278, 0.016463960494244034]
[-0.043126250199613025, 0.003349538817487896]
[-0.044181359145438415, 0.011200491690951164]
[-0.012768496698674525, 0.028522905087837058]
[-0.024092981607859807, 0.017759015325462535]
[-0.05045618591022327, 0.010393622040297146]
[-0.02101857493137327, 0.004869665132183232]
[-0.0129140705253903, 0.00627465285913785]
[-0.031756203254910714, 0.010381149754635055]
[-0.029790224398954346, 0.009359577664434515]
[-0.018372320328757463, 0.006301437537772792]
[-0.009695483329561466, 0.008685383610000263]
[-0.022545607442367555, 0.01619667740831665]
[-0.030105600945308897, 0.00950507895161623]
[-0.012025916917502988, 0.000559512315858629]
[-0.007555269511196672, -0.0002778030422396771]
[-0.020611907310358335, 0.010391511532651387]
[-0.015656093355877587, 0.011846055605424066]
[-0.01297859685432412, 0.005538362151040088]
[-0.010425569690112102, 0.005909887340346809]
[-0.012336472706042767, 0.00695322015194022]
[-0.01946123681104539, 0.00913539051408574]
[-0.010831013915389764, 0.0035830115881476665]
[-0.008012867201037555, -0.00012495685986679828]
[-0.015441262592281013, 0.002737286303424291]
[-0.011669140196542804, 0.009798955178079771]
[-0.008299929867899222, 0.007574148614982762]
[-0.011276086930271101, 0.0028041501129776603]
[-0.012375736005661275, 0.0024692333975958602]
[-0.012839039096090084, 0.004851759762215302]
[-0.007153836464563135, 0.004202663695898945]
[-0.005886949816035214, -0.0009610764773460012]
[-0.012654281206510909, 0.003996788430609133]
[-0.007331163142992536, 0.007988738903842663]
[-0.005356887715589398, 0.004923241669225031]
[-0.009143307423015168, 0.0015253984839692647]
[-0.008165380732986671, 0.002724045572362166]
[-0.007899000923505595, 0.004714340208393897]
[-0.00712296718209926, 0.002905777058120007]
[-0.0050136946474128585, 0.0003372393829123299]
[-0.007231077995643764, 0.0022600867903486144]
[-0.006489128293504676, 0.007523768239132311]
[-0.005930552739470144, 0.004319883036714378]
[-0.008964496895738083, 0.0007615700365110611]
[-0.006412263259953144, -5.013716326351947e-05]
[-0.005559173439451767, 0.0030204724389126594]
[-0.006421573730204862, 0.004313123514127215]
[-0.0052952254166868384, 0.0005024607220244781]
[-0.006329076164024727, 0.0010866087618781606]
[-0.004594536663534751, 0.004906170037570656]
[-0.00434443752516267, 0.004047792935442218]
[-0.007741856559571492, 0.00017155500576426785]
[-0.005751714610484626, 0.0008369658023344717]
[-0.0023168570766733954, 0.0021515013146505835]
[-0.004723087361031331, 0.0031117294624152247]
[-0.00494180561947366, 0.001620979101644826]
[-0.003943771941880114, 0.0016549472133977616]
[-0.003515929994674316, 0.004060117519894824]
[-0.0046402449263708845, 0.0020942112656191503]
[-0.006652928590288432, 0.0007581315811823197]
[-0.0035708317782006532, 0.000764140475485231]
[-0.002046771663712532, 0.001691744747567392]
[-0.00516532793258441, 0.002538782790896199]
[-0.004879537529871067, 0.0022311455184051976]
[-0.002805646076614203, 0.0006517120613235144]
[-0.0036175495710423777, 0.0019571568244366455]
[-0.004758534606038062, 0.002419562155253796]
[-0.005199408167061988, 0.0008099994827098222]
[-0.0032839020704329425, 0.0007545388439669232]
[-0.00135612305375854, 0.0005863792195617279]
[-0.003723094222558121, 0.0024512520226795953]
[-0.004115339040335675, 0.0024752197213955274]
[-0.002675714771372628, 0.0010617188867354799]
[-0.002659681913881662, 0.001154955051166695]
[-0.0036175535660274427, 0.0013969775212091529]
[-0.003957560518578207, 0.001210702251928819]
[-0.002381466617694339, 0.0014498802538210898]
[-0.0013478816860920118, 0.001027047118717761]
[-0.0034013820795586736, 0.0009500415078649294]
[-0.003824350418503597, 0.002433527206925995]
[-0.001966178734079952, 0.0011190203188927161]
[-0.0029051814072151294, 0.0007127239541024899]
[-0.003969433506494452, 0.0009680293764588455]
[-0.003117278193731629, 0.0011176626728130329]
[-0.0017725886581968081, 0.0012238328835297851]
[-0.0017515158563667643, 0.00043484793299441993]
[-0.0032642752640800188, 0.0011363993961111263]
[-0.003092207052713486, 0.0021345623957366167]
[-0.0020514601411646405, 0.0010363458037985218]
[-0.002334506740082898, -8.585191484711263e-05]
[-0.00285255625793146, 0.0011529497737301567]
[-0.0022179976538105883, 0.0014126387544847185]
[-0.0017504480977095227, 0.001335915478337668]
[-0.0015108464899561413, 0.0004686592423569502]
[-0.0022765510719285897, 0.0004049755723541937]
[-0.00264414095114196, 0.0021317930259489304]
[-0.0020053673672325023, 0.00137382929542329]
[-0.0022439625186171375, 0.00011906150264667792]
[-0.002386437941738165, 0.0002737538761209968]
[-0.0018541183082370627, 0.001323283998087177]
[-0.0015158094527689125, 0.001370186840350035]
[-0.002078548637084489, 0.0005167233638963264]
[-0.0025086470627249634, 0.00013061399332504886]
[-0.0020443788377044747, 0.0015434272088759027]
[-0.0017981367635151457, 0.0013221018536458962]
[-0.002341482329525954, -0.00016531889128351684]
[-0.0020827656854890964, 0.0006246370056697259]
[-0.0011217463847506826, 0.0011077424356656929]
[-0.0015463295123837595, 0.0010678849112611827]
[-0.0019666726673699397, 0.0003984167208697098]
[-0.0017717027309510636, 0.0004527618464664762]
[-0.001480324133827482, 0.0013991724110393178]
[-0.0018563605605061984, 0.0011680258346921102]
[-0.0019846040779277763, 9.965512603499205e-05]
[-0.0012183997515159417, 0.00029788295928107056]
[-0.0010438493511762958, 0.0010621369675209574]
[-0.001734497655089512, 0.0009972810149515565]
[-0.0019737782981611995, 0.0007751953992619631]
[-0.0015349146251425229, 4.045875068237059e-05]
[-0.0014454838434452832, 0.000889035576254027]
[-0.0017260593658800782, 0.0011838921543381453]
[-0.002018029098390259, 0.00026419498446983436]
[-0.0013477459141885764, 0.00020329058736962002]
[-0.000819168668256473, 0.0005987591332503872]
[-0.0015932076473721968, 0.0008952089232389382]
[-0.0019299825936159726, 0.0007017703501220884]
[-0.0014294112860502306, 0.00047449923854805953]
[-0.0010081537168064592, 0.0005808132561964663]
[-0.0015016953024376, 0.0008519757372983314]
[-0.0016870673956162485, 0.0002778585202388162]
[-0.0008869952253414137, 0.0004888172322987661]
[-0.0006460584529613955, 0.0007018532987981829]
[-0.001660087350678019, 0.0005782445465221109]
[-0.0016822550575792405, 0.000851027833646649]
[-0.0008843495127118794, 0.00040503998493651716]
[-0.0011146071217655318, 0.0004650428840186349]
[-0.0015918748327924254, 0.0006627646587427649]
[-0.0015121800924430273, 0.000512449190040204]
[-0.0008138316706644763, 0.0002501419728125065]
[-0.0008143297092902194, 0.0004046702090830384]
[-0.0016233136653004306, 0.0006116988318611467]
[-0.0016272899357634013, 0.0008918362611992636]
[-0.0010059745910556417, 0.0004382487181449901]
[-0.0009651417242657579, -1.7468054920866116e-06]
[-0.0013060779940087808, 0.0005775663060604008]
[-0.001283026323721237, 0.0005557985263368592]
[-0.0008863796889703179, 0.0005752444888128191]
[-0.0006146221956070952, 0.0003187718087555025]
[-0.0013086532877570889, 0.0003330084988105164]
[-0.0013722749032366588, 0.0008579924210010414]
[-0.0007615692840620691, 0.0006787629639361525]
[-0.0009152140734510761, 7.75839638575554e-05]
[-0.001226288500045969, 0.00022382623026778736]
[-0.0009890791179341663, 0.000673282652967816]
[-0.0006747955288176344, 0.0005494375661511675]
[-0.000919648562851122, 0.0003762251055604293]
[-0.0013417985339949472, 0.000198453295705725]
[-0.001178437828256787, 0.000797102986443532]
[-0.0007632402573861385, 0.0005135794999006071]
[-0.0010838345330050903, -0.00012971760913515346]
[-0.0011485300759135203, 0.0003278863377665364]
[-0.0007758028091426686, 0.0006741403042560823]
[-0.0008542537385932969, 0.0005261110983658113]
[-0.0009165213675185885, 0.00017683163342002706]
[-0.001003960609420984, 0.000250115147133384]
[-0.0009703178075047281, 0.0006504249386758421]
[-0.0008591048931102518, 0.0006584435440907532]
[-0.0008593989357980059, -6.124391708184351e-05]
[-0.0008095472138533455, 0.0001631506624156509]
[-0.0006144725602739709, 0.0006651888366788483]
[-0.0007788628212198612, 0.0006156544849795775]
[-0.0009535184739148383, 0.0003800109807310312]
[-0.0008945019696686984, -5.347138355982217e-07]
[-0.000835389188982627, 0.0005044062307215519]
[-0.0007575525425116865, 0.0006127443246113362]
[-0.000994548629844716, 8.720887521479481e-05]
[-0.0008612126141490165, 0.00011074460829174626]
[-0.0005137938799881321, 0.0005767367030846335]
[-0.0007976538137605318, 0.00045370955601930357]
[-0.001103325248131705, 0.0002445133109703068]
[-0.0008381569368502845, 0.00018644812854864967]
[-0.0006507520543544525, 0.0003584604212781284]
[-0.0008585658550506747, 0.000543081122004338]
[-0.0008627728645934918, 3.426965868846832e-05]
[-0.0005682829790219501, 0.0002356842683778164]
[-0.00041594851179421743, 0.0005386937924393709]
[-0.0008825989536221934, 0.00043509007084110984]
[-0.000946084828385263, 0.0002999750319661876]
[-0.0005444458175926092, 0.0001340698006211949]
[-0.0005754247656524214, 0.0002805501586320147]
[-0.0008274062176154284, 0.0005379197888760179]
[-0.0008071120565076861, 0.00030039050798613687]
[-0.0004966876438706191, 5.702893393955133e-05]
[-0.00044768568681144427, 0.00039601319457246986]
[-0.0008369189866563459, 0.000350809740106206]
[-0.0010403293264009822, 0.0003811898954754478]
[-0.0006378935939117189, 0.00018560192879329973]
[-0.0004940275535713183, 9.807932043460338e-05]
[-0.0007694203154855958, 0.00039685163640255927]
[-0.000814069102871684, 0.0002968478694062582]
[-0.0005124592368828396, 0.00024788875875429717]
[-0.0003855722050966487, 0.0002720236703685486]
[-0.0008421170104966902, 0.00023819841685426835]
[-0.0008773423421108983, 0.00030721144055712024]
[-0.000443265639385515, 0.0003798987428880879]
[-0.00044103902404357687, 9.883814806377345e-05]
[-0.0007518397790878817, 0.0002898473036123672]
[-0.0006052145143510268, 0.0004033921245342881]
[-0.0003420874083410186, 0.0001941378479637934]
[-0.0004981430580390245, 0.00024125062266485905]
[-0.0008172789456617202, 0.0002140806628087577]
[-0.0007692644218851019, 0.0004228188485000395]
[-0.0004313596992312676, 0.000270181525590496]
[-0.0005200906443971198, 1.111916148086034e-05]
[-0.0006733653882919771, 0.00022417809240919684]
[-0.0006046966339246494, 0.00045781957036552384]
[-0.0005039759943291208, 0.0002073136193841453]
[-0.0005183882580167692, 9.692939888594765e-05]
[-0.0007094000205875722, 0.00017920435021942516]
[-0.0007101727393202893, 0.0003329117708956164]
[-0.0004725923218812378, 0.0004363273110795096]
[-0.00042845454242226855, -4.0194138295479576e-08]
[-0.0005846624873401818, 0.00010049104074092916]
[-0.0004663942994139192, 0.0003949845906777716]
[-0.00041711322917936666, 0.00034309470494807426]
[-0.0005325271670734155, 0.00016032981290001191]
[-0.0006502719867967355, 0.00010716078012495966]
[-0.0005364213790713945, 0.0003367326150481714]
[-0.00035108888439944197, 0.0003750319160856219]
[-0.0005198368582884361, 6.205583621106403e-05]
[-0.0005686410452379123, 4.9121513789662785e-05]
[-0.0003962570817522826, 0.0004447098723143472]
[-0.0004694570869098573, 0.0002421385145818522]
[-0.0006545934249077012, 8.502211919907132e-05]
[-0.0005649173696172481, 0.0001454207548483126]
[-0.000489649179556427, 0.00030849961447459995]
[-0.0004943710078229926, 0.00033866463273501957]
[-0.0004936631907258397, -5.970180942393988e-06]
[-0.00044231367701125235, 5.883256944348714e-05]
[-0.00035765168602795716, 0.00036108430228834476]
[-0.0005475798478243865, 0.0003537459691121819]
[-0.0005850381524656612, 0.00010433775333296147]
[-0.0004172874602843546, 0.00010135265339726585]
[-0.00036620906856404956, 0.00021646082110007847]
[-0.000440018861769198, 0.0003729307453489983]
[-0.00047337083814269487, 0.00014510559793474986]
[-0.00039602736247634773, -1.10392097035783e-06]
[-0.00028887714715020163, 0.0003166879403627386]
[-0.00047257860731524104, 0.0002870232571849374]
[-0.0006768391692859033, 0.00018320235615681968]
[-0.00041793849802030953, 0.00010766169742060239]
[-0.00030338879192085, 0.00017627756507587744]
[-0.0004712115240646797, 0.00022686386523032565]
[-0.0005318314401195883, 0.00013938180714451187]
[-0.0003706698123820875, 9.848025442620381e-05]
[-0.0003066802938960951, 0.00025264749806461206]
[-0.0005627155870182587, 0.00023907576129990338]
[-0.000605265907235062, 0.00012072283171110643]
[-0.0003041571846175428, 0.00017679456423674855]
[-0.000269790054923294, 0.00010353102866517139]
[-0.0005094377870746847, 0.0002480049952314073]
[-0.00040877054485677355, 0.00020753176439675114]
[-0.00025928861922930313, 8.966335680996029e-05]
[-0.00031361556901232657, 0.00018568839705429552]
[-0.0005040780553870472, 0.0002499830526508928]
[-0.0005381735502139051, 0.00023171195917843362]
[-0.0002850047033598202, 0.00011756414253388803]
[-0.0002457520698125881, 6.605859718185336e-05]
[-0.0004351627040942996, 0.00016764013148562462]
[-0.0004635673183664424, 0.0002901382876431269]
[-0.0003189818980593173, 0.00011588876551489602]
[-0.0003337009498867692, 0.0001301170933649537]
[-0.0004956951963772105, 0.00014158733537049037]
[-0.000535840566906462, 0.00017802027976726587]
[-0.0002973342093558068, 0.00022513969760262764]
[-0.0002353630896925578, 3.814907024443648e-05]
[-0.00046194356048914753, 0.00010378877763694838]
[-0.0003902148670254513, 0.00024268441201344415]
[-0.00024993580745980015, 0.00020961022059527018]
[-0.0003507234379643287, 9.283753282898766e-05]
[-0.000491824552013076, 0.0001388722147299265]
[-0.0003771909747726787, 0.00020331626154337923]
[-0.00021207841434744967, 0.00020925768750973406]
[-0.00026401694336980475, 3.596929683789829e-05]
[-0.0003950057749013691, 9.184678978338412e-05]
[-0.0003431534257033464, 0.0003363821431739619]
[-0.0002823726461639725, 0.00015060678936823502]
[-0.00039368713338433503, 4.8846478094805024e-05]
[-0.00040913732620513664, 9.65496806751287e-05]
[-0.0003689422426898653, 0.00023097141837381818]
[-0.00030170411898479063, 0.00021183594940760164]
[-0.000289181859453546, 1.703200607178386e-05]
[-0.0003466507092151714, 2.746595874618396e-05]
[-0.00034818063098501426, 0.0002672905261774383]
[-0.0003455036466694372, 0.00024330599133548514]
[-0.00038443016437686786, 3.599054239816768e-05]
[-0.0003765714619076155, 6.844591577745418e-05]
[-0.00025909229432487246, 0.00015151193465651192]
[-0.00024779616635778323, 0.000266027342345182]
[-0.00030781167782936714, 7.09839915276067e-05]
[-0.0003246334877732293, 2.5186085283082638e-05]
[-0.00024482077367421473, 0.0002527362113489834]
[-0.0002963244845169688, 0.00020611895659639057]
[-0.00041793822752567156, 6.500558326036701e-05]
[-0.00031510914812393764, 8.314685399954391e-05]
[-0.00020479313013663236, 0.00018747407892257678]
[-0.00027479193222887735, 0.00016683170940892667]
[-0.00035858467824968765, 8.0629087699291e-05]
[-0.0002774428654989877, 2.9856002090142275e-05]
[-0.0002748721436729891, 0.00023246229790926942]
[-0.0003940142199801537, 0.00019180121490751378]
[-0.0003974291874576652, 3.979063699779961e-05]
[-0.00024613241375081446, 7.719670183437e-05]
[-0.00020590969020496935, 0.0001128177155262644]
[-0.00032347977566632435, 0.00021205506981170075]
[-0.0003227712302395075, 0.00011258772113220683]
[-0.0002492714020804476, 2.7032536965985315e-05]
[-0.00022487566559406535, 0.00014657327481204518]
[-0.00034511606395021266, 0.00023016633882350784]
[-0.00036786118990198013, 0.00010103908769348857]
[-0.000209532652081873, 7.553802786472441e-05]
[-0.0001390106330361185, 9.919383977867458e-05]
[-0.00027460094419815007, 0.00014161667116951993]
[-0.0003611327426544797, 0.00017186103436761177]
[-0.0002434447074581847, 5.966158585718473e-05]
[-0.00021381755315244555, 0.00014645436604557305]
[-0.0003544909363469226, 0.0001328392605352835]
[-0.0003829633306972613, 9.140255824058308e-05]
[-0.00017604864632744452, 0.00011107579265468015]
[-0.00017175404665518285, 8.29598370086608e-05]
[-0.00035396084690460933, 9.615210075261671e-05]
[-0.0003299303724775965, 0.00015548590484401603]
[-0.00020748368245952775, 0.0001029805986865473]
[-0.00023578327603755028, 7.009959824055834e-05]
[-0.00036333293172302605, 0.00015996480621772308]
[-0.00029533603205735004, 0.0001150923893048772]
[-0.0001417801443690525, 0.00011074862600587293]
[-0.00015993163962510493, 3.50912891721733e-05]
[-0.0003042355793816398, 0.00010634428341114999]
[-0.0002911949074192455, 0.0002286758090514346]
[-0.00021116178311278433, 0.0001056369070021046]
[-0.00022059911535790566, 4.3166704643601145e-05]
[-0.0002802616587993939, 9.68126362260735e-05]
[-0.0002956642935201259, 0.000155482755448709]
[-0.00017598849928525742, 0.00012497784956652658]
[-0.0001807676812014547, 5.3602235380714736e-05]
[-0.0003018127210491148, 2.443540163604707e-05]
[-0.0002996490877374622, 0.00019798770502676977]
[-0.00022186331563094422, 0.00015918259438651647]
[-0.0002578289733782234, 2.5496391649629246e-05]
[-0.00030207648791440167, 6.314825677592589e-05]
[-0.0002274692313319216, 0.00010903949744084374]
[-0.0001594823574034565, 0.00015845565948721663]
[-0.0002125337664078547, 4.378393778595169e-05]
[-0.00030180574845248276, 5.41445571679601e-05]
[-0.000216027746676839, 0.00019345872964668387]
[-0.00019164427076426294, 0.00015179088574696076]
[-0.00025965165149891, 2.5668539192225115e-06]
[-0.00023348995009186968, 7.635349034712524e-05]
[-0.0001768769297796069, 0.0001599226750791244]
[-0.00018515977053951138, 0.00012492650107243097]
[-0.0002217982884166192, 5.982172425601437e-05]
[-0.00023351020481845314, 2.0624354665876865e-05]
[-0.000236696686567478, 0.00019717120524773146]
[-0.00024142016257262464, 0.00015272416048439652]
[-0.0002658512361427348, 9.197889517975621e-06]
[-0.0002071377197797042, 2.365361307762187e-05]
[-0.00017987727350835848, 0.0001178330097217628]
[-0.00022296513018689457, 0.00016310235550941188]
[-0.0002453135787812595, 7.646831145209643e-05]
[-0.00023947478488034468, 1.1150209585517046e-05]
[-0.00018785678888387156, 0.00012075793704682813]
[-0.00022006242801328457, 0.00017967792715565395]
[-0.0002694636533612793, 1.8128547013329666e-05]
[-0.00019009249241053183, 5.5204378145989885e-05]
[-0.00010205476309158024, 0.0001159371129164366]
[-0.00020131604308323836, 0.00012794642082392116]
[-0.0002618951073677933, 9.4588070850124e-05]
[-0.00018675802340181735, 4.107306208031569e-05]
[-0.00016075547665603263, 0.00013299979590903135]
[-0.0002382072033949162, 0.00012135947097488553]
[-0.00026700295539547336, 3.666762962904052e-05]
[-0.00013618480578516876, 5.1961909575209964e-05]
[-0.000131648924883071, 0.0001192238237759935]
[-0.0002607178495931291, 9.945408781009135e-05]
[-0.0002635265473352761, 0.00010663026078552851]
[-0.00016704580687507218, 3.109429892673814e-05]
[-0.00018181688031094698, 5.8828093179544294e-05]
[-0.00026039596699395373, 0.0001473159284044595]
[-0.00024082947919368703, 6.390490483614009e-05]
[-0.00013943132023566673, 5.8215165797272095e-05]
[-0.0001080643582430374, 6.015842546397421e-05]
[-0.00023042690059907334, 0.00010683980013944522]
[-0.00025163431654373625, 0.00013220451057469051]
[-0.00016463315061823747, 6.76626573779815e-05]
[-0.00013665002587592845, 3.695510088776166e-05]
[-0.00021151681745359974, 0.00010501084006728223]
[-0.0002290364622003771, 9.66308089614884e-05]
[-0.00011981364749326373, 8.263592713836365e-05]
[-0.0001141902559431418, 8.703543565009852e-05]
[-0.0002386217432039789, 3.5330987905923816e-05]
[-0.0002494648093637891, 0.00012778841915492278]
[-0.00014244184898534393, 8.771516126943046e-05]
[-0.00017790375065732805, 3.1076341832254883e-05]
[-0.0002464953446414918, 7.798765973382471e-05]
[-0.00019688700994492485, 9.624485487257778e-05]
[-0.00011420525211862029, 7.991419937715405e-05]
[-0.00015299789431619248, 4.436322445494634e-05]
[-0.0002525793892865086, 5.80037434270847e-05]
[-0.00020859216557462396, 0.0001280739152700605]
[-0.0001458662488999507, 0.00010362451475127987]
[-0.000162973892029461, -1.3068218067985304e-05]
[-0.00019358523635756852, 8.692997141271364e-05]
[-0.00016342065240113057, 0.00013042612180474977]
[-0.00012892122374921766, 8.903572607968369e-05]
[-0.00013592194796538393, 4.4452649687248824e-05]
[-0.00019815499401873438, 2.0917016082616646e-05]
[-0.00020597387923262933, 0.00013795629171255847]
[-0.00015123740215006176, 0.00012872113121684126]
[-0.00016998904275208893, 1.4949355244417428e-05]
[-0.00017894539684576959, 2.0543671743228353e-05]
[-0.0001561541742717415, 0.00011911618803769897]
[-0.0001402552045386314, 0.00010024613489988121]
[-0.00018507596029380133, 5.120351399315326e-05]
[-0.0002209933241347612, 1.0418186448188371e-05]
[-0.00017108499746807532, 0.00010144605261846323]
[-0.00014878896276500353, 0.0001378078937818092]
[-0.00019605833673868797, -3.733004177053356e-06]
[-0.00017232082979559693, 4.467618794048306e-05]
[-0.00010134757517797632, 0.00011559358740342862]
[-0.0001523361742971352, 9.106894684356853e-05]
[-0.00018820721510126592, 3.424342239316536e-05]
[-0.0001651539990994988, 4.2809060831476564e-05]
[-0.00014076105467863975, 0.0001120043245938368]
[-0.00016192532361417045, 0.00012388681557687353]
[-0.00017644763213006676, 1.7295928747461387e-05]
[-0.00011578167072533174, 1.6982326547454463e-05]
[-0.00010939042667768017, 0.00011888418245099147]
[-0.00018159262646547797, 8.840222816722254e-05]
[-0.00020049756689881348, 6.71737965385194e-05]
[-0.00014968125777140538, 1.3574642724945019e-05]
[-0.00014827763604938551, 6.881834872213971e-05]
[-0.0001719488487869139, 0.0001273087035678841]
[-0.00019151643376886206, 4.116227453949267e-05]
[-0.00013729188781757412, 1.2415399646303893e-05]
[-8.874206869438454e-05, 7.329760280705422e-05]
[-0.00017808603069133233, 9.248783185129145e-05]
[-0.00021539935008502153, 6.375342436346076e-05]
[-0.000143662310082171, 5.806696158347502e-05]
[-0.00010426875960568849, 5.016970192103787e-05]
[-0.00016079757638590153, 9.954964925169146e-05]
[-0.00017267750628599532, 4.6730409249295946e-05]
[-9.882259074953104e-05, 4.140259374439681e-05]
[-8.215139455927667e-05, 9.033116835677896e-05]
[-0.00018929700833189567, 6.333422299278912e-05]
[-0.0002011055767274228, 7.729864791109625e-05]
[-9.84015335592503e-05, 5.4295852941366185e-05]
[-0.00012525415818456787, 4.687244040142702e-05]
[-0.0001854170102077897, 7.691543208764029e-05]
[-0.00016054754258149062, 7.58122144153689e-05]
[-9.65075979606489e-05, 2.2723373954890158e-05]
[-0.00011335325440170181, 5.159632025798777e-05]
[-0.000199040132767937, 7.214282636071323e-05]
[-0.00020140573672391276, 8.81257189509349e-05]
[-0.00011768287443787717, 6.505827630365335e-05]
[-0.0001062838796309501, -4.989057036663969e-07]
[-0.00016372505961763373, 7.135094425538002e-05]
[-0.00015015305630593223, 8.727596339325183e-05]
[-0.00010534271983531074, 6.255724585344478e-05]
[-9.362756179037701e-05, 4.1513189305564246e-05]
[-0.00016979749711312775, 4.5001847498130076e-05]
[-0.00018232467466530733, 8.887061737541946e-05]
[-9.718548851103681e-05, 9.510981399114826e-05]
[-0.00010269247938701764, 2.0676992317801568e-05]
[-0.00015840936290667518, 2.5195409756761933e-05]
[-0.0001299077054423281, 9.936324224806697e-05]
[-8.871607733305226e-05, 6.412377211728604e-05]
[-0.00014117073083712295, 4.5438808119038776e-05]
[-0.00018556988562876998, 2.9704554952797446e-05]
[-0.00015791369126808008, 8.886731397352021e-05]
[-0.00010468626206524764, 8.231124858678121e-05]
[-0.00013114897560278886, -5.639100711989087e-06]
[-0.0001553850357500844, 3.6774793823808605e-05]
[-0.00011203832926143936, 0.00010415307475772351]
[-0.00011665389828716122, 6.936085762290073e-05]
[-0.00014316007551474358, 1.3279733635296331e-05]
[-0.00015000242136450903, 4.271834303434113e-05]
[-0.00013327290585307683, 8.490874549468841e-05]
[-0.00011819468920609699, 0.00010179171286549618]
[-0.00010712273804572292, 5.5720082331872645e-06]
[-0.00011234184540637182, 1.2998456545468273e-05]
[-0.00010410910116895322, 0.0001027365826110696]
[-0.00011692581843873728, 8.505607927064562e-05]
[-0.00015198675775171533, 4.428003350909551e-05]
[-0.00013987672030849052, 1.0033433992334695e-05]
[-0.00011652869211206673, 6.97814192587437e-05]
[-0.00011067678674758839, 9.590712385729172e-05]
[-0.00013980493007675204, 2.70837419000039e-05]
[-0.00012603187147898487, 3.4511735989423142e-06]
[-9.266570918343119e-05, 8.674027937901826e-05]
[-0.00013037663738580275, 7.372570864127084e-05]
[-0.00017754272558454312, 2.621264417912439e-05]
[-0.00013540979699492445, 3.913101238533362e-05]
[-8.8310111261947e-05, 5.8130455211760634e-05]
[-0.0001258273960875328, 8.67742327208404e-05]
[-0.00013026655406320198, 1.5669632086462437e-05]
[-8.868229579486742e-05, 2.40799779786683e-05]
[-8.375352592272789e-05, 8.596905178592795e-05]
[-0.00014920976019625054, 7.658406971694509e-05]
[-0.00015374237590545792, 3.902045152345823e-05]
[-9.002656208173532e-05, 3.0557315367565896e-05]
[-8.494772258124672e-05, 5.1154719267525184e-05]
[-0.00012775506522648417, 8.131753303833311e-05]
[-0.00013144385966368244, 5.604911594974532e-05]
[-8.405401072028237e-05, -1.024724807785482e-07]
[-9.22575520329455e-05, 6.208806719001231e-05]
[-0.00015241762612361667, 6.978712359899386e-05]
[-0.00017260139365662605, 5.689460130746393e-05]
[-0.00010406154404849627, 3.675037864535845e-05]
[-7.2296043969685e-05, 2.1492802991386617e-05]
[-0.00012604466631557787, 6.130982371090055e-05]
[-0.0001436116560993156, 5.422983701899864e-05]
[-9.25954690802061e-05, 3.7535626775733744e-05]
[-7.861058517091846e-05, 4.6891620676309254e-05]
[-0.0001547163672581675, 5.560399074561878e-05]
[-0.00014993065207150047, 4.746884874420876e-05]
[-7.110607948182524e-05, 6.649417200996904e-05]
[-6.808278051670391e-05, 2.539632615598808e-05]
[-0.00012889769517859806, 4.189045872590724e-05]
[-0.00011628202402799714, 7.351231198918923e-05]
[-6.893700614689358e-05, 3.520503465756497e-05]
[-0.0001016342341033094, 4.357195510496133e-05]
[-0.00015464788936003088, 4.850292129493505e-05]
[-0.00013408992005671527, 7.109206492826592e-05]
[-7.061683789042698e-05, 4.641097771720948e-05]
[-8.794638329222976e-05, 5.424025523448339e-06]
[-0.00012610905487517657, 3.3945292220359524e-05]
[-0.00012249049557176532, 8.802937207530795e-05]
[-0.00010053565588017364, 4.415375373494762e-05]
[-0.00010299804689036657, 1.5694003547381263e-05]
[-0.00013728222111344252, 4.268336766515696e-05]
[-0.0001269758902767218, 5.838116460275822e-05]
[-7.989540211915391e-05, 7.649749531948857e-05]
[-7.396647062823947e-05, 5.121244541467229e-06]
[-0.00011441097687497903, 1.5977454630246996e-05]
[-0.00010330571796376975, 8.030966672234463e-05]
[-8.688306910931143e-05, 7.21322108715311e-05]
[-0.00010708136988676897, 2.9888915524911575e-05]
[-0.00012649809629911024, 2.360664973484472e-05]
[-9.722326896210998e-05, 5.9957542512485695e-05]
[-6.217550285676776e-05, 6.76418777317972e-05]
[-0.00010063253592584864, 1.8499819911303728e-05]
[-0.00011854451078715383, 7.368172250749039e-06]
[-9.255510723826799e-05, 9.216606103897018e-05]
[-9.940340523551319e-05, 5.624792936447659e-05]
[-0.00013195967875865786, 1.0771074480123155e-05]
[-0.00011400048278711016, 2.886684811122253e-05]
[-8.973883291048951e-05, 5.855222998177312e-05]
[-9.352075143136129e-05, 6.607398492429473e-05]
[-9.993929031326676e-05, 5.168095801241779e-06]
[-9.7497614880801e-05, 1.3256892703844558e-05]
[-8.772273380257961e-05, 7.931378374269327e-05]
[-0.00011592535080265365, 7.830770910661339e-05]
[-0.00011611205166139893, 1.3668957349971533e-05]
[-8.381929590212112e-05, 1.920522267024466e-05]
[-7.002003192241313e-05, 4.477260459936905e-05]
[-8.794283512988943e-05, 7.607490323303934e-05]
[-0.00010350330781405681, 3.965528217436676e-05]
[-9.000599815374433e-05, -3.561994667694579e-07]
[-7.447703403723471e-05, 6.886038883027398e-05]
[-0.00010513678105712743, 6.498583899244847e-05]
[-0.00013866166293315108, 2.8746105797214372e-05]
[-8.619453758364507e-05, 1.992724234525789e-05]
[-5.893272563668728e-05, 4.013312190587204e-05]
[-9.99420829736735e-05, 5.095039618342734e-05]
[-0.00012353682209381104, 3.740007349111937e-05]
[-8.853545070211695e-05, 2.0847079798033685e-05]
[-7.438660646610223e-05, 5.503550753806208e-05]
[-0.00012532909786823476, 5.670094774017087e-05]
[-0.00012455420259390067, 1.5120942367427559e-05]
[-6.210986033973465e-05, 3.804873186719071e-05]
[-5.611007806043122e-05, 3.109362615684452e-05]
[-0.00011187314720184638, 5.598051192299072e-05]
[-0.00010092066821348888, 5.336782798071038e-05]
[-6.51423201516732e-05, 1.848484414478796e-05]
[-7.55419641864652e-05, 3.858037492882049e-05]
[-0.00011549100836591442, 5.893239904693204e-05]
[-0.00011383147321147868, 4.420864755680376e-05]
[-5.798681119947163e-05, 2.581948107251153e-05]
[-5.639229155751657e-05, 2.3863706621995995e-05]
[-0.00010313244951555035, 3.8519531351963177e-05]
[-0.00011776288950237496, 7.133715143175373e-05]
[-8.09032317928924e-05, 2.426550862222321e-05]
[-7.63672483464874e-05, 2.2609450930955594e-05]
[-0.00011536107912257787, 3.864556686423819e-05]
[-0.00011832998604041807, 3.540613942195486e-05]
[-6.249224302749129e-05, 5.2222820893101096e-05]
[-5.60486882373039e-05, 2.0255681399766745e-05]
[-0.00011338623484075105, 2.3899967062465666e-05]
[-0.0001015820218723748, 5.859211870368197e-05]
[-6.519147575889672e-05, 4.870136157164237e-05]
[-7.967717269885544e-05, 1.560616285387062e-05]
[-0.00011384294096938863, 3.798075035445214e-05]
[-8.593322980032791e-05, 4.667266601625364e-05]
[-4.4220827427776666e-05, 4.901427982029194e-05]
[-6.802384612952794e-05, 2.026322039953843e-05]
[-0.00010428560935388242, 1.822833440841276e-05]
[-9.111633845200473e-05, 8.041287553930271e-05]
[-7.238328866414345e-05, 3.775669500066803e-05]
[-9.149712145413436e-05, 3.1222970836020103e-06]
[-9.680165608171466e-05, 2.871003371918146e-05]
[-8.952435842821127e-05, 5.837293431135149e-05]
[-7.000532448183001e-05, 4.972511129831478e-05]
[-7.422717480111245e-05, 1.2595071654845913e-05]
[-9.681780624710805e-05, 4.4863741760145515e-06]
[-9.260863155456482e-05, 6.319430389964409e-05]
[-8.658223850292052e-05, 6.459298218715326e-05]
[-8.938345984165624e-05, 1.6007829908987192e-06]
[-8.806490556091673e-05, 2.1483723606868094e-05]
[-6.606626618439748e-05, 4.325822260448087e-05]
[-6.155917300026958e-05, 6.327676855205112e-05]
[-8.065609728996614e-05, 2.5941393363287935e-05]
[-9.225799557652237e-05, 3.1228857895679307e-06]
[-6.68639228728618e-05, 5.9975377639957805e-05]
[-7.303550754564347e-05, 5.858389470837777e-05]
[-0.00010349240809098825, 1.0375976060230871e-05]
[-7.615442798988847e-05, 2.160227020275851e-05]
[-5.4104004711244547e-05, 5.580184285749329e-05]
[-7.387152818487223e-05, 3.909641033190969e-05]
[-9.623055137464309e-05, 2.4212792957709062e-05]
[-8.205436747998028e-05, 6.6597241098129145e-06]
[-7.472480381218042e-05, 5.539618882942007e-05]
[-9.738159357353896e-05, 5.758106657545014e-05]
[-0.00010034234170926484, 4.350808540914963e-06]
[-6.161244631135154e-05, 1.9651669783446457e-05]
[-5.494295738982821e-05, 3.9258838117284256e-05]
[-9.055719214688673e-05, 5.23632884761871e-05]
[-8.737008998589701e-05, 3.165594744303224e-05]
[-7.12176517258245e-05, 8.17502062409707e-06]
[-6.301035736966387e-05, 3.362300317949485e-05]
[-8.565434305837782e-05, 6.816493927427891e-05]
[-9.588687549016983e-05, 2.4890888279491263e-05]
[-5.48188015606077e-05, 1.5771445376774884e-05]
[-3.7811539029514174e-05, 3.659375761507974e-05]
[-8.136769791752818e-05, 3.577347595999647e-05]
[-0.00010239783902993294, 4.591309403137456e-05]
[-6.847008145250896e-05, 1.7322388099164088e-05]
[-6.049568266604244e-05, 3.362501918584976e-05]
[-9.137178289189349e-05, 4.264770278435137e-05]
[-0.00010275888041882952, 2.347137606028768e-05]
[-5.048280336295875e-05, 2.5279734497792028e-05]
[-4.617082982836737e-05, 3.2847977688460483e-05]
[-0.0001039896829360034, 2.6152116437763717e-05]
[-9.60977790138394e-05, 3.879876358685308e-05]
[-5.6379653456332945e-05, 3.210265741750845e-05]
[-6.646372908182888e-05, 1.4619972678028836e-05]
[-9.719647629688466e-05, 4.883263986490971e-05]
[-7.892085517902103e-05, 3.411816598428152e-05]
[-4.168460982517663e-05, 2.5552025246211238e-05]
[-4.481278846829584e-05, 1.9278413072018608e-05]
[-9.110164823225575e-05, 2.9775856144748092e-05]
[-8.924008152380591e-05, 5.968927918293537e-05]
[-5.620013962569226e-05, 3.274370921148295e-05]
[-6.223634437274583e-05, 7.477305998733821e-06]
[-7.934118007046909e-05, 3.0095491323905987e-05]
[-8.204934536694408e-05, 4.897792283656971e-05]
[-5.332082851537516e-05, 2.9707596413242054e-05]
[-5.210224562057775e-05, 2.1373075966384103e-05]
[-9.096504043147255e-05, 8.795631653971125e-06]
[-9.46128407510907e-05, 4.9622322266287475e-05]
[-6.101137513886954e-05, 4.995595284285233e-05]
[-7.06742073561667e-05, 4.269319041863562e-06]
[-8.832337510192995e-05, 1.9871654826267293e-05]
[-6.317302675654547e-05, 3.797172704739227e-05]
[-4.819759166034554e-05, 4.178306751267957e-05]
[-6.406481860999486e-05, 1.6815998635261176e-05]
[-9.072293411380161e-05, 1.7352408378776968e-05]
[-7.045715129483376e-05, 4.9914282140975375e-05]
[-5.284559659587962e-05, 4.9068311728947545e-05]
[-7.181968394770477e-05, 9.549201676617436e-08]
[-7.132695711055403e-05, 2.1215225435231022e-05]
[-5.08306132759595e-05, 5.5766985215657816e-05]
[-5.536379103712741e-05, 3.2521144332609e-05]
[-7.084870844012436e-05, 1.7289284092128487e-05]
[-7.309373972786554e-05, 8.375238956151443e-06]
[-7.708433737636106e-05, 5.2769471893546194e-05]
[-7.041546234752994e-05, 5.023147674897144e-05]
[-7.295279536353658e-05, 2.9684292463631745e-06]
[-6.474939625885669e-05, 5.139852128599812e-06]
[-5.442784126250336e-05, 4.2947859318118176e-05]
[-6.771277576026954e-05, 4.6389701478861955e-05]
[-7.921346116381619e-05, 2.0016032260400385e-05]
[-7.51713416517058e-05, 6.874039482629435e-06]
[-6.0357450043280886e-05, 3.2094609440022626e-05]
[-6.535971425455922e-05, 5.989123662997892e-05]
[-7.506560499490056e-05, 8.77502743724945e-06]
[-5.8870064577845604e-05, 1.1835897632477e-05]
[-3.2974632483084854e-05, 4.233843949859317e-05]
[-6.202089307391634e-05, 3.7733016779957496e-05]
[-8.771060279909315e-05, 2.4366861748274793e-05]
[-6.108714038140228e-05, 1.5856982591211377e-05]
[-5.048924911195407e-05, 3.9409684143623495e-05]
[-7.225920516090029e-05, 4.1404412688253456e-05]
[-7.738991184105815e-05, 1.4059997697005167e-05]
[-4.3491892330749325e-05, 9.796593145677823e-06]
[-4.476605460564109e-05, 4.209953637340086e-05]
[-8.337631356447953e-05, 3.1477661092932374e-05]
[-8.870165140546435e-05, 2.657503551231708e-05]
[-5.550265651974246e-05, 1.5011493902370929e-05]
[-5.513585021245382e-05, 1.8672364187954926e-05]
[-8.027730303097891e-05, 4.8913969481444164e-05]
[-7.084927086699506e-05, 2.323196289351348e-05]
[-4.347008782830397e-05, 1.1600001624624545e-05]
[-3.8664390259408876e-05, 2.218946486391704e-05]
[-7.634706648168565e-05, 3.690988640224317e-05]
[-8.582651529209784e-05, 3.720713257159003e-05]
[-5.3669794580310515e-05, 2.5701002623987335e-05]
[-3.93529219495925e-05, 1.3644029992862516e-05]
[-6.54987203815155e-05, 3.353380888052038e-05]
[-7.195276903712577e-05, 3.3948094582510885e-05]
[-3.903047317112274e-05, 1.910566976076611e-05]
[-4.189004989350875e-05, 2.9655073513427943e-05]
[-8.17137252222093e-05, 1.651430423600664e-05]
[-8.618247608023488e-05, 3.6455901466579677e-05]
[-4.676688750454572e-05, 3.219545434610116e-05]
[-5.191201867321346e-05, 1.2122937954234941e-05]
[-7.831570182098221e-05, 2.3130722997033448e-05]
[-6.387911736027013e-05, 3.277348099246617e-05]
[-3.8380212355412086e-05, 2.1742492595781815e-05]
[-5.5172226313716065e-05, 1.5249634776511034e-05]
[-8.79080443383154e-05, 2.5828620657607215e-05]
[-7.133545248963827e-05, 3.913066677323218e-05]
[-4.53379815569116e-05, 3.640373279188702e-05]
[-4.7220590159741116e-05, -2.4435252829885235e-06]
[-6.272430973890131e-05, 2.4529280765617917e-05]
[-5.600323324944645e-05, 4.587425071241047e-05]
[-4.414097812867335e-05, 2.6777843754967334e-05]
[-5.050126047483061e-05, 1.4942589520616778e-05]
[-7.100468094860257e-05, 1.38052478594608e-05]
[-7.123848611891026e-05, 4.425939564957175e-05]
[-4.72604985205724e-05, 4.2466374907443316e-05]
[-5.030253233545556e-05, 5.7263830651049785e-06]
[-6.0302860977239515e-05, 2.2376704502669043e-06]
[-5.683994337923534e-05, 4.202546511121452e-05]
[-5.033556389823918e-05, 3.4711844942053593e-05]
[-6.691920335341519e-05, 1.682594137684696e-05]
[-7.853547931421009e-05, 9.591437113289775e-06]
[-5.775480425916288e-05, 3.220324287413201e-05]
[-4.6073132332062616e-05, 4.566927093758999e-05]
[-6.0350909369262e-05, -7.24742451024829e-07]
[-5.980031275082398e-05, 1.0893231691535415e-05]
[-3.942582612402601e-05, 4.295000074862332e-05]
[-5.430165291324396e-05, 3.460367100011942e-05]
[-6.865170340336624e-05, 1.0823442920984694e-05]
[-5.9181206233271944e-05, 1.8128596972991073e-05]
[-4.6534446637991334e-05, 3.7713191952171154e-05]
[-5.0985793426924775e-05, 3.960021508742084e-05]
[-5.655781880359312e-05, 6.0370819184498575e-06]
[-4.269775593435804e-05, 2.675184632761063e-06]
[-4.488325967297313e-05, 4.565186380160041e-05]
[-6.613504768297578e-05, 3.4956240333783306e-05]
[-7.268516576334344e-05, 2.0484082097378675e-05]
[-5.349898498395282e-05, 6.2661599932664624e-06]
[-4.8410779578962615e-05, 2.242578637876025e-05]
[-5.6646276197206205e-05, 4.223935980716617e-05]
[-6.413717465777319e-05, 1.499001637981362e-05]
[-5.089546796522432e-05, 2.9208587646496753e-06]
[-3.773240166921651e-05, 2.9951767553583475e-05]
[-6.531724019564339e-05, 3.801475608281729e-05]
[-7.733917595655407e-05, 1.9028459824085853e-05]
[-5.025857635530817e-05, 1.9552783499948018e-05]
[-3.152715258082639e-05, 1.7157446127027964e-05]
[-5.347789645643308e-05, 3.3832417827867056e-05]
[-6.176125570872548e-05, 1.869986171149085e-05]
[-3.8378672716388174e-05, 1.3555658698712059e-05]
[-3.5692657208777345e-05, 3.663956186038958e-05]
[-7.006217648254653e-05, 2.658158318429027e-05]
[-7.243546349219865e-05, 2.2486813147421306e-05]
[-3.4278924603399485e-05, 1.7399551821478676e-05]
[-3.9945043935632474e-05, 1.6981527842685473e-05]
[-6.491858625760059e-05, 2.6990273317387126e-05]
[-6.051060515964782e-05, 2.959173473655874e-05]
[-3.8216229894050616e-05, 8.228033497256065e-06]
[-4.625644039671535e-05, 2.101117227450329e-05]
[-7.5006996210711e-05, 2.973987871278394e-05]
[-7.109619338051439e-05, 2.6304030179814808e-05]
[-3.969974692896033e-05, 2.178643984771661e-05]
[-3.3569499510619286e-05, 8.462399523206932e-07]
[-5.8651426723344e-05, 2.6707779693713185e-05]
[-5.9444062209881854e-05, 3.584453634428164e-05]
[-4.138775807495387e-05, 2.2184764496821496e-05]
[-3.7251961440165626e-05, 1.6138093386811048e-05]
[-6.436542210866425e-05, 1.9106690695235018e-05]
[-6.503905399617149e-05, 2.7699864469904467e-05]
[-3.2006350673172146e-05, 3.288750563322507e-05]
[-3.4269780462142796e-05, 1.0273513022820285e-05]
[-5.887869757088826e-05, 9.477267595564554e-06]
[-5.470050894752776e-05, 4.0201597911494746e-05]
[-3.67495562061948e-05, 2.321156957231507e-05]
[-5.3550516730324627e-05, 1.556250334412007e-05]
[-7.088304343068341e-05, 1.3124439059965243e-05]
[-5.6107807935381476e-05, 2.8236047658978386e-05]
[-3.4360877928941123e-05, 3.0223635608340495e-05]
[-4.688259337817802e-05, 1.020612563542439e-06]
[-6.032339865046435e-05, 1.3798616568160005e-05]
[-4.7774840641918916e-05, 4.243177337977244e-05]
[-4.661857334707642e-05, 2.5984379331024654e-05]
[-5.269790871634955e-05, 1.790408614379957e-06]
[-5.6815255487382976e-05, 1.829878150644282e-05]
[-4.784809568789128e-05, 2.9884081729603107e-05]
[-3.912603252759217e-05, 3.757391629706508e-05]
[-3.9893418463290975e-05, 5.934516393447942e-06]
[-4.620156155062116e-05, 3.785258453015139e-06]
[-4.548683037815249e-05, 4.216072976932772e-05]
[-4.73899394539401e-05, 3.22718197150601e-05]
[-5.579859908758089e-05, 1.2298918062387393e-05]
[-5.22822707587807e-05, 5.587816972560389e-06]
[-4.3420566670379634e-05, 2.5557700179056064e-05]
[-3.836876785247214e-05, 3.625495138666335e-05]
[-5.4135195279067516e-05, 1.3994508338156103e-05]
[-5.373381339313782e-05, -5.499241651218956e-07]
[-3.961078102550884e-05, 3.472104568780828e-05]
[-5.187749155650609e-05, 3.0510910603631647e-05]
[-6.583742342987538e-05, 4.685567484175035e-06]
[-4.966380413842786e-05, 1.6632472248451213e-05]
[-3.269492001059353e-05, 2.3497319374551906e-05]
[-4.5350739564256615e-05, 3.303707528980182e-05]
[-5.167216540551134e-05, 9.64097982227019e-06]
[-4.0384007768776153e-05, 7.075662680980886e-06]
[-3.517895197036047e-05, 3.47718638653155e-05]
[-5.7838350174435615e-05, 3.2314525830634544e-05]
[-5.800403943709287e-05, 9.675952206099347e-06]
[-3.1641643830154775e-05, 1.2410316287750356e-05]
[-3.303399667001217e-05, 2.289929615073745e-05]
[-4.96780092568358e-05, 3.0268153001611342e-05]
[-5.3162620844149355e-05, 2.4777426113880424e-05]
[-3.8938837155975264e-05, -2.025448783249395e-06]
[-3.8313574018858376e-05, 2.3797660290435924e-05]
[-5.89707033294834e-05, 3.14302474163225e-05]
[-6.659980778202668e-05, 1.6998819076817495e-05]
[-3.7442967661743647e-05, 1.4117918296497126e-05]
[-2.758236990561304e-05, 1.2013023987681587e-05]
[-5.1657082001600046e-05, 2.3446232774063797e-05]
[-5.854652124739771e-05, 2.3876551100157628e-05]
[-4.115259228130996e-05, 1.3626099041656042e-05]
[-3.173155998201574e-05, 1.7212272121189254e-05]
[-5.8360081449396195e-05, 2.646629300029693e-05]
[-5.92210957845174e-05, 1.4732513531331981e-05]
[-2.5404009653173798e-05, 2.4761217783726697e-05]
[-2.5770340826763993e-05, 1.5501214769716998e-05]
[-5.49230479046231e-05, 1.5146007120089844e-05]
[-4.915644531737484e-05, 3.091728926057913e-05]
[-3.032728409092106e-05, 1.3651276776355248e-05]
[-4.17155880147041e-05, 1.4990124529379312e-05]
[-5.928276344150177e-05, 2.3098349256497896e-05]
[-5.382936062189869e-05, 2.53990342787766e-05]
[-2.689576012363448e-05, 1.645661782795349e-05]
[-3.3862435625014314e-05, 7.252824976787531e-06]
[-5.599015798127445e-05, 1.2937601021775075e-05]
[-5.233963117633796e-05, 3.60097617958504e-05]
[-4.088179276159551e-05, 1.862561755182693e-05]
[-4.175790386446929e-05, 2.3068743027140903e-06]
[-5.296664281611435e-05, 2.098282019214956e-05]
[-5.103961879001154e-05, 2.2972405231413973e-05]
[-3.18033471417567e-05, 2.8321192598095013e-05]
[-2.7750627719078103e-05, 7.408420953355921e-06]
[-5.094824198724479e-05, 5.900888817116784e-06]
[-4.616985324409906e-05, 3.258281146141517e-05]
[-3.399411073766456e-05, 3.062579002914567e-05]
[-4.3611300388241014e-05, 8.279441822842126e-06]
[-5.004687784657125e-05, 1.1573091580383e-05]
[-3.941436031831835e-05, 2.571868418254058e-05]
[-2.622215658202448e-05, 2.5039649639707617e-05]
[-4.01402822879926e-05, 1.2146552253143594e-05]
[-5.30834729198142e-05, 2.2612594989257495e-06]
[-4.254854473923625e-05, 3.603045897476384e-05]
[-3.8620160183548344e-05, 2.5632271631270687e-05]
[-5.3844640600059484e-05, -1.739356989688412e-08]
[-4.707055490062433e-05, 1.332793660174499e-05]
[-3.546814443628095e-05, 2.7331300182398266e-05]
[-3.9331970553391216e-05, 2.5173981074967655e-05]
[-4.076339609995522e-05, 4.99033850213243e-06]
[-4.3423433866346395e-05, 5.406919035250146e-06]
[-4.072867628062901e-05, 3.085325197280109e-05]
[-4.531967685285354e-05, 3.532336529460736e-05]
[-4.6586082317071065e-05, 2.3527711979498545e-06]
[-3.522888515611333e-05, 8.134947338665766e-06]
[-2.7861464553996518e-05, 2.3754638415737772e-05]
[-3.76040377333825e-05, 2.93435853838675e-05]
[-4.4239105072799156e-05, 1.806461045176372e-05]
[-3.979592564577056e-05, -6.761995651194397e-07]
[-3.559562805008354e-05, 2.593740371934633e-05]
[-4.2328094570498465e-05, 3.0793718680713345e-05]
[-5.627851049953836e-05, 9.869746348759728e-06]
[-3.746368540400759e-05, 7.229241350110993e-06]
[-2.319904333771515e-05, 2.1950015090685393e-05]
[-4.2874923678269325e-05, 1.9986942579527933e-05]
[-5.4545857807229356e-05, 1.4961977345444993e-05]
[-3.9194933818887875e-05, 9.178833304070155e-06]
[-3.393859212881371e-05, 2.058862814124235e-05]
[-5.134687026967649e-05, 2.8147763770504375e-05]
[-5.008720346563224e-05, 5.518053033032322e-06]
[-2.6956328819507935e-05, 1.4107035208446583e-05]
[-2.235608057428451e-05, 1.8831586004922074e-05]
[-4.799828842973197e-05, 2.216057875993778e-05]
[-4.645422981656988e-05, 2.069176690358554e-05]
[-2.880663288240548e-05, 8.7324652399412e-06]
[-3.393434682749663e-05, 1.4803049128271628e-05]
[-4.866671687309143e-05, 2.8672263665513453e-05]
[-4.618506188736049e-05, 1.9491600947435864e-05]
[-2.4943659257474493e-05, 7.41184086382185e-06]
[-2.382005707569912e-05, 1.4297808913484727e-05]
[-4.580023410274015e-05, 1.5809554120851943e-05]
[-5.506361621646777e-05, 2.7644506331407637e-05]
[-3.589962013028636e-05, 1.2237451674657757e-05]
[-3.264427212356714e-05, 8.173524866925304e-06]
[-4.9280048965304104e-05, 2.0110494449970817e-05]
[-4.872978915332511e-05, 1.657515236066706e-05]
[-2.6587108806760268e-05, 1.8380202980242122e-05]
[-2.3774434489855396e-05, 1.159350653773955e-05]
[-5.0641510097385045e-05, 1.0720704710118906e-05]
[-4.8611690310174094e-05, 2.243891175596202e-05]
[-2.863157385095405e-05, 2.3895406217351763e-05]
[-3.2887271179851685e-05, 6.756859268680637e-06]
[-4.876448670161626e-05, 1.7855775191880086e-05]
[-3.5656177513790355e-05, 2.2224085356258028e-05]
[-1.844935366875078e-05, 1.666795671530913e-05]
[-3.069920444431773e-05, 1.0613569516556773e-05]
[-4.84242910849253e-05, 9.026112274712617e-06]
[-4.443297279363434e-05, 3.267555148444776e-05]
[-3.151116036491722e-05, 1.952730866681962e-05]
[-3.77254312816655e-05, 1.1216657285727238e-06]
[-4.232764027836244e-05, 1.2500770275189477e-05]
[-3.8124065630905715e-05, 2.7464953985881224e-05]
[-3.0281155696867783e-05, 1.781666476143723e-05]
[-3.399092041652622e-05, 5.595880841858386e-06]
[-4.585429271394652e-05, 4.951081162940518e-06]
[-4.465490287473579e-05, 2.6277496750368168e-05]
[-3.7099148095291745e-05, 3.146294985420517e-05]
[-3.557218548581528e-05, 6.491045105860849e-07]
[-3.814223725394361e-05, 7.638510537900933e-06]
[-2.878953971331699e-05, 2.129369348914667e-05]
[-2.710110509632213e-05, 2.5240553973144425e-05]
[-3.78843354950642e-05, 1.160917030450237e-05]
[-4.404125588866603e-05, 4.4145464072192775e-06]
[-3.2868334490079865e-05, 2.5910095082376516e-05]
[-3.068537597818166e-05, 2.806751728715029e-05]
[-4.244208350581702e-05, 4.393868505799502e-06]
[-3.401582660873467e-05, 6.011953592427455e-06]
[-2.4511922366868277e-05, 2.6936709446191004e-05]
[-3.362139045800464e-05, 1.6601153841666605e-05]
[-4.622984117040249e-05, 9.914635960953794e-06]
[-3.997798816044763e-05, 6.553617401403727e-06]
[-3.499260697078263e-05, 2.4394274476796825e-05]
[-4.134548599455355e-05, 2.693687022575688e-05]
[-4.0934831902204524e-05, 8.356886619098614e-07]
[-2.780187845808843e-05, 5.296577070278835e-06]
[-2.558817702985692e-05, 2.0280591821228433e-05]
[-4.1776914506082286e-05, 2.4634148769488856e-05]
[-4.25130146928035e-05, 1.3375734718712451e-05]
[-3.3912581135137065e-05, 6.5486847187247454e-06]
[-2.8560820882539417e-05, 1.518611756931576e-05]
[-3.630039868050827e-05, 3.061615762641606e-05]
[-3.984658231906413e-05, 1.0677569379259622e-05]
[-2.511419303494189e-05, 3.163965144770131e-06]
[-1.9222527702575376e-05, 1.9418220398831343e-05]
[-3.869637206482118e-05, 1.8728142212778853e-05]
[-5.039824670592663e-05, 1.9751446407364343e-05]
[-3.2597067923471196e-05, 9.33240297672222e-06]
[-2.5957118065945972e-05, 1.4647539761880601e-05]
[-3.9602716177892724e-05, 1.8784313153732968e-05]
