[619.9019646682791, 355.07507622295157]
[-12.792168495079892, 5.799618822533063]
[-11.254863862577082, 1.281659013494334]
[0.9179447315659957, 1.2884411126143274]
[-0.07042145087317664, 1.5102724851438225]
[-1.3520012743738725, 1.2852354690005967]
[-0.8147089532425085, -0.10187699786634852]
[0.268619011514744, 0.24584166108175154]
[-0.07314086641054018, 0.3399635187500252]
[-0.37495205406494314, 0.6312549950415587]
[-0.11098395436071229, -0.07378200733832685]
[0.12153112954797152, 0.06560087073282084]
[-0.048143505372163276, 0.1262504609394064]
[-0.09957789816195639, 0.3713800208583926]
[0.03138845985063199, -0.01214157141810901]
[0.05664975022128971, 0.013130319045794536]
[-0.027218675921341307, 0.05720998749827899]
[0.004007523935388058, 0.22530876707295633]
[0.05650560685089978, 0.03057315876979927]
[0.020848848296505906, -0.0021601268898940873]
[-0.012619318681224456, 0.03099709971954212]
[0.041859780472564445, 0.13127008186556166]
[0.04645808690319697, 0.05405663094464508]
[2.1974537459001908e-05, -0.0032179464457886553]
[-0.0036585159381088417, 0.021365950431480485]
[0.04891213697662744, 0.06867084797690604]
[0.02625670768795796, 0.06230043813717007]
[-0.011318395383719704, 0.00147003095442777]
[0.0007255764238429663, 0.018633987611497815]
[0.040919336677271545, 0.028342609933361906]
[0.0059113246163216004, 0.059524901331480695]
[-0.01608041354855838, 0.007896889611958002]
[0.0016767704918727588, 0.01839414134649342]
[0.026634213194179246, 0.0048338012219928395]
[-0.010150522306447307, 0.04969442866684215]
[-0.016262633492575063, 0.013908010063252263]
[0.0003474621795103161, 0.018450106357930096]
[0.011445374512327078, -0.006037526128103821]
[-0.02025325705401837, 0.03634764282893688]
[-0.013474886109047013, 0.018345776851145246]
[-0.0021758039275638907, 0.017762831269707124]
[-0.0013514885468968174, -0.00796528408813213]
[-0.024349991862695874, 0.022430130098744172]
[-0.009082212611257301, 0.020707678596518342]
[-0.004954542750729374, 0.01599510761443579]
[-0.010013695741912798, -0.004311547396004478]
[-0.023403481729976416, 0.010149466394041795]
[-0.004215108141312429, 0.020962202258614338]
[-0.007269593184848988, 0.013254114939286632]
[-0.01402366268575328, 0.001978027387401049]
[-0.01893391149029977, 0.0008955917941886327]
[0.00025884258274533334, 0.019410146249301485]
[-0.008665322160853584, 0.009906115397660287]
[-0.013797459622618913, 0.008523943059461025]
[-0.012645283650349448, -0.0047494448334264305]
[0.0037591303967414724, 0.016558067920721564]
[-0.008958111050323181, 0.006425891546204321]
[-0.010381729306952803, 0.013636196150413227]
[-0.006121351493139748, -0.006910953090078387]
[0.0059931424115236, 0.012999682844979876]
[-0.008208410476322259, 0.003274644998746634]
[-0.005144038789590022, 0.01636443329003434]
[-0.0006039650938456376, -0.006247633812666908]
[0.0069280260726314324, 0.009311592130090363]
[-0.006662591425748099, 0.0008100048530819137]
[0.0005168864409823559, 0.016458601636169412]
[0.003134053378602175, -0.003734171877475434]
[0.0067367713896056, 0.005971933386728523]
[-0.004675842628852969, -0.0007674092997591586]
[0.005410231438071511, 0.014246645335084018]
[0.004819478394192611, -0.0004359652274673609]
[0.0057272282121232365, 0.003308521839153755]
[-0.002629887739916681, -0.0014297636579101436]
[0.008716586154650097, 0.010452193560136824]
[0.004623385208841424, 0.0026898306841134367]
[0.004265482010104904, 0.0014789541114623717]
[-0.0008591456002191578, -0.0013038176798660928]
[0.010062877375252355, 0.005984698712924397]
[0.0030419279632172835, 0.004940073709635506]
[0.002705146393189084, 0.00048048391596999807]
[0.0004036052661620104, -0.0006269858810981077]
[0.009509969655015826, 0.0017368899761223133]
[0.0007423555622074751, 0.0059426889993481335]
[0.001332124622907438, 0.00018336644255700918]
[0.0010553213752482193, 0.00031100275834283764]
[0.007467554259134257, -0.0015797338849837805]
[-0.0015946164513462868, 0.005662463044067589]
[0.00033089598711799617, 0.00037858609768370854]
[0.0011229875734377615, 0.001228427509501362]
[0.004560983942655916, -0.0035398918485483044]
[-0.003408324754423986, 0.0043452312336342835]
[-0.0002258057033350802, 0.0008298419597734252]
[0.0007395758031569777, 0.0019025619452679443]
[0.0014797845048115654, -0.004040719152302863]
[-0.004347520230760599, 0.0024194268618122905]
[-0.0003661150565141824, 0.0013204041686762924]
[0.0001031119591055063, 0.0022029714351179397]
[-0.0011628727836248132, -0.0032726390117536752]
[-0.004305859241635623, 0.00037899649110073597]
[-0.00019237907982849745, 0.0016876769786814683]
[-0.000571430713673271, 0.002102945988341931]
[-0.002935914768525727, -0.0016392900905679575]
[-0.003404709460219646, -0.0013280590606252751]
[0.0001539504084850929, 0.0018414720547194063]
[-0.0010974054498245622, 0.0016694298079983072]
[-0.0036465917682289017, 0.0003518074758259715]
[-0.0019339190922331717, -0.002385380211359145]
[0.0005281550222100417, 0.00176545054984234]
[-0.0013505237639902523, 0.0010358456432701946]
[-0.003343222539122309, 0.002203488054308256]
[-0.0002676542178496888, -0.0026553673242282194]
[0.0008121196085313365, 0.0015042891677763959]
[-0.001286266963553162, 0.0003650368432315254]
[-0.0022708500931594156, 0.0035257397028689574]
[0.0012250265406410499, -0.0021837770459272043]
[0.0009336246755977662, 0.001141349332725472]
[-0.00093907366165491, -0.00018926993318446605]
[-0.0007942774743973091, 0.004098645865779682]
[0.0022566025440746706, -0.0011664617478125139]
[0.0008731044005254596, 0.0007726791685136458]
[-0.0004054349600487728, -0.0005146318037159148]
[0.0006925278311160632, 0.0038934054835810805]
[0.002670991022020175, 0.00011031803501521109]
[0.0006585706875275044, 0.0004830037019205591]
[0.00018399292914894616, -0.0005598731635085841]
[0.0018512214064252963, 0.0030523685082870233]
[0.002460181805049644, 0.0013407576827009215]
[0.0003515706728400847, 0.0003281420414937841]
[0.0006964465356438243, -0.0003400715943753241]
[0.002461939957006054, 0.001836904787829885]
[0.001748239589581202, 0.0022658581468736616]
[2.8372767428841428e-05, 0.00032638960223563274]
[0.0010262756227370495, 7.297457447874578e-05]
[0.002454204150999173, 0.0005572837494724481]
[0.0007497558443834151, 0.0027222568129621205]
[-0.00023908505896330645, 0.0004592667057838895]
[0.0011155461422935886, 0.0005714084101537953]
[0.001903274357579754, -0.0004992175043454228]
[-0.00028580565852365236, 0.0026655128991097676]
[-0.00039854448444531787, 0.0006801043951880636]
[0.0009625368367149889, 0.001037743558174431]
[0.0009965647507241826, -0.0011271263645983298]
[-0.0011308062422280551, 0.002165882432347388]
[-0.00042642765055544984, 0.0009275657669476356]
[0.0006174495649604594, 0.0013709831200154898]
[-1.9711636895181073e-05, -0.0012378438819204973]
[-0.0016252873084362518, 0.0013804527992355986]
[-0.0003294973703060755, 0.0011405887034788842]
[0.00016736914276072046, 0.0015069422639559793]
[-0.0009005117020199904, -0.0008662279355982072]
[-0.0017035682467538837, 0.0005099678339006708]
[-0.00013982414797444886, 0.0012714124478515887]
[-0.00028541680312491047, 0.0014289645657614702]
[-0.0014553529689136369, -0.00015025971400817184]
[-0.0013980180388608598, -0.000249008389821892]
[9.499457507755604e-05, 0.0012941844169355177]
[-0.0006465717639259072, 0.0011675556389195707]
[-0.001584586778628605, 0.000709238390003808]
[-0.0008215386131924518, -0.000746037521173859]
[0.0003236826644503754, 0.0012078865021699359]
[-0.0008492773955344202, 0.0007899169757913382]
[-0.001292581074798932, 0.0014983932148040502]
[-0.00013459913273194957, -0.0009045791934672032]
[0.0005024312399948272, 0.0010336689862194826]
[-0.0008663125147694295, 0.0003824273616119811]
[-0.0006772224862424681, 0.0020381339499981888]
[0.0004946556018308179, -0.0007310821204822848]
[0.0006030697518020212, 0.0008078450524412473]
[-0.0007126378224493468, 3.0385753787331993e-05]
[9.982797037411117e-05, 0.0022201181830725503]
[0.0009280426287878729, -0.00030525513860199527]
[0.0006169011257468604, 0.0005725602238846328]
[-0.00043866030430261826, -0.00020041116414315496]
[0.000854030588106014, 0.0020241501306763054]
[0.0010848724165043455, 0.00024461917448836967]
[0.0005539271656576084, 0.0003663975505525663]
[-0.00011633682615597163, -0.0002764157895107644]
[0.001420267729515666, 0.0015150034629285158]
[0.0009543867593850841, 0.0007746344329572219]
[0.00043820500616686964, 0.00021691909165655332]
[0.00017833985672122132, -0.00020106039934209008]
[0.0016873407183264355, 0.0008211140065744194]
[0.0005917834516999676, 0.0011586126119350615]
[0.00030081192949910074, 0.00013649044511110375]
[0.0003824013124111847, -1.1029462298584036e-05]
[0.0016178913342932422, 0.00010126306366986526]
[0.00010014115350598374, 0.0013145993076709717]
[0.00017223010551581375, 0.00012187122278195517]
[0.00045882191836477126, 0.00023450540533231923]
[0.0012506510874088494, -0.0004925665427554793]
[-0.00039660918139117207, 0.0012193410166314589]
[7.586941623904941e-05, 0.00015718817095855542]
[0.0004027610862396003, 0.00046883449697654456]
[0.0006859618815511226, -0.0008478225459472855]
[-0.0007830225142409497, 0.0009086105109703535]
[2.3993875831629374e-05, 0.00021922458964906966]
[0.00024022084309915925, 0.000633269283493304]
[5.903439040966241e-05, -0.0009127985085073398]
[-0.0009771933460028803, 0.0004644839124989808]
[1.6642982741454926e-05, 0.0002835859742639224]
[1.992878894629957e-05, 0.0006898400414858674]
[-0.0004922938008309341, -0.0007030702499908337]
[-0.0009463943401949448, -6.586795775476162e-06]
[4.341411351799218e-05, 0.0003302835116647945]
[-0.0001993103273504812, 0.0006285115513113559]
[-0.0008578675621572218, -0.0002927183230490016]
[-0.0007106241089818166, -0.0003993673669444586]
[8.735891749345193e-05, 0.00034757866433143825]
[-0.0003626967817592641, 0.000467667522260351]
[-0.0009771372379225873, 0.0002065843827614433]
[-0.0003342307487761431, -0.0006331970840489642]
[0.00012986699584538464, 0.0003334525030358748]
[-0.00043172996691664967, 0.0002481755557410814]
[-0.0008485411138676457, 0.0006731346791537529]
[9.163328091243983e-05, -0.000668144987331698]
[0.0001553215888527859, 0.00029466475386041857]
[-0.0003920828720355707, 2.274419510439607e-05]
[-0.0005252254032337977, 0.001002880243753168]
[0.00047117368979776586, -0.0005109539277983188]
[0.000154502366438658, 0.00024390866539947265]
[-0.0002555600714564399, -0.00015677483894616095]
[-9.903983443904085e-05, 0.001131135068547895]
[0.00072551108643093, -0.00021022045629756625]
[0.00012610754989217376, 0.00019593583190680164]
[-5.6041903752912514e-05, -0.00025118322312067676]
[0.00032282855281828837, 0.0010439818207087503]
[0.0008089248966307583, 0.0001573399333250347]
[7.62611905460453e-05, 0.0001636570924816727]
[0.00015934007998363864, -0.00024224227648650398]
[0.000642913835762815, 0.000777578743945212]
[0.0007165849530116689, 0.0005058679765996763]
[1.6341283743170898e-05, 0.0001551174968614788]
[0.0003415584073322986, -0.0001358191667426567]
[0.0007945718914560418, 0.0004063687401936189]
[0.00048267203824092775, 0.0007600109085119655]
[-4.019201091759461e-05, 0.0001719448672077295]
[0.00045089452617941284, 4.055690349669128e-05]
[0.0007547277492399029, 2.3563939692647362e-05]
[0.00016998326006956166, 0.0008708547510490883]
[-8.113524641614744e-05, 0.00020946985912306815]
[0.00046548749518837695, 0.0002448891200189651]
[0.0005460093032811919, -0.00028124161426634764]
[-0.00014607963305740546, 0.0008248706818589913]
[-9.826608231655598e-05, 0.0002583120159835861]
[0.0003854441714603585, 0.0004308019602031199]
[0.00022850012832176247, -0.00044216155391807455]
[-0.00039519913939810997, 0.000644374859557928]
[-8.889468333583839e-05, 0.0003069125783023985]
[0.0002318116055738395, 0.0005581168035413975]
[-0.00011637358746297011, -0.00043048088263697437]
[-0.0005274647438922586, 0.00037998005911088484]
[-5.6010165871478446e-05, 0.00034433266955491426]
[4.089676264684705e-05, 0.0006015190116685498]
[-0.00040572309476805124, -0.0002589088107578519]
[-0.0005230818102991419, 9.725936499171972e-05]
[-7.135241345768151e-06, 0.0003626462158364263]
[-0.000144563766280692, 0.0005554673424487677]
[-0.0005741649832685658, 2.3757751921982262e-05]
[-0.0003946800581413612, -0.00013902091309447862]
[4.771478693410547e-05, 0.0003584203565897004]
[-0.0002852490481238812, 0.0004344288123381834]
[-0.0005876882252482674, 0.0003457826090105254]
[-0.00018219679947395484, -0.0002794216840175112]
[9.8409986379e-05, 0.00033303906379139603]
[-0.0003538544256294629, 0.0002686143301701138]
[-0.00044962073298843164, 0.0006300402814860551]
[5.8035567935155186e-05, -0.0002999426792088533]
[0.00013684495941856945, 0.0002919175632898341]
[-0.0003405747474058973, 9.639141869111079e-05]
[-0.00019782382731198256, 0.0008117774447464754]
[0.00026718043053963747, -0.00020574735956303825]
[0.00015838085285646564, 0.00024290562401185767]
[-0.0002543858468093789, -4.4759207448175076e-05]
[0.00010574774936156217, 0.0008525919572496266]
[0.0003974614192036041, -2.8073055968802496e-05]
[0.00016234278482230025, 0.00019433304456861755]
[-0.00012003501491036905, -0.0001266366657362017]
[0.00039034195139298067, 0.0007477089280907012]
[0.00042237393202065876, 0.00018455244758186495]
[0.00015157114670116822, 0.0001531843083575346]
[2.8379050059590405e-05, -0.00013620016358406595]
[0.0005928543518453067, 0.0005252961138190737]
[0.0003414529414781653, 0.0003784617532388568]
[0.00013124512140372246, 0.0001238058916741558]
[0.00015562815770553406, -7.772590156629455e-05]
[0.0006716639585966355, 0.00023841134517865736]
[0.00017885224012620382, 0.000507426566347946]
[0.00010734179484885031, 0.00010738056470360746]
[0.0002334358949407367, 2.9074811629170583e-05]
[0.0006148928875412407, -4.820896962150906e-05]
[-2.357736038205438e-05, 0.0005428043390475201]
[8.51379347160397e-05, 0.00010219673229316939]
[0.0002465940715556947, 0.00015436481231678734]
[0.0004415335278922239, -0.00027327596718113023]
[-0.00021682873190859153, 0.00047910721417032676]
[6.810390733125171e-05, 0.00010454998597375642]
[0.00019581469722873557, 0.00026555754227760436]
[0.00019556978566637184, -0.00039249015230302664]
[-0.0003563116876897643, 0.00033400069762090645]
[5.740438005702453e-05, 0.00010998240068810228]
[9.681334529243468e-05, 0.0003349909774840176]
[-6.521557671157474e-05, -0.00038754148383901565]
[-0.00041178787987583565, 0.00014304878809157096]
[5.204857422667908e-05, 0.0001145181773842957]
[-2.4004328962157206e-05, 0.0003461370378179396]
[-0.00028295099761666, -0.0002687853867360257]
[-0.00037351542059171905, -4.931357829462968e-05]
[4.956908728168119e-05, 0.00011559473979524948]
[-0.0001361256954178769, 0.00029699067216609754]
[-0.00041268657263371367, -7.132572759949163e-05]
[-0.0002534240927332121, -0.00020033321296919482]
[4.699161818166875e-05, 0.0001124977520252507]
[-0.00021218733764444275, 0.0001999795623416345]
[-0.00043181060040739516, 0.00015426834851739457]
[-8.13257750613694e-05, -0.000278549339318257]
[4.1812125944451495e-05, 0.00010625321505346175]
[-0.0002342192013320421, 7.855361689546037e-05]
[-0.0003439340252774925, 0.0003542404877194816]
[0.00010271728487043497, -0.0002703418693416615]
[3.272732547654478e-05, 9.9070838133819e-05]
[-0.00019748876960326567, -3.863674759529978e-05]
[-0.00017664823838964283, 0.00048399492040795966]
[0.0002579385614719376, -0.00018210166297179947]
[1.9954429000712537e-05, 9.353578962190134e-05]
[-0.00011115800553676558, -0.00012455021687429735]
[2.6027631234548654e-05, 0.0005177202652327795]
[0.0003520714977020001, -3.776470896579842e-05]
[5.098451193563669e-06, 9.178877859672419e-05]
[4.277738296476485e-06, -0.0001599574724744368]
[0.0002145360982350325, 0.00045324945456512444]
[0.00036815245275506614, 0.00012748834393287722]
[-9.35352133302203e-06, 9.491216887802523e-05]
[0.00012206479286525074, -0.00013764040320207727]
[0.00034537671924081415, 0.0003112925421473456]
[0.0003075130019133121, 0.0002757426600395463]
[-2.0742413185392827e-05, 0.00010266413704251853]
[0.0002155288229266361, -6.369869751454704e-05]
[0.0003907446876708631, 0.00012949372594908692]
[0.0001884858911851417, 0.0003750309115854167]
[-2.694527565560989e-05, 0.00011359785065523376]
[0.000264181147907383, 4.4233417617722814e-05]
[0.0003441200098052155, -4.7086041837091086e-05]
[4.1341441403663914e-05, 0.0004062144313615734]
[-2.6894266138000056e-05, 0.00012549773087877636]
[0.00025820617240102095, 0.00016134588481697687]
[0.00022073059071814338, -0.00017672539254526276]
[-9.920395021001394e-05, 0.0003666005051852217]
[-2.078551424800068e-05, 0.00013598710421280913]
[0.0002003608936959056, 0.00026150340865083166]
[5.3024601974871466e-05, -0.00023053047325527487]
[-0.00020208564821738717, 0.0002696453999671]
[-9.949144051391023e-06, 0.00014312883884809446]
[0.0001049419274240515, 0.0003232020347163078]
[-0.00011758679093654134, -0.00019855049544192926]
[-0.0002467292404344512, 0.00014101148160605703]
[3.5560777758569806e-06, 0.00014585782365679478]
[-5.843347103781649e-06, 0.00033426973900647916]
[-0.00025066612992086235, -9.127841993006314e-05]
[-0.00022714367681408998, 1.2058811699411365e-05]
[1.7491982687967145e-05, 0.00014414297582199254]
[-0.0001071840667237478, 0.00029428248972482307]
[-0.00031602623622448145, 6.360127504434487e-05]
[-0.0001524800726708797, -8.76211243845404e-05]
[2.997494745560214e-05, 0.00013885822277096005]
[-0.0001773824039232874, 0.00021422369418561127]
[-0.0003002608136018631, 0.00022826893988980856]
[-4.41082171841467e-05, -0.00013688455176197323]
[3.9852453018962564e-05, 0.00013142321462741857]
[-0.00020265989966439246, 0.00011356010343910317]
[-0.00020915880774380335, 0.0003638572990822819]
[6.994917834490799e-05, -0.0001274470054312138]
[4.683445290321053e-05, 0.00012333365508854222]
[-0.0001799867487451562, 1.5491141156620536e-05]
[-6.562765996070974e-05, 0.00043941112015710715]
[0.00016182520623442276, -6.513430900421946e-05]
[5.136627395041504e-05, 0.00011572355177569271]
[-0.00011735490957698325, -5.8479826208657215e-05]
[9.621162042924847e-05, 0.0004386804519598553]
[0.00021024630266747169, 3.2158534790660553e-05]
[5.43031938196048e-05, 0.00010908346329430163]
[-3.1519795222756386e-05, -9.338750876697333e-05]
[0.00023925145876438174, 0.00036328729973108403]
[0.0002051462474549487, 0.00013917685437007943]
[5.649927311968117e-05, 0.00010320710620037588]
[5.618627917314267e-05, -8.397180936137172e-05]
[0.0003319750900147578, 0.00023169156251980072]
[0.0001494883182681095, 0.00022948265846697846]
[5.844120356565674e-05, 9.736925423364795e-05]
[0.00012494402438945063, -3.5501454362818485e-05]
[0.00035541449171272443, 7.436181319955826e-05]
[5.800877693701301e-05, 0.00028161842358326306]
[6.003845650412454e-05, 9.067055708433802e-05]
[0.00015924199809735917, 3.785546276408036e-05]
[0.00030696869928015236, -7.359615787924656e-05]
[-4.669000416102076e-05, 0.00028385024313215546]
[6.0630752738100036e-05, 8.243816975639362e-05]
[0.00015228412970214045, 0.0001166574674359433]
[0.00020033932619356598, -0.00018057215186367825]
[-0.00013968357091163897, 0.00023647053114195238]
[5.9207796857252415e-05, 7.255713811721298e-05]
[0.00010727089812023749, 0.00018091204135355782]
[6.175469939750933e-05, -0.00022546325206074247]
[-0.00019956562506004416, 0.00015124308313985146]
[5.4773091125420725e-05, 6.16292775670324e-05]
[3.632664408809161e-05, 0.00021477076129489125]
[-7.650716717289008e-05, -0.00020201269056518978]
[-0.00021323579894400035, 4.824366837641314e-05]
[4.674089530055936e-05, 5.090698567076363e-05]
[-4.260654139208106e-05, 0.00021011493668016135]
[-0.00018371119626159338, -0.00011959492080992895]
[-0.00017858603140552542, -4.906793538905774e-05]
[3.524453691688967e-05, 4.2014559733169476e-05]
[-0.00011013011915134152, 0.00016823783127484226]
[-0.00023759647246296423, -4.106788149549345e-07]
[-0.00010456198784158932, -0.00011934203230878904]
[2.1257913508487825e-05, 3.653101832887251e-05]
[-0.0001499619470856639, 9.92915624786761e-05]
[-0.00022909008232431527, 0.00012612439894421623]
[-8.697558297132701e-06, -0.00014812030703709178]
[6.4834129589463885e-06, 3.554931593649502e-05]
[-0.00015265911940939847, 1.9691323256854076e-05]
[-0.00016381468134712973, 0.00023040482396008422]
[8.72073744012658e-05, -0.0001308436455347145]
[-6.975569899037026e-06, 3.933608974820979e-05]
[-0.00011765571541902387, -5.186548559965587e-05]
[-6.017158749888063e-05, 0.00028941314288655207]
[0.00016220104964076443, -7.347623702821937e-05]
[-1.7078554543914493e-05, 4.71911857099494e-05]
[-5.3192179982980425e-05, -9.880725423527803e-05]
[5.542790441534495e-05, 0.0002917109294189868]
[0.00020088600316708893, 9.294217894251222e-06]
[-2.232925470746494e-05, 5.755385408512392e-05]
[2.5789615491600415e-05, -0.00011049376120220167]
[0.00015498025792465286, 0.00023957099722139719]
[0.00019666178127813322, 9.77656563347605e-05]
[-2.2146671227851744e-05, 6.833666205530164e-05]
[0.00010124530507937823, -8.455702559251321e-05]
[0.0002154221946023549, 0.00014787379178435311]
[0.0001528274632000004, 0.0001719119694785498]
[-1.7024160968520663e-05, 7.740641179898589e-05]
[0.00015625159042598202, -2.7275935811754692e-05]
[0.00022377511680016227, 4.014575106597862e-05]
[8.138427784443181e-05, 0.00021594197574870133]
[-8.428018024003725e-06, 8.30901786466054e-05]
[0.00017886501902253382, 4.8050532958143766e-05]
[0.000179772450476956, -5.724225707859354e-05]
[-8.982523103107098e-08, 0.00022169187663600987]
[1.5457033883670146e-06, 8.457511724246913e-05]
[0.00016473732279131958, 0.00012430500763564029]
[9.545921078302211e-05, -0.00012131450856162074]
[-7.269747586182915e-05, 0.00019012637639059804]
[1.0673914203701562e-05, 8.209575269690905e-05]
[0.00011791847068354233, 0.00018455066991930613]
[-8.034254776800864e-06, -0.0001377171183533088]
[-0.0001205901034986856, 0.00013068648744141154]
[1.7143474366446143e-05, 7.685589336083043e-05]
[4.9710876034503304e-05, 0.0002158869724260548]
[-0.00010570166047185747, -0.00010376591187555295]
[-0.00013444388616751235, 5.872539880069638e-05]
[1.9985937689925848e-05, 7.070043873125265e-05]
[-2.410970043970062e-05, 0.00021227943064450194]
[-0.00017458571425243985, -2.869127556581752e-05]
[-0.00011328643418229145, -8.298929494277019e-06]
[1.9297534535722694e-05, 6.561766212648257e-05]
[-8.702355913967064e-05, 0.00017574014022131434]
[-0.00019903141443833317, 6.887867991567376e-05]
[-6.432623519381231e-05, -5.494902765668108e-05]
[1.6185267539992054e-05, 6.319805695523956e-05]
[-0.0001255632431861886, 0.00011563158474015012]
[-0.0001740829248927933, 0.0001655226257182285]
[-9.08628705942327e-07, -7.129108070841328e-05]
[1.2449428964944609e-05, 6.418952893533225e-05]
[-0.00013230106416875498, 4.630415601736271e-05]
[-0.00010630606854861169, 0.00023858798157194716]
[6.085380881204472e-05, -5.496260175325007e-05]
[1.0080709418769374e-05, 6.826664519721248e-05]
[-0.00010736198548783049, -1.6344202145801567e-05]
[-1.1933749354181566e-05, 0.000271398777051568]
[0.00010594714459832844, -1.140728128680435e-05]
[1.0698962450872429e-05, 7.407896806199687e-05]
[-5.815324424213175e-05, -5.856512729007779e-05]
[8.71506055642457e-05, 0.00025692341377796246]
[0.000123908758490332, 4.770298876771717e-05]
[1.5077905833549288e-05, 7.957323507634673e-05]
[2.5786980774600288e-06, -7.185507809426284e-05]
[0.00016859774823334284, 0.0001991096420372318]
[0.0001110887558606749, 0.00010742362402273165]
[2.2880775653599805e-05, 8.251392995783924e-05]
[5.987034709575845e-05, -5.4751227280935844e-05]
[0.00021471685962320963, 0.00011165597053003351]
[7.124661520876985e-05, 0.0001531360196663778]
[3.2680601486683586e-05, 8.107444030747146e-05]
[0.00010008961053054044, -1.2948388932343402e-05]
[0.00021636554727588742, 1.4584831444001967e-05]
[1.4410635980455222e-05, 0.0001739360482243546]
[4.22678773978058e-05, 7.435001407507524e-05]
[0.00011407843272048801, 4.224534581542816e-05]
[0.00017475393985810772, -7.052461460477222e-05]
[-4.56702629628436e-05, 0.0001650403949713386]
[4.9175577054416664e-05, 6.265986878906116e-05]
[9.917242869461607e-05, 9.671338857532297e-05]
[0.00010081802283568031, -0.00012550661166738086]
[-9.48420845944889e-05, 0.00012869398333159587]
[5.129497022007823e-05, 4.7555566945717276e-05]
[5.965787038764159e-05, 0.00013691384583405797]
[1.2386549888665499e-05, -0.0001396350274278646]
[-0.00012183646344149368, 7.342568303325692e-05]
[4.742993578479848e-05, 3.152419433195136e-05]
[5.598648082555391e-06, 0.00015304239483809878]
[-7.013509788139638e-05, -0.0001118128254765649]
[-0.00012078010272081885, 1.1884563546393778e-05]
[3.764930262348254e-05, 1.7450465655211023e-05]
[-4.965536407021409e-05, 0.0001412467155573055]
[-0.00012852401468863017, -5.048262108420243e-05]
[-9.237446277421402e-05, -4.2193906816145876e-05]
[2.3343757151239597e-05, 7.962898700059062e-06]
[-9.266934870560961e-05, 0.00010440146619353219]
[-0.00015083408077435495, 2.8646274648935766e-05]
[-4.3523185709437584e-05, -7.716321190848197e-05]
[6.964860752578517e-06, 4.820329958445113e-06]
[-0.00011307488070921856, 5.129771909329062e-05]
[-0.0001339066285866719, 0.00010646055520602271]
[1.4450498271978418e-05, -8.604895342961827e-05]
[-8.498538620171914e-06, 8.488197571709932e-06]
[-0.00010594150630513499, -5.528672556431857e-06]
[-8.377249511032359e-05, 0.00016495556797696542]
[6.853569462761389e-05, -6.796937712330586e-05]
[-2.0185828350505197e-05, 1.801039936194515e-05]
[-7.28356673789024e-05, -5.279529436963415e-05]
[-1.3922399314414413e-05, 0.00019133900986684216]
[0.00010705358180335134, -2.8110831225502952e-05]
[-2.601462538642796e-05, 3.121241601800051e-05]
[-2.13499039142806e-05, -7.95842199829977e-05]
[5.808617482786632e-05, 0.00018079476061308442]
[0.000122261910126778, 2.368222655743657e-05]
[-2.5158971379224404e-05, 4.519164915028906e-05]
[3.675588225576787e-05, -7.984200943178532e-05]
[0.00011484934704567018, 0.0001373138742231661]
[0.00011196256314263686, 7.532746075405994e-05]
[-1.8238760484429184e-05, 5.6980961076757985e-05]
[8.834132759505398e-05, -5.370228338263949e-05]
[0.00014316407936382225, 7.246342381427712e-05]
[7.978084930887475e-05, 0.00011534219090281184]
[-7.171671617893505e-06, 6.422838256836538e-05]
[0.000121936291617053, -7.349465097117314e-06]
[0.00013697308251459095, 2.442848522563046e-06]
[3.410234080480912e-05, 0.00013543175705854615]
[5.28028935853353e-06, 6.573061220416232e-05]
[0.00013034446576409842, 4.8514003060246e-05]
[9.856107829664396e-05, -5.583888505700241e-05]
[-1.403823977504104e-05, 0.0001322444592496419]
[1.616364941817161e-05, 6.169189529386943e-05]
[0.00011220790967059191, 0.00010121293495680278]
[3.7779169793528133e-05, -8.87289203072017e-05]
[-5.3591915178868854e-05, 0.0001079221459312496]
[2.3030811366064885e-05, 5.364520897130354e-05]
[7.219360010016218e-05, 0.00013904726229735376]
[-3.0464277860575706e-05, -8.892128976067948e-05]
[-7.602915142063127e-05, 6.936617316977145e-05]
[2.451506667741979e-05, 4.4053785335097795e-05]
[1.978895346108761e-05, 0.00015395266789776374]
[-8.98149864747011e-05, -5.698469215065227e-05]
[-7.719385902243969e-05, 2.6436828994058637e-05]
[2.0644766066946207e-05, 3.568832406128375e-05]
[-3.298496020455455e-05, 0.00014326551038294777]
[-0.00012631938790491626, -1.0202835835082524e-06]
[-5.807693671266989e-05, -1.0458426131509935e-05]
[1.2820084376807817e-05, 3.093003045599729e-05]
[-7.439042543597174e-05, 0.00011020384032667252]
[-0.00013161061362026993, 6.541694821393662e-05]
[-2.4371977739745532e-05, -3.2808713969656456e-05]
[3.456665162548944e-06, 3.116845493830733e-05]
[-9.565780457534978e-05, 6.298160442957945e-05]
[-0.00010471630559516498, 0.0001266028905604344]
[1.5038853326876378e-05, -3.591024265811593e-05]
[-4.619221293800102e-06, 3.644122178025899e-05]
[-9.292064926724741e-05, 1.2791031301140343e-05]
[-5.210924737431011e-05, 0.00016834184121916618]
[5.0279772695338565e-05, -1.9821866862182458e-05]
[-8.878924461996895e-06, 4.540515073458984e-05]
[-6.797086854030965e-05, -2.885509825512056e-05]
[1.3962086790747508e-05, 0.00018121119654768147]
[7.282539625377837e-05, 1.082050780770727e-05]
[-7.732120158310263e-06, 5.564868749285967e-05]
[-2.768613921566576e-05, -5.279213866460353e-05]
[7.843037053016904e-05, 0.00016261683117039724]
[7.744685162899487e-05, 4.804693777084312e-05]
[-9.441957722899907e-07, 6.427303232703352e-05]
[1.7707596699223505e-05, -5.426514445339148e-05]
[0.00012693638856156597, 0.00011721798400299299]
[6.332431337552347e-05, 8.252907286679378e-05]
[1.0272707249583957e-05, 6.860377101070014e-05]
[5.710938740277616e-05, -3.391914744466096e-05]
[0.0001490976810977207, 5.566901514125755e-05]
[3.409800753503833e-05, 0.00010580590463082906]
[2.352014733070229e-05, 6.686206330697164e-05]
[8.116185296114242e-05, 2.4878770176206544e-06]
[0.00014077330608019967, -7.984956626835849e-06]
[-3.117351510678601e-06, 0.00011223616475353193]
[3.576609175304224e-05, 5.863259880301008e-05]
[8.440358476735632e-05, 4.555492870446376e-05]
[0.00010483149166695682, -5.962060010050729e-05]
[-3.949143420933776e-05, 0.000100235023207218]
[4.405996095094289e-05, 4.501286687375039e-05]
[6.646494045420281e-05, 8.452404346672576e-05]
[5.028582884802901e-05, -8.827379294795712e-05]
[-6.65778997011729e-05, 7.253300522624961e-05]
[4.6240144802270344e-05, 2.840365727148353e-05]
[3.204908728610123e-05, 0.00010983404752193393]
[-9.954622764263288e-06, -8.855792223871894e-05]
[-7.825840299957587e-05, 3.542950750445861e-05]
[4.146464704156069e-05, 1.1986194757937496e-05]
[-1.0272461975508601e-05, 0.00011534270126004748]
[-6.216345501725007e-05, -6.172883109978322e-05]
[-7.208751910603439e-05, -2.753923532772262e-06]
[3.0436554596890986e-05, -9.935048270320879e-07]
[-5.014578074197251e-05, 9.970705612122321e-05]
[-9.497028167358701e-05, -1.5189282372873869e-05]
[-4.9748327068721565e-05, -3.363784253679336e-05]
[1.5267951781361422e-05, -7.965618122579565e-06]
[-7.789911647176906e-05, 6.661749704439668e-05]
[-0.00010189518387493379, 3.9408415718478196e-05]
[-1.6543264541035718e-05, -5.070066696746811e-05]
[-9.883643243835394e-07, -7.628202929765848e-06]
[-8.680514438103026e-05, 2.3853131850160025e-05]
[-8.267820873605891e-05, 8.898395120543467e-05]
[1.9930254691047367e-05, -5.070681422287421e-05]
[-1.5030872758781122e-05, -2.492941965082096e-07]
[-7.461804924369445e-05, -1.859947686533303e-05]
[-4.313195265601144e-05, 0.00012209705323518172]
[5.1587214465576015e-05, -3.433519836876231e-05]
[-2.4062898918542075e-05, 1.2393045766057043e-05]
[-4.404094553889237e-05, -5.090939736951405e-05]
[6.406083548807229e-06, 0.0001315462860559044]
[7.171315977808068e-05, -5.8907212873160475e-06]
[-2.6430384823028508e-05, 2.741987184606831e-05]
[-2.034006784723541e-06, -6.568817627528034e-05]
[5.3623358398278975e-05, 0.00011591101887143546]
[7.64439939449392e-05, 2.78035660653507e-05]
[-2.1993334071990223e-05, 4.151432853083392e-05]
[4.185551319052516e-05, -5.967061269662732e-05]
[8.716577344713983e-05, 7.970935023002279e-05]
[6.554008149736723e-05, 5.90507543885288e-05]
[-1.2143095461748799e-05, 5.168297972646396e-05]
[7.773650983489144e-05, -3.4410215128066746e-05]
[9.926451096142763e-05, 3.217363001844012e-05]
[4.230111806841075e-05, 8.106423235310078e-05]
[5.386702793264142e-07, 5.5936667689771014e-05]
[9.766008659661818e-05, 4.15419802371475e-06]
[8.74557335058812e-05, -1.503516557113671e-05]
[1.2671468495123461e-05, 8.947666651165642e-05]
[1.2898673194317034e-05, 5.373106292944074e-05]
[9.741781765626456e-05, 4.713973720857356e-05]
[5.50188106084315e-05, -5.061613359569339e-05]
[-1.62294792895e-05, 8.32365729365181e-05]
[2.196185641739623e-05, 4.606395175277278e-05]
[7.74444424059273e-05, 8.48159863982012e-05]
[1.006540226444752e-05, -6.62606091794693e-05]
[-3.779293968297903e-05, 6.470811211034544e-05]
[2.5634842927058088e-05, 3.520761615265905e-05]
[4.263233779960851e-05, 0.00010885890453535274]
[-3.647407359880228e-05, -5.8521798655730706e-05]
[-4.742591147860464e-05, 3.897986329515213e-05]
[2.3196354702451072e-05, 2.4141107809447226e-05]
[1.1209009741913745e-06, 0.00011423692771074176]
[-7.347113198921673e-05, -2.950818076297157e-05]
[-4.353480708141344e-05, 1.2570608912354508e-05]
[1.545851281645194e-05, 1.581828654845241e-05]
[-3.763963615729948e-05, 0.00010029922094917376]
[-9.220375719690144e-05, 1.3730103160747298e-05]
[-2.777856536517742e-05, -8.147189642315755e-06]
[4.56102513624046e-06, 1.2446314203058695e-05]
[-6.508789370224255e-05, 7.082911744493714e-05]
[-8.834110088309921e-05, 6.094682610480184e-05]
[-4.558191766923514e-06, -1.8431447712519144e-05]
[-6.552585861241411e-06, 1.4946642190205583e-05]
[-7.550009969177485e-05, 3.307024933046909e-05]
[-6.286341937508655e-05, 0.0001011447126866849]
[2.0112735484301147e-05, -1.6221557676082687e-05]
[-1.4852028468292922e-05, 2.2727040906445062e-05]
[-6.724138981290505e-05, -4.028929435184736e-06]
[-2.1729953664256785e-05, 0.00012513657486251661]
[4.007382032705786e-05, -2.5278338372375364e-06]
[-1.795989072123083e-05, 3.3819201011697775e-05]
[-4.3043353776750504e-05, -3.192975570098788e-05]
[2.5598129013197635e-05, 0.00012762706385921474]
[5.046882092252236e-05, 1.890852674261978e-05]
[-1.4737697433320207e-05, 4.534946035883447e-05]
[-9.26270127343809e-06, -4.447917141647828e-05]
[6.84103959184279e-05, 0.00010834542661990187]
[4.884591886456652e-05, 4.2581635781680643e-05]
[-5.578436652053931e-06, 5.4230908295926916e-05]
[2.5686714048345216e-05, -3.92903230365671e-05]
[9.723585635351695e-05, 7.199091534038082e-05]
[3.566362670553991e-05, 6.256836177867542e-05]
[7.664929201818896e-06, 5.7912303723983705e-05]
[5.33479107578394e-05, -1.8218267748115746e-05]
[0.00010598695350272358, 2.7033017555327943e-05]
[1.4104198087061537e-05, 7.393189131799094e-05]
[2.2099252293655836e-05, 5.5005441854827364e-05]
[6.720370426599453e-05, 1.3162893336304826e-05]
[9.327217811050392e-05, -1.632762601244675e-05]
[-1.0740170764106383e-05, 7.385385696551117e-05]
[3.446104129209426e-05, 4.564109360605251e-05]
[6.416746478360436e-05, 4.694126697215792e-05]
[6.259488861759532e-05, -4.85454112905126e-05]
[-3.31000922587088e-05, 6.224090929640713e-05]
[4.187878328215655e-05, 3.146767610015533e-05]
[4.524352965887268e-05, 7.476950344723066e-05]
[2.1420356612844582e-05, -6.290301709549473e-05]
[-4.788227375682186e-05, 4.168141183003016e-05]
[4.2548086958839326e-05, 1.5291230859942884e-05]
[1.5218381386072899e-05, 8.983568277495801e-05]
[-2.0644958251991863e-05, -5.6975020558236444e-05]
[-5.1826668591159475e-05, 1.6782270203408167e-05]
[3.6160360975270867e-05, 4.4011061511861627e-07]
[-1.8528251046923128e-05, 8.844219422009247e-05]
[-5.4118868092756234e-05, -3.306183875917412e-05]
[-4.420633932261664e-05, -6.941696916340501e-06]
[2.398372945394689e-05, -9.997064786826382e-06]
[-4.779990016701152e-05, 7.083122211465342e-05]
[-7.181898889424901e-05, 2.4797944817578355e-06]
[-2.6922929852790656e-05, -2.4355497003636373e-05]
[8.57678110022242e-06, -1.3881519011424426e-05]
[-6.552322993552684e-05, 4.10769262615962e-05]
[-7.044798120316165e-05, 4.0826432364970966e-05]
[-3.994960118602897e-06, -3.18661659102909e-05]
[-6.7978258873058195e-06, -1.0515891742945982e-05]
[-6.739616890959199e-05, 6.084597137578918e-06]
[-5.123730981621e-05, 7.280587649838299e-05]
[1.9423589080413972e-05, -2.81954582526181e-05]
[-1.8922323017034337e-05, -8.02012882827885e-07]
[-5.2864714397908574e-05, -2.6055841270355984e-05]
[-1.9525035999806706e-05, 9.103926915531024e-05]
[3.825301907070533e-05, -1.4597447233602456e-05]
[-2.535972244932516e-05, 1.2971900546387971e-05]
[-2.5211325297980203e-05, -4.796851146571246e-05]
[1.6606957961302904e-05, 9.161009141945772e-05]
[4.863983859883236e-05, 5.511098007386639e-06]
[-2.500439214919714e-05, 2.7664330529364456e-05]
[9.251905095486457e-06, -5.469678754188578e-05]
[4.829624428002999e-05, 7.488481117986362e-05]
[4.878753416513726e-05, 2.740317633936895e-05]
[-1.831902448841405e-05, 4.000841364426577e-05]
[4.2683738210314015e-05, -4.482163274260875e-05]
[6.799291122533413e-05, 4.5315816921409624e-05]
[3.928572950800957e-05, 4.616453386996344e-05]
[-7.2037953402215305e-06, 4.736387914605622e-05]
[6.754831560096264e-05, -2.0742500609710612e-05]
[7.119327250648677e-05, 1.0297391722285942e-05]
[2.287911666268294e-05, 5.78194715378233e-05]
[5.469801439977884e-06, 4.831692024170886e-05]
[7.835222307944756e-05, 1.1931082962615691e-05]
[5.742042147421911e-05, -2.1636599272095713e-05]
[3.7488906829696855e-06, 6.0200087780126754e-05]
[1.6549144795235948e-05, 4.29882361407119e-05]
[7.288219823570197e-05, 4.572168695245529e-05]
[3.0242099549826484e-05, -4.283884429745477e-05]
[-1.3510397146948572e-05, 5.3367509110002764e-05]
[2.3351020591061422e-05, 3.2978570147640385e-05]
[5.2664099492977234e-05, 7.303644386782993e-05]
[-3.655254937617869e-06, -4.832245709823768e-05]
[-2.497142021423704e-05, 3.9503596317103096e-05]
[2.4295169954719267e-05, 2.0966607189329065e-05]
[2.2549194633601083e-05, 8.791642788362128e-05]
[-3.60988461002576e-05, -3.687620622794263e-05]
[-2.8260008845371054e-05, 2.2316740994510198e-05]
[1.9271720624491895e-05, 1.005587501673455e-05]
[-1.0461945467263312e-05, 8.737714299933419e-05]
[-5.9372478204297585e-05, -1.1276975788510057e-05]
[-2.3047908015272345e-05, 6.116250517163024e-06]
[9.656667598001434e-06, 3.026059038509915e-06]
[-3.8872403005041356e-05, 7.203608304656717e-05]
[-6.8011507395771e-05, 2.2429632083875717e-05]
[-1.1051573184206465e-05, -5.218721901012469e-06]
[-2.0270543102385297e-06, 1.6661009033386298e-06]
[-5.642714105694169e-05, 4.589405432414706e-05]
[-6.003610232743761e-05, 5.63928771625255e-05]
[4.445935372909826e-06, -9.13294793813968e-06]
[-1.2721621758304824e-05, 6.346531712525527e-06]
[-5.953162685010116e-05, 1.53358366219436e-05]
[-3.734893200424416e-05, 8.280872030552722e-05]
[1.9422873428653897e-05, -4.948803884970154e-06]
[-1.9573857473087486e-05, 1.593150413609079e-05]
[-4.802698996005106e-05, -1.2403890099266235e-05]
[-5.223448106508877e-06, 9.572212081725151e-05]
[3.0092492459526943e-05, 6.0373292780496746e-06]
[-2.062676540387498e-05, 2.8050470530449623e-05]
[-2.5152818342200067e-05, -3.09432306744295e-05]
[2.897851499066538e-05, 9.236343472483755e-05]
[3.379124360349721e-05, 2.0923195827159125e-05]
[-1.5299207778485258e-05, 3.966445226888382e-05]
[3.2796171806626084e-06, -3.622517459511698e-05]
[5.754558401971366e-05, 7.371996645888501e-05]
[2.9577571617436793e-05, 3.593256205787487e-05]
[-4.540116047405118e-06, 4.779240761099146e-05]
[3.029766587497873e-05, -2.7420239451125816e-05]
[7.419922933388223e-05, 4.42276844218048e-05]
[1.8411049785976852e-05, 4.7328980843280855e-05]
[9.379435761236454e-06, 5.022565848544769e-05]
[4.9422741415616755e-05, -7.058971285139881e-06]
[7.550605559147883e-05, 1.0674470122012947e-05]
[2.8831083214025943e-06, 5.229318836930119e-05]
[2.3387529158230835e-05, 4.6061438186362214e-05]
[5.618103996868351e-05, 1.9623728358120207e-05]
[6.160150416378851e-05, -1.9413286612146585e-05]
[-1.3424485111747375e-05, 4.9561323814451e-05]
[3.4323525700402646e-05, 3.592954077258348e-05]
[4.9119735553326827e-05, 4.596656118321246e-05]
[3.6073224552679584e-05, -3.9515609572715604e-05]
[-2.6793335035288357e-05, 3.968310033120037e-05]
[3.9673685084548604e-05, 2.1858563898552452e-05]
[3.009968784725703e-05, 6.547381356625248e-05]
[5.050469584821915e-06, -4.558874109478195e-05]
[-3.423012539044423e-05, 2.4851648611656785e-05]
[3.8157625988074345e-05, 6.813188261504954e-06]
[3.8079081317865526e-06, 7.334474385696857e-05]
[-2.4271307159318134e-05, -3.692639553043442e-05]
[-3.41367030065598e-05, 8.357557580884745e-06]
[3.002827443090994e-05, -5.988709235009437e-06]
[-2.3384263056522303e-05, 6.758417232999303e-05]
[-4.531593400089462e-05, -1.6227786751921158e-05]
[-2.6639559607966046e-05, -6.194967530848139e-06]
[1.7015440050338615e-05, -1.3818741080553337e-05]
[-4.494078653155542e-05, 4.94411204485512e-05]
[-5.3626904587086854e-05, 1.1124123917238826e-05]
[-1.3513242194063135e-05, -1.5721212346692104e-05]
[1.926890533965331e-06, -1.5066400591109974e-05]
[-5.569806754263107e-05, 2.308277198587172e-05]
[-4.7839525706305785e-05, 3.8387738362288815e-05]
[2.271821073485114e-06, -1.8344323804479756e-05]
[-1.1998975649685217e-05, -9.60630277874186e-06]
[-5.306068545738937e-05, -5.409388261823356e-06]
[-2.9912087207151217e-05, 5.906932877441928e-05]
[1.7260796806667367e-05, -1.3784656251417116e-05]
[-2.18368753077125e-05, 1.1809139063845286e-06]
[-3.7581712631143405e-05, -2.947775123973706e-05]
[-4.580044887556034e-06, 6.843121782097034e-05]
[2.831285113087667e-05, -3.3699490939245735e-06]
[-2.5640810177807172e-05, 1.473772634502657e-05]
[-1.2801064954520713e-05, -4.361995778257022e-05]
[2.1821738435748306e-05, 6.455355047094852e-05]
[3.3299738876793605e-05, 1.0323528688929023e-05]
[-2.2877576217689155e-05, 2.7930517752849937e-05]
[1.560998039679129e-05, -4.465561032579446e-05]
[4.2880350573398784e-05, 4.8713258688007355e-05]
[3.154714124958824e-05, 2.410375687911248e-05]
[-1.452775593854816e-05, 3.7780244893204085e-05]
[4.118910170092249e-05, -3.2437260822026914e-05]
[5.3608280220773796e-05, 2.5007833061526513e-05]
[2.392607884929565e-05, 3.491439565514454e-05]
[-2.8327770147662523e-06, 4.2151342297902517e-05]
[5.8189271863018366e-05, -9.84816092275409e-06]
[5.157981823161739e-05, -6.713650902850921e-07]
[1.2585772713735732e-05, 4.0527380071431196e-05]
[9.250258268284073e-06, 4.0237784366958795e-05]
[6.2898342155282e-05, 1.7902524017742588e-05]
[3.744437675962109e-05, -2.2062679233103566e-05]
[4.0254427753540906e-07, 4.001880306636618e-05]
[1.8756012692050517e-05, 3.2733571562637565e-05]
[5.446773999531751e-05, 4.4513109692570496e-05]
[1.471114900397641e-05, -3.4014396143811076e-05]
[-9.717516684826233e-06, 3.392574070826271e-05]
[2.341325259210686e-05, 2.164952947331447e-05]
[3.506485527314529e-05, 6.405713787628609e-05]
[-1.1128852253405874e-05, -3.367569189327568e-05]
[-1.5515302387913987e-05, 2.4059049484881356e-05]
[2.217681220452461e-05, 9.821568152768023e-06]
[9.323781283605836e-06, 7.234113436914782e-05]
[-3.39248385738955e-05, -2.1127059326664366e-05]
[-1.587860619484127e-05, 1.3027734490522747e-05]
[1.546485508607809e-05, 2.2784225177374662e-07]
[-1.676732004293746e-05, 6.7838818696625e-05]
[-4.831542318757889e-05, 6.849202014436173e-07]
[-1.1055411862748166e-05, 3.595454065752346e-06]
[5.047103640964945e-06, -4.723365710283117e-06]
[-3.727497165040283e-05, 5.1991467079764986e-05]
[-5.09653016980971e-05, 2.6679079331903832e-05]
[-2.5411081846504757e-06, -1.975452778593678e-06]
[-6.387819771691561e-06, -3.7670632487274425e-06]
[-4.7693133324866466e-05, 2.881476726079857e-05]
[-4.130646284605799e-05, 5.0853908743209164e-05]
[7.3226798455450215e-06, -2.4394309576271367e-06]
[-1.5882294648494888e-05, 2.918346487301715e-06]
[-4.5961235425761096e-05, 3.914754218348193e-06]
[-2.1622070210031152e-05, 6.76927753861245e-05]
[1.5934167069575622e-05, 2.1724940998252285e-06]
[-2.09224051966328e-05, 1.3754006447541656e-05]
[-3.289617705393155e-05, -1.684866106183014e-05]
[3.5327807487162133e-06, 7.343015222458643e-05]
[2.105937618471221e-05, 1.0600457565151933e-05]
[-2.004474623951147e-05, 2.613532096401583e-05]
[-1.1946915779825762e-05, -2.873370196432301e-05]
[2.8425187209926706e-05, 6.688809105437343e-05]
[2.135399768706664e-05, 2.0689687847498528e-05]
[-1.3194136922967115e-05, 3.7049130749200465e-05]
[1.1660578275063394e-05, -2.920401386563576e-05]
[4.7488889383301425e-05, 4.9697990740844855e-05]
[1.6660719597508256e-05, 2.992347132182993e-05]
[-1.7481480144750094e-06, 4.3787296856834246e-05]
[3.217922911014082e-05, -1.8482210632636553e-05]
[5.6602077713518995e-05, 2.586917226190394e-05]
[8.019725964286684e-06, 3.602461234764043e-05]
[1.1796974290129159e-05, 4.4588454194083305e-05]
[4.4698553433863975e-05, 5.511459002655039e-07]
[5.4003858543261174e-05, 8.180167018478901e-07]
[-2.6011870062347953e-06, 3.748323643332219e-05]
[2.4404722584858707e-05, 3.905712930757366e-05]
[4.628578560172958e-05, 2.3079510711489226e-05]
[4.064484655103007e-05, -1.99059969829829e-05]
[-1.2785446473380369e-05, 3.389056405661561e-05]
[3.320485765304082e-05, 2.8262217205407558e-05]
[3.664722664664666e-05, 4.3515296738662335e-05]
[1.990303746790545e-05, -3.189589294622097e-05]
[-2.023780363702432e-05, 2.600729146223779e-05]
[3.6162087523029796e-05, 1.449243060185762e-05]
[1.8162312910255385e-05, 5.682906342434346e-05]
[-3.2551620666176895e-06, -3.286918479494805e-05]
[-2.3310615845262284e-05, 1.5559154716848766e-05]
[3.255026474328904e-05, 7.269180531954689e-07]
[-4.708689928231702e-06, 5.972989422113606e-05]
[-2.3461897752916072e-05, -2.3135550437369812e-05]
[-2.1365760144109736e-05, 4.81578129657434e-06]
[2.3121535370290713e-05, -1.0054149188733208e-05]
[-2.6496381301810423e-05, 5.1423053335275526e-05]
[-3.6199756110764925e-05, -5.453630780027918e-06]
[-1.489365560303213e-05, -3.9426897681382744e-06]
[9.931710757360435e-06, -1.555717468965795e-05]
[-4.201656785293717e-05, 3.377347253119556e-05]
[-3.8826645374898106e-05, 1.5675780501045455e-05]
[-5.369713087732819e-06, -8.944233885629926e-06]
[-4.136230403961605e-06, -1.470015528934332e-05]
[-4.758214583450854e-05, 1.0844615091987198e-05]
[-3.1140835023785174e-05, 3.510316293098281e-05]
[5.110039226263741e-06, -9.309545248980394e-06]
[-1.603811503586572e-05, -7.853142954483694e-06]
[-4.185082931639633e-05, -1.2071594921780893e-05]
[-1.536520479145098e-05, 4.8247504431303545e-05]
[1.4322735603367054e-05, -5.218471396062352e-06]
[-2.326779485511965e-05, 3.260603752608393e-06]
[-2.6115769658746624e-05, -2.9700937096643898e-05]
[4.432683869669621e-06, 5.215161392622611e-05]
[2.0423656541909696e-05, 2.172439520112951e-06]
[-2.4426358290530192e-05, 1.5977780703280153e-05]
[-3.978582759078808e-06, -3.8015037295557885e-05]
[2.3337332213976825e-05, 4.6133712424359374e-05]
[2.2345753953531555e-05, 1.1033290464056156e-05]
[-1.952934771200232e-05, 2.7324005462014966e-05]
[1.9510966078883918e-05, -3.515548133059543e-05]
[3.675778963935228e-05, 3.189266023782486e-05]
[2.0005584664375964e-05, 1.9306935212376475e-05]
[-9.982036015782764e-06, 3.4710040124730224e-05]
[3.904126326864654e-05, -2.1842534981941775e-05]
[4.149909858658374e-05, 1.3054342660495655e-05]
[1.4275473245534132e-05, 2.5189406561043626e-05]
[1.7690674608550339e-06, 3.6531770048642276e-05]
[5.02706760033278e-05, -1.1799750479907223e-06]
[3.648529242750165e-05, -5.722981526318227e-06]
[6.737301465845058e-06, 2.753222522000609e-05]
[1.2824524049298569e-05, 3.2533923269184584e-05]
[5.081768990902735e-05, 2.2090655259605907e-05]
[2.2972787470820766e-05, -1.986644164692075e-05]
[-7.166661527141516e-07, 2.60763644758244e-05]
[2.052043591679875e-05, 2.385373409806435e-05]
[4.0782370699710135e-05, 4.270559991556566e-05]
[4.214903843335893e-06, -2.596415753508552e-05]
[-6.337479050433359e-06, 2.1470036109416668e-05]
[2.3054795580515312e-05, 1.2736351166426838e-05]
[2.268443566894561e-05, 5.609987847208023e-05]
[-1.5333279659079935e-05, -2.2548743030204044e-05]
[-8.92030400817534e-06, 1.507445131687657e-05]
[1.9905000574263476e-05, 1.990927170236745e-06]
[8.406558687085175e-07, 5.944844643936131e-05]
[-3.107546782503412e-05, -1.04118952006238e-05]
[-8.0612330576324e-06, 8.610865482483465e-06]
[1.1939734714833117e-05, -5.683114334565503e-06]
[-1.9665462749229867e-05, 5.2288092555002885e-05]
[-3.934808221988523e-05, 7.6140270241498165e-06]
[-4.215897443204941e-06, 3.7372013653169667e-06]
[1.2007976225025807e-06, -8.340288978475607e-06]
[-3.4175980227008074e-05, 3.6581594030582476e-05]
[-3.825759613189372e-05, 2.7346235631664495e-05]
[1.4461412125021944e-06, 1.65572276995124e-06]
[-9.591807152653509e-06, -5.252113542131287e-06]
[-3.9532824663367216e-05, 1.6217451880351508e-05]
[-2.809134338367658e-05, 4.424386295839855e-05]
[7.349431762254666e-06, 2.8423081432707442e-06]
[-1.7693406298091574e-05, 2.9193110741010386e-06]
[-3.4785585024454946e-05, -3.9299507034185055e-06]
[-1.1214818373267432e-05, 5.4465902526473764e-05]
[1.1904971724416291e-05, 6.956255173218295e-06]
[-2.0991960045568803e-05, 1.4276993024364693e-05]
[-2.1373231427535e-05, -1.9154322348780006e-05]
[8.510482165848682e-06, 5.5747714263056775e-05]
[1.3891886249968628e-05, 1.2945332071375923e-05]
[-1.851410746198101e-05, 2.613625205255543e-05]
[-2.745103712231689e-06, -2.601345636599195e-05]
[2.66440036794241e-05, 4.789617881720276e-05]
[1.2739418673399228e-05, 1.9314735220085644e-05]
[-1.0661174794937556e-05, 3.5657320311188734e-05]
[1.648223411493399e-05, -2.311252568171218e-05]
