[571.4768527983149, 107.25452668931733]
[-21.2919370729197, -18.260873054626124]
[-12.555185893293933, -6.141315337294712]
[1.357424515961415, -0.9580820219284607]
[0.9574326085652967, -4.064729897317253]
[-1.1232835066418794, -1.434386371469524]
[-2.4818250115236964, -0.29397477025158264]
[-0.6991066899957445, 0.26772739059157735]
[0.04272297588887142, -0.5499028088969036]
[-0.30832095219358013, -1.0936297369167578]
[-0.2923884004443833, -0.023765933738096497]
[-0.1252458625326085, 0.0734475826656531]
[-0.2141131330831163, -0.574249034798666]
[-0.05567218347114267, -0.2685455154962235]
[-0.22972331192465756, 0.12776878944279096]
[-0.35332752987324323, -0.06901340968869007]
[-0.08550098056981081, -0.1893024188040297]
[0.0914630910980101, -0.2584796945132264]
[-0.008423904978916319, -0.03890867208251758]
[-0.14776575333833009, -0.028567446379684558]
[-0.17903518355375425, -0.13106204799646393]
[-0.004195984514720585, -0.04606601377640862]
[-0.0012140701853651237, 0.024652820732823377]
[-0.15289253784642032, -0.1447776403463088]
[-0.0694462468199264, -0.056578130684809325]
[0.05727987247565647, -0.03094831655225727]
[-0.00501684911597966, -0.05797989032772222]
[-0.07523456238813742, -0.0711809818904805]
[-0.08889982975415034, -0.003878543483351482]
[-0.03805131646194848, 0.00015825065540386873]
[0.009323867348880022, -0.02453748074031692]
[-0.02880827387422924, -0.11897401173676148]
[-0.033054667475700406, -0.012807137169748462]
[-0.008515517220166746, 0.014183898202496437]
[-0.025617826422490886, -0.040949140949051444]
[-0.01726318012832495, -0.05622362151452398]
[-0.025131243385875024, 0.01636487752652327]
[-0.05420185999380234, -0.016282306005601654]
[-0.0078401221798714, -0.026839041508946115]
[0.02214725738671497, -0.059188176625490474]
[-0.011859934195426192, -0.0074225888686823005]
[-0.03629768398369082, -0.004317697504634399]
[-0.02801943707145771, -0.014006469919285669]
[0.0017588981427074657, -0.023759907881760522]
[0.00031218331205185024, 0.0037636871285551265]
[-0.03897661591625878, -0.039274013028141486]
[-0.013439883006297393, -0.013862587015302186]
[0.020080054899032973, -0.011866436581223994]
[-0.00781777459294597, -0.00924680425996982]
[-0.027297216548725967, -0.025615566953077096]
[-0.015593232960008585, 0.001992836634625128]
[-0.006287203511005313, -0.004537753425454483]
[0.0012899717564218705, -0.006959731365427935]
[-0.01053282933642219, -0.04252497966388136]
[-0.009111675461688673, -0.0050512342321478165]
[-0.0015611292040573765, 0.004347695626895298]
[-0.009444763690485303, -0.00601558646767808]
[-0.006840271701266332, -0.027030943473401958]
[-0.00293323511259036, 0.0032883046371274816]
[-0.01771663402870205, -0.005880151550094581]
[-0.0036455480322414857, -0.007357535088326372]
[0.008855267683565149, -0.026873458664023797]
[-0.004657143287802423, -0.003363908030604712]
[-0.015425765151115822, -0.002735284612170208]
[-0.007663838886014851, 6.084353421487165e-05]
[0.003724181187827469, -0.014164044925095265]
[0.0014333690571701752, -0.0018858398758188066]
[-0.017476418592476728, -0.01647357077818823]
[-0.004561364791795697, -0.0030583805415154153]
[0.01035081670767024, -0.007880790267151383]
[-0.004059107772321546, -0.003461670983173626]
[-0.013139194143153121, -0.01394419647051759]
[-0.0021526375203415604, 0.0028711457305230503]
[0.000248067586922307, -0.0027478853871509834]
[-0.0007680115722341618, -0.00464422846224366]
[-0.006635500525395299, -0.02176876042571463]
[-0.0018874558027595079, -0.000800094972791765]
[0.0007710443456161453, 0.0010507895273734746]
[-0.004719268987151359, -0.0014433530241513282]
[-0.002817140404989038, -0.016065538286718972]
[0.002224884719466136, 0.0007331712680773705]
[-0.007896225833285975, -0.0018059671194863292]
[-0.003214613667275934, -0.0027365499461913245]
[0.004250250261586874, -0.016586289557687373]
[-2.7593329427810787e-05, -0.0017343821765956058]
[-0.007399109313971475, -0.0016594471822957146]
[-0.003247767922318845, 0.0016204423637535825]
[0.003681433417383251, -0.009217908944965103]
[0.002276147184335775, -0.002837135683074976]
[-0.010364892036959228, -0.0082816347906296]
[-0.0023056048470719848, 0.00035992617453750597]
[0.006994276385708931, -0.0064964676712686575]
[-0.0008523623059233376, -0.0028265929444502014]
[-0.007398821321691562, -0.008154402475530897]
[0.00022453136404987362, 0.0026317948324887652]
[0.0018709028080147183, -0.0017931026968009967]
[-0.0004871511658848249, -0.0038078900788836023]
[-0.005088928502088863, -0.01332805804281012]
[0.000534563648841635, 0.000973117884534247]
[0.002198090766071248, -4.1561355142771816e-05]
[-0.0024331978229541473, -0.0017196966093400157]
[-0.0017656220688280766, -0.010361698991106838]
[0.0028361463647956775, 0.0006926190590572645]
[-0.003817932446483749, -0.00042853846414647734]
[-0.0023032227938054595, -0.0016995654394675874]
[0.0022087071978465957, -0.011707112133289677]
[0.0019684360519568456, -0.0009369944509400874]
[-0.00350687877955283, -0.0005833132591410717]
[-0.002187312058045787, 0.0007251570960038478]
[0.0027077422252497485, -0.00678313810713993]
[0.0026034169883962788, -0.0020361632009562314]
[-0.00654053939195548, -0.004500162375832062]
[-0.0013140620195832842, 0.0007524723032270586]
[0.005149235258248119, -0.00553744407400103]
[0.0007913527674220378, -0.0026500820072619113]
[-0.0047052200748525785, -0.004719525166819949]
[6.46209764656458e-05, 0.0019947482423434693]
[0.0021978616728068334, -0.001838712350261229]
[0.00045724354358811503, -0.002934556405592037]
[-0.003891683005535551, -0.008528538297220667]
[0.0010317217642008547, 0.0010219796844204154]
[0.002612305174159779, -0.0005918980936754359]
[-0.0012095937055918715, -0.0021380163979172195]
[-0.0015744833414049753, -0.007006575560834616]
[0.002235817360310123, 0.000946666284292963]
[-0.0014692993704822355, -0.00022457085207339134]
[-0.0010857593899233561, -0.0016068259552177722]
[0.0009607385142627045, -0.00835103926057501]
[0.0021308580945023914, -0.0007033786243941798]
[-0.0014933646136084944, -0.0002212004295163439]
[-0.0016581405908266678, -7.125461246904052e-05]
[0.001766944175557561, -0.005326663646972207]
[0.002482250794608204, -0.0011425629683312621]
[-0.00390191269782747, -0.002467203139041807]
[-0.0006563750426220594, 0.00011848466533859181]
[0.003481798864405583, -0.004628375244695615]
[0.0011012545458032874, -0.0022240352137341546]
[-0.0029567448436840227, -0.002906468307564136]
[-0.00014675380785522663, 0.0013240320721830123]
[0.0020558303747584272, -0.0019517794387970966]
[0.0010531568811424363, -0.0022099633819552267]
[-0.002842054831877494, -0.005374737449873379]
[0.0008429523997735555, 0.0004159289740446326]
[0.002256805605465706, -0.00112038133722403]
[-0.0006143294120867226, -0.0019279467004413853]
[-0.0011646462266992064, -0.0048357522572519684]
[0.001662903846623598, 0.0007973685492439486]
[-0.0002521772411760992, -0.0003224825260861319]
[-0.00029370409835483, -0.0015776278864725324]
[0.00018859667545023662, -0.005846206286594269]
[0.0015855943425523433, -0.0007051967034812368]
[-0.00042799184270170265, -0.0004925614800499467]
[-0.0011085303953112247, -0.00033851292668463095]
[0.001232951641657376, -0.0040056313527805365]
[0.0020570039176800448, -0.0008149717826673175]
[-0.0022637181694373787, -0.0014743703453190538]
[-0.00030204427216506957, -0.00036177178868368465]
[0.00214990685905625, -0.0037584129193031224]
[0.0008633905989305912, -0.0017463095603875711]
[-0.0015895859268724166, -0.002096324769801816]
[-3.097585440114958e-05, 0.0007680021093583456]
[0.001649003514047953, -0.0016806142613350339]
[0.0009991509651523511, -0.0017777078983571837]
[-0.0019709876985662955, -0.0035427868966344533]
[0.000629209927735519, -7.771011163448804e-07]
[0.0016879667858034075, -0.0014147347214343853]
[-0.000362889001334854, -0.0015290238292222647]
[-0.0005315868317432582, -0.003383188205444254]
[0.0013044397512645967, 0.00037772364139598835]
[7.985628428075486e-05, -0.00039467771376588967]
[-0.00013044032335007838, -0.001352785310469784]
[-2.2267744475001905e-05, -0.004171328544444464]
[0.0011800111420874337, -0.0007153080920412336]
[4.024092648391431e-05, -0.0008009651852343147]
[-0.0007264811589972053, -0.00038300536044832967]
[0.0010351613886039335, -0.002828026431398456]
[0.00152853658594021, -0.0008455397875661852]
[-0.0014386846371088335, -0.0011416480220335368]
[-0.0001912452897608885, -0.00035929962874803323]
[0.0014546848567658088, -0.0029107619362310766]
[0.0006690705622940385, -0.001489938416205372]
[-0.0007549042061081312, -0.0017378390806368493]
[4.989374588004747e-05, 0.0004144857815895353]
[0.001255578588386208, -0.0012154513256991129]
[0.0006295712068619119, -0.0015085595207803282]
[-0.0012916997653487083, -0.0026645307051604283]
[0.000586366700894958, -4.1290107633207285e-05]
[0.0012497891624908553, -0.001267474722090045]
[-0.0003043530183602927, -0.0013551956610973193]
[-5.645153591993246e-05, -0.002548609784796485]
[0.001009176909161913, 0.00010925105404013813]
[7.103953239173677e-05, -0.00035164218828848126]
[-0.0002516208999443492, -0.001042670725127759]
[0.00014545173219937535, -0.0031454901115923195]
[0.0010791973351632622, -0.0006771201315364239]
[8.944978561076233e-05, -0.0007998338742748468]
[-0.0006703257743403412, -0.0004380498991285453]
[0.0010259807116979047, -0.002089860101009755]
[0.0011264950170061239, -0.0008067433099754329]
[-0.0010410808873785315, -0.0009809877124007105]
[-0.00019330432893338578, -0.00016791915840619343]
[0.0012411890167375317, -0.0021624985962990506]
[0.0006198539103149381, -0.0014168836857623712]
[-0.0004877307172705958, -0.0015223396941996536]
[-9.734990036336377e-05, 0.0002918696377478547]
[0.0011341795654267184, -0.0008521482983747664]
[0.0003928763447625938, -0.0012734078906654345]
[-0.0008703446095487122, -0.002162207095704874]
[0.0005618041616108904, 6.054433398644532e-05]
[0.0010020499489578616, -0.0008827199419962073]
[-0.00032247901145199265, -0.0013463408163642276]
[0.00011578616731044988, -0.0021772167323771408]
[0.0007270784610751146, 0.00014470782576411767]
[0.0001634864228288735, -0.00017187579897246646]
[-0.0003067300750984048, -0.0008498518288177215]
[0.0002871124603636144, -0.0024994637408699075]
[0.0010198811987751633, -0.0005670934791749266]
[-1.0737102196789472e-06, -0.0005849798107755086]
[-0.0007618446454660255, -0.000493543064981089]
[0.001074125360563477, -0.0017843783246605746]
[0.0009283141174613874, -0.0005896204144286016]
[-0.0007841926478593386, -0.0006729298153503962]
[-0.00024114885771775452, -0.00010160846304970578]
[0.0011447198137493342, -0.0016677888069274753]
[0.0005987939567369538, -0.0012803516211434898]
[-0.0004784305064522709, -0.0012955247809974839]
[-0.0003020484131859985, 0.00028192857891869497]
[0.0012287387407675376, -0.0006663801421204494]
[0.0003812852208299189, -0.0010531885569960587]
[-0.0007172062781942469, -0.0016732140984418381]
[0.00040804010080638595, 0.0001216396332721359]
[0.0009045195514251619, -0.0006068249902189079]
[-0.0002791109408111711, -0.0012556278332407481]
[0.00010111098753469439, -0.0019369513421518617]
[0.0004978658457778576, 0.0002724515518447469]
[0.0003879394742161285, 4.6951844596496844e-05]
[-0.00024661998350263004, -0.0007825124560712398]
[0.00020876898096505725, -0.0020429581453128426]
[0.0008417618307219876, -0.000374116082740056]
[2.594554643509106e-05, -0.0003668026167587615]
[-0.0007263507460492646, -0.0005029289450757465]
[0.0010321647231908704, -0.0016242847378600475]
[0.000803363450057909, -0.0003571486025994281]
[-0.0005561106885947631, -0.00028610735796455455]
[-0.0002899282750609966, -0.00014633352036873444]
[0.0009804822769950983, -0.0014300930028179615]
[0.0005608867162027464, -0.0009862896041787847]
[-0.0004221633768540789, -0.000990187709746973]
[-0.0003667170074980741, 0.00022056476627169835]
[0.001265477076308863, -0.0005983888534727977]
[0.00039807897618032717, -0.0008419179766728166]
[-0.0006703107601356284, -0.0011830391270566953]
[0.00021415896412135815, 0.00014240958440688012]
[0.000875584727420442, -0.0005287444960800358]
[-0.00013181414718294038, -0.0010334552700735772]
[3.351709793203428e-05, -0.001592292620068575]
[0.0003283104370722101, 0.0002725945128417562]
[0.0005637337333395109, 0.00013994490088423128]
[-0.00017183593836672673, -0.000684511531880927]
[4.658800696222265e-05, -0.00164939937300701]
[0.0006462546147038561, -0.00017820319535444273]
[0.00016842107605058443, -0.00022928175314929078]
[-0.0005291464522600986, -0.00048041205162374645]
[0.0008388745523030261, -0.0014062236164393838]
[0.0006260617264751689, -0.00022869917646631266]
[-0.0003250615489877595, -4.2674452405966345e-05]
[-0.0002689917918375917, -0.00013843534594593088]
[0.0007694949177425858, -0.0012548397921818277]
[0.0005274532997313619, -0.0006902408448886954]
[-0.00028639314371536884, -0.0006714780647400498]
[-0.0002989529121272261, 9.431718424404711e-05]
[0.0011111506254747328, -0.000580592537453628]
[0.00032146502003660427, -0.0006293598710839232]
[-0.0005447514644595364, -0.000793463240848391]
[0.00014946323746345413, 0.0001580539983380702]
[0.0007944425449410986, -0.0004977535167322578]
[1.3364015986838673e-05, -0.0008127403458418336]
[-2.1011156948080867e-05, -0.0011979148017786656]
[0.00021767259627425428, 0.00017028576025146513]
[0.000601325053977031, 7.554195210912606e-05]
[-0.00012508938014421656, -0.0004971668716327593]
[-1.9788887010374623e-05, -0.0012511501860091867]
[0.0005587878074871933, -8.7372913149808e-05]
[0.00024165583890434217, -0.00016446883025822423]
[-0.00033888509015700397, -0.0004349169281988585]
[0.0006038640067911327, -0.0011454410798321657]
[0.0004493812590400381, -0.00018400495602183264]
[-0.00011845404230848011, 8.35662844411722e-06]
[-0.0001703170118855235, -4.944849269877816e-05]
[0.0005732383854979428, -0.0009919081568636745]
[0.0004974288376576874, -0.000544012131362348]
[-0.0001881225996350766, -0.0004732013789331413]
[-0.00020429637042684856, 1.9218962080902458e-05]
[0.0008801219933163296, -0.0005448936140595162]
[0.0002256552159733971, -0.00046628981681895443]
[-0.0003459436549354544, -0.0005413596832936074]
[0.00021178269017763096, 0.00016569983981928882]
[0.0006103460074336486, -0.0003992855217906932]
[6.134589437123417e-05, -0.0006814055175728972]
[-3.2611067762811086e-05, -0.0009242629116016365]
[0.00019354266356264027, 0.00010231873123200952]
[0.0005401762999275306, -6.356689969733154e-06]
[-9.643596934416632e-05, -0.00033854433667646067]
[1.135199991697533e-05, -0.0008943765666324932]
[0.0005572559187930759, -9.004905651999184e-05]
[0.00016252386961218557, -0.0001418581620348247]
[-0.00025485234795952216, -0.0003648407649702312]
[0.00046928182089234216, -0.0009276568914172723]
[0.00038759116293096696, -0.0001768221271324366]
[-1.3990150512566135e-05, -7.953052989950748e-06]
[-8.963805156658733e-05, 2.19824016205461e-05]
[0.00043019600524168977, -0.000701294851544243]
[0.0004714883743881515, -0.000508160704477123]
[-0.00018099345915006948, -0.00041928204581498374]
[-0.00013294593922419384, 3.6492991438485944e-05]
[0.000718307174529198, -0.00045093677356256023]
[0.00020149177432815524, -0.0004175126715378896]
[-0.00021658466713703195, -0.0004095382016442439]
[0.0002572889467392647, 0.0001719614549009485]
[0.0004158430667037527, -0.00026177132718807616]
[6.134657808237742e-05, -0.000617304913768213]
[-2.1762745497366787e-05, -0.0008055625816451029]
[0.00024002818606638776, 9.873310297581206e-05]
[0.0004438618887584733, 5.291087010084183e-06]
[-8.75335292954138e-05, -0.000311334702838284]
[4.325603253099719e-05, -0.0006808747011550764]
[0.0005562476023207585, -7.771763969999235e-05]
[3.3306175272987404e-05, -0.0001094799800642754]
[-0.0002186330506185885, -0.0003137651281509557]
[0.0004276257898626068, -0.0007885213722280682]
[0.000423224257509458, -0.00018906801910956172]
[-3.530229236668736e-05, 4.283722296882786e-06]
[-9.942025920134379e-05, 1.973532130705724e-05]
[0.0003623555811904586, -0.000519705209005128]
[0.0004769133642911205, -0.0004628182427227623]
[-0.00023100726684706537, -0.0003926726288523419]
[-8.803069336915659e-05, 5.231870009758666e-05]
[0.0006346597766022279, -0.0003479205154113263]
[0.0002288961297122194, -0.0004494569534353454]
[-0.00021460183254769227, -0.0003597507237589337]
[0.00021192722312635137, 0.00018828992199870775]
[0.0003261016497236868, -0.0001536199588140219]
[0.00010898662198724485, -0.0005796838509685154]
[-5.554458953398178e-05, -0.0007423246874550538]
[0.0002682432105909349, 9.219783318736852e-05]
[0.0003624327097927482, 5.91976746243672e-05]
[-8.961612153790544e-05, -0.0003652167782438598]
[3.055841116966773e-05, -0.0006161642686578483]
[0.0005210995317520284, -1.0568974961877586e-05]
[-2.8564767444061445e-05, -3.220026663997011e-05]
[-0.00015846257151226617, -0.000330819053114606]
[0.0003645241333818938, -0.0007235086445569472]
[0.0004375700114988279, -0.00019670432576890384]
[-9.040645386049206e-05, 3.526509974549619e-05]
[-0.00014898136639174275, -2.8354946188025032e-05]
[0.00034529600320293286, -0.0004678130132309555]
[0.0005052260946981912, -0.000379107859901362]
[-0.00028946069064028634, -0.00030250105585338805]
[-7.359083762061881e-05, -8.153565388746564e-06]
[0.0005632783992510215, -0.00032500157023185317]
[0.0002460468410116004, -0.0004587836219774877]
[-0.0002540114561818685, -0.0003287917571966892]
[0.0001313200056285574, 0.0001845009361211014]
[0.0003285234223414091, -0.0001032915111541799]
[0.00019326558493504287, -0.0005490292973868716]
[-0.0001545366178938301, -0.0006593761245899943]
[0.00022185796644955125, 4.8814822406706426e-05]
[0.00033026023257959336, 5.0629207159591516e-05]
[-7.059059339301066e-05, -0.0003951343410598662]
[-9.360067104391412e-06, -0.0005900294285942076]
[0.0004555169997592645, 4.028597141236823e-05]
[-1.7892942755448615e-05, 4.861172356596111e-05]
[-8.664150129247816e-05, -0.00038268711298461433]
[0.00023648110431323532, -0.000704436081597426]
[0.00037885348397628804, -0.00018175232488082393]
[-7.771097645770109e-05, 4.6697895756397934e-05]
[-0.00015395817417976354, -8.509498488218359e-05]
[0.00031188158059058946, -0.00046128935808709137]
[0.0004918574810647558, -0.00030603633087433746]
[-0.0003150432994003527, -0.0001897385899255477]
[-7.586051652824777e-05, -9.831811324167994e-05]
[0.000474208409604604, -0.0003846525017785485]
[0.00023375060823410676, -0.0004105512839643888]
[-0.0002443301989050739, -0.00027099103639305344]
[7.874469696889097e-05, 0.0001268387355869427]
[0.00032408812165246603, -0.00010975017030878664]
[0.00022810818521262766, -0.0005023396585139839]
[-0.00024392026669922684, -0.0005614295726461549]
[0.00015068948955426764, -5.963794900587516e-06]
[0.0003322434805340113, -2.9177076861230944e-05]
[-3.2615987057671436e-05, -0.0003775894122196588]
[-4.814226428850876e-05, -0.0005203024593611882]
[0.00036518582913119824, 2.2328213563405086e-05]
[1.1590345539047586e-05, 6.0532800440549206e-05]
[-4.2694795191311474e-05, -0.0003865987518760772]
[0.00011136815606188621, -0.0006762397035223744]
[0.0003000854567695166, -0.00016951242981422254]
[-8.53819151180879e-06, 2.5443627399979185e-05]
[-0.00012140046318931397, -0.00013136542225744563]
[0.0002371825430992347, -0.00043800866352255996]
[0.00040619602362346185, -0.00026664270763698816]
[-0.0002811859612279477, -0.0001342804196441394]
[-6.13546767473383e-05, -0.00013760307715260378]
[0.00037856842275763025, -0.0004349759084069649]
[0.00019990205211012357, -0.0003647224039037833]
[-0.00018672132538960495, -0.00021271089668079002]
[4.940806406511511e-05, 4.986729264416789e-05]
[0.00027433118546510427, -0.00014869627830815801]
[0.00018787261296776547, -0.00042953512068960586]
[-0.00024811497879673183, -0.00047435168950760165]
[0.00012638536911241394, -4.647900555643236e-05]
[0.00031168890592953025, -0.00011039538694090911]
[-2.5268389043930917e-05, -0.0003530668369784995]
[-5.785630378124518e-05, -0.0004363644760075891]
[0.0002736716461941846, -2.039767448513974e-05]
[3.180635229887985e-05, 7.243333763340409e-06]
[-3.2177409635292253e-05, -0.0003260753561752927]
[5.3215879014245626e-05, -0.0006023456169221564]
[0.0002542214159979572, -0.00018892022437294598]
[3.572712691518598e-05, -2.5447663392491604e-05]
[-0.00011735357937353585, -0.00014713140205041553]
[0.0001776304746525792, -0.00039831337656537347]
[0.0003051132406369783, -0.00024195714313274275]
[-0.00020984601139495407, -0.00013738908634006175]
[-3.102501521157208e-05, -0.00011869187391677638]
[0.0002940622466955367, -0.0004150295543329241]
[0.00015283715699987432, -0.00036343086732204544]
[-0.00012640535876928816, -0.00020837548663051042]
[1.7873811826885078e-05, 2.175787691136022e-05]
[0.00022895824691693267, -0.00017047749914231303]
[0.00012854543785573158, -0.00036164010267203395]
[-0.00018993821587504067, -0.0004096367687385083]
[0.00013941980279497113, -6.253690862192962e-05]
[0.0002497198559007763, -0.00014726690119090668]
[-6.669694993383102e-05, -0.00034146639947554847]
[-2.153391554804429e-05, -0.00039758859215088815]
[0.00021635729999172626, -2.460491034761425e-05]
[4.2628504520414445e-05, -3.233122568760405e-05]
[-4.40076865908523e-05, -0.0002634805635258891]
[5.105725591286747e-05, -0.0005129623746270504]
[0.00023625400956234222, -0.00021141117603568071]
[2.738285073941582e-05, -8.447038698302517e-05]
[-0.00015595304757498596, -0.00012964189158612416]
[0.00018643970143522592, -0.0003595192588884584]
[0.000253739016385951, -0.0002165932620628308]
[-0.00015898176899367678, -0.00014256039167908664]
[-2.693896454306066e-05, -8.489472661497854e-05]
[0.000241950146951192, -0.0003593186412163482]
[0.0001160863448744498, -0.0003706823338853679]
[-8.74690179451798e-05, -0.0002481038423943621]
[-1.7515451552457817e-05, 4.7701762405420733e-05]
[0.00023046510753588212, -0.00014582408325549074]
[9.755113445622521e-05, -0.00032895684723288285]
[-0.00014596352786340472, -0.0003707375201334694]
[0.00013325353293053288, -4.3481844882398146e-05]
[0.00019667252211100217, -0.0001452053163063828]
[-0.00010457227895901977, -0.00033236089803147413]
[3.4540832152894774e-05, -0.00039967642298041313]
[0.0001908917327780868, 8.86908198802043e-06]
[5.075815058640243e-05, -1.2791946055573135e-05]
[-6.855276712577213e-05, -0.00023980305454988655]
[6.246377745964399e-05, -0.0004611414337368765]
[0.0002245767310377917, -0.0001856083041666004]
[9.964038048163038e-06, -0.00010950380258957938]
[-0.00018955839488567564, -0.00011326396184564193]
[0.00023386972982719634, -0.0003325255370238223]
[0.0002417041129313402, -0.00018503349027542727]
[-0.0001485067482468877, -0.00011767141762311292]
[-6.153694684557509e-05, -5.9865628537751885e-05]
[0.00023467842804984762, -0.00032395392932331804]
[0.00011783933099053512, -0.00034050108217419236]
[-7.266248560380828e-05, -0.0002641373487013189]
[-5.120951791369455e-05, 6.89056085406794e-05]
[0.00026244848444981206, -0.00010675635461281086]
[9.108134484175912e-05, -0.000308741224417583]
[-0.00014178620672965214, -0.0003440244567338019]
[9.69410961661199e-05, 3.4489422564547983e-06]
[0.00019601596642315755, -0.00012385454936501838]
[-8.904922050634312e-05, -0.0003193487598375216]
[5.681736479284938e-05, -0.00039686441959298907]
[0.00015761453555540594, 4.1361521175627136e-05]
[7.192617087520281e-05, 2.9988377345718797e-05]
[-8.315294751692903e-05, -0.00022832384672125464]
[6.38622313144932e-05, -0.00044215752131930575]
[0.00021408537115419346, -0.00011769713085089256]
[1.8183037519964307e-05, -8.140882295848417e-05]
[-0.00018515530175533534, -0.00012627031901057267]
[0.000252524823728173, -0.000324792902974394]
[0.00021998682990898022, -0.00013883287460980664]
[-0.00013650631295253346, -7.118517669144064e-05]
[-8.919256693556976e-05, -4.2300866868662246e-05]
[0.0002458336760260693, -0.00031086308376551686]
[0.0001475063700983048, -0.00028126795087468626]
[-7.556922135362742e-05, -0.00022443912527375653]
[-8.014431223413165e-05, 5.194310760493759e-05]
[0.0002889097559543585, -0.00010193092279095484]
[9.149347721976175e-05, -0.00026033029018690534]
[-0.00014309009729451816, -0.0002966670015144557]
[6.760792111032421e-05, 4.037660892236561e-05]
[0.00022029403664575176, -0.00010103552611520628]
[-3.910446040000792e-05, -0.00029983475222337963]
[3.1975798925609755e-05, -0.00036699656680205806]
[0.00010481972731429812, 5.439327402140259e-05]
[0.00011628240347144603, 4.689698234472406e-05]
[-6.519993758724585e-05, -0.00019563984767231868]
[4.909726550017535e-05, -0.00040399149529191103]
[0.00020219584350328335, -6.364479795625821e-05]
[4.0338956003915794e-05, -3.669157531405176e-05]
[-0.00015364811816515056, -0.00014690517052848295]
[0.0002251571718243639, -0.0003263768629332975]
[0.00017976134002151145, -8.56928546141833e-05]
[-8.901206396710881e-05, -2.160958398206292e-05]
[-7.27678932698761e-05, -3.179393702545941e-05]
[0.00022862712332327728, -0.00028994167027118767]
[0.00016330432059008526, -0.00022775577655589907]
[-7.672034595179733e-05, -0.0001659839518320938]
[-8.884285519722424e-05, 2.2881045751405038e-05]
[0.0002920065622290524, -0.0001261599083883791]
[9.248817586543501e-05, -0.00019318626681358309]
[-0.00012408827048854265, -0.00021775528681305945]
[6.639016610254789e-05, 4.191279632370648e-05]
[0.00021578785703041392, -9.188433187701239e-05]
[-2.903138263288252e-06, -0.00026610192989073855]
[2.3999214706083016e-06, -0.00031940470309255176]
[6.946040054955915e-05, 5.070320091687952e-05]
[0.0001600678649899545, 3.697477233616242e-05]
[-2.946825090732741e-05, -0.00015195546717811093]
[2.320762860152925e-05, -0.0003280421445586712]
[0.00018646282965784078, -5.015806031016812e-05]
[5.253583879322177e-05, -2.1893196996469744e-05]
[-0.00011534660773704353, -0.00013972330657857635]
[0.0001855217534645348, -0.0003087673828502946]
[0.00015005499962639224, -5.753667748381597e-05]
[-3.196080112569111e-05, 1.3275866025008742e-05]
[-3.5315656811918394e-05, -2.5175958159651124e-05]
[0.0001764880362061516, -0.0002503493207889895]
[0.0001529820822335215, -0.00019425545504037078]
[-6.140481880309578e-05, -0.0001317876266326845]
[-6.387107071298415e-05, 1.1373350166932195e-05]
[0.0002687680113858115, -0.0001346284310789203]
[8.81001961803296e-05, -0.00015382487307635806]
[-9.51111002862326e-05, -0.00014389371790513028]
[7.965746450572242e-05, 3.0609403172621175e-05]
[0.00017533744022343867, -9.165795987919889e-05]
[9.786636403497084e-06, -0.00022559941851379994]
[6.605137128357086e-07, -0.0002700106064154051]
[7.679379760716643e-05, 3.410058513936276e-05]
[0.00016530207101314587, 2.5276098403748115e-05]
[-1.4820360682399336e-05, -0.00012394575212276715]
[6.042126634742129e-06, -0.00025125850448692866]
[0.00017908457294790736, -5.145677293505457e-05]
[4.570290535876875e-05, -3.223955644748866e-05]
[-8.085464790397179e-05, -0.000114165542750011]
[0.00015856547560248735, -0.0002641551515250029]
[0.00014427326189847545, -6.943994000030429e-05]
[-8.397066847798396e-06, 1.998625271881771e-05]
[-1.9244403516693875e-05, -1.2385919553992153e-05]
[0.00013083228342464226, -0.00020293759525202848]
[0.00014779505037396112, -0.0001774367383183817]
[-4.6759474827712255e-05, -0.00012163027546874261]
[-2.561614989174399e-05, 1.0679863516105392e-05]
[0.00022844298625845222, -0.00011335148994440214]
[7.572216673107368e-05, -0.00015736757287410086]
[-7.371150692828815e-05, -0.00011409262293493594]
[8.992730253865044e-05, 3.894629882283951e-05]
[0.00013257840168393736, -7.652636651678257e-05]
[2.137922658210223e-05, -0.00020574490586011684]
[6.89481813888641e-06, -0.0002348301029780897]
[0.00010066152249127436, 1.4197065005716603e-05]
[0.0001332472820130791, 2.1815774715050473e-05]
[-2.863299635985639e-05, -0.000118460138093468]
[1.1575445312789895e-05, -0.000208981024820587]
[0.00019062596180927094, -4.116264258358093e-05]
[2.1013113266903083e-05, -2.935714360097208e-05]
[-5.9628713443421466e-05, -0.00010826353513371245]
[0.0001398530667138173, -0.00022550934577025838]
[0.0001491340916217887, -9.278720174532573e-05]
[-1.8805742341101994e-05, 7.321094529499916e-06]
[-2.942973463877785e-05, 1.744271145298626e-06]
[0.0001196011823949572, -0.00016114105769415854]
[0.00016701770493131318, -0.00017225907713525057]
[-6.141133004414212e-05, -0.00011424916713098643]
[-1.0965837717043236e-05, 2.7695419189122106e-06]
[0.00019465941988285052, -9.331254345334994e-05]
[6.887266427365452e-05, -0.00017419098149351608]
[-6.622992260146843e-05, -0.00011785626711802166]
[8.908077858055599e-05, 5.84337848640315e-05]
[0.00010977465484521276, -4.164450028354416e-05]
[4.124838052142017e-05, -0.0002155012639782905]
[-1.0782105020257227e-05, -0.00022468545442677623]
[0.00010399497126399419, 5.705081078000163e-06]
[0.00010536217687132088, 2.1798620164603655e-05]
[-3.957341878450121e-05, -0.00012884328879703144]
[2.2788242759419486e-05, -0.00019684761777205573]
[0.0002022071692027727, -2.4159368529064196e-05]
[-9.921467648998927e-06, -3.3652592027477723e-06]
[-5.366151715540529e-05, -0.00012982103365366537]
[0.00011942322388769355, -0.00022317556472439826]
[0.00015128545506809532, -9.477415282077573e-05]
[-3.1832313217516894e-05, 2.2840016892233805e-06]
[-4.342020057536422e-05, -4.795707912008673e-06]
[0.00012316192511899193, -0.0001384112709140184]
[0.00018716019549881724, -0.0001669823326900799]
[-9.838997175723452e-05, -0.00010055678246911892]
[-2.354354218905841e-05, -1.4291270616140217e-05]
[0.00018255374288028703, -9.968708016461214e-05]
[7.861047715906899e-05, -0.00017826672694820633]
[-7.252620731051929e-05, -0.00011676030739604659]
[7.098781574865765e-05, 5.810006236434129e-05]
[0.00010330618800780123, -1.692070899861342e-05]
[5.953841211392419e-05, -0.00022591077799033465]
[-4.7581092408655046e-05, -0.00022781212081002256]
[8.565783434685836e-05, 5.978694668673512e-06]
[0.00010607581254334919, 1.8836990288206845e-05]
[-2.950753806191253e-05, -0.0001474084929347086]
[1.3258060676146766e-05, -0.00019350186807720604]
[0.00018478097185670173, -1.3592426871489316e-05]
[-2.39961475900774e-05, 1.892343451825873e-05]
[-4.7667276018209526e-05, -0.00015068634015896754]
[9.383672830759471e-05, -0.00024200390974071784]
[0.0001451396294469276, -8.229278113563998e-05]
[-2.9249202917525086e-05, 1.258224488959181e-05]
[-5.056596555463866e-05, -3.541717481031492e-05]
[0.00011312453919043453, -0.0001420785167381977]
[0.00018044388010915458, -0.00014758938540754274]
[-0.00011924454678391427, -8.217381922853706e-05]
[-3.294093631417416e-05, -3.4445688234741034e-05]
[0.00017642036957271623, -0.00012356351373443708]
[8.87993051520708e-05, -0.0001721175325775648]
[-8.300411406980679e-05, -9.985282502661397e-05]
[3.91627105628678e-05, 3.5072972753624754e-05]
[0.00010395795210477177, -2.593017932839281e-05]
[6.88006503344607e-05, -0.00020966660735938225]
[-7.571377436516036e-05, -0.00021726719036710418]
[6.678375049504193e-05, -4.3060838498809595e-06]
[0.00011658008429082933, 4.31675837495038e-06]
[-1.7465395347748824e-05, -0.00016041314432474474]
[-1.0774989262107848e-05, -0.00018794845805375493]
[0.00014242532566491328, -1.0302024313901814e-05]
[-1.0057351416292715e-05, 1.8707854506527788e-05]
[-3.0109914041259733e-05, -0.00015065357948429448]
[6.248950036280565e-05, -0.0002460004524984516]
[0.00012644640173065103, -8.132883087352827e-05]
[-1.5149001654002348e-05, 1.444187626534199e-05]
[-5.529440168064448e-05, -6.145888223504925e-05]
[9.270071452971429e-05, -0.00015741032214716677]
[0.0001521510951685845, -0.00011943903370958964]
[-0.00010615562568633274, -6.314086373504502e-05]
[-2.3479430525774614e-05, -5.219644600640283e-05]
[0.000152923275745509, -0.00014457442379492425]
[7.650718935514611e-05, -0.00016548220570769545]
[-7.821890958403799e-05, -8.742144744355862e-05]
[1.2985531305381715e-05, 1.4850642300584527e-05]
[0.00010515134007810234, -5.115391430729477e-05]
[6.707135743475034e-05, -0.0001776661711114791]
[-8.214445187795794e-05, -0.00018719898202354535]
[5.688452680430167e-05, -2.711900338528417e-05]
[0.00011241090512364993, -2.5562308542420586e-05]
[-2.372653243498668e-05, -0.00015503793945564892]
[-1.7887305138047926e-05, -0.00017776771020446003]
[0.00010722828382056515, -1.1073905186814725e-05]
[1.2731926781472946e-05, 5.615143538889589e-06]
[-1.5153499124204162e-05, -0.0001356284282827691]
[3.3345302557996614e-05, -0.00022722621301903]
[0.00010079160210060834, -9.289031925339974e-05]
[1.6038493806103116e-06, -8.578213530743839e-06]
[-6.0206359822234656e-05, -6.063465585980088e-05]
[8.20197787377297e-05, -0.00015798974223431989]
[0.00012423823077276075, -0.0001029746735480841]
[-8.044484711078326e-05, -5.220164688793383e-05]
[-1.2366790011264506e-05, -5.691425551208884e-05]
[0.00011895601673578282, -0.00015289837269817294]
[4.946736556157849e-05, -0.00015963459740529762]
[-5.194694036592118e-05, -9.174432080813824e-05]
[4.799031534330478e-06, 1.2409703670765437e-05]
[0.00010151735967094122, -6.0537743828421864e-05]
[5.2512622808420506e-05, -0.00015600235231291726]
[-7.298317407843091e-05, -0.00016101883284256116]
[5.289178309086928e-05, -3.7857292586887525e-05]
[9.70366311908305e-05, -5.5063705190371535e-05]
[-4.038167765121892e-05, -0.00013915718190929058]
[1.930044013401244e-06, -0.00016473106489822958]
[9.380805438811979e-05, -1.3113372210084295e-05]
[2.0177777070154446e-05, -3.7620586660023223e-06]
[-2.1370382829774548e-05, -0.00011717355233149124]
[2.2854994835445896e-05, -0.00020528939201269747]
[8.689804202478141e-05, -9.616921916866597e-05]
[1.308278367975757e-05, -3.752231353829419e-05]
[-6.630207938410071e-05, -4.642409572895058e-05]
[8.736071526731573e-05, -0.00014004459532187532]
[0.0001063103242803197, -0.00010090744963994931]
[-6.590414687891039e-05, -5.41319306260374e-05]
[-1.609279113777562e-05, -4.104044467319063e-05]
[0.00010168571531350766, -0.0001468663727480434]
[3.675403357114744e-05, -0.0001545908361334416]
[-2.545533352498429e-05, -0.00010263218658660127]
[1.1844357067011813e-06, 2.013890677168362e-05]
[9.721287533499129e-05, -4.987652773509425e-05]
[3.26333624747592e-05, -0.0001470986604479186]
[-5.812584645556451e-05, -0.00015404079704872155]
[5.241957818125087e-05, -2.1523429070340744e-05]
[8.689169902727223e-05, -6.112770507622073e-05]
[-4.8805121821975106e-05, -0.0001334127685287908]
[2.5514282061281368e-05, -0.00015747474848076815]
[8.657007866241795e-05, -7.803791448044491e-06]
[1.727740641442599e-05, -2.690462186281939e-06]
[-3.923913389476674e-05, -0.00010018629014850022]
[3.365404199387467e-05, -0.0001922120181320902]
[9.326650673883996e-05, -8.209341634846882e-05]
[1.3029938751921155e-05, -4.5082456132536364e-05]
[-7.638450201515046e-05, -4.314518651760135e-05]
[0.00010056175435448067, -0.00012644749625393553]
[9.674150244450008e-05, -9.242691823167434e-05]
[-6.082934041883037e-05, -5.568720829469964e-05]
[-2.716997566135082e-05, -1.7196758801751172e-05]
[0.00010709174938067223, -0.00013089622417761237]
[4.756860340701663e-05, -0.00014980573708847297]
[-2.0879453323324748e-05, -0.00010679245437221485]
[-1.4505229235572958e-05, 2.7216331125613086e-05]
[0.0001051591389541473, -3.8374071682056865e-05]
[2.5349893294834835e-05, -0.00013518695764120486]
[-4.72831423307396e-05, -0.0001505147313218408]
[5.1900793175907456e-05, 4.692704613069865e-06]
[8.643679281891692e-05, -4.469985944914601e-05]
[-4.339671170877635e-05, -0.0001398112940233509]
[3.162997293013059e-05, -0.0001608976903101772]
[7.150661288410354e-05, 1.0062065061336445e-05]
[2.626358411209062e-05, 8.80667342163799e-06]
[-4.327209183246916e-05, -8.857682797309974e-05]
[4.399923864614741e-05, -0.00018194886578867808]
[0.00010349893873018434, -6.019090401832017e-05]
[6.546483821173732e-06, -3.133922806397571e-05]
[-8.466357903647026e-05, -5.201738811508316e-05]
[0.00011196214984329766, -0.00013060181546575844]
[9.324240515917737e-05, -6.708134402433341e-05]
[-5.291154186884417e-05, -3.878540909571515e-05]
[-3.138641466599035e-05, -7.018767294031392e-06]
[0.00011352902648192886, -0.00011723692555162812]
[6.401341059372734e-05, -0.00013791238027530128]
[-3.1176555274875506e-05, -9.983721685027924e-05]
[-3.3537200763489317e-05, 2.8891186567736593e-05]
[0.00012534956838300415, -3.704078208680017e-05]
[3.6122528950716104e-05, -0.00011509049002195182]
[-4.74472968624573e-05, -0.00013003760640850626]
[4.5808318148071736e-05, 1.7537104393672287e-05]
[8.97965418983071e-05, -3.033827523454824e-05]
[-2.819245031066009e-05, -0.0001392494445073278]
[2.3402475537698253e-05, -0.00016279036562227844]
[5.476574214180463e-05, 2.7433516694125304e-05]
[4.964346753280613e-05, 2.4462430231186882e-05]
[-2.8582283321809676e-05, -8.309060414918301e-05]
[3.48300067523899e-05, -0.0001669538139694171]
[0.00010034726741542377, -4.071761721208267e-05]
[7.695467379525978e-06, -1.578584523992399e-05]
[-7.709513406733981e-05, -5.877196647188776e-05]
[0.00011259806668059702, -0.00013789805482905537]
[9.044757610615628e-05, -4.185891197333591e-05]
[-3.9473926697980444e-05, -8.509219586894101e-06]
[-2.6436520171591038e-05, -1.1738919432568995e-05]
[0.00010439992950614374, -0.00011326485597917824]
[7.155857800755783e-05, -0.00011512183361833683]
[-3.445795518536299e-05, -8.271180874680484e-05]
[-3.551121910883026e-05, 2.18503173257667e-05]
[0.0001371985530033426, -4.134973410013787e-05]
[4.740912254883045e-05, -9.545055017357029e-05]
[-5.28318304428288e-05, -9.704503872376424e-05]
[3.813632655422228e-05, 1.6731156143923176e-05]
[9.072662855366675e-05, -3.126897320099298e-05]
[-8.152722246856925e-06, -0.0001234911291131957]
[1.3094489501402906e-05, -0.00014782785647177166]
[4.644365942960138e-05, 2.6167743222893503e-05]
[6.769870254136334e-05, 3.1154961413148996e-05]
[-1.3270493338268796e-05, -7.599316218670493e-05]
[1.5304969676416258e-05, -0.00014603563892606752]
[9.095959796787123e-05, -2.8259253827545017e-05]
[1.7834502281821596e-05, -8.953081239937433e-06]
[-5.301232163462677e-05, -5.867501469686287e-05]
[9.771198278514526e-05, -0.00013135789967239075]
[8.176097632930923e-05, -3.5254172269294504e-05]
[-2.4800591311394116e-05, 1.1010892059792887e-05]
[-1.6875080058043057e-05, -1.317058228333945e-05]
[8.523494882047011e-05, -0.00010901000335405975]
[7.388192056595466e-05, -9.425159129028415e-05]
[-2.747945752484826e-05, -6.24650980231567e-05]
[-2.020118173254315e-05, 7.945682069576687e-06]
[0.0001260516261038791, -4.537971708806765e-05]
[4.370589976651629e-05, -8.32661505019705e-05]
[-4.934072717117932e-05, -7.030026347387697e-05]
[4.066798337801214e-05, 1.5340926096563123e-05]
[8.30001160697924e-05, -3.483588577246621e-05]
[8.510049191307045e-06, -0.00010796620879266472]
[5.216214245172546e-06, -0.0001225746306982578]
[4.6500764323692545e-05, 9.471213158862568e-06]
[6.811812711824544e-05, 2.288753124302101e-05]
[-9.729923902218607e-06, -6.30543763199265e-05]
[6.23632979950689e-06, -0.00012094185332583995]
[9.198655437489545e-05, -2.5636372175730227e-05]
[2.0098451598931505e-05, -7.690122794667964e-06]
[-3.177145477957499e-05, -5.753818961684587e-05]
[7.614113508743695e-05, -0.00011597908066385276]
[7.129177532587405e-05, -4.3499296271065635e-05]
[-1.3212761571942955e-05, 9.60839133967717e-06]
[-7.4058344470967485e-06, -4.186005955697514e-06]
[6.82176227702544e-05, -9.20494854790288e-05]
[7.785722444701715e-05, -9.039806357241664e-05]
[-2.5490650700878137e-05, -5.188122623350777e-05]
[-5.978606848783263e-06, -2.327425092818469e-06]
[0.0001040032804966104, -4.68934469523008e-05]
[3.321811274814568e-05, -8.05167804954765e-05]
[-3.6124055221686824e-05, -5.809943021711783e-05]
[5.2367622551424686e-05, 1.7812058331012626e-05]
[6.453570949445375e-05, -2.7390144823447038e-05]
[1.4369899803461095e-05, -0.00010688109665168977]
[-8.065807560325711e-07, -0.00010864035952951046]
[5.063698976401354e-05, -2.741944165884913e-06]
[5.8190650084041784e-05, 1.143469855247048e-05]
[-1.3482036140731457e-05, -5.5237102110139435e-05]
[9.859198728617846e-06, -9.857293460047156e-05]
[0.00010178600421961899, -2.9367526095169794e-05]
[4.804874410152538e-06, -7.2942073579551625e-06]
[-2.74364736103528e-05, -5.9074837623074306e-05]
[6.350953313528918e-05, -0.00010700324941553818]
[7.03705171021217e-05, -5.2208874027681595e-05]
[-1.0024227648425255e-05, 1.3727174238420403e-06]
[-5.405159383527203e-06, 1.8531959456447034e-06]
[5.8173463159311156e-05, -6.998420914028358e-05]
[8.297420637447261e-05, -9.773131370527377e-05]
[-3.590236360101473e-05, -5.499242615131239e-05]
[-3.39372621248335e-06, -3.437411501328036e-06]
[9.14358894947287e-05, -4.506247976526767e-05]
[3.1653200359541e-05, -8.765547577205268e-05]
[-2.8972479834799003e-05, -5.6226137531201204e-05]
[5.566278822519144e-05, 2.0359018585880406e-05]
[4.5892173102218825e-05, -1.4424654766531653e-05]
[1.4330468680948116e-05, -0.00011436384801422061]
[-6.584239626850064e-06, -0.00011229302881166081]
[5.4799287591236756e-05, -2.9623857121796604e-06]
[4.94731722670283e-05, 1.0029632858177262e-05]
[-1.7443295090138755e-05, -6.382456789078006e-05]
[1.2320450558878093e-05, -9.005649178711606e-05]
[0.00010461224959633364, -2.815059280603105e-05]
[-1.4042891430504634e-05, -4.797378594878499e-06]
[-3.0933648903191946e-05, -6.402345370198903e-05]
[6.103997258638527e-05, -0.00010905273827727102]
[7.765934972558952e-05, -5.574655551993102e-05]
[-1.6626264499691734e-05, 9.483861390657822e-08]
[-1.56509802279603e-05, -5.470537430218858e-06]
[5.520251533713827e-05, -6.174755879989613e-05]
[8.69930147779363e-05, -9.719196279633913e-05]
[-5.015743547615026e-05, -5.873820588991885e-05]
[-7.55480437461542e-06, -5.059320303535397e-06]
[9.004179546490132e-05, -4.43701955893383e-05]
[3.768567548059765e-05, -9.873352026068538e-05]
[-3.584012034388295e-05, -5.87144143549545e-05]
[4.093983793629352e-05, 2.0974707355569944e-05]
[4.169091298092398e-05, -8.483106044732125e-06]
[2.0001740054009787e-05, -0.00011733852151252222]
[-1.6417658050132955e-05, -0.00011830643021057408]
[5.236570663197382e-05, -2.5350533770507333e-06]
[4.650471081152352e-05, 1.2846556285139865e-05]
[-2.0127945210696163e-05, -8.041841947187267e-05]
[7.269165718609694e-06, -9.648280352533845e-05]
[9.403323710513445e-05, -1.7467958942973816e-05]
[-1.821061613777042e-05, 1.8136049695360867e-06]
[-2.7562135424402667e-05, -7.279417351352402e-05]
[5.4381124919566926e-05, -0.00011652673864684382]
[7.768583720488276e-05, -5.581593295966858e-05]
[-2.26915257766358e-05, 2.3884448335786956e-06]
[-3.0087405106071774e-05, -1.9030385467022626e-05]
[5.678280874357733e-05, -7.022020189695333e-05]
[8.797681503208699e-05, -8.365143873609315e-05]
[-5.821555870005879e-05, -5.055191566105677e-05]
[-1.176649531242635e-05, -1.6578665971017648e-05]
[8.745447436653286e-05, -5.331777107611679e-05]
[3.877408376853908e-05, -0.00010167546036168873]
[-4.379809781637767e-05, -6.0218332947864495e-05]
[2.0239437107133496e-05, 1.8665564838343807e-05]
[5.066826361477261e-05, -1.206144327825509e-05]
[3.0347041308054212e-05, -0.00011198818260546584]
[-3.1300662258315626e-05, -0.00011397044414550306]
[4.0217473409626114e-05, -9.538926441843287e-06]
[4.9486859926506366e-05, 4.899797407448281e-06]
[-2.09249189782601e-05, -8.695737162320305e-05]
[1.179573668186329e-06, -0.00010311822257931536]
[7.708730444538903e-05, -7.841874239855606e-06]
[-8.519858500338762e-06, 8.412034748314645e-06]
[-1.8684221346904062e-05, -7.998735188990969e-05]
[3.732088978419812e-05, -0.00012305669794537843]
[6.407071413772059e-05, -5.3578764887526886e-05]
[-1.5871108047627036e-05, -4.733590145203359e-07]
[-3.574325278005164e-05, -2.7426255582149728e-05]
[5.6461079389114044e-05, -7.977394093295481e-05]
[8.115264682104217e-05, -6.92146959416634e-05]
[-5.7008554198240136e-05, -3.673820268414868e-05]
[-1.386828606400603e-05, -2.967303694172141e-05]
[7.850427054523212e-05, -7.05833715300766e-05]
[3.1484060723036e-05, -9.318084307323449e-05]
[-3.8530829373967235e-05, -5.685760764283926e-05]
[8.581640527402512e-06, 1.2165265818098181e-05]
[5.719189458164298e-05, -1.977476680632001e-05]
[3.207587246258081e-05, -0.00010110947353369343]
[-4.159748182690215e-05, -0.00010285969881165119]
[2.750979679579102e-05, -1.7453228920091823e-05]
[5.509936621703182e-05, -1.3535253257278279e-05]
[-2.0296468637798215e-05, -8.04328980779645e-05]
[4.890862952550146e-07, -9.792411574234203e-05]
[6.127481135022317e-05, -8.461737736567554e-06]
[2.016925965561689e-06, 6.79598585115633e-06]
[-1.4744482566761419e-05, -7.579448426112134e-05]
[2.199369886934921e-05, -0.0001230582665055482]
[4.950980649257031e-05, -5.114635758500172e-05]
[4.798600357347471e-08, -8.80592111485081e-06]
[-3.3350264223921955e-05, -2.8396329473281967e-05]
[5.13528069195357e-05, -7.929770433262888e-05]
[6.555955602233904e-05, -6.203008824984257e-05]
[-4.752587963139515e-05, -3.1270356030745105e-05]
[-1.2476275704415007e-05, -2.9624843768425585e-05]
[6.851246590042909e-05, -8.142782561752857e-05]
[2.2924305037468062e-05, -8.459660395679185e-05]
[-2.3763242210823876e-05, -5.2167718964973376e-05]
[4.998675842911998e-06, 6.132041301276474e-06]
[5.4509299350099724e-05, -2.622152764969292e-05]
[2.148646421486558e-05, -8.763273771559329e-05]
[-3.738161042697412e-05, -9.308471921700822e-05]
[2.6015438758787007e-05, -1.793149583486633e-05]
[5.597972618961479e-05, -2.7362155774449505e-05]
[-2.272377724475737e-05, -7.314459753546103e-05]
[5.913793599087239e-06, -8.755048230009877e-05]
[4.982464137044326e-05, -1.1889447071981819e-05]
[7.567955526657788e-06, -1.6236260751093662e-06]
[-1.7712905508688453e-05, -6.036401674163177e-05]
[1.9846353610526724e-05, -0.00011365857709262281]
[4.674379948970547e-05, -5.112121981926533e-05]
[9.240649224501185e-06, -1.7664753642730388e-05]
[-3.5032778819270305e-05, -2.5068232516330027e-05]
[4.9119726228806504e-05, -7.289414937570668e-05]
[5.141300999041143e-05, -5.7413041210956604e-05]
[-3.476409791253188e-05, -3.37629839139951e-05]
[-8.707154390316663e-06, -1.707330902436799e-05]
[6.219585994733656e-05, -7.634770407454958e-05]
[1.8974341012334417e-05, -8.469171476684165e-05]
[-1.2537046359742399e-05, -5.389548341069514e-05]
[5.627701236687876e-07, 8.853872731374654e-06]
[5.2622360924389766e-05, -2.6641445163233524e-05]
[1.133054958754598e-05, -7.610619764056303e-05]
[-2.4577092592154015e-05, -8.597712511990846e-05]
[3.292603240230563e-05, -1.1086444239690602e-05]
[4.94552850059532e-05, -2.805064135508878e-05]
[-2.9180966800435026e-05, -7.247782258854724e-05]
[1.5420676254498944e-05, -8.482170729512406e-05]
[4.4651070735271525e-05, -6.1389345094066405e-06]
[1.1343671082297835e-05, -3.860484175784162e-06]
[-2.1501650599997646e-05, -4.703891823512954e-05]
[2.5773465307993293e-05, -0.00010051651581720333]
[5.2701329508242356e-05, -4.976827384303023e-05]
[6.262340057794358e-06, -2.2822739379396717e-05]
[-4.356986092385329e-05, -2.0722459049576925e-05]
[5.71628542143654e-05, -6.816038534350477e-05]
[4.928579951557488e-05, -4.971678953385322e-05]
[-2.7258962637083384e-05, -3.183911701529207e-05]
[-8.26111501617266e-06, -5.42160799153063e-06]
[6.0140037513256583e-05, -6.419719595049389e-05]
[2.1390101827140073e-05, -8.638898106232834e-05]
[-9.877709488514963e-06, -6.034037444870022e-05]
[-6.30062801132425e-06, 1.858396319488753e-05]
[5.995476208042749e-05, -1.952115213753325e-05]
[1.2117562649127667e-05, -7.049100044384526e-05]
[-1.8664495350040333e-05, -7.930958749516326e-05]
[3.536954523955527e-05, -8.87738894450596e-07]
[4.36869480855695e-05, -2.1196017932878508e-05]
[-3.0732282081918916e-05, -7.422299870209204e-05]
[2.351327607838516e-05, -8.882344343968951e-05]
[4.3767269332833925e-05, 6.3932911879699406e-06]
[1.620886532399668e-05, 6.485617544599309e-06]
[-2.2050968343734212e-05, -4.454571219640602e-05]
[2.8011971462432728e-05, -9.299781910659943e-05]
[5.774545040279633e-05, -4.0197803909833296e-05]
[1.4368316988422336e-06, -2.0529158498650002e-05]
[-4.78694967792348e-05, -2.020856500301038e-05]
[6.833045577359087e-05, -6.681749873110876e-05]
[5.4779151443279384e-05, -3.9963261790454396e-05]
[-2.751981092635747e-05, -2.0386095768321066e-05]
[-1.2821940681917443e-05, -1.7733600932157145e-06]
[6.126372997916629e-05, -5.827247510500899e-05]
[3.0375960622192055e-05, -7.946634551864173e-05]
[-1.2408464717450496e-05, -5.9752796841561207e-05]
[-1.1274309536957183e-05, 2.2506672412214712e-05]
[7.054032433262414e-05, -1.1868944794490854e-05]
[1.942656902267914e-05, -6.71750808800553e-05]
[-2.3549772437958527e-05, -7.119345901637764e-05]
[3.028198418403294e-05, 8.840352944322616e-06]
[4.608116046533883e-05, -1.478811688968018e-05]
[-1.982007497636218e-05, -7.36374980828125e-05]
[2.237782570022051e-05, -8.873099336365042e-05]
[4.047621786970601e-05, 1.35794529262101e-05]
[2.2667896191180814e-05, 1.9021655782380797e-05]
[-1.8494514376771187e-05, -4.5913059128016576e-05]
[2.315036234648571e-05, -9.04712947123465e-05]
[5.923793802747879e-05, -2.5358576696249413e-05]
[2.931723105573103e-06, -1.0589926279946926e-05]
[-4.069549807034223e-05, -2.6522762852115855e-05]
