[560.7595523042744, 576.5987895629863]
[5.018684398459572, 40.646473811234884]
[0.34870710599339017, -40.37230497624648]
[-18.266485229224145, -1.47735132648884]
[-4.228014254436339, 0.9213242583844616]
[-7.070988579905947, 12.765007461108713]
[0.8551955537498035, -13.074492119610635]
[0.8833240613471389, 0.32551893349349115]
[0.786977244348658, -0.010612397712301824]
[-2.5115267511590416, 7.715363359505261]
[-0.6360941665849911, -7.738587576268331]
[0.4655952744558802, 0.1729036757050988]
[-0.5513140528727938, 0.1954491626548438]
[-2.721574776904668, 5.133376046183355]
[0.9973126691248364, -5.700364475285309]
[0.747015697767655, 0.41266845285142484]
[0.8029896570529731, -0.022756481345035162]
[-1.899973925066313, 4.041131348165913]
[0.16960790044280571, -4.365116079982064]
[0.017165618326623555, 0.1734423925264199]
[0.4409670035470894, 0.12262508537457562]
[-1.6548573083437117, 3.1698810483510664]
[-0.11843435708368766, -3.5624318025003703]
[0.743458734007115, 0.4255772214423681]
[0.806501140951978, -0.043060470255389394]
[-1.3492454263929297, 2.6834611032851248]
[-0.3291396760813452, -2.9231417222431864]
[0.5873715408472857, 0.3407609721844027]
[0.7293553763712106, -0.03148956916006851]
[-1.5265809187699708, 2.100359052340048]
[-0.134306582978585, -2.562645944768892]
[0.6845894608601744, 0.5019355373782979]
[0.8068275639654043, -0.11339271911721127]
[-1.3230940743513768, 1.8229399794714958]
[-0.3124874045247097, -2.169838684662675]
[0.538110125937322, 0.42578019071758]
[0.6749697366346243, -0.0671040333315771]
[-1.1521657534503684, 1.5499422895274315]
[-0.3472417526470917, -1.9361869513226093]
[0.6550875040204023, 0.53693144247341]
[0.795188928609428, -0.16759543444555813]
[-1.0629822117265, 1.3887934489793938]
[-0.4026991112775935, -1.67302068530951]
[0.5279741315451794, 0.44731671276182894]
[0.7838782950410605, -0.18030723551967798]
[-1.0933558270958093, 1.1338590217799114]
[-0.3840081117954268, -1.5039485585803827]
[0.5840563272946075, 0.5727655593462924]
[0.7628740523227329, -0.2313658317959515]
[-0.9888357676539661, 1.0051270016224185]
[-0.4309385595503059, -1.3023526794411513]
[0.5381538382390554, 0.553434440304108]
[0.7139212080726107, -0.22871863606470377]
[-0.9034846159614851, 0.8390357361233471]
[-0.4158688427547652, -1.1972103955412203]
[0.5341675909026238, 0.6255936743610269]
[0.7408572191211125, -0.28972884971791024]
[-0.8624024029684133, 0.7529754470293835]
[-0.4269263588415013, -1.043776482848077]
[0.45557816470042634, 0.5548958699831443]
[0.7244934457983341, -0.303002324686767]
[-0.826906252008011, 0.6351653317861032]
[-0.43380888460820266, -0.9379683421059499]
[0.47367762406987945, 0.6342550167319603]
[0.6931731307383346, -0.34370003491646883]
[-0.7582280816696566, 0.5717658748090821]
[-0.4310509151539259, -0.8146035969939056]
[0.43694447843437734, 0.6142853127430632]
[0.672315690709059, -0.36032431719726976]
[-0.7056008020521358, 0.45311058307677676]
[-0.4113752021276582, -0.7500695860662785]
[0.40055507840732574, 0.6709905614730598]
[0.6566244179847249, -0.3937067410842527]
[-0.6687774164745696, 0.3941551950608826]
[-0.4024355313976793, -0.6491633734998481]
[0.3550819048247285, 0.6333976471284339]
[0.6344628675044763, -0.4048837770067608]
[-0.615850895471069, 0.33027754396967257]
[-0.40163046406654157, -0.5803299422079202]
[0.3457685267855236, 0.6783369581276171]
[0.6014551157031596, -0.4367836739391716]
[-0.5699311749191828, 0.2965891595004546]
[-0.37701534343380594, -0.49905632554662716]
[0.3131120607195568, 0.6471922738635163]
[0.5842092858617942, -0.4576513677300196]
[-0.5292889765424592, 0.22399118500524384]
[-0.35991195498918405, -0.44877750983464426]
[0.2713623548284061, 0.6843810347015049]
[0.5513166211169587, -0.4748654267962913]
[-0.4898431810888373, 0.18844934642198563]
[-0.3399747471281911, -0.38136574951479096]
[0.24020783842742044, 0.6637744678494331]
[0.5282056752365101, -0.48465168110038515]
[-0.4353841448638598, 0.1459613294571831]
[-0.3293965393832936, -0.33787038812828163]
[0.2104672044281075, 0.6875488251117172]
[0.49453748793078134, -0.504022205098462]
[-0.39835876925127334, 0.123781962045582]
[-0.2966237797441771, -0.28474642029750186]
[0.18263357997136787, 0.6578438527090427]
[0.4725461218560776, -0.5195577489575036]
[-0.36364522660780296, 0.08572643064627083]
[-0.27925845803925764, -0.24409436012926844]
[0.14516462757652304, 0.675197183940075]
[0.43389792892387025, -0.5277134965214687]
[-0.3281685071775384, 0.06861140270017518]
[-0.2517618396912207, -0.2006655628996683]
[0.12464097954127862, 0.6556005112406202]
[0.4103416501544541, -0.5365855643485695]
[-0.281652496905787, 0.04341936269863922]
[-0.2352336569685649, -0.17218714636238852]
[0.08551601826982225, 0.6629010199579164]
[0.37754659617114683, -0.5435141650917943]
[-0.24718429188420554, 0.030991720133591638]
[-0.20266086298095543, -0.13950757420268234]
[0.06002726553078652, 0.6383971086276286]
[0.35239032219134936, -0.5503968686806222]
[-0.21325586867514223, 0.013787897830267681]
[-0.18445184419526495, -0.11038910995455353]
[0.02527826888545448, 0.6397772861878233]
[0.31482488097091244, -0.5509912203201586]
[-0.18215736215690415, 0.007388221617708357]
[-0.15308949865685273, -0.08639930343663593]
[0.012651670754430189, 0.6193513380696727]
[0.2895959850024279, -0.5559789474212924]
[-0.1483844891271251, -0.0024169222924737]
[-0.1328232831604228, -0.06704209868886668]
[-0.02425226962395044, 0.6139574640014245]
[0.2576862574428995, -0.5529367634396802]
[-0.11960053200902321, -0.005955765556691528]
[-0.10283210359622874, -0.0493265435207646]
[-0.043820654930111225, 0.5912358966176683]
[0.2320205185211055, -0.5529844055072681]
[-0.08788276414617568, -0.009421845504772541]
[-0.08478293855027186, -0.03131172013667749]
[-0.07635705298494821, 0.5798995807928811]
[0.20009752350460142, -0.5469529901982746]
[-0.059824735803297724, -0.007143226225164945]
[-0.05517788821193914, -0.022239293502196666]
[-0.08661611961604887, 0.5591718816258933]
[0.17507765024622346, -0.5451217703730267]
[-0.03563876796066712, -0.005260344430061181]
[-0.034294950544681235, -0.0106526196266854]
[-0.1170893181843411, 0.544170174886327]
[0.14540627984137577, -0.5340396862993502]
[-0.013551967817708732, -0.0033471377582956485]
[-0.007248053241924346, -0.005515607645859344]
[-0.12797553093748704, 0.5227991717954583]
[0.12023451996380397, -0.528440489453275]
[0.010834277338882092, 0.0018699358893514706]
[0.010749165170749642, 0.0031554973540530717]
[-0.15468936624122565, 0.5039933261413392]
[0.09448393803936916, -0.5167930776181868]
[0.03287432366531551, 0.010925256792855276]
[0.03544455403123736, 0.0023814174527689858]
[-0.16293216391959975, 0.4821879070080515]
[0.07208268323362499, -0.5086557454620899]
[0.05071488808805924, 0.02113302244453852]
[0.053699356323386294, 0.007188039084461195]
[-0.1861460681354976, 0.45884388943705967]
[0.047601835096618084, -0.49242424978414023]
[0.06752572390885625, 0.02824551016117116]
[0.07573867041087645, 0.0024431609825161793]
[-0.19094876402738814, 0.43867176323051993]
[0.02514883243930921, -0.4812881837131413]
[0.08317839470665511, 0.038884332551391676]
[0.09266158368570543, 0.0032046041025601824]
[-0.20978297549071545, 0.4169366972759634]
[0.005038724848130283, -0.46434486133592623]
[0.09753939364144415, 0.05038094364483947]
[0.11169886526073003, -0.004757829806235403]
[-0.21361869851308146, 0.39561458820985007]
[-0.014020402569046686, -0.4511466064530638]
[0.10907449398975011, 0.06414379739335985]
[0.12635037702931418, -0.005869186646489499]
[-0.22840975746489223, 0.36776147418873273]
[-0.03206741320183237, -0.43246036029340873]
[0.11969735826259997, 0.07627498494307794]
[0.1419933371665425, -0.01625497781822771]
[-0.2292476561663368, 0.34785704767535464]
[-0.04947208867412556, -0.4173451257422869]
[0.1275982057312337, 0.09093248120968811]
[0.1556951406274506, -0.021019445112046675]
[-0.23954317489007737, 0.32400823979844356]
[-0.06350437189875935, -0.39708901303475663]
[0.13524282781917263, 0.10309923835545431]
[0.1680066155565193, -0.03415303666996472]
[-0.238980647366549, 0.3044468095466229]
[-0.07814120226584276, -0.37972700694177575]
[0.14042993071615095, 0.11662852190144196]
[0.1787129488102449, -0.04067009302354485]
[-0.24576517800782316, 0.27733012400571627]
[-0.08966096814115992, -0.35934078566092964]
[0.144448188822889, 0.1305642049662058]
[0.18800033207467742, -0.05394919170250434]
[-0.2429257991164624, 0.2590098040293278]
[-0.10145947262211286, -0.34195432185831853]
[0.1457922155199074, 0.1463045785287969]
[0.19734939673687693, -0.06205377778663124]
[-0.24429563031634327, 0.23416274757922345]
[-0.10965065917591571, -0.32138438766611177]
[0.1467780072997784, 0.15897781873562772]
[0.2027187617419654, -0.07703418106562743]
[-0.24000030111602078, 0.21608839735201704]
[-0.11866340565428153, -0.3019123600203546]
[0.14574427431270998, 0.17144815244237616]
[0.20897560245641367, -0.08705433071931235]
[-0.23954214100163762, 0.19206843311235539]
[-0.1235388980307143, -0.2809420851516342]
[0.14455757693478688, 0.18464693180536945]
[0.21162908333473737, -0.10172033218803245]
[-0.23381705497612004, 0.17694919246165625]
[-0.12958697742201092, -0.2623420342895346]
[0.14116823876304174, 0.19792511350055655]
[0.2160014263029662, -0.112121485116212]
[-0.22815977875826454, 0.15402749854844291]
[-0.13237828631777085, -0.24284296665481642]
[0.13610635829588147, 0.20936500912499822]
[0.2155386589047793, -0.12636850549931777]
[-0.2206408938457156, 0.13834811249802756]
[-0.13579455489235387, -0.22345332003532903]
[0.129460697111609, 0.2201601629497487]
[0.21757760443905907, -0.1374871007436218]
[-0.21293609400141134, 0.11830161910298873]
[-0.1351524583972871, -0.20414737018554097]
[0.12358640985454672, 0.23155341457329676]
[0.21398882985620948, -0.15140524264076216]
[-0.2048007030296073, 0.10637042705175287]
[-0.1355336218064223, -0.1859842172549191]
[0.11648164956651352, 0.24079328365176916]
[0.21317151937817058, -0.16256394666552088]
[-0.19472920768508595, 0.08737026959905075]
[-0.13278212442863185, -0.1682985843468241]
[0.1076696578242633, 0.24947246813955998]
[0.20758056406031106, -0.17480492995439256]
[-0.18535152050124204, 0.07557768680888477]
[-0.13098600622095807, -0.15041595804975416]
[0.09771888299184561, 0.2573857159077549]
[0.2054775614259911, -0.18562347950286484]
[-0.17221187307046537, 0.060554760519324846]
[-0.12642051356501938, -0.13416380328252586]
[0.08768569481740573, 0.2654104206650069]
[0.1973984949757141, -0.1969731415037309]
[-0.1619248915688124, 0.051840630245765296]
[-0.12216850756806372, -0.11811163675173753]
[0.07716037533418241, 0.2701083571207093]
[0.1925062891866376, -0.20697172473473857]
[-0.1484306270744884, 0.03800677876210473]
[-0.11484325146955016, -0.10346093850283511]
[0.06615428097112597, 0.27553533260610713]
[0.18257914732514308, -0.2160386680224456]
[-0.1381521406425244, 0.03054223811446871]
[-0.10849963788663386, -0.08854610338713054]
[0.05503312478387207, 0.2799152179745037]
[0.1762112586421225, -0.22526297971533155]
[-0.12284357310698701, 0.020594259763073386]
[-0.10057197605929058, -0.07600400492751636]
[0.04285701435538081, 0.28357588636125824]
[0.16518143200247065, -0.23305219222311807]
[-0.11169017298605446, 0.015344816309433684]
[-0.09275777655941211, -0.06307177537887648]
[0.030568143535653236, 0.2838666032812416]
[0.1574316612427087, -0.24077079613969815]
[-0.09599562667757294, 0.007742204423047405]
[-0.08289357209985324, -0.05211614856462188]
[0.018191987012000588, 0.2852680775638653]
[0.14494512247248434, -0.24603700923345898]
[-0.08517481222321197, 0.004648116389384033]
[-0.07354372152941707, -0.041238068980939596]
[0.006674556882068472, 0.2854553055109476]
[0.13542166987913462, -0.25243605794679624]
[-0.0697605016408232, -0.00039766539624636055]
[-0.06301453569804571, -0.03301673858648367]
[-0.005773988350081631, 0.28488989440573814]
[0.12262939811031821, -0.2558380641246828]
[-0.058997207072159254, -0.002358402668030727]
[-0.05263262861379504, -0.024164533285529605]
[-0.017628580895553157, 0.2818495340408913]
[0.11254453884465351, -0.2603520395120773]
[-0.043427980545087334, -0.004241799294901576]
[-0.04160626090611145, -0.017203834708995988]
[-0.0299310960936858, 0.27898231712621196]
[0.09924850094261112, -0.2618332067262201]
[-0.03305242562566213, -0.0034298788033495925]
[-0.03075112587726493, -0.010598824620976055]
[-0.04084610640282356, 0.27475008062213685]
[0.08825509631764744, -0.2650412441705958]
[-0.018825462675273075, -0.0031862475962074477]
[-0.019266604275612165, -0.006478138248299015]
[-0.05236492655335806, 0.2700115252455394]
[0.0752127026696281, -0.26395824984317706]
[-0.009101712338700968, -0.0018362721268299353]
[-0.007889668413936762, -0.002175440771443049]
[-0.06255685842266612, 0.26422326940422264]
[0.06381871635406666, -0.26459466552621724]
[0.004527347654666114, 0.0006653041343426813]
[0.003313371019430744, 0.0003297814074620653]
[-0.07345128180361393, 0.2579162195593297]
[0.051088849933257185, -0.2621864080732663]
[0.013405014479189847, 0.004200819969276848]
[0.014506053203528935, 0.0025176726171005914]
[-0.082481272554634, 0.25051705930739443]
[0.03975190391743538, -0.2619334515439242]
[0.025103239358493734, 0.00907376772758739]
[0.02550855024962778, 0.0031972008645356764]
[-0.0918373130345703, 0.2420257009460674]
[0.027782762880096734, -0.25713637592441224]
[0.032959311270289005, 0.013477177035323473]
[0.036435366498117294, 0.0033931051914356247]
[-0.09945121499307535, 0.2335090083772462]
[0.0165494773719993, -0.25432365115631667]
[0.043389245609159355, 0.019706051712567008]
[0.04663125866238704, 0.0017824959992984724]
[-0.10798415416997836, 0.22453562609971334]
[0.005662302590475954, -0.24827617706316277]
[0.05014484690175228, 0.025162632724405665]
[0.05675188670287512, -0.00021031959902412245]
[-0.11441424342831893, 0.2153534949309639]
[-0.004869235287479179, -0.24423273062085102]
[0.05863706409582278, 0.0328996760375615]
[0.06615890197771801, -0.002769122677436231]
[-0.12087266298067925, 0.20444418311861612]
[-0.014707969881028737, -0.23648968992688127]
[0.0640189356616363, 0.03922058207159185]
[0.07562769227664257, -0.006160838043025252]
[-0.12534471996614896, 0.19416103861124467]
[-0.024719165278017874, -0.2309453328005733]
[0.07028051687240719, 0.048284807264405094]
[0.0839479007482653, -0.010742952886604179]
[-0.1305272459903429, 0.1832915422251652]
[-0.033033348929573214, -0.2222121412474322]
[0.07422870315982666, 0.055114893061589676]
[0.09191753383405254, -0.015839265821033094]
[-0.13366996718695193, 0.17293690298991204]
[-0.04160136285230842, -0.21500637991609858]
[0.07910705825833017, 0.06431365386296095]
[0.0987713870058261, -0.02123221049657617]
[-0.1369853018345174, 0.16099391141827968]
[-0.04833731695687893, -0.20517226566467078]
[0.08185624580290367, 0.07151196435115492]
[0.10566702876846834, -0.02755967283641675]
[-0.13858174509156862, 0.15036298737713816]
[-0.05611422549463341, -0.19724525827828407]
[0.08403918041529204, 0.08176043926726884]
[0.1114266389689933, -0.034131094090538695]
[-0.14003970059183107, 0.13878278975508707]
[-0.06148429521276433, -0.1868726395001638]
[0.08496865421009608, 0.08893634373075776]
[0.11677914436668302, -0.04123509235353173]
[-0.13951703836919088, 0.12812254685785562]
[-0.06753609503102287, -0.17771126549520216]
[0.08569954909732945, 0.09846512016908493]
[0.12076160509192602, -0.04847110592778964]
[-0.139362559754768, 0.11640469739976789]
[-0.07088194534702774, -0.16692559108598304]
[0.08548404409788393, 0.10579332450257106]
[0.12437555347761342, -0.056450643644506235]
[-0.1382226068113112, 0.1063226682740277]
[-0.07555317144082596, -0.15733786715986928]
[0.0842472381492235, 0.11566842289234858]
[0.12693572675224907, -0.06412410193020807]
[-0.13627485746048407, 0.0951331840487315]
[-0.07753356421420476, -0.1464611883099287]
[0.08263908636003908, 0.12230367264498265]
[0.12916702615264986, -0.07229755919028119]
[-0.13282221229064597, 0.08529618821167606]
[-0.08066133868423075, -0.13632443954008655]
[0.07947526752154827, 0.13098687113445306]
[0.13028992573366582, -0.08030374652481892]
[-0.12930346454274094, 0.07501904169906659]
[-0.08090935596531423, -0.12556801352198316]
[0.07631958815324341, 0.13743861184686113]
[0.13070591052661173, -0.08868479251834593]
[-0.1253098804773896, 0.06630973740487822]
[-0.08239316617007919, -0.11542081793039699]
[0.07203908144453347, 0.1456014958616605]
[0.13007975369534042, -0.09650190888082144]
[-0.1203286773958947, 0.05658672779763774]
[-0.08101126935414205, -0.10525465220062097]
[0.06819174626443636, 0.1511233771122762]
[0.1289555877405406, -0.10450707110533253]
[-0.11492321403164413, 0.04836375055520814]
[-0.08084746680944965, -0.0951665102847144]
[0.062163099275379, 0.15811041523241998]
[0.12714104751261823, -0.11217047897905941]
[-0.1087550042603842, 0.04019430364026233]
[-0.07824271893543466, -0.08542615553567046]
[0.05690765529592701, 0.16294580639686118]
[0.12456151634992385, -0.12000600019576135]
[-0.10251851387464539, 0.033547310693341714]
[-0.07681486698241002, -0.07568687264184015]
[0.050154674047640846, 0.16837581432568227]
[0.12128522513693052, -0.12716786427470284]
[-0.09517005517865462, 0.02639500472960221]
[-0.07268677816987323, -0.06698334792464056]
[0.044370470304157195, 0.17202472271177904]
[0.11730272583432211, -0.1339693894721321]
[-0.08834773438303534, 0.020561862373818185]
[-0.0695344403664997, -0.0579599893452174]
[0.036503196415829886, 0.17654292571481445]
[0.11281857127966444, -0.14029905768713002]
[-0.08032653430299086, 0.014893731943854016]
[-0.06453902049894156, -0.05029234883615219]
[0.029983417648803856, 0.17944848123890966]
[0.107589449454913, -0.14652780126435183]
[-0.07290547275911474, 0.0104848122910568]
[-0.06044608476196278, -0.04195368053574211]
[0.021747418611774982, 0.18190989588694284]
[0.10221277575538745, -0.1521725403635078]
[-0.06422119490515676, 0.006356805021033418]
[-0.05425548497726407, -0.035243280297598045]
[0.014881625080147787, 0.18324181516588844]
[0.09604304849253786, -0.1572033436267416]
[-0.05665282502465996, 0.003457375141915797]
[-0.04887314649988761, -0.027954967249070428]
[0.006204142902526466, 0.18459622006149778]
[0.08956290439566084, -0.16170121476304855]
[-0.04778881041156591, 0.0007815616938168235]
[-0.04227322216615059, -0.02283573671790584]
[-0.0008966699450730919, 0.18511818354245047]
[0.08255854257422479, -0.16554315502625416]
[-0.04004481259279169, -0.0011934299809557292]
[-0.03611506753400384, -0.016750666714692053]
[-0.009557781032530577, 0.18474007739522258]
[0.07575866252477326, -0.16885991816702461]
[-0.03095977068930933, -0.002376087678089167]
[-0.028737542559047258, -0.012675832580010593]
[-0.016650704590358, 0.18387990807689503]
[0.06810810970711456, -0.17155371874309877]
[-0.023466258645729376, -0.0025664928214750304]
[-0.021900648710215687, -0.007717593830782965]
[-0.02514687843297314, 0.1820726999843265]
[0.06043114153340934, -0.1738725006283517]
[-0.014914127399260235, -0.002210028313897605]
[-0.014407175958425222, -0.005138249351641533]
[-0.0319026056340912, 0.1800076973798332]
[0.05259960284800458, -0.17515226312065135]
[-0.0076861605387124055, -0.001515030875372969]
[-0.0070664463061334, -0.0016333037215801038]
[-0.039843916013872605, 0.17688592238957906]
[0.04510381575934641, -0.17591026574608004]
[0.0007545183672312827, 0.0001452916887937361]
[0.00045418670929275873, -0.00040857334143606927]
[-0.04648591002578206, 0.1738997252009758]
[0.03699930288276737, -0.1759042735752001]
[0.007494046806435728, 0.002172268011914058]
[0.007856803051509154, 0.0017556116670505162]
[-0.05402387333467695, 0.1694756544019192]
[0.029132313399783005, -0.17568803461081528]
[0.014986388469358403, 0.005108875195154183]
[0.01539862575642581, 0.0017787256350376701]
[-0.05970483321028208, 0.16526466976303145]
[0.02129439455498816, -0.1743964428698832]
[0.02100342965629176, 0.008153466872535042]
[0.02300903688422906, 0.0026292247605081975]
[-0.06598708115789653, 0.15980494611180202]
[0.013728108366855063, -0.17274072448846223]
[0.02765817407686333, 0.012229381005250173]
[0.029963538024429415, 0.0013172870702802264]
[-0.07133893354524579, 0.15483077714924842]
[0.006137485379990593, -0.17020706131847185]
[0.032926090877986036, 0.016085857466858144]
[0.03709229745884096, 0.0007338464423582991]
[-0.07705894976075012, 0.1484569310725705]
[-0.000989840587475893, -0.16751456020222077]
[0.038756409524456914, 0.021092778664296208]
[0.043640988717043167, -0.001586928094861717]
[-0.08127967517310186, 0.1426480424068766]
[-0.007904848852805096, -0.16381110787257103]
[0.043184565224565485, 0.02578829081053008]
[0.05051523009726838, -0.003325281734474994]
[-0.08552447613507064, 0.1355324034917149]
[-0.01470636580444687, -0.1599667073947174]
[0.04748423765091492, 0.03151812873689748]
[0.05633825708496866, -0.006760458712622652]
[-0.08897976462961554, 0.12917498531615051]
[-0.02108812596077543, -0.1552913721613699]
[0.05075583076077761, 0.0366410181628273]
[0.06253810377663269, -0.009717211150905403]
[-0.09212321572159465, 0.12169507094221366]
[-0.026970585010429253, -0.15052379625907164]
[0.05420512011913814, 0.042945862797426036]
[0.06743637197489838, -0.013845443173894467]
[-0.09443936315175838, 0.11484410276280173]
[-0.03221955736684133, -0.14495172002592582]
[0.05665123082886003, 0.0485453240358917]
[0.07275926716159051, -0.017744202598129588]
[-0.09642117536131778, 0.10685283993201605]
[-0.03738187687211239, -0.13941409772408875]
[0.05849969852614345, 0.05523137195652207]
[0.07675635560828278, -0.022689669109482336]
[-0.09782838008569528, 0.09981987223950056]
[-0.0419017923703116, -0.13313359781896916]
[0.059724011552922396, 0.06095386062036157]
[0.081334619560068, -0.027469515116481102]
[-0.09826253127220352, 0.09202994021123358]
[-0.04609807182112617, -0.12682627008519354]
[0.060489248621330316, 0.06757573117515457]
[0.08430681495736742, -0.03285854376280761]
[-0.09840901141440539, 0.08493208444172712]
[-0.049327107016205254, -0.12004208638860947]
[0.06065803981121631, 0.07326615317699557]
[0.0876754320099344, -0.038290228360475353]
[-0.09791042838807718, 0.07707103167367164]
[-0.05244514369399528, -0.11342052925367374]
[0.0600079304003841, 0.08005208287890025]
[0.08945131179758567, -0.04394944970613557]
[-0.0971921195830594, 0.07004754523424639]
[-0.05467491875402469, -0.10633265786608181]
[0.05927041051175108, 0.0856908164545507]
[0.09186745510410335, -0.0497602867641484]
[-0.09518412846012314, 0.06256174248764101]
[-0.05670976050874443, -0.09930513157670834]
[0.057534872777627255, 0.09191972611530275]
[0.09267471231340171, -0.05570788492679274]
[-0.09332041362909033, 0.055938257406421166]
[-0.05772581299563195, -0.09201672901591251]
[0.0555677327677398, 0.0970603635811895]
[0.09383167344877494, -0.06192771033975525]
[-0.09050239230759977, 0.04908792059730127]
[-0.058684310850769666, -0.08486113398281414]
[0.05265847240581606, 0.10291643440639475]
[0.09341399853802843, -0.06768837892169532]
[-0.08773612604319131, 0.04288429568196184]
[-0.05858723904044358, -0.07774078016597341]
[0.05009476188997508, 0.10767900362202493]
[0.09354579513871966, -0.07376876468485147]
[-0.08369244471014142, 0.036485227101398704]
[-0.05835168851370215, -0.07082932800606373]
[0.04619131962118722, 0.11288896632997181]
[0.09217272787215686, -0.07939036236147728]
[-0.08010445098625207, 0.03088552286971291]
[-0.05718397068024769, -0.06388252018037022]
[0.042482712845312826, 0.11704622885274768]
[0.0910412061286561, -0.08545614499109322]
[-0.07540163926307578, 0.025468827180841952]
[-0.05595733004446528, -0.05696684541107802]
[0.03784970853855779, 0.12131306939830803]
[0.0886188243544698, -0.090756364561135]
[-0.0710067504427348, 0.020711013774128983]
[-0.05370484933555404, -0.05049035385470947]
[0.03382312392495823, 0.12462502205843563]
[0.08655697658545627, -0.09645115439972475]
[-0.06559240304290434, 0.016160927822189294]
[-0.05139204622557851, -0.044217732672102675]
[0.028365229272864195, 0.1280807177634174]
[0.08328531196256311, -0.10110121780014036]
[-0.06068477282121355, 0.01214556924665857]
[-0.04835159800453022, -0.03832275845177263]
[0.023467244602734118, 0.13075650529432187]
[0.08014532247059947, -0.10622028006027932]
[-0.05467393826514322, 0.00850762617924872]
[-0.04521362770219202, -0.03249785566629425]
[0.017652489289029048, 0.1331234681976895]
[0.07612595463236618, -0.11038021437226819]
[-0.04918466831295349, 0.00551418575141703]
[-0.041223668018231664, -0.027340414009381933]
[0.012610616935793618, 0.13478555793088498]
[0.0721666961467228, -0.11493379957753566]
[-0.04307426329600098, 0.0030880596219162865]
[-0.037171995701510016, -0.0222031555200619]
[0.006418934622210826, 0.1360536203197467]
[0.06739808142795678, -0.11821930840310926]
[-0.03745443060099292, 0.0010121424496051523]
[-0.032658751011299, -0.017848035043665077]
[0.001051637902678329, 0.1368916580122938]
[0.06266987179114981, -0.12192892496555303]
[-0.03100700725726499, -0.0004947282520355173]
[-0.028064619967509294, -0.013603364550545394]
[-0.005238680599136014, 0.1371273164729202]
[0.057620429299245435, -0.12445107200246386]
[-0.025060573762041127, -0.0015234756802243454]
[-0.022984922997451362, -0.010222270129945102]
[-0.010728080866615725, 0.13701458186861398]
[0.05237288451156702, -0.12725556650569333]
[-0.018792859127283915, -0.0018426944982268545]
[-0.017819402063183554, -0.006768992757588466]
[-0.016982322928191518, 0.13605936673214145]
[0.04672386159370387, -0.12884819497196515]
[-0.013045785525000991, -0.0019349828617353793]
[-0.012393017710091186, -0.004324847847258034]
[-0.02223966394768559, 0.1350649772566705]
[0.04095255891859004, -0.130763285882611]
[-0.007004471251068012, -0.001295537987530626]
[-0.006830556571149393, -0.0019032340446692442]
[-0.028147158262496808, 0.13318682344770638]
[0.03537154814054316, -0.1314295602320347]
[-0.0013615973776902879, -0.0003884981039981583]
[-0.001268372308600385, -0.00048386419112192436]
[-0.03330048596233995, 0.13129580519711895]
[0.029472909957060922, -0.13226275424464856]
[0.004358648201273074, 0.0012676529051431351]
[0.0043020517051108875, 0.00100555909498648]
[-0.03897881161434355, 0.1282964316764701]
[0.023705518987698848, -0.13202083780776844]
[0.009653647093425699, 0.003052564025403437]
[0.009901707481616617, 0.0014419331429354199]
[-0.043684095707779064, 0.12562289842512198]
[0.01768498389255635, -0.13191921731970802]
[0.014795580677145703, 0.005594534310479737]
[0.01571880082475907, 0.0019003653142366517]
[-0.04857362916649717, 0.12190724377592121]
[0.012121722927777523, -0.13070345031214073]
[0.019528783951314216, 0.00815757001900197]
[0.02116161550231671, 0.001321756800189075]
[-0.05276586502287202, 0.1184974774440285]
[0.006165956293344044, -0.12952601042675527]
[0.023978476686490044, 0.011401542107164542]
[0.026603169760985923, 0.00082428020171528]
[-0.05716941301129469, 0.11391697792913202]
[0.0008851107490019938, -0.12750352736708867]
[0.028187761710525325, 0.014721610964798348]
[0.031740986598875365, -0.0005823689442400332]
[-0.06077076062448862, 0.10988054808266395]
[-0.004653110402713989, -0.12549846004129608]
[0.03201099840644676, 0.018759286829765798]
[0.03700884070336896, -0.0019824661803339236]
[-0.06422222485500881, 0.10472568207093386]
[-0.009556289980870436, -0.12263497064139814]
[0.03540046064620936, 0.022625540875248706]
[0.04167121776723082, -0.004309109059612154]
[-0.06713378046636667, 0.1001267759287604]
[-0.01483614927145216, -0.1196044345095661]
[0.03821862784044669, 0.02698269427658595]
[0.04644566727230026, -0.006632807533570021]
[-0.06977788212723132, 0.09458831797024037]
[-0.019161403074151595, -0.11600357963721855]
[0.04090444297141471, 0.03129438314916255]
[0.050604705169459696, -0.009640076764084765]
[-0.0718498475065649, 0.08972996199002492]
[-0.023720098676534906, -0.11234903233520029]
[0.04299973896809935, 0.03613974363793604]
[0.0547614929999134, -0.01262946126122827]
[-0.0735384381698112, 0.08377020488005882]
[-0.02745356520984321, -0.10821328764416374]
[0.044694351289548434, 0.04078812831329692]
[0.05816382432370959, -0.016212821310100656]
[-0.0749004571216059, 0.07843766554722675]
[-0.03141157502635317, -0.10379051973895885]
[0.045759881337164784, 0.04579663110304366]
[0.06170521850672328, -0.01992470335751527]
[-0.07557046720318694, 0.07250034540772377]
[-0.0343862393013159, -0.09908489832673292]
[0.04670616504347905, 0.050587946071354306]
[0.06441174990845311, -0.02408255333685097]
[-0.07600749934708453, 0.06730104143880533]
[-0.037513233887237374, -0.09416929017244574]
[0.0469260111098056, 0.05552458535820848]
[0.06709178676393102, -0.028290934143071683]
[-0.07581861699802414, 0.0613026683635598]
[-0.03972711012556096, -0.08914285006295015]
[0.04683898447150936, 0.060288269835591546]
[0.06894750232171243, -0.03266872527243392]
[-0.07549915751927203, 0.055931076278191494]
[-0.04202418550624676, -0.08385339365112332]
[0.046152664987359454, 0.06529316223605497]
[0.07088052497659159, -0.03721866373623883]
[-0.07421104132651873, 0.05019586013131483]
[-0.04343309871368439, -0.07865401154239904]
[0.04527058208732326, 0.07000049559013943]
[0.07190764204344358, -0.04186450157353533]
[-0.0730338823263299, 0.04507822335819611]
[-0.04480989628179788, -0.07311524753032761]
[0.04369211836904441, 0.07452548388418134]
[0.07288716645985405, -0.04669355434196515]
[-0.07102744141555184, 0.03966432333884484]
[-0.045326499699467004, -0.06772910038310448]
[0.0419642310796301, 0.07886324910052223]
[0.07300143043839402, -0.05136153828390361]
[-0.06916199994988959, 0.03486274174848103]
[-0.04579723635906885, -0.062093900332643504]
[0.039730377896643077, 0.08315596408587633]
[0.07314988096291919, -0.05623928181365617]
[-0.06622956291562121, 0.029961508895650413]
[-0.04554278126672884, -0.05691398496914274]
[0.037224576673532794, 0.08713814113875507]
[0.07250518043853937, -0.06078853872226203]
[-0.0636159841046976, 0.02549671990516944]
[-0.0451342531658826, -0.05140569135410189]
[0.03411476035665778, 0.0907943559163581]
[0.07177045994988596, -0.06555417736675279]
[-0.06001382973028491, 0.021173043301410677]
[-0.04405116891570904, -0.04629170499949614]
[0.030950972358316897, 0.09424880115273027]
[0.07021789742793327, -0.06989986069023091]
[-0.05682996580256189, 0.017324413036358566]
[-0.04272901190622147, -0.04095460821171637]
[0.027460719453781923, 0.09735212615412225]
[0.06862351120804433, -0.07452596204843437]
[-0.05269349875068291, 0.013724057949891288]
[-0.04084417126957485, -0.03627944119401727]
[0.023770862173253415, 0.10015007280139998]
[0.06638774481159493, -0.07848084704501479]
[-0.049044579239746366, 0.01042367110042608]
[-0.03877263401423159, -0.03133154351600409]
[0.019644019587122252, 0.10251284884930378]
[0.06404928855865655, -0.08262490666981093]
[-0.044366682346338226, 0.007580568043246583]
[-0.036306164580870326, -0.02700677448480071]
[0.015457943696592924, 0.1046438339223772]
[0.061156307504968366, -0.086153314598239]
[-0.0402193343730588, 0.0050247337284624605]
[-0.03349352394401134, -0.02256716794249025]
[0.01107261253330416, 0.10627261558653445]
[0.05812732055826397, -0.08993903362346772]
[-0.0353148323301129, 0.0030390527013234303]
[-0.030310394569438737, -0.018847845292861654]
[0.006630193805651774, 0.10760211044441226]
[0.05459454667312025, -0.09282181992909977]
[-0.031032355207893714, 0.00117187623593068]
[-0.02686363023942462, -0.014966158654075912]
[0.0020389471203237086, 0.10842993588071193]
[0.05090836449261643, -0.09588620274156479]
[-0.025933993052906668, -1.6750878277849157e-05]
[-0.023253109862832855, -0.01184928753687009]
[-0.0025685250646085844, 0.1090229194194276]
[0.047020508758029655, -0.09823886524924053]
[-0.021391260894550013, -0.0010617180522998204]
[-0.01934979541635068, -0.008710251571602212]
[-0.007284360926632538, 0.10906356441385068]
[0.04295481856692018, -0.1007353723246881]
[-0.016286601564203917, -0.001312034745716284]
[-0.01535428041958975, -0.00623639538076326]
[-0.0119707577724123, 0.10873419026038336]
[0.03865329495073855, -0.10226419011901988]
[-0.011766793505950557, -0.0016139905009570632]
[-0.011041881235759998, -0.003808759113917759]
[-0.016563421660807598, 0.10795063004413785]
[0.03411882140038891, -0.10393431337787129]
[-0.006814766179596421, -0.0010939308316667562]
[-0.006724479611391998, -0.002173896280083243]
[-0.021068796162303505, 0.1069920570674609]
[0.029657597570295485, -0.10482012679932928]
[-0.0024191530227474223, -0.000632376487918529]
[-0.0021896967422657954, -0.0006015172405348101]
[-0.02549828067193305, 0.10552444903435881]
[0.024977359413145717, -0.10571836428591286]
[0.0022629095504016483, 0.0006846124848732815]
[0.0021827121900931112, 0.00041574005246924894]
[-0.02982062752541692, 0.10361849948748533]
[0.020427603052465604, -0.10579975843148692]
[0.006495146785131856, 0.0018957762171338544]
[0.006808005446603177, 0.0012158038900016432]
[-0.03393074754265735, 0.10135918558693607]
[0.015619612288664458, -0.10594957582426034]
[0.010766302065539746, 0.004030999434230881]
[0.011258707583268995, 0.0013648742906028355]
[-0.03786228137711456, 0.09890680276438912]
[0.011133584286271592, -0.10530485089420882]
[0.014598771345197048, 0.0058809176884662695]
[0.015853471212578282, 0.0013003461919554038]
[-0.041514609623124255, 0.09608686645237564]
[0.006382833615075273, -0.10453167987343343]
[0.018366249066060214, 0.00849665799047905]
[0.0201289795734972, 0.0007559876164485724]
[-0.044996306697447364, 0.09292158705473344]
[0.002069406423770702, -0.10314295847214294]
[0.021813327489570322, 0.010950366239014499]
[0.02455092677858854, -9.082046892361362e-05]
[-0.04817470112300515, 0.08955364738068095]
[-0.0024940681243562877, -0.10173407434170079]
[0.02495590258432956, 0.01429894090828534]
[0.02862918705239406, -0.0013162336826373355]
[-0.05106673749630514, 0.0858849561980325]
[-0.006507716434241497, -0.09972117897800409]
[0.027836400025246733, 0.017263914782040306]
[0.032742102468921896, -0.0028677252864310887]
[-0.053560804136013385, 0.08199381555379388]
[-0.010774280521465764, -0.09748332195702092]
[0.030291698989052263, 0.02089635683696905]
[0.03643188960868187, -0.0047896044952746575]
[-0.05585831927282481, 0.07791549957814786]
[-0.014376476636849309, -0.09478941148995174]
[0.03260470401154203, 0.02426103335083364]
[0.04014199135297916, -0.007092740474651138]
[-0.05778003249418745, 0.07383145413312255]
[-0.018192782478061977, -0.09194771283938047]
[0.03437458389818737, 0.028282747441090578]
[0.043390678033117774, -0.009554939561923437]
[-0.05935057220094103, 0.06944279407786132]
[-0.021321352148030492, -0.08879537150355482]
[0.03601750314193458, 0.03190612870177051]
[0.046581809834473256, -0.012341957464346853]
[-0.06048207347651546, 0.06497818370762257]
[-0.024647516515031734, -0.08538413838067604]
[0.0369294837656694, 0.03609389811225425]
[0.04931932371809128, -0.015285920728663749]
[-0.06133215733278702, 0.06042348460381673]
[-0.02720420876959101, -0.08175616710505629]
[0.03787583946805895, 0.03997040197627712]
[0.05192809102708143, -0.018640418765940137]
[-0.061777734292470576, 0.055998199162516055]
[-0.029886405753826673, -0.07787439858088749]
[0.03812453669589788, 0.04418203277631558]
[0.053992136338505387, -0.02201197667492505]
[-0.06191528932785742, 0.051391184506481044]
[-0.03179265171475583, -0.07392084515304015]
[0.038395905992214485, 0.048001490749447914]
[0.055909005202058784, -0.025659391642019663]
[-0.06166131739834793, 0.046887931959585974]
[-0.03379407423113548, -0.06967973847895864]
[0.03781766696390232, 0.05217898569960561]
[0.057395388451526586, -0.029272703545432266]
[-0.06102729756851638, 0.04239672875741628]
[-0.035100416769069706, -0.06553621976530452]
[0.03735663979191811, 0.056057411422573936]
[0.05866177628355819, -0.03321740414701485]
[-0.060001814755176824, 0.03808925697737578]
[-0.036433550257754625, -0.06109544861064957]
[0.0360631670063882, 0.05996244627000294]
[0.05941304639066437, -0.037021851366745434]
[-0.058681623301139435, 0.033760615484079395]
[-0.03698198949388151, -0.056804092141637647]
[0.034937296888154584, 0.06355275397526067]
[0.05989675816466335, -0.04102448054074011]
[-0.05707309887740569, 0.029679555999631763]
[-0.037472903810117655, -0.052226689762358516]
[0.03303546307003567, 0.06722393739899586]
[0.05994012924559958, -0.04488639446003424]
[-0.05511999604693006, 0.02572559473315638]
[-0.03740495344061065, -0.04801300122153532]
[0.03130845642901575, 0.07062587626845532]
[0.059730769038146544, -0.04892719655632817]
[-0.052878543497093825, 0.021979703724985228]
[-0.0372456676760602, -0.04347931875081876]
[0.028738668276501185, 0.07376731988983981]
[0.05915573428211125, -0.05270174081109791]
[-0.05027837489237261, 0.018414296237279408]
[-0.03647855557547486, -0.03931937910185426]
[0.02638561253471545, 0.07671077229412726]
[0.05823503119841382, -0.05657227805509973]
[-0.04748825751989534, 0.015174813537891685]
[-0.03553781066617717, -0.0349242567663248]
[0.023360509297811336, 0.07942682991012853]
[0.05690730811795802, -0.060214445138500466]
[-0.044450947811877084, 0.012152476928909701]
[-0.034156331921768, -0.031086818988087093]
[0.020580689482424083, 0.08195739781414978]
[0.055299321728394114, -0.06383429490637402]
[-0.041290453430140664, 0.009333315924841934]
[-0.03252418551841038, -0.0269607235817135]
[0.017148986877713525, 0.08402926892466103]
[0.053440743952666556, -0.06712768131805386]
[-0.03778202370053267, 0.006868617089903967]
[-0.03056776058528278, -0.02338750696635719]
[0.0139232119031317, 0.08601194871272452]
[0.051233128318064036, -0.07041683160725004]
[-0.03421443160068964, 0.004743776341286907]
[-0.028367172139581287, -0.019622562400183632]
[0.010150469491030933, 0.08745281191759681]
[0.048781993187361955, -0.0734289926036524]
[-0.0304457894735152, 0.0029611337603303034]
[-0.025906732635209526, -0.016512558661218632]
[0.00665531165265322, 0.08880573937336461]
[0.04605369372474964, -0.07623032487932176]
[-0.026687789886186628, 0.0013861420091530463]
[-0.02309276608949301, -0.013220424811024895]
[0.0027619297480287325, 0.0895773878887173]
[0.043136500968453784, -0.07866197065835681]
[-0.022699421827175742, 0.00022757171952145216]
[-0.020203674957977397, -0.010619016927182909]
[-0.0009476350156555763, 0.09038482864236785]
[0.03991781656530821, -0.08095890023426841]
[-0.018806907182679716, -0.0006690102036402135]
[-0.016989739903998657, -0.007895509379296436]
[-0.00497446869805207, 0.09047390347405682]
[0.0366366115381965, -0.08296868343527224]
[-0.014764061053891275, -0.0011039403222712074]
[-0.013764751117857382, -0.005802445091274588]
[-0.008726810682071096, 0.09054026078411909]
[0.03312388377886705, -0.08467116388899497]
[-0.010847189772963936, -0.0013096291764235768]
[-0.01017572088348237, -0.003631280411969806]
[-0.01264514770032997, 0.08989984521612088]
[0.029525427332249443, -0.08602158971367124]
[-0.006852519887804026, -0.0010666438553080249]
[-0.006715319433946432, -0.002197822690955961]
[-0.016409664284447095, 0.08939496761451837]
[0.025728363384118547, -0.08709560964240562]
[-0.0030496460552482813, -0.0006602607702564933]
[-0.002900122654347803, -0.0007748233545883665]
[-0.020217461248143415, 0.08817832901096306]
[0.02198800708917381, -0.08783759139131564]
[0.0008109458975791434, 0.00020193453165701092]
[0.0006876863240717901, 8.659341372022067e-05]
[-0.023793632044019034, 0.08700606226784444]
[0.018103486459358387, -0.08823335980815698]
[0.004445454550509667, 0.0012478715847438204]
[0.004623725471510742, 0.0009130730492123568]
[-0.02730406882273466, 0.0850932068017698]
[0.01424776487221735, -0.08836981380225747]
[0.007985130911589457, 0.002784897275287024]
[0.008264938163547786, 0.0011187075756174253]
[-0.030666927211930185, 0.08334296450271228]
[0.0103105722338655, -0.08816212088528648]
[0.011282352159565565, 0.004433959891843586]
[0.01220853216667167, 0.0012038212367581382]
[-0.033807704136283784, 0.08093893948765601]
[0.0065245985430779085, -0.08759736342309385]
[0.014507393745328938, 0.006451003236445818]
[0.015737850543209753, 0.0008100539924524568]
[-0.036804573838751374, 0.07863677349885312]
[0.0027495753723842387, -0.08667110704404635]
[0.01747882938061252, 0.008562273954527522]
[0.019544530916322134, 0.00021594717689330314]
[-0.03955173740978688, 0.07574360228673538]
[-0.0009121228293116901, -0.08554463074887893]
[0.020212562668354576, 0.011125494283910242]
[0.022926521783482312, -0.0007789413239666261]
[-0.04216064742016354, 0.07299845559321466]
[-0.004549218260303578, -0.08407465210233663]
[0.0226877121419475, 0.013726529966553658]
[0.026548985753922616, -0.0019698376548385604]
[-0.044296062364065636, 0.06969445438317257]
[-0.007979085256116458, -0.08232240030609919]
[0.024900118990362055, 0.01661502811452903]
[0.029664477907714315, -0.0034893636739278117]
[-0.04635442882087215, 0.06651830921187252]
[-0.011244007188976779, -0.08024954174478013]
[0.02686146608925953, 0.019546029375045793]
[0.032913389297078044, -0.005337795686231911]
[-0.04802321802323302, 0.06297695634392658]
[-0.014319630160947394, -0.07799025931881291]
[0.02850927987605842, 0.022789985861298045]
[0.03563198279238472, -0.007352634414349982]
[-0.0496113701942108, 0.05953624143582259]
[-0.017218234379246022, -0.07543383035769258]
[0.029967287914603152, 0.025969026906981496]
[0.038500976345291094, -0.009661932925026318]
[-0.050586030806043555, 0.05573899193088938]
[-0.01989048175435182, -0.07270534716104232]
[0.030979827340046534, 0.029355129503533417]
[0.040855632385600194, -0.01208908291109323]
[-0.051524537607667814, 0.052083983651289745]
[-0.02232583407078592, -0.06972686215708726]
[0.03174329181033553, 0.03272479220388902]
[0.04321925132887522, -0.01489127257270123]
[-0.051916284702840015, 0.048280804593775595]
[-0.024536176096537632, -0.0666079708921671]
[0.03212575580721702, 0.036216748648935426]
[0.04502992314527199, -0.01764328687559505]
[-0.0522803924061086, 0.04452644224904573]
[-0.02640777619079787, -0.06330290395166371]
[0.03240521355525719, 0.03959089931859738]
[0.046835411110661807, -0.020752456474944447]
[-0.05203476290363221, 0.040675084370834724]
[-0.028021494972343797, -0.05991511950812378]
[0.0321624155310154, 0.043076500392891626]
[0.04813325349102032, -0.023747439637452267]
[-0.0518139030681741, 0.036935940542126566]
[-0.029353389107650674, -0.05636490359376917]
[0.031745717809426255, 0.046464243654490256]
[0.04934504941031986, -0.027133320707017905]
[-0.050946900220500774, 0.033259287436103124]
[-0.03046909353050209, -0.05275218694123418]
[0.030885820887304405, 0.049775233864941426]
[0.05009760304190064, -0.030299892795491112]
[-0.05007969167696186, 0.029639858314843337]
[-0.031182949391339754, -0.049070071406815685]
[0.029947634615327068, 0.052937065618983425]
[0.05070236538814765, -0.033803891702371025]
[-0.04864869077609063, 0.02617761336003921]
[-0.03162477853866763, -0.04538336130923293]
[0.02850121086027302, 0.05607212841432152]
[0.05083437207285574, -0.03698818101180018]
[-0.04728499162596228, 0.02275747929146349]
[-0.03174043289999667, -0.041684906667524835]
[0.02700076564590892, 0.059076257099523966]
[0.050767743262186416, -0.040522612987021756]
[-0.045321597834870886, 0.019569619276271988]
[-0.03162978378760689, -0.03801410593442495]
[0.025062057673056637, 0.06186207987922149]
[0.05038072475613503, -0.04369713503359257]
[-0.04339604296521199, 0.01646150960537207]
[-0.031139869846435964, -0.03435891496714477]
[0.023071076877634156, 0.06446736131693187]
[0.04974725529171736, -0.04715702756719664]
[-0.04097481559988375, 0.013730310644513966]
[-0.030414065794094447, -0.03075765389688695]
[0.020643250870554575, 0.06685044555661585]
[0.048752337312332694, -0.050198252023290424]
[-0.03862949445385444, 0.011025761809167922]
[-0.029376090350131445, -0.0272990663951298]
[0.018232480778969218, 0.06909443335248028]
[0.047475839186316426, -0.05346727195837453]
[-0.0358265488932617, 0.008684011477902376]
[-0.028088432909393224, -0.023957259964264677]
[0.015465424639124203, 0.07103124114884307]
[0.046024613525928904, -0.056245584452105035]
[-0.03307694613255657, 0.006399192934860354]
[-0.02649429159148564, -0.020755805056310972]
[0.012696093847615164, 0.07281626873856725]
[0.04423654586969164, -0.059217196017074536]
[-0.029969013332663497, 0.0046066145384364154]
[-0.024710308848787277, -0.017665053260698615]
[0.009605853178789758, 0.07421347921266597]
[0.04225009054758086, -0.06176244141907611]
[-0.02694903352325384, 0.0028719707729122357]
[-0.02267139003633159, -0.014791576994954425]
[0.006581324322019633, 0.07545657913905515]
[0.03995467180709583, -0.06439858699977025]
