[-260.455013878353, -483.91372155809154]
[-37.11243901886917, 13.928874092979525]
[-12.534292315917805, 10.29603966104478]
[-0.18423775127914022, -2.347812867166723]
[-3.2699203141808333, -2.25250672105054]
[-3.106605309969702, 0.020425167579761982]
[-0.7310614873696295, 1.2697388615772747]
[-0.057194225461930204, 0.23479207651156342]
[-1.2133277839360632, -0.3466393563542489]
[-0.9453456016669397, -0.3156411550965412]
[-0.025800435662850507, 0.19464212907668932]
[-0.2566118643981312, 0.3227968647729842]
[-0.6112508325901187, 0.046446500635433985]
[-0.3291719411164642, -0.28090514318747895]
[-0.01905632816854208, -0.08330905751968398]
[-0.2906696880170656, 0.184982474151012]
[-0.3035401627463279, 0.15453827390296881]
[-0.0791344380589567, -0.16189753774165494]
[-0.07564572277520831, -0.12356951270518746]
[-0.2506549003870062, 0.07156937666553898]
[-0.1172326316955492, 0.14244072965075416]
[-0.00811653697789061, -0.04419337376701993]
[-0.11087907899008087, -0.09111090426529378]
[-0.19239458063239456, -0.0063160244209012895]
[-0.02366091404793469, 0.08224825018469417]
[-0.01803636826668753, 0.021283903196371412]
[-0.11787841696722223, -0.03706942346862263]
[-0.12320843450837526, -0.05196671696974464]
[0.006461821864930606, 0.02383009964222449]
[-0.04332677260023665, 0.04088464477041853]
[-0.0961413093372605, 0.01187517289310236]
[-0.05828915482568908, -0.05839042259231553]
[0.0036097137662500778, -0.015397614615252131]
[-0.06335144136098336, 0.03603293740904512]
[-0.05912019405970215, 0.037220322869358835]
[-0.01852249675022899, -0.03821562715453064]
[-0.014024221998893083, -0.03255050717780561]
[-0.07235786307513958, 0.016119966292030163]
[-0.025053999245989722, 0.0388548781798268]
[-0.0047605862337729565, -0.013819256627843224]
[-0.031962757434371714, -0.02839856599121826]
[-0.06424529712406335, -0.008022363554072154]
[-0.0022337744269984583, 0.026381739500929813]
[-0.006325722705795234, 0.004826041100642886]
[-0.03885101962366555, -0.011943340309162886]
[-0.04369528344428952, -0.02243882964929167]
[0.007532348400182798, 0.007948402959438328]
[-0.016561440803829597, 0.01502557956720496]
[-0.03372680639803427, 0.0045848366429070975]
[-0.02302361571320402, -0.023852083454667383]
[0.004695219941672324, -0.008348240787997119]
[-0.028656992499272158, 0.013834510673694567]
[-0.021969865846284353, 0.01486718114095642]
[-0.008567700705062763, -0.01749974696003953]
[-0.005083815553368787, -0.015650904122908482]
[-0.03400862341107616, 0.0041179662838772835]
[-0.008366947917035628, 0.01716272495138771]
[-0.001450902586489472, -0.007324817799585492]
[-0.013929019394941289, -0.013715236499567851]
[-0.03050272839062318, -0.006075036509966658]
[0.002333528532998397, 0.011610442641292629]
[-0.0025853382878651687, 0.0027932604543643436]
[-0.01797245661333946, -0.006738962457456643]
[-0.02216631233408195, -0.012216841350591867]
[0.00612928973301452, 0.002075452523821464]
[-0.00943559358789492, 0.007641131646523025]
[-0.01666393237335928, 0.0015298050327405832]
[-0.012382375375693422, -0.013718976589157439]
[0.003502759550125134, -0.005860916778609115]
[-0.016001126341956717, 0.006036858228720909]
[-0.010621464882440534, 0.007618825156387787]
[-0.003934039369190567, -0.010276839535048321]
[-0.001986086613977811, -0.009534131647145616]
[-0.018835567366235484, 0.0011739255132305892]
[-0.00281120278795699, 0.008676219122677853]
[-0.00023440497629678703, -0.0036655946213488555]
[-0.007441879462218193, -0.008897115105101439]
[-0.017831569266233194, -0.004244879583174654]
[0.0027545408114013625, 0.005183661738617007]
[-0.0017934845990872361, 0.0019310420094953429]
[-0.010595419117650273, -0.004724387078492792]
[-0.013321176353929598, -0.00837496962471418]
[0.004466606124563288, 8.111465288021535e-06]
[-0.0057543988803725465, 0.004187807011758693]
[-0.009769748986557136, 0.0006261597514336387]
[-0.006937463550730216, -0.009058847539963999]
[0.0028891138507707304, -0.0045998434257513154]
[-0.009654599393462027, 0.003468065346288185]
[-0.005771016469285684, 0.004068105823469836]
[-0.001969453715585212, -0.006162783849397169]
[-0.0009168099515854955, -0.007090457181575027]
[-0.012068525919961548, 0.00044688357321476246]
[-0.0011557797413410675, 0.004460470977530329]
[-0.00018715706166272383, -0.0020620309959715755]
[-0.0049797476386568285, -0.006395445158981883]
[-0.011564991181664652, -0.003541548317275378]
[0.0022621990946185555, 0.0024789877572664043]
[-0.0010248123437908152, 0.0012898390693925066]
[-0.006968360505695159, -0.003311785979497106]
[-0.008261764029644292, -0.006081559627700184]
[0.003542817487417249, -0.0008905191126622469]
[-0.003586078303954743, 0.0030501957746880137]
[-0.006252278167655501, 1.7559506689357463e-05]
[-0.004262379857828957, -0.006001387647510903]
[0.002215749673267542, -0.0041317315016441425]
[-0.006657578682167653, 0.002483980109968531]
[-0.0037708391410622433, 0.0021680694617268736]
[-0.0012834020302792126, -0.00407717570719468]
[-0.0007795750139463209, -0.0055116216809367735]
[-0.0083133395549293, -6.013701313722919e-05]
[-0.000604705172861042, 0.002583942767298786]
[8.288715076565367e-05, -0.0012947236057860856]
[-0.0035172968597954046, -0.0046908521464481545]
[-0.00767761719434823, -0.002766094573314337]
[0.0019843023202485988, 0.0010786464012468855]
[-0.0005417421109048526, 0.0013749441720243283]
[-0.004841498142131417, -0.0026293307106850516]
[-0.005561733306807426, -0.004259386948273214]
[0.002709557558894904, -0.0015068531151489761]
[-0.0027258122321867084, 0.002562199906025242]
[-0.004524359255042132, -0.00029331019815526105]
[-0.0029624536488879194, -0.004293055151361358]
[0.0015055926741367465, -0.003599458059790228]
[-0.004888759428039791, 0.0017819282577122841]
[-0.002682825630096808, 0.0013817470076227245]
[-0.0007009642957083173, -0.0028649015952499912]
[-0.0005732106766922485, -0.004353931426120949]
[-0.005861811960629737, -4.431789205150416e-05]
[-0.0001850995624725904, 0.0014984762099805593]
[0.0001822597183189778, -0.000501946209732651]
[-0.002562499623247394, -0.0037927064988170223]
[-0.00554516281770967, -0.001915893135540081]
[0.0015837161664085109, 0.0001499418143080522]
[-0.000620710086663756, 0.0014498010872554534]
[-0.0037119080447607367, -0.002180376166519782]
[-0.0040967418432114044, -0.003192350235410979]
[0.0019638118572782304, -0.0016651345212430613]
[-0.0022254470403502147, 0.002088492170826184]
[-0.0034010265920634275, -0.00026992237003686803]
[-0.002022372579782772, -0.0031906489626685186]
[0.0011534914253208406, -0.003130561077381744]
[-0.0037052021975680915, 0.0015400250844010976]
[-0.0018591703993247055, 0.0008395670657439513]
[-0.00044275981821462196, -0.0018405552823528293]
[-0.0004424567439704763, -0.003755852625944689]
[-0.004563572486763867, 0.00017547457774091946]
[-8.186251028119429e-05, 0.0007213651909567798]
[-7.468890553807839e-05, -5.281441361337791e-05]
[-0.00210798683553004, -0.0031932747199119316]
[-0.004339368753610184, -0.0014693521890203343]
[0.0011677350567380618, -0.0002769143621124126]
[-0.000701044958392405, 0.0012990095328794249]
[-0.0029090026866487317, -0.0017582841844827612]
[-0.0030529183426386552, -0.002459879012712718]
[0.0015366565021184275, -0.0016938839136602102]
[-0.0018915047047634026, 0.0018662644893302494]
[-0.0025462527130928336, -0.00035921973334041013]
[-0.0015277940812548074, -0.002273396205840328]
[0.0008457684246450103, -0.00293876647321345]
[-0.0031775053500329165, 0.0014276342695570543]
[-0.0014471601521872657, 0.00038826288497451067]
[-0.0005182069665679023, -0.001257097277277075]
[-0.0005406819113826788, -0.003313463601926525]
[-0.003823308165724182, 0.00014671024900658747]
[-0.00011492676905899835, 0.0003291376554990233]
[-0.00023781927972366113, 5.826105247652702e-05]
[-0.0017738419305808328, -0.0026920847665514724]
[-0.00345458857647718, -0.0011715425014786063]
[0.0009298500047407732, -0.0005321838437359894]
[-0.0007542871726191613, 0.0012220500385804467]
[-0.002313408798336747, -0.0015828622773608192]
[-0.002459428865809077, -0.0018437297965966382]
[0.0011289291104040755, -0.0017982329160004529]
[-0.001865853047381849, 0.0016537403201713485]
[-0.0021017104986644775, -0.0004915367489972677]
[-0.001360522065473102, -0.0017630670003092042]
[0.00043759193436321286, -0.002722420487981214]
[-0.0028748248782546337, 0.0011205922380911892]
[-0.001235033447500422, 0.00018162937851484706]
[-0.0005149466843958894, -0.0010084584653332618]
[-0.0006203589054251113, -0.00289848211902477]
[-0.0032263288189953165, 7.788718199827627e-05]
[-0.00010173401310586971, 6.585773236489345e-05]
[-0.00032985559268383646, 0.00015050935495282414]
[-0.0015563028683416302, -0.0024124242873768686]
[-0.0029238475136745823, -0.000917389509620406]
[0.0006416794744049659, -0.0007630909619515958]
[-0.0009228424822671499, 0.0010692359189856705]
[-0.0020513370297164935, -0.001475798182173138]
[-0.002142234855813774, -0.0015447363017404604]
[0.000669557355800654, -0.001751064317471629]
[-0.0018325806142427403, 0.0012721787896091824]
[-0.0018446592218834823, -0.00047402636685678345]
[-0.0011492765531231353, -0.0015143165756331955]
[0.00013118596166228347, -0.002439016926567561]
[-0.0025472821809793267, 0.0008384814059189533]
[-0.0010522882828911118, 4.011040671847432e-05]
[-0.00047390568466831873, -0.000797116422423555]
[-0.000723611885723896, -0.002614396421954046]
[-0.0028447582635335866, 2.595723630038904e-05]
[-0.00019806272870043218, -0.00014743935579941692]
[-0.0004688034323252488, 0.00013204120343277004]
[-0.0015522969821492594, -0.002157788096629698]
[-0.0025764434364756728, -0.0008766795250304271]
[0.00031226999788425136, -0.000792598204478967]
[-0.000972093796214768, 0.0007752532735846585]
[-0.0019008728065041947, -0.0012605704638846138]
[-0.0017941379020798287, -0.0014056559390290824]
[0.00034768519458450164, -0.0015837789463646335]
[-0.0016749531932329642, 0.000957778417695343]
[-0.0016259169453661931, -0.0004417803899603445]
[-0.000952276159502663, -0.0012777519534645232]
[-0.00012919005113495863, -0.0022051761703416606]
[-0.0023165386188461756, 0.0006177382960518285]
[-0.0010012951555426058, -6.263841272158288e-05]
[-0.0004845095243257713, -0.0006951789545374121]
[-0.0009172047151829316, -0.002299427655864994]
[-0.0025457734732154957, -0.00014411667853170274]
[-0.00033568998216143564, -0.00016957073099854725]
[-0.0004755222582193408, 3.1814274063513004e-06]
[-0.0015542688938797004, -0.001809335618699004]
[-0.002186700070339942, -0.0008939673824952532]
[0.0001184861961801946, -0.0007033935993079332]
[-0.0008809761680552697, 0.0005707800245274841]
[-0.0017473744317762427, -0.0010630773970465857]
[-0.0014969532845224842, -0.001236733543950208]
[0.00010071611623485577, -0.0014270921786261326]
[-0.0015521303473216008, 0.0007262690583693665]
[-0.0015198343094745964, -0.0003932518467190116]
[-0.0008333656875931794, -0.0011314530995077954]
[-0.0003902398491549275, -0.0019086784140033286]
[-0.002095019208774751, 0.00034985108025187284]
[-0.0009836048302991757, -1.561567085817117e-05]
[-0.0004019123982419437, -0.0006767585574078971]
[-0.0010232162365360897, -0.0019054886716928232]
[-0.002186547411402673, -0.0002891719281074012]
[-0.0003608235951988309, -0.0001110217208168951]
[-0.000385047773186209, -3.5841471096531574e-05]
[-0.0014952314293333185, -0.0015031773418416883]
[-0.0018617093635183157, -0.0008406204757776536]
[-1.1874479914547598e-05, -0.0006242481589020521]
[-0.0008191260142789147, 0.00044162971966871245]
[-0.0016607461305216953, -0.0008730874900597096]
[-0.0012932651790656946, -0.0011324585500734896]
[-0.00010890966852639128, -0.0012061410597879463]
[-0.0014072322989244768, 0.00048306205979326]
[-0.0014242537145581213, -0.0002452786143031238]
[-0.000666882190886009, -0.0010463998000921626]
[-0.0005136172954876284, -0.0015588172734302685]
[-0.0018069908629747555, 0.00015744237114589943]
[-0.0008791499971140121, 6.152228184402864e-05]
[-0.000283545930661655, -0.0005846792661166889]
[-0.001028517636265297, -0.0015770546043711309]
[-0.001892227721423445, -0.0003370522917757468]
[-0.0003570012253458904, -8.016188349058151e-05]
[-0.0003480975235657935, -3.2006312645382895e-05]
[-0.0014558885708990527, -0.0012265089144539443]
[-0.0016257943351626059, -0.0008264645503910373]
[-0.00011136263099502386, -0.0004954524986863496]
[-0.0007360088457563085, 0.00030031817994941035]
[-0.0015534247384785815, -0.0006310944709328192]
[-0.0010690414075988086, -0.0010671053701888367]
[-0.0001812543764651564, -0.0009610162874680306]
[-0.001205691336042397, 0.0003280379625541091]
[-0.0012584231019087053, -0.00011417121987994383]
[-0.0005118174199462769, -0.0009065348057404748]
[-0.0005340207757120533, -0.001292483541271608]
[-0.0015811536441829588, 6.587238897549225e-05]
[-0.0007805688804638292, 9.240725590961563e-05]
[-0.00024185947159741095, -0.0004905098384300789]
[-0.0010269624352666346, -0.0012934105081590895]
[-0.0016694343775036859, -0.00040528015800950744]
[-0.0003488519715193674, -1.4947696964261008e-05]
[-0.0003005779527287325, -6.251709916002546e-05]
[-0.0013701243536560562, -0.00093570366163764]
[-0.0013752120621983235, -0.00082646709976264]
[-0.0001073176266547099, -0.00036376714423315415]
[-0.0006134635742058234, 0.00022999395992981397]
[-0.0013830306950580185, -0.0004421800273678028]
[-0.0008781063349969365, -0.0009557184866933882]
[-0.00018155038531109113, -0.0008041002019322091]
[-0.0010641383096304108, 0.00025414255499164873]
[-0.0011192583669667883, -4.1722850116290844e-05]
[-0.0004388962800028623, -0.0007937367980002386]
[-0.0005483271746070384, -0.0010726202187140155]
[-0.0014054433819668394, -3.934829452492683e-05]
[-0.0006994526277230295, 0.00014764364202196623]
[-0.00019313096560341636, -0.00045207461707824637]
[-0.0009693014570550107, -0.001018242104951328]
[-0.0014263100961534186, -0.00046424413761350647]
[-0.00027705197646407664, 4.3354278895679776e-05]
[-0.00022688252015611032, -5.001029529860812e-05]
[-0.0012266076185226404, -0.0007201098257126615]
[-0.001161244978972284, -0.0007764666914731322]
[-7.44991747851087e-05, -0.0003095470374035181]
[-0.0005465706765547529, 0.00020770549322612908]
[-0.0012450936146468083, -0.0003174819455509792]
[-0.0007588931782263886, -0.0008783207738221055]
[-0.0001936015883581832, -0.000679229531478337]
[-0.0009521406704507962, 0.00016104380634018867]
[-0.0010027135994615244, 4.791977307702644e-05]
[-0.00035270520538559225, -0.0007395482395434749]
[-0.000512584407717176, -0.0008657510145691771]
[-0.001201891675495878, -0.0001195342152339185]
[-0.0005806881981871848, 0.00019157667156355362]
[-0.00012406399664618983, -0.00038904936327305295]
[-0.000863620728037584, -0.0008243675109926019]
[-0.0012167375345203818, -0.0004640774600258024]
[-0.00021047232119819625, 4.243374744133943e-05]
[-0.00020090685981140333, -1.993272741929175e-05]
[-0.001113762742701807, -0.0005673038922683893]
[-0.001003909299730682, -0.0007493566030614129]
[-7.09528019300909e-05, -0.0002636403342482774]
[-0.0004907867504670566, 0.00015551866172458517]
[-0.0011211450982272497, -0.00018318751109544507]
[-0.0006186627741326875, -0.0008410496614879026]
[-0.0001677893142103537, -0.000557978763238598]
[-0.0008074619058115531, 9.867666073015702e-05]
[-0.0008565846599288829, 0.00011905772669090764]
[-0.0002503511552018646, -0.0006599250191801076]
[-0.00044263940769873056, -0.0007316536958844599]
[-0.001030003826233493, -0.00013643288502551698]
[-0.0004824610858426004, 0.00018989347062198236]
[-9.515788825938338e-05, -0.0003240289644390604]
[-0.0007862599143712012, -0.0006840705165818417]
[-0.0010528110353710228, -0.0004713436253388492]
[-0.00017869090355682182, 5.320151632959291e-05]
[-0.0001719665585984305, -2.579114464551502e-05]
[-0.0010021492191637504, -0.0004121601273060216]
[-0.0008246223419728291, -0.0007339247839440732]
[-3.769175656398449e-05, -0.00020927976211940202]
[-0.0004014955550842303, 0.00013336156986543113]
[-0.0009659854042259886, -7.978014798581956e-05]
[-0.0004724135382569161, -0.0007635077630127052]
[-0.0001208317115065638, -0.0004934362034849094]
[-0.0006950814393149735, 9.410908686513508e-05]
[-0.0007323876326813528, 0.000146778439899381]
[-0.00018736918042686068, -0.0005780858348339857]
[-0.0004000892935513978, -0.0006355356322405581]
[-0.0008979842794429038, -0.00015319580880979178]
[-0.0004130328392456528, 0.00020594696252115852]
[-5.763892617777211e-05, -0.0002912936925902887]
[-0.0007006173453802944, -0.0005450881698083887]
[-0.0008736024777317719, -0.0004674693511409478]
[-0.0001185068885691809, 7.544156369891641e-05]
[-0.00011419678700413938, -2.8625620530631224e-06]
[-0.0008583506826709275, -0.0003007600281161177]
[-0.0006567760999851291, -0.0006635666072465352]
[7.610372256827702e-06, -0.0001982709832850163]
[-0.0003467779813708938, 0.0001563647737343743]
[-0.0008310931696299262, -2.5796102539318855e-05]
[-0.0003736026523991076, -0.0006773423195607364]
[-0.00010063649043712264, -0.0004501518534628379]
[-0.0006184042095900844, 8.584901544128609e-05]
[-0.0006281803512578898, 0.0001841931143749618]
[-0.00012057466051845767, -0.0005185662762987597]
[-0.00034475430898872617, -0.0005396035579467856]
[-0.0007590611835334715, -0.00015050355732681986]
[-0.000314753239226806, 0.00022317419043337006]
[-2.8940562308843454e-06, -0.00022909944382598635]
[-0.0005872921434278977, -0.0004567400172556871]
[-0.0007241628104410203, -0.0004059701548668748]
[-5.33943578391316e-05, 5.7979246180561717e-05]
[-9.502597688149095e-05, 5.068217473491732e-05]
[-0.0007373741758234242, -0.0002436315847103715]
[-0.0005477551737652631, -0.0005836917976898004]
[2.6558344049743e-05, -0.0001970433546370498]
[-0.00032255454599039446, 0.00016492574981019636]
[-0.0007124244135069402, 2.5015539677791798e-05]
[-0.0002823110211080393, -0.000605454691466556]
[-6.692605699276655e-05, -0.000403887748738202]
[-0.0005388405408352503, 9.253758315042049e-05]
[-0.0004995109746506188, 0.00020511623448110639]
[-5.342024466598039e-05, -0.00042947349313904315]
[-0.00027055888651583704, -0.0004929288148224076]
[-0.0006606059391032204, -0.00010130641917771577]
[-0.00022127851556208444, 0.00019583500983855195]
[7.1480370301690854e-06, -0.00014977955534101195]
[-0.0005035102050341411, -0.0004188672200102772]
[-0.000638783096184925, -0.00034450010088327154]
[-1.659981912383035e-05, 3.451681618954483e-05]
[-0.00010061283087692274, 7.858680615135949e-05]
[-0.0006347982511270001, -0.00019636273312928498]
[-0.00045528874926858975, -0.0005176671283183554]
[5.66718096055574e-05, -0.00019152305590292018]
[-0.00029400047634908777, 0.0001790015224080177]
[-0.0005799034989124596, 4.5406125426750155e-05]
[-0.0002067324860300923, -0.0005081174601047067]
[-2.4549783377403323e-05, -0.00040012924559224006]
[-0.0004993565117404897, 0.00012777619859483114]
[-0.000389728301670611, 0.00017618843828554054]
[-3.7175597773719815e-05, -0.00033592258887960025]
[-0.00023259968366673434, -0.000483786747624837]
[-0.0006193062180102071, -6.789295936493467e-05]
[-0.00016191792548636563, 0.00016220985084652861]
[-2.7950463014070337e-06, -0.00010418979704618359]
[-0.0004413388366916182, -0.0003865541431277153]
[-0.0005689385466842722, -0.0003025992426873847]
[2.5732618740392788e-05, 1.3802293688580658e-05]
[-9.839339513451062e-05, 0.0001046381788907258]
[-0.0005302580023519576, -0.0001819773219981502]
[-0.0003865375603683274, -0.00043463587725067754]
[8.531939484834883e-05, -0.00022080732781509793]
[-0.0002977601260284457, 0.0002056510719320448]
[-0.0004808029489293819, 1.8521560176176788e-05]
[-0.00018395430817563785, -0.00041864993879947576]
[-2.196299220535991e-05, -0.0004169938922492511]
[-0.0005000308152420807, 0.0001336749452990338]
[-0.00032126973187462937, 0.00014316095963617936]
[-3.6657129989459136e-05, -0.0002807344361624442]
[-0.00021548541980465075, -0.0004683388646943287]
[-0.0005816328565055873, -5.923949762925984e-05]
[-0.00010469975165461332, 0.00012964358093237038]
[-3.0812023235071706e-06, -6.33901252491964e-05]
[-0.00038388643726261495, -0.0003787692982082369]
[-0.0005196878490227874, -0.0002520385014086468]
[5.681550306935179e-05, -3.509312547234078e-05]
[-0.0001202951260591556, 0.0001336630757901025]
[-0.0004674665462038874, -0.00020241126639819473]
[-0.0003646202511102814, -0.00036960330293794863]
[7.369776963916941e-05, -0.0002555310361372909]
[-0.0003226196909286161, 0.00019707716890332572]
[-0.00042596909687864226, -4.125634644247533e-06]
[-0.00017084245789933394, -0.0003689062464350412]
[-3.4702292643906674e-05, -0.0004154501057169746]
[-0.00048813974478734146, 0.00011586365419563593]
[-0.0002607951744856285, 0.00011260549904823502]
[-2.6862064450128287e-05, -0.00022983142797960987]
[-0.0002022189418372511, -0.00046534233775796796]
[-0.0005542002875569274, -4.5112933881596984e-05]
[-6.688278311040019e-05, 7.522741362553376e-05]
[-2.3392280569911605e-05, -2.3824006929462627e-05]
[-0.0003666031971534256, -0.00038864384035752764]
[-0.0005044348095241125, -0.00022416462669305748]
[4.88253705535624e-05, -7.836167568564534e-05]
[-0.00014982990225931303, 0.0001286123666489336]
[-0.0004430988203624753, -0.0002064177425502578]
[-0.0003432049721973085, -0.0003415060986844687]
[5.4050988705312e-05, -0.0002647946320861738]
[-0.00032325693845236536, 0.00017224398146326036]
[-0.0003787259346778593, -1.977732400559873e-05]
[-0.00014922571563169562, -0.0003207068756271858]
[-4.608181168280767e-05, -0.0004178659143795338]
[-0.00047696720145207205, 0.00010650736147646556]
[-0.00022353555573911832, 6.715247168354033e-05]
[-3.680845858000659e-05, -0.00018198014922578276]
[-0.00022009199580685923, -0.0004657470034414857]
[-0.0005466333377768251, -5.1774854717495655e-05]
[-6.542789705843433e-05, 3.40211766931553e-05]
[-4.5712494517791136e-05, -1.4518974218127867e-05]
[-0.00037391690034277447, -0.00037210172135626607]
[-0.0004793447481880042, -0.00022563816371709566]
[3.8834013063149264e-05, -9.484233472034642e-05]
[-0.00015265034659195376, 0.00011648651533756327]
[-0.00041864933657831394, -0.00019944196232102307]
[-0.00031312575824526956, -0.0003101740392702987]
[3.996260390010109e-05, -0.00027575668979629153]
[-0.00032212687858879097, 0.00016099603319979713]
[-0.0003523342443921551, -4.394428596765643e-05]
[-0.00014788187601322278, -0.00027663813513018574]
[-7.866099961095774e-05, -0.000416503691726966]
[-0.0004763502962531474, 8.181125355187328e-05]
[-0.00021721162492505108, 3.9978119692585246e-05]
[-4.786336752016229e-05, -0.00016139540791341306]
[-0.0002467395020832597, -0.00043649081558405634]
[-0.0005217393347474175, -7.719375041414372e-05]
[-6.170938446101171e-05, 1.7384680521481677e-05]
[-4.605781668776121e-05, -6.227386213308872e-06]
[-0.0003701360478574889, -0.00034506880773199633]
[-0.00044539425077660955, -0.00021755288143983365]
[3.4669008861731854e-05, -0.00011490010765091707]
[-0.00015843393027237251, 0.00011976214207284896]
[-0.0004080571899129082, -0.00019766061969972437]
[-0.00030251986395957164, -0.00028321722117781445]
[1.0104435871918782e-05, -0.00028151940695231303]
[-0.0003290945965797043, 0.00013803795468168845]
[-0.0003483342411624013, -4.7559280433095985e-05]
[-0.0001469324400855676, -0.0002579300877469243]
[-0.00010892798417973248, -0.00038854815801736553]
[-0.0004563304487170683, 4.7710591433755556e-05]
[-0.00020465775984239432, 3.352219001628853e-05]
[-4.3310449131639395e-05, -0.0001399927203358381]
[-0.0002542754986026227, -0.00040218278160431]
[-0.0004895808288341019, -8.733611049699386e-05]
[-5.477401668054632e-05, -5.462144324064333e-06]
[-5.639562932358011e-05, 1.374104919443786e-05]
[-0.00037321688493773333, -0.00032391078649635086]
[-0.0004289343171245963, -0.00021324680826761977]
[1.4980368592276e-05, -0.0001299130046956143]
[-0.0001735455769233396, 0.00010974572791225268]
[-0.0004102017352869596, -0.00017636704914353318]
[-0.0002895605591818895, -0.00027916596327429155]
[-1.372298883805384e-05, -0.0002657798347695528]
[-0.00031868936657120095, 0.00011001691859041651]
[-0.00033354493520514755, -3.5464529630657715e-05]
[-0.00013399422022408736, -0.0002381891027010974]
[-0.00011904767463296467, -0.00036242985716078424]
[-0.0004326851734328119, 3.10740806550025e-05]
[-0.0001914835047614749, 1.9089599328003803e-05]
[-5.272158160884999e-05, -0.00011363362580277259]
[-0.00026604356324067685, -0.00037619965357665874]
[-0.0004728041034795516, -0.0001010758307375681]
[-6.493247094722931e-05, -2.2081024914910596e-05]
[-7.584508662872302e-05, 1.4990353583238525e-05]
[-0.00038160819988550254, -0.00028647431011885605]
[-0.0004059937472757902, -0.00022796334850219702]
[3.223821851347508e-07, -0.00012653326491240957]
[-0.00017341562817288492, 9.389965607464745e-05]
[-0.0003973999303857334, -0.0001453011432318574]
[-0.00026494741970431446, -0.00027233474608528985]
[-2.2210897342590796e-05, -0.0002559191798792715]
[-0.0003082646278275425, 9.700543803650707e-05]
[-0.00031906158285658487, -3.257787303934112e-05]
[-0.00013420518536794157, -0.0002185347708139329]
[-0.00013581631540893202, -0.0003450401015943072]
[-0.0004222340625460175, 9.131351969365875e-06]
[-0.0001950530985256882, 1.3241682221776241e-05]
[-6.69283486590122e-05, -0.00011044644697059958]
[-0.0002797510775166892, -0.0003365326757498177]
[-0.00044554935925450456, -0.0001293976786302109]
[-7.087999441485887e-05, -2.0847311273969327e-05]
[-7.924748114176983e-05, 8.400494523122526e-06]
[-0.00037298693429047014, -0.00024482536384945464]
[-0.00037061983795207143, -0.0002358209844605802]
[-4.876204342599277e-06, -0.00012885966325162923]
[-0.00017441058115781616, 8.819307783811126e-05]
[-0.00038472515667185153, -0.00012461863667423412]
[-0.00025010402380304386, -0.00026620267369741046]
[-4.148727417990772e-05, -0.00025114588065131005]
[-0.0003077483241056139, 7.532701957983778e-05]
[-0.0003179319245786294, -1.9381980323904258e-05]
[-0.00013239450210168063, -0.00022139142270660717]
[-0.00015383686386774564, -0.00031359989697771207]
[-0.0003979898382284047, -2.3676947829592843e-05]
[-0.0001920627824904958, 2.485706775201546e-05]
[-6.193001943956278e-05, -0.00011367052027472929]
[-0.0002767398592241205, -0.0002959825362388452]
[-0.0004060290972659822, -0.00014607678120949485]
[-7.008202533607608e-05, -2.336083964236957e-05]
[-8.232528915405601e-05, 8.779367951815276e-06]
[-0.0003645276067018328, -0.00021411122198916957]
[-0.0003423878778324972, -0.0002415365648954261]
[-2.24651861419449e-05, -0.00013031893190891368]
[-0.0001805750765487928, 7.113274740444932e-05]
[-0.0003804632359107902, -9.352468348849821e-05]
[-0.00022772130701634655, -0.0002765860079072431]
[-6.074100627138229e-05, -0.00022951168211119213]
[-0.00029058710841018895, 4.578474317480305e-05]
[-0.0003053719265607886, 8.543623253087773e-06]
[-0.00010930809440928141, -0.00022414158896984226]
[-0.000156126099606739, -0.00028188702548850864]
[-0.00036302690930929693, -4.1286530204028005e-05]
[-0.00018126194593107853, 3.277936629084155e-05]
[-5.5221201536365117e-05, -0.00010876943475707224]
[-0.00027442488610762705, -0.00026542567879950935]
[-0.0003732986862758081, -0.0001574711119150668]
[-7.915283130459361e-05, -2.0746356408737898e-05]
[-8.598115541128687e-05, -1.7532029695788154e-06]
[-0.0003599431814010623, -0.00017384627177899348]
[-0.00030487930070827174, -0.00025585660909897834]
[-3.6101007426694864e-05, -0.0001129123215541511]
[-0.00016807935830547016, 4.9752907638977995e-05]
[-0.0003600976379687648, -5.299956371788983e-05]
[-0.00018608619333426724, -0.00027781373521607033]
[-6.407168125405205e-05, -0.0002073890952827423]
[-0.00026513216136086343, 3.329396791992845e-05]
[-0.0002828169607298203, 2.9304729975129784e-05]
[-8.632583633538804e-05, -0.0002143810806571611]
[-0.00015933803462814256, -0.00025808025514115207]
[-0.0003360423175781807, -5.258544961278533e-05]
[-0.00017575547186499119, 4.5581769607061506e-05]
[-4.7284362538313474e-05, -0.00011108178941068858]
[-0.00027256408260839526, -0.00022605241670378695]
[-0.00033276848565520767, -0.00017162062776468479]
[-7.874563701537607e-05, -1.329177159198336e-06]
[-7.121181321614184e-05, -1.1735216846275875e-05]
[-0.00033684606604900136, -0.00013018409401935327]
[-0.00025415101218988906, -0.00025389694524144413]
[-3.2490623895625736e-05, -9.690971417175565e-05]
[-0.00015053973845281787, 4.63016281884443e-05]
[-0.0003294889462723549, -2.507280016916802e-05]
[-0.00015024749882350946, -0.00026278230945187]
[-6.783376027078014e-05, -0.00019172798848074435]
[-0.0002490234573449407, 2.5808786823511287e-05]
[-0.0002624444074738608, 5.086898733383527e-05]
[-6.432194441189504e-05, -0.0002075279723272594]
[-0.00016040477925854946, -0.00022602020381526366]
[-0.0003035309731120074, -6.45022463869882e-05]
[-0.0001568094549565524, 6.867926650780398e-05]
[-2.455593917317575e-05, -0.00010772033439582218]
[-0.00025221423168492185, -0.00018819307568179733]
[-0.00028615803182425494, -0.0001671107793191906]
[-6.081200478080806e-05, 1.1365112362923813e-05]
[-5.602822963005419e-05, -3.479205253564821e-06]
[-0.0003061675124601537, -0.0001035077313576438]
[-0.00021623610340406317, -0.00023595696921774323]
[-2.9166170234962152e-05, -8.81872818604551e-05]
[-0.00014344102467261834, 4.536957657746976e-05]
[-0.00030128207975271826, -8.64865428912287e-07]
[-0.00011989271311033806, -0.00024901794059378757]
[-6.767163655202468e-05, -0.000169142657491142]
[-0.00022862001756848022, 1.7193584747721147e-05]
[-0.00022857000942611005, 7.471572549100358e-05]
[-3.373959108592117e-05, -0.00019191602689450082]
[-0.00014456034803728146, -0.00019887280679037334]
[-0.00027008292977432485, -5.9615020259307094e-05]
[-0.00012335231665205892, 7.804611290371244e-05]
[-7.399364014448739e-06, -8.707320331302615e-05]
[-0.00022865045579339993, -0.00016879330008612303]
[-0.0002570051792610134, -0.0001512410875881276]
[-4.512380040483377e-05, 1.4079715327144915e-05]
[-5.2453684816100576e-05, 4.474755653738338e-06]
[-0.0002804800563032672, -8.232386729299657e-05]
[-0.0001870197259714046, -0.00022143119307521664]
[-2.17533980236273e-05, -7.511567357001286e-05]
[-0.00013219270313319376, 4.2130988146205084e-05]
[-0.0002629020196603382, 1.9992913790317646e-05]
[-8.689234859277084e-05, -0.00022681377333017005]
[-5.3219640774260224e-05, -0.00015406891596944639]
[-0.0002094796341702565, 2.1929462740655215e-05]
[-0.00018651188789681195, 7.968452492686934e-05]
[-1.4543195163640998e-05, -0.00016213173441992357]
[-0.00012991784061300304, -0.0001890491011712625]
[-0.00025447785529186806, -4.975087714403914e-05]
[-9.671831980567758e-05, 7.528934361645569e-05]
[-3.040271956106233e-06, -6.991104687154026e-05]
[-0.00021264597345743708, -0.00015319014063973216]
[-0.0002358291574029725, -0.00014284313149881545]
[-2.7396247757494052e-05, 1.8348391533407754e-05]
[-4.473065960530764e-05, 9.372216602854255e-06]
[-0.0002486085460385312, -6.587565674501597e-05]
[-0.00015790046700212002, -0.00020114377305624487]
[-3.834316058826115e-06, -7.17540501259245e-05]
[-0.00012277658382697787, 4.9464648282038226e-05]
[-0.00022345383354677173, 2.1198320162563178e-05]
[-6.861080266304387e-05, -0.00019532425423501865]
[-4.37770657065184e-05, -0.00015399832920851703]
[-0.00020542299301437583, 2.6522632293135562e-05]
[-0.00015670939969797404, 7.344445870667571e-05]
[-8.328183749767293e-06, -0.00013942389977250613]
[-0.000123812044090843, -0.00017948822965413447]
[-0.00024253440380306301, -5.021691406975615e-05]
[-7.142747417721029e-05, 7.293189293197666e-05]
[5.171761878419723e-06, -5.616043854328456e-05]
[-0.00019259801204118965, -0.00014061772190389343]
[-0.0002136765023245668, -0.00013100451728936813]
[-3.907038899297888e-06, 1.1694112951002311e-05]
[-3.95738098787346e-05, 2.3239376500672204e-05]
[-0.00022051804639366956, -6.589824342700945e-05]
[-0.0001431747598992228, -0.0001762928179024903]
[5.660301992893579e-06, -8.081750095034756e-05]
[-0.00012526715462185534, 5.397557518233009e-05]
[-0.00019963058200067607, 1.553474067622629e-05]
[-6.137773841136118e-05, -0.00017406439744943603]
[-4.243926516983576e-05, -0.00015089742376434012]
[-0.0001999389400280105, 2.0836001316248964e-05]
[-0.00013070287514721501, 6.897909527245338e-05]
[1.659580517232584e-06, -0.00012023208812461661]
[-0.00011355367170096109, -0.00017083211833285317]
[-0.00022687012249950067, -4.714163661390103e-05]
[-4.482541907463444e-05, 6.018598924423246e-05]
[9.305727576514045e-06, -3.4577197721652464e-05]
[-0.0001777514367918287, -0.00014008019199060473]
[-0.0002031037477463471, -0.00011714394080170054]
[8.147882732179035e-06, -4.5046087579492244e-06]
[-4.466271387743026e-05, 3.311803692096493e-05]
[-0.0002076409032278348, -6.713470780633779e-05]
[-0.00013562810184808427, -0.00016300122098494851]
[7.8614328326565e-06, -8.468771424741117e-05]
[-0.00012330874711657946, 5.0361842883484e-05]
[-0.0001791709868475544, 1.4409441229212838e-05]
[-4.968204779026708e-05, -0.00015573608458596677]
[-3.606541027745269e-05, -0.00014800335816156363]
[-0.00018939352049757163, 2.09096620804039e-05]
[-0.00010585863306100673, 5.609702698755603e-05]
[5.918864544207647e-06, -9.442279799382058e-05]
[-0.00010786712864818693, -0.00017112482288694775]
[-0.0002201797378627024, -4.2142681238754864e-05]
[-3.1501410955203646e-05, 4.1256760024532824e-05]
[3.4079403589126755e-06, -1.8124660609020182e-05]
[-0.00017481293164117728, -0.00013655792626138252]
[-0.0001956233249297834, -0.00011380926743298492]
[1.36203790292444e-05, -1.4154482778749866e-05]
[-4.5087149390721226e-05, 3.698494751924741e-05]
[-0.00019490583530173966, -6.199438640164256e-05]
[-0.00012254651191362376, -0.0001508471562089997]
[1.5164725349348096e-05, -8.947916608670337e-05]
[-0.00011785217221360611, 5.4631328132770385e-05]
[-0.00015976707445403138, 6.75462539212468e-06]
[-4.477344705638986e-05, -0.0001318895732496661]
[-3.397266374677299e-05, -0.0001529508786412559]
[-0.00018743034999668673, 2.3440716266809325e-05]
[-9.419414586930852e-05, 4.0324292852278454e-05]
[2.4045340180078867e-07, -7.539740383491478e-05]
[-0.00011054569255047886, -0.00016688217212756928]
[-0.000214181226692145, -4.545343781781064e-05]
[-2.3727673265472315e-05, 2.986939615773343e-05]
[1.0199209342087734e-06, -7.0236897103115314e-06]
[-0.0001682021475474249, -0.0001272087399138977]
[-0.00018228310142059945, -0.00010900231706620356]
[2.3144345395298416e-05, -2.576714844410022e-05]
[-4.5439383343393036e-05, 4.8731931969941966e-05]
[-0.0001818009281484012, -6.302515642819806e-05]
[-0.00011677578562541147, -0.0001338565169107797]
[1.685583649246869e-05, -0.00010175942072571109]
[-0.00012252355136366244, 6.0234166404632417e-05]
[-0.00015180245345458587, -1.5706693398120919e-06]
[-4.8801847191748404e-05, -0.0001164507037973439]
[-3.8633890901473844e-05, -0.00015341361516241214]
[-0.00018582914867842915, 1.892327455689513e-05]
[-8.625622297275815e-05, 3.256644613691684e-05]
[-2.5101967885965415e-06, -6.218611920215389e-05]
[-0.00010764314549449594, -0.00015911314401512167]
[-0.00020338470288638888, -4.5301695969682254e-05]
[-1.3221252354256308e-05, 1.5895758740003263e-05]
[-4.23113425312982e-06, 9.712277795587143e-06]
[-0.0001606833052358314, -0.00012513262543734083]
[-0.00017676320301041049, -9.999807977763286e-05]
[2.471412764384895e-05, -4.3805397101748245e-05]
[-5.7291115370006196e-05, 5.831296107122741e-05]
[-0.00017820578623203853, -6.391405874661693e-05]
[-0.00011805033311923507, -0.00012625863089596456]
[1.140212359168613e-05, -0.00010924706619341862]
[-0.00012780709534232493, 5.784405477271548e-05]
[-0.00014529134846846814, -2.2888369874962677e-06]
[-4.909657235901976e-05, -0.00010708688724114096]
[-3.847958405139851e-05, -0.00015235067077812303]
[-0.0001811421131316382, 1.7915631572936602e-05]
[-7.636271997080168e-05, 2.1901041227623264e-05]
[-8.988286552158442e-06, -4.6153238639672425e-05]
[-0.0001054461048998756, -0.0001595446542814738]
[-0.0002009362552946592, -4.241912582132854e-05]
[-1.2490326622677239e-05, -2.385662050186088e-06]
[-2.0214177881561213e-05, 1.9879703297667924e-05]
[-0.00016195026278512104, -0.00012254607087952563]
[-0.00017603042180891482, -0.00010082966151997094]
[1.843782440875963e-05, -5.538775692059961e-05]
[-6.861166268057328e-05, 5.757875386974004e-05]
[-0.00017428482954133517, -5.820569593745217e-05]
[-0.00011393017747252099, -0.00012391444118083073]
[8.739831218115834e-06, -0.00011536282975149748]
[-0.0001307890262594591, 5.7220533856663924e-05]
[-0.00013708744316984212, -6.287327492915384e-06]
[-5.214707873868463e-05, -9.644488907407239e-05]
[-4.2022274747699484e-05, -0.00015852650354108988]
[-0.0001845871689049039, 1.702345158504509e-05]
[-7.659992677332139e-05, 9.372026597231908e-06]
[-2.3120258998032828e-05, -3.964250899455429e-05]
[-0.00011251896049097737, -0.00015801467623943743]
[-0.00020082095971429847, -4.9771371592927105e-05]
[-1.8882397934967543e-05, -1.1843167814939992e-05]
[-3.2503309057296814e-05, 1.830051514140063e-05]
[-0.0001620919146257116, -0.00011396362162030549]
[-0.00016828485724107445, -0.0001052047404140749]
[1.3861764976544344e-05, -6.418241533362457e-05]
[-7.659092988487881e-05, 5.683209818951873e-05]
[-0.00016893712588769705, -5.6044055168680273e-05]
[-0.00011113504007564945, -0.00012003213919382916]
[9.783327313550583e-08, -0.00012570485811363996]
[-0.0001402019166987789, 5.3875296846028764e-05]
[-0.00013811317252237013, -1.0138517063940089e-05]
[-5.900464324709587e-05, -9.554179131276985e-05]
[-5.507268448198387e-05, -0.00015962115742512717]
[-0.00018745241307541183, 5.519083713517725e-06]
[-8.143064947182914e-05, 7.34237050009634e-06]
[-2.965948812999608e-05, -4.362035398915165e-05]
[-0.00011800624320524623, -0.0001498859749237691]
[-0.00019248491516804522, -5.874863333703295e-05]
[-2.263655003584622e-05, -1.7215423091132553e-05]
[-3.937783801369332e-05, 1.685762760578191e-05]
[-0.00016120153220054376, -0.00010853820125547586]
[-0.00016108517376070552, -0.00010681351137432904]
[3.282655485162961e-06, -7.375661065597838e-05]
[-8.816837729630489e-05, 5.1912269992460125e-05]
[-0.00017138359735402106, -5.221454464987563e-05]
[-0.0001092946611886969, -0.00012398163057360245]
[-1.648532532625563e-05, -0.00012730332506330488]
[-0.00014569842292425084, 4.030440884685016e-05]
[-0.00014031734606900076, -3.2893840081205106e-06]
[-5.5666126357822865e-05, -0.00010130374934096131]
[-6.520975881665891e-05, -0.00015274267656545382]
[-0.00018120776634078517, -5.750337242649284e-06]
[-8.133104377824885e-05, 9.069354449775524e-06]
[-2.959118467291133e-05, -4.489543675670338e-05]
[-0.00012244877828260226, -0.00014376621400641332]
[-0.0001847021012861827, -6.38797690991344e-05]
[-3.0405172670396052e-05, -2.1508063910102848e-05]
[-4.7414595018502315e-05, 1.2037685596447134e-05]
[-0.00016648930824202102, -0.00010005698419360276]
[-0.00015359340650333841, -0.00011391348079554942]
[-1.1703783088366781e-05, -7.241599329144144e-05]
[-9.29483640983858e-05, 3.867568850296488e-05]
[-0.0001718324850845318, -3.8651661573088636e-05]
[-9.701403897292848e-05, -0.00013001317373195764]
[-2.748169019546609e-05, -0.00012034678667048604]
[-0.00014164225118767915, 2.905694954977167e-05]
[-0.0001354924577052774, 5.236335598152175e-06]
[-4.680562584882808e-05, -0.00010078635737118674]
[-7.338505164143638e-05, -0.00014680967798162692]
[-0.0001759054744773364, -1.2673581203027917e-05]
[-8.290484814513222e-05, 1.1381930099099713e-05]
[-3.017418533472066e-05, -4.729163589851232e-05]
[-0.00013115445415643953, -0.00013334148919168926]
[-0.00017635931846193137, -7.300913099812789e-05]
[-3.8533887478327256e-05, -1.5453474035163894e-05]
[-4.7482764125098e-05, 2.0980445173124362e-06]
[-0.00016729656809456525, -8.323820203998133e-05]
[-0.00013717390916200348, -0.000119682475315918]
[-1.803048890448855e-05, -6.413897511402256e-05]
[-8.878668822429395e-05, 3.0233867923189217e-05]
[-0.00016438345250524393, -2.6168262317206176e-05]
[-8.227193692012316e-05, -0.00012728799531733052]
[-3.50938444773647e-05, -0.00011457284844079707]
[-0.00013914746825871658, 2.2297264740670474e-05]
[-0.0001312099713033964, 1.2453406762915828e-05]
[-4.0172519735433504e-05, -9.955409080119985e-05]
[-8.36567042185681e-05, -0.00013605843499106367]
[-0.0001698710638288834, -2.3079022717215764e-05]
[-8.211501279579633e-05, 2.1306164487854343e-05]
[-2.3804019249052538e-05, -5.1666012915823484e-05]
[-0.00013348151670800577, -0.00011609364228764782]
[-0.00016088644101177815, -7.923469014429682e-05]
[-3.622346736085677e-05, -6.221793499294748e-06]
[-4.076860877678945e-05, -7.63340993553685e-07]
[-0.00016052773686746694, -6.979486869667512e-05]
[-0.00012165636733302287, -0.0001164469185346989]
[-2.0297014585182738e-05, -5.899061291562285e-05]
[-8.729165361065494e-05, 2.6225814810355852e-05]
[-0.00015785916805716171, -1.661951986895588e-05]
[-7.19914149094926e-05, -0.00012385539964242243]
[-4.305424367029992e-05, -0.00010473431564837765]
[-0.0001355782045619064, 1.216881634616418e-05]
[-0.00012388869401690206, 2.4233438959644915e-05]
[-2.8828866173509493e-05, -9.863262424546215e-05]
[-8.623554881677375e-05, -0.00012033935280402613]
[-0.00015780200120268928, -3.0176602410711406e-05]
[-7.1386880226329e-05, 3.0108817214241634e-05]
[-1.394291669465364e-05, -4.7854579984463186e-05]
[-0.00012916981976378306, -0.00010372412241475837]
[-0.00014839844188963003, -7.791176070950923e-05]
[-3.0976810584407155e-05, -2.788828291175327e-06]
[-3.8399431882801816e-05, 2.635014448998385e-07]
[-0.00015575266668495236, -5.9651043294167705e-05]
[-0.00011164705078669374, -0.00011420608813453303]
[-2.2463846997819448e-05, -5.146131155277234e-05]
[-8.450827154597718e-05, 1.8961327689581697e-05]
[-0.00014888216889330508, -4.2629636422680806e-06]
[-5.869478931055244e-05, -0.0001208015535044682]
[-4.297243000431217e-05, -9.224269203711444e-05]
[-0.00012647639655801596, 5.596813092839659e-06]
[-0.00010883837216540959, 3.1935948509434486e-05]
[-1.7081212676656188e-05, -9.003048060809982e-05]
[-8.342359937882349e-05, -0.0001105377223204751]
[-0.0001492203901611415, -3.147311136303399e-05]
[-6.044380649641856e-05, 3.140833926844333e-05]
[-1.0096651528859746e-05, -4.1547834436300723e-05]
[-0.00012768760847600702, -9.395790359079115e-05]
[-0.00014051657487744798, -7.955768212711267e-05]
[-2.6648196983836137e-05, 1.5921360887599656e-06]
[-3.483528247180678e-05, -1.9326020402610222e-06]
[-0.00014899632932632856, -4.6916517554590476e-05]
[-9.860112236553115e-05, -0.00011303012096899878]
[-1.7486962610974155e-05, -4.3561346335735385e-05]
[-7.67914337448921e-05, 1.5762429762006258e-05]
[-0.0001344995369919888, 3.1249954859646767e-06]
[-4.66003746705506e-05, -0.00011148025241097814]
[-3.918175603551122e-05, -8.649892624465472e-05]
[-0.00012070090342104084, 3.769933287711691e-06]
[-9.645890269954771e-05, 3.240721712093053e-05]
[-1.206430141387823e-05, -8.091553948522123e-05]
[-8.382602066531186e-05, -0.00010236943124809772]
[-0.00014320238128167316, -3.662791840114421e-05]
[-5.193603920833345e-05, 3.353866422559082e-05]
[-5.12476365631051e-06, -3.862991442621366e-05]
[-0.00012386253420454407, -8.121263510554866e-05]
[-0.00012823584103240776, -8.210549491466379e-05]
[-1.688430236873595e-05, 4.895162452153712e-06]
[-2.7414042384460435e-05, 4.7667932345785147e-07]
[-0.00013803267504869376, -3.876640095192008e-05]
[-8.675992160082219e-05, -0.00010656516953277961]
[-1.09495397052628e-05, -4.2823630345467656e-05]
[-7.264911080989006e-05, 1.687527117155696e-05]
[-0.00012433243817805417, 5.064086923335653e-06]
[-4.0580101683292125e-05, -0.00010328953610189151]
[-3.889163137760221e-05, -8.162263396933878e-05]
[-0.00011581541110178978, -1.5223534378105974e-06]
[-8.710204916295705e-05, 3.487536959495552e-05]
[-5.499853498069918e-06, -7.524617516085907e-05]
[-8.104056988772479e-05, -9.125293750967406e-05]
[-0.00013158267320668993, -4.116269807563633e-05]
[-3.9428330711743786e-05, 3.426362438849195e-05]
[2.3828552157545424e-06, -3.079787243404075e-05]
[-0.00011594475156651018, -7.276668287895666e-05]
[-0.00011671183287809139, -7.91193265294865e-05]
[-7.68757791891339e-06, 1.3456422932114909e-06]
[-2.452360772370321e-05, 6.724047006523293e-06]
[-0.0001311398440012601, -3.420590867317386e-05]
[-7.960308783336312e-05, -0.0001017103331540925]
[-8.334014343081009e-06, -4.2298584575138805e-05]
[-6.898778133736239e-05, 1.5314970275459583e-05]
[-0.00011616401023978318, 1.0315795554414336e-05]
[-3.215673115683493e-05, -9.79333929999604e-05]
[-3.4873503127419436e-05, -7.451320604705963e-05]
[-0.00010557185289664095, -4.139374344125368e-06]
[-7.404164839419636e-05, 3.6086934881707916e-05]
[2.4183099932295615e-06, -6.446090139111682e-05]
[-7.422154728764507e-05, -8.4977289704493e-05]
[-0.00012122817941825903, -3.919972063637367e-05]
[-2.88679484947707e-05, 2.8991629447611134e-05]
[4.174473687973412e-06, -2.005393292459079e-05]
[-0.00011125319860166849, -6.708462628058492e-05]
[-0.00010897097450263127, -7.720064296251605e-05]
[-2.723474183286001e-06, -1.665479527873659e-06]
[-2.2684088335778174e-05, 1.0516162985196864e-05]
[-0.00012428790823099112, -2.6078144386945667e-05]
[-6.944783106610508e-05, -9.828963344016284e-05]
[-2.1174877612439857e-06, -4.052098159880446e-05]
[-6.169867465699586e-05, 1.768838535171069e-05]
[-0.00010362926103490988, 1.3889224762808627e-05]
[-2.3430179751621205e-05, -8.711005330380717e-05]
[-2.7755213947489032e-05, -7.327162489595418e-05]
[-9.848276842341908e-05, 7.113738587083418e-08]
[-6.33309409829863e-05, 3.2013822284293614e-05]
[3.7727486956462553e-06, -5.1988676150416246e-05]
[-7.043676154355749e-05, -8.159923813139125e-05]
[-0.0001149459636177741, -3.786398703570226e-05]
[-2.2362557690558393e-05, 2.4957365413247334e-05]
[4.306502059708839e-06, -1.2336634201970398e-05]
[-0.00010515513615738659, -5.884243040063519e-05]
[-9.856243882885862e-05, -7.522781464647244e-05]
[5.331001092956367e-06, -4.2420848818114365e-06]
[-1.9362954305768287e-05, 1.805330626025725e-05]
[-0.00011258731564939284, -2.1051040487496397e-05]
[-6.0249661722799885e-05, -8.904482129945546e-05]
[5.347132860045178e-06, -4.5307395054622335e-05]
[-5.99508684967498e-05, 2.5603470398816164e-05]
[-9.349033653471839e-05, 1.2213284768913812e-05]
[-2.1651291673252526e-05, -7.580341119151068e-05]
[-2.46746204072279e-05, -7.504377462544398e-05]
[-9.645238117961252e-05, 2.836170852393849e-06]
[-5.6073151908864194e-05, 2.9454560331099167e-05]
[3.4916241175020346e-06, -4.339093086219714e-05]
[-6.526759597746956e-05, -7.69881799823624e-05]
[-0.00010711498310311818, -3.595321403757068e-05]
[-1.3228529719966353e-05, 2.071211979368104e-05]
[4.5149422392976035e-06, -2.0371778062799883e-06]
[-9.5003706586827e-05, -5.544566281087682e-05]
[-9.067516012245536e-05, -6.768334680817834e-05]
[1.254849760146115e-05, -1.330429860751936e-05]
[-2.310277880190892e-05, 2.8477317153108306e-05]
[-0.00010393392243179811, -2.163282389952559e-05]
[-5.808918237892868e-05, -8.05098118354941e-05]
[7.166865716667914e-06, -5.234267566397999e-05]
[-6.367839033266653e-05, 2.9869543554023048e-05]
[-8.63412274491604e-05, 1.187393492776967e-05]
[-2.084902711885217e-05, -6.893570293667328e-05]
[-2.1409942998318332e-05, -7.604756009135794e-05]
[-9.38053276515749e-05, 5.290241407246432e-06]
[-4.654422506183975e-05, 2.6029305262825764e-05]
[2.9836306462693862e-06, -3.333299557992109e-05]
[-5.8170161197412806e-05, -7.80618628194174e-05]
[-0.00010314498742131084, -2.9823696976821745e-05]
[-6.584363866746212e-06, 1.0651692222057862e-05]
[-2.29353514025199e-06, 8.347290078564162e-06]
[-8.951352645708566e-05, -5.742990558782468e-05]
[-8.9597813268949e-05, -6.232577021200725e-05]
[1.2959085956276706e-05, -2.2946563842218826e-05]
[-3.125074589738208e-05, 3.2737004736271835e-05]
[-9.841409754390851e-05, -2.092546576765164e-05]
[-5.593669554188052e-05, -7.659836509274487e-05]
[7.973897368979133e-06, -5.783279356713633e-05]
[-6.655278223255401e-05, 3.2231592533238373e-05]
[-7.743787246014544e-05, 1.0105762729362144e-05]
[-1.9919189697292783e-05, -6.104372493200005e-05]
[-1.8611515182870297e-05, -8.199490831922729e-05]
[-9.534121386456373e-05, 9.806144437587982e-06]
[-4.0580684811331036e-05, 1.7675074368839194e-05]
[-3.33852793854561e-06, -2.4984374122974384e-05]
[-5.7623839424675305e-05, -8.290106915265216e-05]
[-0.0001050805988223047, -2.7693085513508242e-05]
[-6.866460610682745e-06, 1.929036024250763e-06]
[-1.1177438351661628e-05, 1.113751849479705e-05]
[-8.766652824473975e-05, -5.7298654104198654e-05]
[-8.738984961864649e-05, -6.161652133684914e-05]
[1.2181400838695566e-05, -2.968374880352176e-05]
[-3.707403129887821e-05, 3.414088222614131e-05]
[-9.188292668449449e-05, -2.1676673029269455e-05]
[-5.323748860741606e-05, -7.149832511327281e-05]
[6.914925774953451e-06, -6.643183062743363e-05]
[-7.265634739472837e-05, 3.474799375650928e-05]
[-7.279659838937969e-05, 4.4289125100682725e-06]
[-2.339870804340949e-05, -5.539106524593551e-05]
[-2.3337182830235337e-05, -8.89110065564469e-05]
[-0.00010094917285191629, 8.710857411435569e-06]
[-4.076860938045934e-05, 1.2210089048558803e-05]
[-9.236501643472561e-06, -2.395958136686485e-05]
[-6.072870396842123e-05, -8.381196292517323e-05]
[-0.00010447954458836506, -3.011431080127136e-05]
[-7.380376519261489e-06, -2.9541386308284956e-06]
[-1.5995375444000093e-05, 1.1660124762814805e-05]
[-8.534632243115126e-05, -5.784580931228467e-05]
