[555.40079800323, -977.638177391908]
[-18.54988464480764, -49.418961299597676]
[-11.46976463882101, -3.155187412620453]
[1.8899728756835819, -0.25630590981050894]
[-0.07700573088562246, -1.365982054010118]
[2.664154611781291, -2.5223205422867867]
[0.4126371435165468, -4.00855282306712]
[0.06444604592930858, -0.17698006004852385]
[1.083747298336203, -0.1072545241520837]
[-0.6582199866825973, -0.7294407245809253]
[-1.4011903600976972, -0.5956512668901084]
[-0.02426843544717583, 0.044915670009467945]
[0.45218417699587143, -0.6112458852521963]
[0.40279288514726375, -0.9931455085830203]
[0.07818103204172466, 0.0401474111453739]
[-0.21909815805615107, -0.056076224600245084]
[0.07782804534415932, -0.22987884003444758]
[0.2525578704638507, -0.01589869638071706]
[-0.19836718748578175, -0.33083029714394474]
[-0.08697979787939136, -0.12991436980997673]
[0.1751449645674228, -0.20666444911662296]
[-0.01882750793697774, -0.25271594136340925]
[-0.14072120189720794, 0.12472720354429345]
[-0.09255044885130781, -0.05125386302810808]
[0.0017809143635898472, -0.22131219210196829]
[0.2274445127339244, -0.09076955058073954]
[0.08970740911101571, -0.05253220513984935]
[-0.0911340046924618, -0.1276890279396512]
[-0.0004760337694960093, -0.08039326928130208]
[0.00399643466111721, 0.03371291315991476]
[-0.0799875991699357, -0.032096502440905894]
[-0.008606104718416052, -0.09194259274230543]
[0.014163175886959145, -0.12005633402370464]
[0.04300864802380877, -0.07998970738932876]
[0.050036810854724445, 0.047839315635425095]
[-0.042889189096920965, -0.07115417133798152]
[-0.05221660187275212, -0.0656461824315242]
[0.051708319376656764, 0.04023151555493687]
[0.02979997520935207, -0.06497278560466135]
[0.005926926222544537, -0.09991774071461546]
[-0.00200591007862172, -0.028813700831124223]
[-0.03687838173955216, -0.006937759654307651]
[-0.011440103494940623, 0.007811112813394416]
[0.018310338671450932, -0.04067883285585028]
[-0.025586835804202956, -0.05176500489943425]
[0.019273572214494994, -0.017643761330471186]
[0.05114392899379372, -0.021440750705931322]
[-0.0015674971515560188, -0.05902764183677389]
[-0.026495243953338687, -0.0011742052565821837]
[-0.022152503011563685, 0.017887110442925014]
[-0.007318700593589189, -0.04262539207799865]
[0.04043366213450739, -0.03925666249337745]
[0.00458906798865133, -0.016718227043250877]
[-0.024949008917795723, -0.030389936858155497]
[0.010980730123545501, -0.00017356305411375672]
[0.009046828710677524, -0.010905951752860688]
[-0.021653668030888085, -0.01161899025223967]
[-0.0014645316988710633, -0.010286486641879922]
[0.014840256329148704, -0.0382460256263597]
[0.019232541424161642, -0.03215786216737859]
[0.0038933924955539267, 0.00762853979230993]
[-0.026468839147592682, -0.016252761495289203]
[-0.016216940874062447, -0.015022409094939349]
[0.02458885720688775, 0.004288772681763753]
[0.0028353915003747066, -0.016203916416398734]
[-0.004222978809504507, -0.03292051764211745]
[0.010786172228371554, -0.009259516748959307]
[-0.003729627661564816, -0.006869772823093978]
[-0.006550745331825064, 0.0027336748737187833]
[-0.0026364535692762203, -0.014460229522426538]
[-0.008736852009278345, -0.02420713224622073]
[0.0173234956459436, -0.006894838384797541]
[0.01361298969467781, -0.005100503544594126]
[-0.007672597158988825, -0.02695940878677927]
[-0.007847757517081791, 0.0012492789416969075]
[-0.0038393726902401504, 0.010987356697955253]
[-0.0036631142215421686, -0.01281731471435954]
[0.01048529857168301, -0.021716944690741258]
[0.004757666420880657, -0.011385858528183412]
[-0.005427892994076977, -0.01172335178431494]
[0.0038542272083474383, 0.0017694791586295722]
[0.0021895317078284293, -0.011991547904385946]
[-0.011500502725251549, -0.006094418408487456]
[0.0035108567766277687, 0.0029904016963118174]
[0.006030912757700013, -0.01409623037601282]
[0.00724839695804258, -0.01957897723982782]
[0.0029206346868809185, 0.0030965487695189253]
[-0.015261113313565389, -0.003704148035240884]
[-0.0067371607561161895, -0.00485952527842759]
[0.012507537268584112, -0.005941487993228023]
[4.042917926860845e-05, -0.009241799707453424]
[-0.0005427881047763705, -0.01298875847574621]
[0.0059487072977914, -0.003445417145044871]
[0.0026865471976607047, -0.006858590561058975]
[-0.003981130183952741, 0.0022990313774347015]
[-0.00573886929876144, -0.001423948364117411]
[-0.004331285677424024, -0.011159562930920686]
[0.010695728479311217, -0.006755832327353772]
[0.0068213393522609245, -0.002580097737833853]
[-0.008203585822837312, -0.015229706405839538]
[-0.0033238277138804007, 0.0018625223798851565]
[0.003670675556043612, 0.0030200818413772534]
[-0.0024009213167969223, -0.005956137951661944]
[0.003771509016774033, -0.009719457829625577]
[0.0028336832868482986, -0.0062242553388180966]
[0.0008784244512538564, -0.004807605864861841]
[0.002353267441956297, 0.0015456069292740793]
[-0.004600675120315145, -0.0077368458436104515]
[-0.007011134556541121, -0.002178114518931018]
[0.0048161695270625415, 0.0018135514155486199]
[0.00350689066659271, -0.007142241008625483]
[0.002763821535874733, -0.014344131182280506]
[0.002475627104704836, 0.0026106993774055454]
[-0.005240838934406966, 0.00047599334174108776]
[-0.003121001668668466, -0.0025041571945880747]
[0.005004668678809665, -0.004746693279458203]
[-0.0007304453243706099, -0.005097212810285967]
[0.0004890216314930029, -0.0045483294145372]
[0.0035458858782333458, -0.0019292567429207708]
[0.00031625533389600946, -0.008126392670472216]
[-0.002246189653625219, 0.003455126878745496]
[-0.003021317395913492, 0.0017158687640335124]
[-0.001938781052082783, -0.006372067405376214]
[0.007336972660977992, -0.006629600117844525]
[0.004957336875085483, -0.001152002900608018]
[-0.0056391593658293715, -0.006606329229324137]
[-0.0019131434373973466, 0.0005224396479466265]
[0.0028698347925635304, -0.0005913673805439945]
[-0.0019123152397306775, -0.0022475217418183036]
[0.000850532806234483, -0.0036974580462345585]
[0.0014603584774224299, -0.0036552063510471022]
[0.0023849317205542064, -0.004899770336385778]
[0.003058099565789396, 0.002468929558275601]
[-0.005433538718840225, -0.0037393300162889]
[-0.004275978158992277, -0.0016303823422174624]
[0.004951679935986775, 9.040106740521026e-06]
[0.002858447836743938, -0.004423026307086797]
[0.0001082235220728478, -0.008920512017195903]
[0.0007747287221622212, 0.001570035631121236]
[-0.0010731087642836812, 0.00018965703467765938]
[-0.0010972173244665484, -0.00023748084653041346]
[0.0006367128302775527, -0.0026360984229975015]
[-0.0008539569107799405, -0.002767217185845716]
[0.00165686920439434, -0.0024918706461035667]
[0.004053464348400926, -0.001349768274581109]
[-0.0018687255082152632, -0.007202546838603441]
[-0.0019535514886601657, 0.0025103353026589836]
[-0.00020780521280716613, 0.001718922268054368]
[-0.0007653376884906304, -0.00424316237622957]
[0.004280479496785894, -0.0052137599150162695]
[0.0026880385189320677, 4.781759289906873e-05]
[-0.0030528181663207477, -0.0025259837896277615]
[4.560710943413149e-05, 0.00041964748492162585]
[0.00012687939042077545, -0.002025841790783245]
[-0.0014683661327836717, -0.0005631317565297778]
[0.0005206058827589288, -0.0016676234589078631]
[0.0016508712436893447, -0.00332453027933699]
[0.0021623100185088617, -0.005652403503847991]
[0.002066803633207215, 0.002626063785045041]
[-0.0034365642241533934, -0.0010395622680121064]
[-0.0025991761040917716, -0.0014185630490453072]
[0.0035655827341005697, -0.0005724942363001528]
[0.0020668712696876312, -0.0020560087543648464]
[-0.0011665745890936385, -0.00498960610508653]
[0.0008887295641053505, 0.00042089663179512016]
[-0.00046371121371802104, -0.001768754499189118]
[-0.0002818361768501809, 0.000978929930882888]
[-0.0002824147856803627, -0.0015839357131337967]
[-0.0007813737076070026, -0.002419668240003059]
[0.0027793667627613594, -0.0022410426299856213]
[0.0036448025829631803, -0.00033131902359029297]
[-0.0023829377332553747, -0.0044751899856305885]
[-0.0015899782785866456, 0.001444004944567201]
[0.00026252475956534127, 0.0010763837068944043]
[-4.7134036858409445e-05, -0.002319866944881621]
[0.0018011605452810109, -0.004054469425905066]
[0.0014717678047526661, -4.7119330206069066e-05]
[-0.0010174563719633767, -0.002150950074494007]
[0.0012061436099113365, 0.0008661195351420403]
[-0.0006560431256632526, -0.0019435226148341589]
[-0.0013614718511534285, -0.0003232456708235354]
[0.0010983984244106182, -0.0004933437634613846]
[0.001900799600857983, -0.0026055187419573578]
[0.0009446825025016814, -0.004779582529688742]
[0.0009883943504052084, 0.002167826567611275]
[-0.002234930040593941, -0.0003673545946428769]
[-0.001268046782943344, -0.0006736232588826496]
[0.0022415880548756206, -0.0011384613872713611]
[0.001362765730989146, -0.0008685166901942765]
[-0.0006586465218534343, -0.003025803574869146]
[0.0016420319651273552, -9.264939378406112e-05]
[-0.00040119583234288214, -0.002285219433967922]
[-0.0002807612199977605, 0.0011223100673314335]
[-0.00038531933931018614, -0.0006430965051542614]
[-0.000543836262763886, -0.002125906106786868]
[0.0025459486370387197, -0.0021354544793000807]
[0.0026814637095680105, 0.0005245789124330713]
[-0.002181856094148671, -0.00281694702912505]
[-0.0006338356477235685, 0.0010934556194324152]
[0.00022996839560196491, 0.0003901716506904407]
[0.0004230299579983665, -0.0011662137591654798]
[0.0007250805510681246, -0.0030144551196370495]
[0.0012129930004278755, -0.0006589655789297488]
[2.4852372245476317e-05, -0.0021258766465603873]
[0.0012062064924682758, 0.0010774387095118243]
[-0.0008351062881306603, -0.0014176197686386338]
[-0.0012286810261672443, -0.00012133858033269718]
[0.0012309630563227536, 0.00012898985810416708]
[0.002013060675225109, -0.0014949891820679184]
[-5.89823870122963e-05, -0.00380940538483876]
[0.0009884736460907817, 0.001543304367238374]
[-0.0016353824402273176, -0.0004627217401246275]
[-0.00035819228967515215, -0.000378408702669919]
[0.001511176531069136, -0.001536925271998446]
[0.0007527751499218915, -0.0006763955042421443]
[0.00012359562822972237, -0.0018212595702797874]
[0.0017833506275328759, -5.38711952247084e-06]
[-0.0004804253494454791, -0.001983022240582555]
[-0.00014744046957382295, 0.0012449597760442188]
[-0.0007769193078437375, 8.044711039389973e-05]
[5.977802849299607e-05, -0.0017032332397766137]
[0.0017906960264260086, -0.0023815685792833996]
[0.0021724337183322007, 0.0005453754837410063]
[-0.0017279135278482904, -0.0022072874562615308]
[-4.723280994678447e-05, 0.0007084428411174848]
[0.0006028521779586349, -0.00012821974732579733]
[0.0004369246962205864, -0.0005338012999374087]
[0.00023099624661204743, -0.0017255219341876238]
[0.0011778387324246076, -0.000826525538322409]
[0.00018319192359816938, -0.001905535862608554]
[0.001272819653448387, 0.0011337961390420759]
[-0.0014225366495650427, -0.001242677417749638]
[-0.0008801970437284368, -0.00016250236126080786]
[0.0014184257973246517, -0.0001927480345298438]
[0.0019657335289964273, -0.0009307595461620632]
[-0.0003298545500842742, -0.003114979094499537]
[0.000986164412668078, 0.000980222603368608]
[-0.0008635812411155186, -0.0002863139778188639]
[0.00017525299567777708, -0.00020414925388312355]
[0.0005435207581023782, -0.0013988580668573558]
[0.0003585400363417257, -0.0006552746741823601]
[0.00044039343406065967, -0.0012784864121817563]
[0.0018486662777923435, 7.560539234785502e-05]
[-0.0007530689733004081, -0.0021661170382432093]
[-3.0963033947006835e-05, 0.0012105990768285224]
[-0.0004515820881074717, 0.0003822747601047727]
[0.000601772010640822, -0.0014813774606128316]
[0.0012285973570969055, -0.0024264755712106734]
[0.0017114247602418864, 0.00031230716274710524]
[-0.0012439340737375737, -0.0014853472609668295]
[0.0002603476389269055, 0.00031735025522916516]
[0.00044175035463744905, -0.0007114099588516609]
[0.00019756732260756138, -3.139156200093751e-05]
[8.147451893503188e-05, -0.0008382090474743364]
[0.0013047479402366058, -0.0008432782401197603]
[0.00023317107932729897, -0.0021136762547582233]
[0.0013792465217674632, 0.0011362703759931758]
[-0.0015464309474677584, -0.0008517377238264068]
[-0.0005022538101440155, -0.0005610911723110679]
[0.00152006628285406, -0.0007329840076417682]
[0.0015884993773762623, -0.0006114191094463983]
[-0.00040830385090995236, -0.0022614088456323067]
[0.0007923506440992156, 0.0005472675901306845]
[-0.0002721019790894452, -0.0004496319380000724]
[0.000515934349033742, 0.00028261789987349406]
[-0.00026421509302920754, -0.0009518957562162367]
[0.0003375416592206193, -0.0008040430155664691]
[0.0007422722469532239, -0.0013524377363125506]
[0.0019591913948695527, 4.991152162237e-05]
[-0.0009742286645826326, -0.002135505420307604]
[-0.00019513601400911185, 0.0007694943695496503]
[0.0002848513010289544, 0.00033318787872271827]
[0.0007804973921787806, -0.0010507926141701818]
[0.0006529483534816194, -0.001964928318198167]
[0.0012529173744320055, 0.00020144896112794797]
[-0.0007506890850059733, -0.0009903937495849835]
[0.0007979661133226124, 0.000257028576157059]
[-0.00020388924122727303, -0.0011309266721992728]
[-1.1392550300026727e-05, -8.037670776839256e-06]
[0.0004445595941788838, -0.0005718032838539777]
[0.0014408615632017785, -0.0009082400279127878]
[0.0002491710271055325, -0.0022348035756409868]
[0.0010362243282870942, 0.0010592138998845035]
[-0.001069265935365049, -0.00022504464560491044]
[-4.8167677172195056e-05, -0.0006262161553890477]
[0.0010341114955356723, -0.0009431040548475433]
[0.0011973308143873318, -0.0003329951654005847]
[-0.0004092905290589144, -0.0015878012147803044]
[0.0009701295180355451, 0.00013681082195743377]
[-0.00011467444290058637, -0.0010525789534991947]
[0.0004974472083620896, 0.0005611252503221476]
[-0.00025683304303547594, -0.00046749742146068307]
[0.0004644997937806039, -0.0010074280699322036]
[0.0009289128976748273, -0.0014044167664137852]
[0.0017830162579710596, 0.00018359176980842218]
[-0.0010894464921313851, -0.0015223708514300327]
[-0.00010688413286086274, 0.0003126086334875877]
[0.00042939098704608547, -5.50388018492054e-05]
[0.0007714430300489461, -0.000563477700381454]
[0.00025758087696070575, -0.0015208868358935757]
[0.0010726015455797544, -8.662363928718664e-05]
[-0.00020799605983956582, -0.0010487559870855367]
[0.0011254480787212806, 0.00037655685878917877]
[-0.0005421857575642619, -0.0009656068096219883]
[-8.469847960856924e-05, -0.00030499163266334284]
[0.0007231278662076512, -0.0004969416106528346]
[0.0014338847382679987, -0.0007828372646550841]
[-2.6816795517081715e-05, -0.002005931574158959]
[0.0006988120211497417, 0.0007959945388465728]
[-0.0006094516547430207, -0.00012340278786204806]
[0.00036861655041153796, -0.00037611783126849374]
[0.0005317126348269863, -0.0009529008325814825]
[0.0009621658726115534, -0.00036329682410286834]
[-0.00013190585606626115, -0.001241167097124407]
[0.001250703100386108, -0.00014505163684339767]
[-0.00022103409780482863, -0.0013169638539547446]
[0.00023979710229937723, 0.00043898575846602547]
[-1.4566915933045266e-05, -0.00018366882009734908]
[0.0005536743103982111, -0.0009762896524531921]
[0.0007913552200640162, -0.0013635407340730765]
[0.0014758708915083574, 0.00029243413135381785]
[-0.000980876497121308, -0.0010631752766570024]
[0.00029486288074620504, 5.937233236340267e-05]
[0.0002527514658279273, -0.0004465081921574132]
[0.0006685257322658344, -0.0004429841234294962]
[0.00021077107062050793, -0.0012325129384669342]
[0.0009958543857506719, -0.0004643842678335036]
[0.00013947546179848835, -0.0011936384735489192]
[0.0009840308970832101, 0.00046178467063817674]
[-0.000560688889678973, -0.0006086092300514601]
[-9.555130994209904e-06, -0.0004231316283173081]
[0.0006868391635851401, -0.00047863595356734123]
[0.0013837400437697323, -0.0005889987206813829]
[-0.0002776477764575569, -0.0017695947145781599]
[0.0006695453912635152, 0.00036758774017578433]
[-0.00029703209041043177, -0.0004036172991928044]
[0.00046720715481529673, -0.00027288304377412476]
[0.00040751779132530697, -0.0008817344172618036]
[0.0007015428778791577, -0.0005157873024624338]
[0.0002087130226579026, -0.0009614018414245695]
[0.0012932346936318506, -0.00014587175635871752]
[-0.0003981367912019307, -0.0012076520063488694]
[0.00015302677616091387, 0.00026980288836042643]
[1.7215729093855714e-05, -0.00014889010597385344]
[0.0006384080774739509, -0.000900260333629832]
[0.0006331453154865274, -0.0014474137143254406]
[0.0011886705778816342, 0.00014807330974198063]
[-0.0006084222573520259, -0.0008937403184157144]
[0.0004916932613716618, -6.129052871911567e-05]
[0.00023933017040644877, -0.0005455827685274528]
[0.00048730132468954857, -0.0004132231247369056]
[0.00020252935034514863, -0.0008586179568899066]
[0.0009481736121512707, -0.000633049012775444]
[0.00017375343440373392, -0.001275774039384281]
[0.000807108862033612, 0.000445211231244802]
[-0.0005295100509485895, -0.0004998878674473684]
[8.237134381361422e-05, -0.0004694821516271763]
[0.0007603909062982028, -0.000576660778849547]
[0.0012510275654740166, -0.0004885684935775347]
[-0.0002604388646831879, -0.00146010973245847]
[0.0006665157912615349, 3.1604353515235495e-05]
[-7.231447884814557e-05, -0.0005026805682681879]
[0.0004139788968360314, -0.0002220045565233808]
[0.0002354921034204982, -0.0007386995715470412]
[0.00047154272862015567, -0.0005953358741954684]
[0.00044186397737394634, -0.0008473740974761501]
[0.00125638114579818, -5.537659810750384e-05]
[-0.0004792608561623446, -0.0011188749514838836]
[0.0001734945122517928, 0.00013523553020045043]
[0.0001612250064187415, -0.00012490907500151138]
[0.0007057330179056631, -0.0008756233116669065]
[0.0004909996192415389, -0.0014107842708728224]
[0.0008846007635670006, -6.910842849927601e-05]
[-0.00025509712555238373, -0.0007203550773011713]
[0.0005170929572551053, -8.46197511437663e-05]
[0.00016273061140276157, -0.0005845031328153283]
[0.0003062442782988395, -0.00028975392751551254]
[0.00024789054691404244, -0.0005149708538934039]
[0.0010268623852440761, -0.0006744657223760053]
[0.00010611764736973006, -0.0013665818747332636]
[0.0007084677529591854, 0.00032992870933629126]
[-0.0004120480432491802, -0.0003913198520002492]
[0.00013088008204165114, -0.0006100259607539349]
[0.000830689087402664, -0.0007060435647276986]
[0.0009559562899263963, -0.0003851025654495466]
[-0.00014993313185740487, -0.0010224824934466081]
[0.0006604126902949314, -0.00012030649213101707]
[6.853171462123386e-06, -0.0005665950239499562]
[0.0004229376062154788, -7.39842474204444e-05]
[1.7387428812298822e-06, -0.0005278861917377142]
[0.0004284574126218743, -0.0007628821575150768]
[0.000605433309837422, -0.0009732991051663031]
[0.001151235803178663, -4.7849913374253816e-05]
[-0.00044285520487374885, -0.0009654524696689482]
[9.584941051599127e-05, -5.384726180479582e-05]
[0.0004126607841354879, -0.00010710697874105612]
[0.000687106555025796, -0.0006891416683497686]
[0.0002435233809017362, -0.0011118550211293154]
[0.0006980134445624397, -0.0002492530453063191]
[-5.321647722209e-05, -0.0006777005155602644]
[0.0006220350317776013, -6.244540682098787e-05]
[-5.277533639044818e-05, -0.0006613435417108793]
[0.00012681300269257179, -0.00035767133415365304]
[0.0005131796390278887, -0.0004027016727408128]
[0.001054589656026672, -0.0006571735270788359]
[4.1724245189750375e-05, -0.0012860094426683233]
[0.0005183865571563029, 0.00019248950665229358]
[-0.00021249489377569986, -0.000188817620325743]
[0.0002472211374934252, -0.0006251798732924696]
[0.0005853631458817392, -0.00077158821197576]
[0.0006502859778565462, -0.0003629580761806417]
[1.638271373939626e-05, -0.0007763568036871504]
[0.0007410132719897211, -0.0002284545251589054]
[4.675638800514213e-06, -0.0007467970472085916]
[0.00030887798651413334, -5.889530302616297e-06]
[6.622274879225943e-05, -0.00026034693640097917]
[0.0004779199486757424, -0.0009054537854166766]
[0.000599876803415467, -0.0010430073015723629]
[0.0009101619124459726, -5.4437280698316215e-05]
[-0.00038110938406354933, -0.0007039387322570478]
[9.153108651527297e-05, -0.00022522654487533433]
[0.0004585201419703075, -0.0002761768822333588]
[0.0005444016580290478, -0.00045643988959959136]
[0.00015882639014345307, -0.0007998903982435746]
[0.0006675760145713472, -0.00044003646664864116]
[0.00011224951402215994, -0.0007809390878836808]
[0.0006294619061876228, -2.2127392974469196e-05]
[-0.00016465137096142307, -0.0005321845023161798]
[-1.4917300328320948e-07, -0.0005649131997758627]
[0.0007016214147638616, -0.00044290774030786295]
[0.0009043854043275235, -0.0005294888295653832]
[-2.9140123769755277e-05, -0.0010587680495673935]
[0.00035919002521139776, 5.4716925871389765e-05]
[-1.651063667570951e-05, -0.00017252880432183648]
[0.00036036471270273207, -0.0004661057110783018]
[0.00032309592329332615, -0.000695482978391726]
[0.0004599457808255325, -0.000508908210042569]
[0.0002451577524632681, -0.0007277699816441441]
[0.0007574192486679565, -0.00028478935496112356]
[-3.1602171902539444e-05, -0.0007831268436774286]
[6.356427679610199e-05, -6.580638523473459e-05]
[0.00027714004723432273, -8.334505667029202e-05]
[0.0004913658214519834, -0.0008060639844596484]
[0.00045170319308712736, -0.0009481479106321911]
[0.00069470137240496, -7.312456618197016e-05]
[-0.00026865364721086193, -0.0005379135708512006]
[0.00022735955191754975, -0.00030258340000571815]
[0.00035410090994461574, -0.000453702746852358]
[0.0003148035431430607, -0.0004176451394010683]
[0.0003086614591190362, -0.0005937008366099228]
[0.0006245612432774217, -0.0005423342952186605]
[0.00021467836597624523, -0.0007937601995662291]
[0.00046149055048469445, 5.4298358916293754e-05]
[-0.00015170407759164395, -0.00027287506858370003]
[2.803349419899792e-05, -0.0006175819913087355]
[0.000635342734394112, -0.0004884218173107358]
[0.000731627602124113, -0.0004267470988637001]
[-3.552275535347038e-05, -0.0008895857513960825]
[0.00032571997882438475, -0.00011167312608781343]
[0.0001435507719991097, -0.00029516247496613746]
[0.0002935503356592817, -0.0003219767035758381]
[0.00028401269364858317, -0.0004834307228038237]
[0.00034355822302226113, -0.0006089126939881062]
[0.0003727726993697916, -0.0006359575504197024]
[0.0006907451385881891, -0.00022224059895842307]
[-0.0001326818622470055, -0.0006623948664182533]
[-4.103364479368654e-05, -0.00015083340438917792]
[0.00035937187800717807, -9.315771015241947e-05]
[0.00045292131563338944, -0.000655221659737526]
[0.0003780484289388625, -0.0008441756010546531]
[0.0005493054126539942, -0.00015533260726766085]
[-7.821554592995356e-05, -0.0004426298508292126]
[0.00029885775863662534, -0.00028063149857579517]
[0.00025023520309016417, -0.0004182857045767485]
[0.00013234617397298032, -0.0004471094986330387]
[0.0003830394593767883, -0.0004294657770383403]
[0.0005648788397391025, -0.0005277527582078917]
[0.00019067051105909477, -0.0007725392425178695]
[0.000313913426480128, 8.640560358419425e-05]
[-8.790986967208148e-05, -0.00014446329772153932]
[0.00010304789003739295, -0.0005679390408353246]
[0.0005641720891652914, -0.0004839952779368481]
[0.0005939198586954395, -0.0004131679937706412]
[1.2537766820169827e-05, -0.0007176525358237804]
[0.00031466343580868056, -0.00024039800443077103]
[0.00019609607211116577, -0.00035293767705473975]
[0.0001448725730168951, -0.0002351545533034495]
[0.000259748911928582, -0.00029893586683822854]
[0.00026463721560087295, -0.0005953146824543016]
[0.00041414270418238183, -0.0005672273525374003]
[0.00063915336287243, -0.00013689666032682193]
[-0.00020547189477997455, -0.0005473125188175665]
[-2.0475880377870265e-05, -0.00023887993276965752]
[0.0003916315587876133, -0.00013918922305791032]
[0.00037349943931924007, -0.0005991161942164036]
[0.00034163566736401113, -0.0007390113688617861]
[0.0003839938273737069, -0.0002454862367179955]
[9.040167886315009e-05, -0.0003579653382460857]
[0.0002801981283597696, -0.00018335212800642264]
[0.0001319840662755492, -0.000320238855174404]
[4.589001623997446e-05, -0.0004186789901749338]
[0.00038552303382921593, -0.0003103360898472074]
[0.0005683987551528061, -0.0005104003215535557]
[0.00011717557818571867, -0.000796674230072042]
[0.0002008745381532409, 1.629266413080699e-05]
[3.06608088839061e-05, -9.73586117803682e-05]
[9.102839612574326e-05, -0.000534758619084752]
[0.0005374260627377669, -0.0004491782307343428]
[0.0004122894868954577, -0.00036504474143961296]
[6.677913718192152e-05, -0.0004848664728083485]
[0.00033274016294682074, -0.0002664920420749617]
[0.00012559893971447744, -0.00039566739455840216]
[6.0161323426635716e-05, -0.00017093257067732348]
[0.0002068867373572203, -0.0001943615190817538]
[0.00022563930455624104, -0.0006262653917029626]
[0.00047197421831113306, -0.0006170005159631675]
[0.000521213539153173, -8.951477994481594e-05]
[-0.0001636655964140643, -0.0003911047414965618]
[-3.079352151598436e-05, -0.0002912244532308761]
[0.00042029180335592664, -0.00013512810348159654]
[0.000281544017379981, -0.00048668342418461963]
[0.0002286676073044447, -0.0005594164939055624]
[0.00028142237752051824, -0.00032466496489236274]
[0.00017960605650838013, -0.0003933053329814029]
[0.00025490892524523967, -8.284909567618515e-05]
[4.350003364461674e-05, -0.0002622833996591689]
[-3.4672066336810525e-05, -0.00042946895955098263]
[0.0004959735720894143, -0.00025452119996050016]
[0.0005477318274304671, -0.00044590230990887436]
[3.878029076292977e-05, -0.0006959277639982941]
[8.352592104393652e-05, -6.707676650863359e-05]
[0.00013157161450938482, -5.020347124412572e-05]
[7.926581474979044e-05, -0.0004449340792962442]
[0.0004023063737160215, -0.0004121429640269736]
[0.00022757916246728127, -0.0003288101554981271]
[0.00018593384694315374, -0.0003545861866424138]
[0.00038993107188239895, -0.00022244021399259184]
[4.031725408365494e-05, -0.0004217219880792711]
[-2.774325365564878e-05, -0.0001478795467045324]
[0.0002560326752894526, -6.808670144226037e-05]
[0.00022732079243094339, -0.0006403579180826457]
[0.0004274136364721959, -0.0006353081148067208]
[0.0003258600000949352, -5.876455478742715e-05]
[-7.613867527017648e-05, -0.0002247767924409283]
[-9.225122959324872e-06, -0.00026621186909048244]
[0.0003631793560807117, -0.0001703426522571827]
[0.0001775101647272584, -0.00033237979250372307]
[0.00019108806995726813, -0.0003551916322844795]
[0.00030788525940881467, -0.0003953866304092779]
[0.00019517742376773395, -0.0004805428012430446]
[0.00018128360219801104, -2.2056084488797367e-05]
[2.6246366364834905e-05, -0.00014236214454538265]
[-9.568779256307822e-05, -0.0004725430133980524]
[0.0005630298353959673, -0.00025735799251525027]
[0.00043664022972491126, -0.0002911287919996619]
[-1.8926605965974286e-05, -0.0004841367881315839]
[6.484871624791791e-05, -0.00011042602727007189]
[0.00015651307117681146, -7.838876758947677e-05]
[0.00010187143938202546, -0.00030459638240887266]
[0.00024803336428219636, -0.00032502564606184947]
[0.0001277906482324274, -0.0004037073039206973]
[0.0003202828455421969, -0.00036121019903689877]
[0.00037337315925720094, -0.00014378315216490023]
[-1.679138307641992e-05, -0.00033855457010639745]
[-0.00012973455499941736, -0.00015158324046249394]
[0.00032899780823270053, 3.058219023666098e-05]
[0.00025145682499698105, -0.0005132233130298314]
[0.0002621006216678712, -0.0005467825187168707]
[0.00021281096476706216, -8.626824678026335e-05]
[-3.6607288442791486e-06, -0.0001855575084814265]
[6.450092035492627e-05, -0.00021467761753823922]
[0.00025809500581641664, -0.00021461426594582278]
[3.817931930748947e-05, -0.00029015450217084737]
[0.0002895968655525216, -0.00021159485790844812]
[0.00034134091953137713, -0.0003759626590793541]
[0.00013512620215838655, -0.0004590351261385961]
[7.955342420687406e-05, 1.9030698394928436e-05]
[2.071936377801009e-05, -9.986380441751042e-06]
[-5.2834027397627437e-05, -0.00045073171417253644]
[0.0004634708401914933, -0.0003008290030807603]
[0.0003054677562210478, -0.00020479366050085712]
[1.002114319570424e-05, -0.00035807277083527156]
[0.0001151115796994423, -0.00014054426173504275]
[0.0001559998681027741, -0.0001412675721692569]
[5.0502537761745736e-05, -0.00019634472047413976]
[0.000198612496650874, -0.00016676263533776936]
[0.00011037621089068916, -0.0004585215756406358]
[0.00032518511223667, -0.0003726714464321601]
[0.000295094125300821, -6.229186368189588e-05]
[-7.451455958029651e-05, -0.00024007801683684216]
[-0.00014903927838311182, -0.0001636335580611492]
[0.0003396573866076835, 2.4103495281924125e-06]
[0.00023099978220297857, -0.00036521576821157975]
[0.00017763284618876884, -0.00043151383807149557]
[0.00018796394294146035, -0.0001535857678881536]
[5.585359544024726e-05, -0.00019721767865843454]
[8.61511557680994e-05, -0.00015411625606986945]
[0.00015792293263916513, -0.0001735877096156191]
[-7.152345239208602e-05, -0.000309392606849368]
[0.00034721332548781625, -0.00015707524399444228]
[0.00031980024582098365, -0.00027951972500361855]
[6.080301007937994e-05, -0.00040278617514166726]
[2.9786419979388468e-05, 3.74563539210504e-05]
[3.479023575492235e-05, 3.432124603769404e-05]
[1.960775619611055e-05, -0.0003808098013950989]
[0.00035090224617373433, -0.0003051846383450574]
[0.00020351004064092515, -0.00022363318965801238]
[7.41239901607127e-05, -0.00029871874273007526]
[0.00012469808340287436, -0.00014149831859133766]
[0.00013313054131103286, -0.00016241840044378675]
[-4.890069799279306e-05, -0.0001145649513895064]
[0.00019065133814011315, -3.776467347504919e-05]
[0.00013001719457356176, -0.00040792556486768383]
[0.0002619931073267745, -0.00036186958735207053]
[0.0002534200846328605, -1.6950294445150504e-05]
[-0.00010754683546221333, -0.0001927007759486843]
[-0.00011158894106766404, -0.00018757482631037714]
[0.0003303955208698861, -6.119418211708583e-05]
[0.0001451934220610407, -0.0002883289532913391]
[0.00018081606744180245, -0.00032340381236553584]
[0.00015341110077682352, -0.00016792101343787724]
[9.190759727328857e-05, -0.00017269761513161175]
[7.724099388844996e-05, -5.328387594771833e-05]
[5.261773995746122e-05, -9.553434490966461e-05]
[-8.552952975671158e-05, -0.0003009661976178801]
[0.00033261110120264004, -0.0001590110305342285]
[0.0003006831236320173, -0.00021862425679575193]
[2.2170148759270702e-05, -0.0003890351033674633]
[-5.249630079806611e-06, 1.8520001180966084e-05]
[9.854457789759685e-05, 4.6933149041750166e-05]
[2.9977262835878538e-05, -0.00029088607530436406]
[0.00027800745753525646, -0.00023720448129954663]
[0.0001324312354228918, -0.0002119181882913601]
[9.102196593124834e-05, -0.00021698947767931354]
[0.00015162226813886237, -0.0001032275275051342]
[4.918030694323061e-05, -0.00018970995149922287]
[-0.00010014079281095434, -6.674168761244825e-05]
[0.00019335693688127265, 9.764256106215008e-06]
[0.00014792220870313288, -0.00035662187421869884]
[0.0002415971297513586, -0.00036297498875351164]
[0.0002097920814344567, 1.2457354985673241e-05]
[-9.343121819793687e-05, -0.0001064928170504964]
[-6.888913318858769e-05, -0.00018268858480707806]
[0.0002767504527185771, -8.011235248646387e-05]
[7.274358286452065e-05, -0.00021748569137447493]
[0.00014349831032578475, -0.00022472676735349473]
[0.00014515606846621232, -0.00016411069538446732]
[0.0001003757494089097, -0.00020664930711182528]
[7.662247429496283e-05, 4.31895662998949e-05]
[-8.692271947774444e-06, -2.755966734997728e-05]
[-6.005173602230407e-05, -0.0002969613609460353]
[0.0003347297305035246, -0.00016379728641269936]
[0.0002858296587514575, -0.0001727469495216294]
[-3.0848726217946876e-05, -0.0003270831291161541]
[-3.450683984951297e-05, -1.921805745663807e-05]
[0.00013461445899465296, 3.311132698963909e-05]
[2.5098715236926417e-05, -0.0001789858793216359]
[0.00018076104092035195, -0.0001696601097976192]
[9.47217806852585e-05, -0.00018922559500234026]
[0.00012236799456077918, -0.00018005722892709686]
[0.00022188879585616217, -5.032908600322017e-05]
[-5.309153061494598e-05, -0.00020077346581051994]
[-0.0001236770969424983, -8.18254563357268e-05]
[0.0002238685349009728, 2.8599419646769403e-05]
[0.00015668337250696052, -0.00032005733185391794]
[0.0001880294402909488, -0.00035358522446131413]
[0.00012813854102511346, 3.318383622041843e-05]
[-4.926134440053076e-05, -2.6697469575232002e-05]
[3.783939387602686e-06, -0.0001225144563479219]
[0.00016318871073783825, -9.815066911766923e-05]
[3.720047681399219e-05, -0.00016234637423939713]
[0.0001248751477460619, -0.00015312292489386148]
[0.00019972564241654833, -0.0001920248040734318]
[7.072713040212619e-05, -0.00028952713805119323]
[2.7288119938684297e-05, 7.90465971826082e-05]
[5.1442506256993425e-06, 4.383345486813628e-05]
[-3.9048666261032317e-05, -0.00028745818712627713]
[0.00031073796546121635, -0.00017380272097047844]
[0.0002394222249360034, -8.946732199177632e-05]
[-7.957363751676105e-05, -0.00021597751978838509]
[1.6643285493667115e-05, -5.282928527772235e-05]
[9.870092348895909e-05, -5.0757908112847305e-05]
[2.1698331930886106e-05, -9.572796573020792e-05]
[0.00011435836028850233, -0.0001204516161552871]
[8.160569464688017e-05, -0.0002320377949511787]
[0.00018337821725844528, -0.00022050833427331162]
[0.00022507620853784438, 2.0732727481598268e-05]
[-0.0001104731259484737, -0.00012928819040577966]
[-0.00012757873239643835, -0.00010599999347227218]
[0.0002287195418089194, 2.2943961403482094e-05]
[0.00016984209909265413, -0.0002363803584882751]
[7.978159886357084e-05, -0.0003137336025413606]
[8.867690813962881e-05, -6.2537947143059824e-06]
[8.076111270183262e-06, -6.328512796513475e-05]
[6.232571370512474e-05, -4.9473449086234744e-05]
[7.840147322002444e-05, -9.976873059461266e-05]
[-9.26684938151734e-06, -0.000165292899534486]
[0.00018115389817086047, -0.00010821164194851907]
[0.00024965801826437595, -0.00016718126959869295]
[-9.683528179982304e-06, -0.0002944864369792688]
[-3.028992007747533e-05, 7.130960544898812e-05]
[2.8882935356300266e-05, 7.039797670593817e-05]
[6.596401614600289e-06, -0.00023727629840841757]
[0.00022973786007574049, -0.000204099262204549]
[0.00017383342641352773, -5.0070153122860894e-05]
[-3.848196365230372e-05, -0.00015603715279605135]
[0.00010551543230075122, -5.522114557876545e-05]
[4.40599324903479e-05, -0.00011234129068971033]
[-1.6005493850834718e-05, -6.0657476598668936e-05]
[0.00011045430231504394, -5.1186271091019364e-05]
[0.00010037340050861321, -0.0002596246091157717]
[0.00016960926217313155, -0.00026675569765716167]
[0.0001663624550806153, 8.169325991391752e-05]
[-0.0001172570081040547, -6.055423657697068e-05]
[-7.776287892313771e-05, -9.829692722673755e-05]
[0.00019762357242514295, -2.3432587983651665e-05]
[0.000164391251310958, -0.0001529958520408714]
[3.336792564589963e-05, -0.00024671199221726337]
[0.00011738022445939578, -7.480770128232006e-05]
[3.5053824845143744e-05, -0.00013389955518749996]
[5.616514668493888e-05, 5.674062041771677e-06]
[3.683164913070858e-05, -5.632592608795228e-05]
[-3.945890892642634e-05, -0.0001788722834246137]
[0.00021567354767682012, -0.00010374455518280534]
[0.0002604788277947856, -8.054944018065502e-05]
[-7.993704458431061e-05, -0.00024407801740466972]
[-1.2464161050496081e-05, 4.726082818073962e-05]
[3.314757891192954e-05, 3.724838320906532e-05]
[5.638325337942174e-05, -0.00018331047676706236]
[0.00015755531022942915, -0.00020867102971861007]
[0.00012259128985425694, -8.784666211336667e-05]
[3.528769308458468e-05, -0.00014985210992235487]
[0.00014161207369400852, -1.581717103843472e-05]
[-4.426550075820046e-06, -0.00010390704766211067]
[-4.742161353277208e-05, -3.482663770126848e-05]
[0.00010856327533281807, 2.0887097499922014e-06]
[0.0001550558703150573, -0.00022477069667820038]
[9.540546478858936e-05, -0.0002882036606273175]
[0.00014192837511373124, 7.619923041718435e-05]
[-9.814316982159621e-05, -6.153807850128867e-05]
[-2.0182122363210375e-05, -9.252929742226135e-05]
[0.00017247974285228285, -6.666330149440736e-05]
[0.0001184462207134418, -0.00011651280852564838]
[5.109565421879125e-05, -0.00017164972365169007]
[0.00015786754211111198, -8.880279202949648e-05]
[9.13357623433253e-06, -0.00015503564772600953]
[4.983409244263548e-05, 4.613921218288297e-05]
[-1.3581115442917735e-05, -2.3999262714569092e-05]
[-1.1837475169862444e-05, -0.00018705618202963237]
[0.0002031554038469663, -0.00014779051317737046]
[0.0002481102299097815, -3.980851588131218e-05]
[-8.626262214628255e-05, -0.0002184603205148683]
[2.302012486543603e-05, 1.86190260286212e-05]
[4.7477556188058045e-05, 1.1446591118069449e-05]
[7.081580690304623e-05, -0.00013600505352406866]
[0.00010061558019835992, -0.00016588907688452892]
[0.00010841176487219606, -0.0001236869746246705]
[5.098843107820272e-05, -0.000160581959243844]
[0.00015878643201339138, 1.9528494437093258e-05]
[-5.4973838608307624e-05, -0.00011480069743552423]
[-4.7916970879691156e-05, -2.979314283513279e-05]
[0.00012131797083658746, 2.4892281308419584e-06]
[0.0001947978980507692, -0.00019075675732316277]
[5.5871322429346115e-05, -0.00028822347571277884]
[0.0001368943115572785, 3.973912123622636e-05]
[-7.626802132643107e-05, -5.920279115134708e-05]
[1.5047192554851208e-05, -8.959034238520402e-05]
[0.00012722610697524228, -9.339989203738241e-05]
[6.930548677941406e-05, -0.00010099293308057922]
[6.42721208249375e-05, -0.00013125471873631778]
[0.00019148425073101105, -7.669012495550853e-05]
[-1.5309915771810623e-05, -0.00018708264074940306]
[6.2400286047537e-05, 6.809813877747817e-05]
[-3.710511457477583e-05, -5.723094814946705e-06]
[3.1997535341998784e-05, -0.0002085403080702708]
[0.00019026537715516323, -0.00019201617544373217]
[0.00021622011165856048, -4.272333663932204e-05]
[-7.683145467740626e-05, -0.00019316152541049014]
[3.1532803523970365e-05, -5.487944106929987e-06]
[6.027899097293954e-05, -1.9586565962570468e-05]
[6.606175023615712e-05, -7.359628745562397e-05]
[5.0786774619449027e-05, -0.00011725131404427547]
[0.00012639445280171469, -0.000143772159676675]
[5.834559463946398e-05, -0.00019199232068678462]
[0.00018903987730745087, 2.94047939102815e-05]
[-9.542835598008725e-05, -0.0001336352403317198]
[-5.384301381727852e-05, -6.771242998997173e-05]
[0.00016468449857964806, -2.188355795296193e-05]
[0.0001893910283881084, -0.0001589076717808391]
[3.3332936801633295e-05, -0.00026121229387587874]
[0.00011583738455622772, 2.2858872646205897e-05]
[-4.7071886910332594e-05, -4.6785558490025636e-05]
[6.680999288610767e-05, -5.689409012317459e-05]
[4.8367554058570406e-05, -0.00011418803492424523]
[4.6001052748323445e-05, -0.00011316006689028602]
[9.428136150702038e-05, -0.00013195024882806106]
[0.00022281354404030118, -8.660496779987203e-05]
[-2.4104926443113683e-05, -0.000233044826190687]
[3.350548027181155e-05, 6.733091255541751e-05]
[5.313788788985363e-07, 3.1116372203210396e-05]
[6.651435459281707e-05, -0.00019976427717216874]
[0.00015284957498429286, -0.00020304122494729793]
[0.00018109441887115274, -3.2311152574408114e-05]
[-7.368130241203197e-05, -0.00015412986188134692]
[7.548483056263322e-05, -2.946686867132467e-05]
[3.996766378794314e-05, -9.365411659945089e-05]
[4.419596901061862e-05, -3.593325139555469e-05]
[5.5916272117706445e-05, -7.83134659020357e-05]
[0.00014816896818281577, -0.00017372530066607147]
[8.485315428874429e-05, -0.00022743162324279087]
[0.00018434683931034535, 5.203886142082434e-05]
[-0.00011383297822981087, -8.735384697522441e-05]
[-3.770372119094034e-05, -0.00010521638464413424]
[0.00016744872831675472, -6.15310462281915e-05]
[0.00017150342725258394, -0.00011266159363416961]
[2.5992564426369213e-06, -0.00022503535653972673]
[0.00011608924545547517, -1.3930108199798619e-05]
[-2.1150118064139356e-06, -8.975183882253823e-05]
[0.00010367099455232953, -8.340238627183028e-06]
[-6.938457188798708e-07, -9.226764051117886e-05]
[3.7614470553837265e-05, -0.00015544141440920756]
[0.00013856321218946865, -0.0001401225976039866]
[0.000240014632298724, -7.626274747780937e-05]
[-6.310273042109404e-05, -0.00022953232182665317]
[-8.372442757975662e-07, 3.8359300558760134e-05]
[4.462580951714035e-05, 2.789168245864726e-05]
[0.00010064127715037063, -0.00015040591118946345]
[9.609094905321802e-05, -0.00019798612684029937]
[0.0001568901730346628, -4.603791522078682e-05]
[-3.0136641486266935e-05, -0.00013962151933577527]
[0.00014428777289809958, -3.906335737287325e-05]
[-6.740709626751329e-06, -0.00013828836973173164]
[2.166791411295499e-06, -5.22025321051528e-05]
[9.664160016176204e-05, -4.93926926142807e-05]
[0.00016658863351159958, -0.00018208546994957775]
[7.071613472547922e-05, -0.0002490124319145526]
[0.00014514901123829915, 7.091965295166758e-05]
[-9.673047067226825e-05, -4.03498078853648e-05]
[2.5625712566368364e-05, -0.00010971219582772695]
[0.00012321287517780277, -0.00010742707146660369]
[0.00014957535134296762, -9.882050911261264e-05]
[9.066381419786662e-06, -0.00019257948867767993]
[0.00014532696371327702, -7.455993597399457e-05]
[1.9598305343093703e-05, -0.00015469264425449492]
[7.572479363660012e-05, 2.0942271662410805e-05]
[2.4027999687148416e-07, -3.987317831988246e-05]
[4.577787254655963e-05, -0.00017931822561800814]
[0.00014648451179541389, -0.00015510516280869968]
[0.00023750398420563368, -4.030354847145423e-05]
[-9.922385421079483e-05, -0.00019574486811768654]
[2.3168757026903464e-05, -1.5035569226523604e-05]
[5.9205061256006886e-05, -3.3735790671785004e-05]
[0.0001044986879630283, -0.00011954312208856122]
[7.62719941543033e-05, -0.00018046308834396285]
[0.0001328526829063037, -9.74308335430496e-05]
[3.2860748919616434e-05, -0.00015127645092549713]
[0.00016506425158058224, -1.1905959257679788e-05]
[-4.8490256506189544e-05, -0.00011606120877005743]
[-1.5066387486384336e-05, -8.009545106563154e-05]
[0.00011231984366724679, -5.083847150677556e-05]
[0.00018713016559934736, -0.00016494390549370852]
[3.20109571976257e-05, -0.00026319018163389885]
[0.00011632282889573187, 3.541938604895156e-05]
[-4.451644008210409e-05, -5.464794508491799e-05]
[6.519387261716414e-05, -9.712578164663976e-05]
[9.79671810100724e-05, -0.00011853823574448086]
[0.00010951019789617877, -0.00011412536243859961]
[4.532563109778398e-05, -0.0001559307306958635]
[0.00017400172011228232, -9.44917805459633e-05]
[-5.420750614396064e-06, -0.00018361895371743486]
[3.898725670520298e-05, 2.0341190026196276e-05]
[1.214313942196621e-05, -2.429061377540176e-05]
[6.663355698249829e-05, -0.00018166642789302356]
[0.00014116317672767387, -0.00018443392882139253]
[0.0002107627039595883, -3.221232270589347e-05]
[-7.581493104347192e-05, -0.00016732735741442628]
[6.0363533510243705e-05, -5.206730850160213e-05]
[5.9906610109933256e-05, -7.010020027187203e-05]
[7.589475117297795e-05, -0.00010924374719309404]
[7.342419537578748e-05, -0.00014599865936321121]
[0.00011980919419191105, -0.00013428574726337406]
[5.977229367121195e-05, -0.00017524158999338013]
[0.00015098924758627508, 1.8565168904749463e-05]
[-6.013584964196378e-05, -9.557006650623423e-05]
[-2.4182437641240284e-06, -9.594076963534426e-05]
[0.0001254877836746604, -6.63400209835463e-05]
[0.00019178388099116983, -0.00015240667433047417]
[1.9591732411852747e-05, -0.00025193732229894517]
[0.00010203418573856426, -1.9712274483080217e-05]
[-1.3856770066170143e-06, -7.521031615914664e-05]
[5.978578387311195e-05, -7.91786163100161e-05]
[8.322828186669434e-05, -0.00010642401308003091]
[7.223928268046409e-05, -0.00011912376550576864]
[7.657593614777275e-05, -0.00013090300052570614]
[0.00019691050609949023, -7.930809537406991e-05]
[-3.0987677570957356e-05, -0.0001920790159941621]
[3.4138583886456075e-05, 1.0992415693800162e-06]
[2.737347948375199e-05, -2.7254611435489906e-05]
[7.853979593541727e-05, -0.0001911935668094944]
[0.00014290299604449372, -0.00020248474793316262]
[0.0001633791757870151, -4.682082909857055e-05]
[-3.230509698404216e-05, -0.00013663701466842815]
[7.3787941527792e-05, -5.270020977291012e-05]
[5.256023179303431e-05, -7.544162198463988e-05]
[5.674202216154889e-05, -8.652046399545976e-05]
[6.081396304461178e-05, -0.00010787253925198526]
[0.00013485355783454667, -0.00015723131326766948]
[6.549655903683414e-05, -0.00020843147245180882]
[0.0001374270798476518, 1.6355747152724254e-05]
[-4.9742566196404187e-05, -8.888195870571103e-05]
[-3.5452639650102036e-06, -0.0001164544484010821]
[0.000155453885129931, -7.329431272273812e-05]
[0.00016955406475588353, -0.00013058200997442815]
[1.376632111452225e-05, -0.00020525582724456592]
[9.969664180209392e-05, -4.792679038048697e-05]
[1.2204546468847638e-05, -8.439359114248424e-05]
[6.675756009219547e-05, -5.8937593664931676e-05]
[4.8047482116272966e-05, -0.00010301092472458917]
[5.126497304905331e-05, -0.00014048097247429392]
[0.0001175362559421092, -0.00013620348447485053]
[0.00020323125177690304, -7.217445000312628e-05]
[-3.421051811628578e-05, -0.0001877598298316019]
[1.9605019701079973e-05, -1.8597649021262486e-05]
[5.5539853188582566e-05, -7.395399060416974e-06]
[8.82755236705779e-05, -0.00018338686690216877]
[0.00011152656293045987, -0.00019639206155164235]
[0.00012372209266797718, -6.371730839571654e-05]
[-3.4600520376903976e-06, -0.00012100040490958808]
[9.375888714568958e-05, -5.141624567225889e-05]
[3.611652256041431e-05, -0.00010226025475557066]
[3.229340464991348e-05, -7.562894153356758e-05]
[8.236365842057003e-05, -7.15077909630435e-05]
[0.00015450643948017317, -0.00017721077715829314]
[6.517554623374638e-05, -0.00022590680563472354]
[0.00011067473148093643, 7.10334293205217e-06]
[-3.9541525541239575e-05, -5.888473000265071e-05]
[-9.815440047411528e-07, -0.00013596125963830086]
[0.00015441168535280242, -9.647096349038597e-05]
[0.00013139382589635873, -0.00010231428568613365]
[1.685282583798603e-05, -0.0001599929741286643]
[0.00011369437040827102, -7.234334899983152e-05]
[2.5984252594493662e-05, -0.0001144311934784259]
[6.992197463782934e-05, -3.93452398559091e-05]
[2.683698151890318e-05, -7.561119848259468e-05]
[4.009840961984035e-05, -0.00018516364509094108]
[0.00015149131464164273, -0.0001560075855207843]
[0.00017968063286569191, -6.043030084978973e-05]
[-4.0895596658728495e-05, -0.00016004032475780416]
[-1.6962893812366708e-06, -3.9213363056206374e-05]
[8.46101016222997e-05, -1.0669938456553396e-05]
[9.610296940380791e-05, -0.00014269679637793353]
[7.020641462929939e-05, -0.0001702093389925191]
[0.00010576386222709011, -9.95166703430389e-05]
[3.4709140301202035e-05, -0.0001325079598154949]
[0.00011239836087649502, -5.212550767480506e-05]
[1.2989773379767922e-05, -0.00011452083927041001]
[-1.5979509134317338e-05, -9.685443264471905e-05]
[0.00013332063741998412, -4.9544564947490155e-05]
[0.00015568802792368525, -0.00016191774957466376]
[4.486675250365765e-05, -0.00021361621797824637]
[7.68906247819584e-05, 2.717674405169901e-06]
[-1.821256098008192e-05, -3.375009159106712e-05]
[3.212944360583836e-05, -0.00013291360224664678]
[0.00011712992617604612, -0.00012347427950245432]
[8.476267077732469e-05, -0.00010878379619535389]
[5.6841415490924835e-05, -0.0001353399440477132]
[0.00012538973129046574, -9.463160083426903e-05]
[3.4843853570745015e-05, -0.0001402597952143772]
[2.917511886905283e-05, -2.0311868522020216e-05]
[4.175050553535155e-05, -2.004851895077639e-05]
[4.945467888863887e-05, -0.0001968033888078112]
[0.00014017255520475287, -0.0001684845055982126]
[0.00014687391127594582, -4.3743821275296635e-05]
[-4.11239712237426e-05, -0.00012932662621192859]
[9.204741668132795e-06, -6.805867753663375e-05]
[9.774683147361832e-05, -5.20790315706478e-05]
[6.877598270803699e-05, -0.00010851198244422118]
[7.488323423889866e-05, -0.000123560734538993]
[9.67975342811094e-05, -0.00013389247586386224]
[6.745424904722533e-05, -0.0001411246606243012]
[0.00010305229177988515, -2.6364472414604906e-05]
[-1.2845732096825047e-05, -7.877233273734935e-05]
[-3.5591207135570596e-05, -0.0001220159445125095]
[0.00015307373242147426, -6.048174114346022e-05]
[0.00014314262914513938, -0.00012777341249407131]
[2.8772310966325432e-05, -0.0001914589050185933]
[5.830315260465027e-05, -2.1539731825045982e-05]
[2.290302205040784e-05, -3.934731170471967e-05]
[4.9768576261533665e-05, -0.00010490393014674776]
[8.708736285250457e-05, -0.00010321475289701287]
[4.643044561131182e-05, -0.00013478855428310926]
[9.376047757077288e-05, -0.00011725502239078034]
[0.0001285155768186788, -8.629638288006058e-05]
[1.2963335491930628e-05, -0.00013962409145890087]
[-1.1418157872363638e-05, -1.7951438022231758e-05]
[6.737673452366505e-05, 3.0524272332799196e-06]
[6.765960579614011e-05, -0.00017289588543725753]
[0.00011685650817570142, -0.00016540215393050228]
[0.00011883005495109955, -4.904783117579137e-05]
[-1.55927485558649e-05, -0.00010461979986665926]
[3.3460523546191556e-05, -8.241626407932967e-05]
