[656.0247539966624, 242.82340821747533]
[72.61876372503495, 34.685572276928866]
[-13.246129922263464, 25.12976673966233]
[-2.814558194165379, 3.8846809287736193]
[-13.294860808537727, -2.3328762350086976]
[2.5667297865744345, -4.588543243226177]
[-1.6590730942745893, 2.6369300574489074]
[-0.732837994328964, -2.2545897247327487]
[2.6402735123034367, -4.130190889945657]
[-0.11141014610755207, -1.5223953947578615]
[0.3838095797151908, -0.5627011433751159]
[-0.8290941988530847, 2.0112572761117207]
[0.7570947322032531, 0.028979449998331575]
[-0.6499546963171845, 0.1080572948089582]
[-0.27727434054361666, 0.980597739093362]
[0.4398288418823775, 0.43146527644108135]
[0.5941868004665318, 0.5870224779702475]
[0.5403307047425945, -0.06356742522652548]
[-0.5051296157274034, -0.4419901847273414]
[0.7735062476042298, -0.17918599459967055]
[-0.09302705097059949, -0.03752525590118694]
[-0.6262742925948857, -0.24397065864854284]
[-0.16693903496994444, -0.049073279556413496]
[-0.14651667181999883, -0.08930462771530401]
[0.0009183440249875829, 0.10141350671408844]
[0.08856106469178404, 0.06596029758535694]
[0.3957304485021669, -0.4791902727224381]
[0.003421048020076256, -0.17328829277841962]
[0.16308871924341872, 0.1971693343618819]
[-0.21628915146010996, 0.44916139215917994]
[-0.10722832430363738, 0.3110921769893249]
[0.1278213719396284, 0.09649344751527789]
[-0.2823285329829046, -0.0020775228033347304]
[0.33572468439295466, -0.169611061523331]
[0.23666032030000816, -0.12722472204743362]
[-0.07859628430157706, -0.21014680173052325]
[-0.03142288309153507, -0.03447117366110719]
[-0.0111851345417191, 0.08155853047242267]
[-0.12116253138408606, 0.03770245959406182]
[-0.13827866589126536, 0.016105706956819787]
[0.03565756692560962, -0.1258169229923638]
[-0.015816291007490157, -0.07459122093875536]
[0.16538894177879992, 0.09751149080862698]
[-0.005118889414599259, 0.1172633799780487]
[0.035589947257393284, -0.0037379108841155972]
[0.0918840506921641, 0.03289674503295181]
[-0.10540209292628955, 0.028340677946935955]
[0.019914838339779806, 0.0685144366310464]
[0.001190104692441185, 0.03059291481395654]
[0.014145690572592073, -0.0899488034016156]
[-0.052994579920774054, 0.0030171646628902593]
[0.07625611268269927, -0.06966952534386942]
[0.0715840886209067, -0.07312509981502381]
[-0.0809854240935235, -0.05076372805182139]
[0.013880545189992155, -0.039777754177674485]
[-0.043656405886007166, 0.07563077445766098]
[-0.013743828463444796, 0.07629145682855842]
[-0.03833931894792819, 0.05543386248933402]
[-0.0022297343670434344, -0.02348677972685831]
[0.065046842744787, -0.034727188343556446]
[0.058261065105837284, 0.021636837081108085]
[0.019329416858775428, 0.03535695015175433]
[0.0014036870261593393, 0.005488267180772777]
[0.03812795713160244, -0.0008600208455682434]
[-0.08937601539198958, 0.00873820308692519]
[0.010920806569752806, -0.008148513768357013]
[0.023235147318032, -0.03128054880365294]
[-0.03395627773514054, -0.08436318105446827]
[0.03288864751214282, -8.908398379947613e-05]
[-0.009045749720623553, 0.010351945823062314]
[0.026738292770043692, 0.003971878377385787]
[-0.03267582358216692, 0.04052524468487295]
[-0.027127562758843204, -0.020751043450363493]
[0.019490065398162226, 0.039235211719666374]
[0.008866172156308583, 0.035194604730296675]
[-0.0028885061916907873, 0.004547240541646458]
[0.006611663677193125, 0.005624229071955256]
[0.04965138936322988, -0.028809859954035687]
[-0.0025006562387660525, 0.0015398899738126182]
[0.013342375539536766, 0.0044757906489309995]
[-0.0022632247570562036, -0.028180050336688023]
[-0.008762019196714821, -0.024991023585275052]
[-0.02097074438661739, 0.008699144635308187]
[-0.02438408252232538, 0.0012110670299141368]
[0.02436430489964314, 0.0017728340708025314]
[-0.023194826486289566, -0.021019158837822724]
[0.011821006243616372, -0.0027853308470661142]
[0.011546965533342446, 0.034642149921622956]
[0.010167721682473374, 0.0037746702702933232]
[0.0013617298432949676, 0.0311753288894705]
[-0.023594045676140762, -0.0032572154299836953]
[0.031822982216500595, -0.0008683032620182551]
[0.001288069638851752, 0.01701184203837869]
[-0.0032446218709245578, -0.02484200861137631]
[0.011100388458167965, -0.008917652964358647]
[0.014836187445919302, -0.023408915258937624]
[-0.0009203912551314364, -0.0019027306813760234]
[-0.008319907954304373, 0.011056388129293993]
[-0.0017052225078195704, -0.014312610793254521]
[-0.02014624978705748, -0.01035826230762904]
[-0.00530044967413279, 0.010214239783307377]
[-0.01552886241828233, 0.017331817880112954]
[0.019141503786567204, 0.00856013666219635]
[0.005714989084550648, 0.0035059630721247202]
[-0.00330543275236983, -0.0034444255640044726]
[0.030120762853523386, 0.01796391183095869]
[-0.0015957420708958558, -0.0031914828951382646]
[0.0010709064634573107, -0.0013363288141663432]
[-0.009756882537110378, -0.0033649210599215884]
[0.010328220705443147, -0.018210152950336234]
[0.006692766265921635, 0.012695518628809133]
[-0.014338185907545986, -0.017252098143037548]
[0.007971647180902819, -0.008500444667136786]
[-0.0009586494760716047, -0.004034973666879216]
[-0.003320582004810113, -0.002429621389058223]
[-0.009557346726700222, 0.023527765198705808]
[0.00028697583831815976, -0.004287045491760733]
[-0.0056832752250208785, -0.000453841580172476]
[-0.0024835378181735646, 0.011069706320513184]
[0.005505818517534511, 0.0114151864780494]
[0.009638181473967444, 0.003597655490807483]
[0.015560844696954845, -0.0041018553873201635]
[-0.005540857533099963, -0.010217369539186033]
[0.02003830515824312, -0.001345616838043906]
[0.00212070870107528, -0.0018337130827692505]
[-0.015576073926047096, -0.012488074403664395]
[-0.002305236528317156, 0.004018402727628434]
[-0.006252667258682454, -0.008778059840407026]
[0.002611375432200358, 0.008957943022550374]
[-0.010120646108016496, 0.003613421399579691]
[0.005162166837930082, -0.011149623987076467]
[0.005694602485602829, 0.0067127914724687265]
[-0.0025289654606477363, 0.0006002744032100882]
[-0.0008787214451471126, 0.01868075527845514]
[-0.0019596627833451397, 0.002018110265229023]
[0.004853159087307546, -0.005885348888691189]
[-0.001842141895963545, 0.0032380915505783037]
[0.01150172035631214, -0.0023656887656817917]
[0.011126102770927182, -0.0010320841098536704]
[0.004013038590746754, -0.01197836231444005]
[-0.004532174903388864, -0.0044374546097896705]
[0.00024867220481650243, -0.000677653487292762]
[-0.0020198353986273787, 0.0018221585519819783]
[-0.019418208971412554, -0.0017355065364652589]
[0.0009805654758623383, 0.0019028980361670556]
[-0.0007048580132777982, 0.0023746401395307037]
[0.0026399450738083807, 0.006343760934404585]
[0.0018727840959418263, 0.010167430078725281]
[0.00014396801788985059, -0.009955146149748961]
[0.012193452147560957, 0.002904674631496462]
[-0.0022189345116081505, -0.0016524744355113086]
[0.0014570347756766022, 0.004613260292524846]
[0.003505273596477121, 0.004743224041363181]
[0.0010382482270023807, -0.013166345022867287]
[-0.0016074799598284617, 0.003750386443948317]
[0.004047200660814987, -0.003949601939916473]
[0.005944376933753881, -0.0035475463180346875]
[-0.005991533648391112, -0.005290576937885039]
[-0.002784387350301065, -0.00316404960172334]
[-0.004840770572867359, 0.00795270219025257]
[-0.0028174572048138558, 0.006003300120140054]
[-0.008842542371527928, 0.005764380377704326]
[-0.0006700082632205007, -0.0014780661804962847]
[0.010858116941446228, 0.0009141576368751477]
[0.004405457128849377, -0.0006280809181076763]
[0.005796837407770927, 0.0029598472044449764]
[0.0028883983059981855, -0.005155893414853341]
[0.0065452830289431385, -0.004142850038237]
[-0.004286607494639938, 0.00307023713023602]
[-0.003961305882547617, -0.0015501042993326664]
[0.0027931259442596224, 0.0030221964344909757]
[-0.004892878236443465, -0.010468881758421145]
[0.0006718671151473288, 0.0013708433078830629]
[0.00023789668444423873, 0.004068167835410863]
[0.0018969493301667084, -0.0012755470916974015]
[-0.004103835309984372, 0.003307061220655605]
[-0.005405897292894757, -0.003936946217785842]
[0.0014141434431311772, 0.0080595719591261]
[0.00045223551199979894, 0.0030360808030316377]
[-6.759441726456039e-05, 0.0012980395183768145]
[0.0036060078246179517, -0.0010310122035035452]
[0.012058313721438896, -0.0057046276805249735]
[0.0023733345009387397, 0.0002873908283967646]
[-0.00038567208605011505, -0.0019606553488198397]
[0.001051506999710794, -0.0029452499818460876]
[-0.0026184072843344897, -0.0033898779512435695]
[-0.0038919520525078077, 0.004471120119439842]
[-0.005682594858080758, 0.0022327430466901887]
[0.0016598101353424433, 0.0025456900851661413]
[-0.002456084165770145, -0.004328442392272263]
[-0.0006115387962914165, -0.002496615342295394]
[0.003148469844202584, 0.007886456448440216]
[0.0017004916705118944, -0.002373005231820824]
[0.0006982083891109714, 0.003641925837325921]
[-0.0028800325919895453, -0.002189727203214087]
[0.005320010923123952, 0.0006623134970502598]
[0.0020980618570514697, 0.003758401623527252]
[-0.001075575581969579, -0.005426608837594105]
[0.004142802899520959, -0.0007753401541679139]
[0.004822743654269712, -0.005421694210972827]
[-2.705025922944415e-05, 0.0013580569938365025]
[-0.0049096386488515775, 0.0021400343577719916]
[-0.0016243093441818957, -0.0011767094905885678]
[-0.0035998294149459653, 0.00012816196257636747]
[-0.004128629158040686, 0.0023795426706465506]
[-0.00199590271430905, 0.004606836215884869]
[0.0032600181847983745, -0.00041289914261533056]
[0.002791585458494672, -0.0020872348547038653]
[0.0008002332751871899, -0.0033080833022852783]
[0.005827006440999094, 0.004689191929239778]
[0.0013501250930010311, -0.00022677089457678878]
[-0.000547810992681752, -0.0014170191414333289]
[-0.001783717130161011, -0.0004036353853642538]
[0.0019631093724585824, -0.003053999029846599]
[0.0025973699085772295, 0.004302904868511925]
[-0.003936629957243198, -0.004190542302964743]
[0.0020860423030192865, -0.00034984610480265355]
[0.0014215350413362415, -0.0005453068458229904]
[-0.003564669888704408, 0.00011104942704276421]
[-0.003821236145771789, 0.006338717666597438]
[-0.0011384941667929027, -0.0027904400652751793]
[0.0006431878319628215, 0.00034148685074253393]
[-0.000596949461455526, 0.0013413744866199728]
[0.0019788713453339213, 0.0016059142281341643]
[0.004276678943323731, 0.00012370828144969703]
[0.0030191759142289, -0.003745944677242874]
[-1.4050284835476212e-05, -0.002805821861489557]
[0.0032984648742735434, 0.002221737765953913]
[0.0011016314056402354, 0.0016431723970178336]
[-0.0038118394178381365, -0.002893239873363651]
[-0.0018450530688720046, 0.0016017057678181512]
[-0.0005899064845078517, -0.0017172241568527147]
[0.0003434307317505825, 0.0028349899097595]
[-0.0031777099217500937, 0.0004273800267724937]
[0.001125937551315348, -0.00336623139640003]
[0.0034104585080363403, 0.0023473295621021517]
[-0.002419299290953969, -0.00048769868481135514]
[-0.0008688689682596618, 0.0046144070331735065]
[0.0004574677241285796, -0.0013554387815677416]
[0.0018999075328172133, -0.0031686423172254674]
[0.0009029844570001, 0.0011518275384925225]
[0.0014199303380892925, -0.0006878261786799789]
[0.004499224851247596, 0.0009339853215096505]
[0.0005281021856673451, -0.0031764840192279875]
[-0.0020894623304139603, -0.000840448396845217]
[0.0004962714576850769, 0.002587839419413429]
[-0.0012121390624360018, 0.0016933085376327206]
[-0.004718777473632363, -0.0014247326138085992]
[-0.0009789506346281063, -0.00026685747355603695]
[0.0009122883554647521, 0.0006267520298955664]
[0.0010471694450802094, 0.0014389095829021592]
[0.00015051302512897324, 0.001864770675313543]
[0.0007666268841396429, -0.0039021515119253627]
[0.004375257510555508, 0.0004912823733960181]
[-0.0011782239608379985, -0.0002845240546562877]
[-0.0015901935307111037, 0.0013657646809210888]
[0.002371595248341518, 0.0009614664883426105]
[0.0005038248151540969, -0.004219466394258631]
[-0.00015027751864871153, 0.0023704367502660473]
[0.0003160595830819374, 7.078888756350925e-05]
[0.0018240221248846944, -0.00012741735658951606]
[-0.0009940554306603344, -0.0010142828518457936]
[-0.002605834042730848, -0.0017005153650255789]
[0.00022462980157988977, 0.0038028377459320417]
[-0.0007258144951228784, 0.0017893818990919463]
[-0.002464343283592463, -0.0010248821603355829]
[-0.00012617482276661152, -0.0014048604266230225]
[0.0028881814261820793, -8.441240905198008e-05]
[0.0021267810777129414, 0.00019258586823064916]
[0.000588382571739654, 0.001010906844422621]
[0.0014236338586480768, -0.0022751010553822004]
[0.0028091557800720424, -0.0009690553225933929]
[-0.0017791123088043426, 0.0018987276314836876]
[-0.0031095639309206557, 6.451712620991756e-05]
[0.0015300326451889446, 0.0011895467643401325]
[-0.0005546825162360269, -0.002835361256785046]
[-0.0007707013669734364, 0.00099092631114428]
[0.0009081964573382784, 0.0023597497857293093]
[0.0008399310459633602, -0.0010111827292621292]
[-9.252635126799635e-05, -0.0002436065237059193]
[-0.002391458737785346, -0.0020971155465056013]
[0.0005147010344167535, 0.002491652425040458]
[0.0008804279511787638, 0.0016466099499155007]
[-0.0014379577463108362, -0.001554973481624533]
[0.001222621851702077, -0.0010106939573569784]
[0.003488794336891324, -0.0007606039201597803]
[0.0014734835550425929, 0.0008622737436020864]
[-0.0007226609912877047, 0.0001850968601649905]
[0.00021436855369794117, -0.0012633369718325627]
[0.0003660639849829561, -0.0006121293313892107]
[-0.002279625027163057, 0.002213296273792631]
[-0.00273431077352293, 0.0011781259396956845]
[0.0012677183159629513, 0.00033972440504048684]
[0.0009669281657763706, -0.0019400124056130619]
[-0.0008415146035942178, -0.0006680804826156295]
[0.0014140606183742355, 0.0024190014872529364]
[0.0012251427327573117, -0.0014329367244677316]
[-0.0001945134266698456, -0.0004098088782089615]
[-0.0012751846344526419, -0.001024881256808552]
[0.0007258084705912271, 0.0010757823819795842]
[0.001423834292308107, 0.0025208273862766806]
[-0.001366142690780947, -0.0022859279924398734]
[0.0008294724152373423, -0.000918365550783673]
[0.002482884019013948, -0.00023406330153991073]
[0.0003459868578974401, 0.0007971141302228722]
[-0.00146195233637747, 0.0010657301383718565]
[-0.0006171345302403708, -0.0009289591965001565]
[0.0001474486893261462, -0.0003004600895786247]
[-0.0021682242346324765, 0.0015780677621790584]
[-0.001561605457010673, 0.0011748008913151642]
[0.0020225935895539227, -0.0008991764983995454]
[0.0019403127211517768, -0.0017427984681768708]
[-4.0869909191276754e-05, -0.0009373345848930556]
[0.0012386136809680592, 0.0018323754748658105]
[0.00114519056414486, -0.00018435149507323167]
[-0.0010793924006708422, -0.000984462067276759]
[-0.001395939768041643, -4.35071180107105e-05]
[0.0003451623962547057, 0.0006257208370975542]
[0.001388391729416294, 0.0023210202967027804]
[-0.0010578894086152313, -0.0017546062360630512]
[0.00026740969625066446, -0.0011747945774993052]
[0.0021011498352876967, 0.00047363281813128655]
[-0.0007529097762269954, 0.0003903815864726434]
[-0.0016441850803952385, 0.0014492324622414898]
[-0.00042429070270455504, -0.0013765954820146309]
[0.0005756351436831952, -0.00047084028883936924]
[-0.000725880582451377, 0.0013259251814494721]
[-0.00048689707427762574, 0.0005467705440702075]
[0.002413365305293569, -0.0006667314254606427]
[0.0017498081477991811, -0.001897442962368212]
[-0.000517654441292148, -0.0006642079309384478]
[0.00019666972291620954, 0.001786576456290101]
[0.0007936901554300713, 0.0005259498096623627]
[-0.0014551032184357826, -0.0007992188384742249]
[-0.0015092625647613878, 0.0005010144419734797]
[0.0007439068246672953, 0.0004295100712355393]
[0.0009085589231412339, 0.0014284659751646611]
[-0.0007282480887643716, -0.0013207099806043718]
[0.0002028556263264647, -0.002130239635848987]
[0.0017608679567995278, 0.0010564555531249464]
[-0.0005072485454513664, 0.0005223075405010325]
[-0.001331286071287574, 0.0012739892688904408]
[-5.2528254594674806e-05, -0.0008289415375266618]
[0.0008976280075462251, -0.0013326996410795156]
[-1.5787976564707318e-05, 0.0011710399144715389]
[-0.00048178667439879863, 0.0001577877323559818]
[0.0023812331843157397, -0.00038503491843930315]
[0.0011536923013180655, -0.0011632231059886533]
[-0.0014790637829400488, -9.208878018895916e-05]
[-0.00012856240778516548, 0.0019038725318829552]
[9.299963895048613e-05, 0.00041473491404353524]
[-0.0013768669886774498, -0.0010343651812736443]
[-0.0008837590177680765, -3.6032125994900355e-05]
[0.0009978261061535099, 0.0004381940195123113]
[0.001207485954185017, 0.0009639650377269993]
[-0.0002640367183598946, -0.0007426927273374018]
[-7.243791310368453e-05, -0.002204990988408085]
[0.0015415011803358025, 0.0009038635316709343]
[-0.0002703034797717496, 0.0007150677430990404]
[-0.0015125912333988634, 0.0006764539300596617]
[0.0005188250834196051, -8.245630746106514e-05]
[0.0009124252272976197, -0.0015252904153135738]
[-0.00018272128189555925, 0.0013211514988999973]
[-0.00033655161892226504, 0.0002797679703667906]
[0.0014904727021805564, -0.0007856816164947336]
[0.0005969849390234372, -0.0005889169575038489]
[-0.0017173989345091734, -0.0002632845643981696]
[-0.0002752032101088764, 0.0020115397958648806]
[0.0002974702306505206, 0.0004947508888377694]
[-0.0007632218694584303, -0.0012764498398719626]
[-0.0003799476684860359, -0.0003485661914837124]
[0.0012228435611206234, 0.0001468991550364904]
[0.001435070566899288, 0.000548821297200533]
[-0.00036928091086668724, -0.0002849251367392225]
[-0.0001624844539639403, -0.0016529627398436941]
[0.001312339528102932, 0.0008004339931106941]
[-0.0004697924083137961, 0.001287401076918715]
[-0.0015227407594506914, -6.256289500883305e-05]
[0.0005244570359933531, -1.6862384685900622e-05]
[0.0006013851849723251, -0.0014405447126687038]
[-0.00024906929609114226, 0.0008643434852505516]
[-0.00020640104374505808, 0.001032926604517731]
[0.0009329307968740652, -0.0010476999925615842]
[0.0006742518335247083, -0.00025765037969160964]
[-0.001636248225194703, -0.00033480721271827996]
[-0.00029437993339964663, 0.0013886298281613474]
[0.0009065476796977778, 0.0005736299496053032]
[-0.0005397421734397723, -0.0014147100209372931]
[5.6532050744961815e-05, -0.0002199583781377079]
[0.0014290161383408717, 0.00022901580667581897]
[0.0010245616526920187, 0.0005255334417189773]
[-0.000523127731326456, -0.00021328189465352754]
[-0.0005548728505601064, -0.001314873344361811]
[0.0006657557664405678, 0.0005415687391112645]
[-0.00046359289259334524, 0.0014591805949442094]
[-0.0015061042716092432, -0.00010954110748384593]
[0.0005528609964017828, -0.00019600125078345076]
[0.0008495872318495246, -0.0009914244826532866]
[-0.0003323195252642047, 0.00023955137663869697]
[6.863744816698603e-05, 0.0013535434006599067]
[0.0008377280720844871, -0.001178194455807302]
[0.0005938667220454635, -0.0003259415539751398]
[-0.0011872446295193573, 8.91641862333925e-05]
[-0.0002593981219011221, 0.0007313947955168709]
[0.0011169698639561382, 0.000901042701110244]
[-0.0004077685492380745, -0.001533744024812947]
[-7.743990813230406e-05, -0.0003369495070227879]
[0.0012318980046145123, 0.00042646356296213717]
[0.0006003348528217933, 0.000325747863323865]
[-0.0008221549483893864, 4.618754785523649e-05]
[-0.0007432643631514191, -0.000973383829171115]
[0.00035312046237412353, 0.00044483433617314994]
[-0.00040118911188766204, 0.001339105792172779]
[-0.0011133308563957556, -3.152656295080103e-05]
[0.0008092587534589968, -0.0006694386961692]
[0.0012703258626116098, -0.0006586211229078678]
[-9.695965060979583e-05, 3.86038299783481e-05]
[0.0002375515250425675, 0.0012003511951982349]
[0.0006291822629819199, -0.0006739516702710113]
[0.00021616921713402126, -0.0007606092434890854]
[-0.0010979907275772138, 0.0004180672062514823]
[-0.0004908508411709533, 0.0003142293093629789]
[0.001206034038211734, 0.0008318417816781665]
[-0.00036530845657345434, -0.0011711450086683778]
[-0.000308347203468437, -0.0004630425887763301]
[0.0010985864124210543, 0.0008146289686195018]
[9.483069230853403e-05, 7.707172716728272e-05]
[-0.0009220239130228736, 0.00023084346354429464]
[-0.0005302325459468626, -0.0009273399742829591]
[0.00041205555513224024, 0.0003028560748375986]
[9.827932602210487e-05, 0.001336508609203202]
[-0.00048056358254000564, -0.00010597367101986]
[0.0008178647410525541, -0.0007233089242504875]
[0.0014309678180559338, -0.0007415390204789929]
[-0.00022189752691537112, -6.020651729707338e-05]
[-0.0002035321011602531, 0.0008529113248645359]
[0.0005090440959524267, -0.00019328635414672668]
[-0.00038966238904342143, -0.0007932716653922256]
[-0.0011275688593672395, 0.0006911666779219061]
[-0.0003949276385617484, 0.0004456745844459986]
[0.0009980545687243714, 0.00032293162885926874]
[-3.620169478065621e-05, -0.0007128849854816099]
[-0.00021402437029777177, -0.0008778311132010067]
[0.0010533581282990423, 0.0010184273574429525]
[8.727665980501342e-05, 0.00026143513778242866]
[-0.0007831825327462849, 0.00016152164264227054]
[-0.000420562172846084, -0.0005971579563478491]
[0.0006376873038064224, -0.00020015092573610893]
[0.00041774797982796485, 0.0011084382388201197]
[-0.00031221265781938845, -0.0003880895124094832]
[0.000845909001450651, -0.0006240354225677952]
[0.0009700181372312988, -0.0005860594671686647]
[-0.0006745654827171599, 0.00016822093512172676]
[-0.0006593791053926684, 0.0009317814798307511]
[0.00016753001008829038, -0.00016118577761736752]
[-0.0005299321970717585, -0.0005837822749216182]
[-0.0007194954041499779, 0.00042734648315678747]
[9.290325294464274e-05, 0.0006417604771017243]
[0.001095250690521521, 0.00011016311420536384]
[0.00043855844039208947, -0.0005050567719062093]
[-0.00033591142767391835, -0.0009208749966161112]
[0.0009146910244109963, 0.0007103538408400611]
[0.00013105097275278865, 0.0004059194017769219]
[-0.0009379320581689443, -0.00017866324712290105]
[-0.00014346417761212926, -0.0001639513902983447]
[0.0005817302896233834, -0.00048063335185299927]
[0.0002939823455272994, 0.0010156286358855016]
[-0.0003880970502141909, -0.00028659396212256383]
[0.00048819139021336055, -0.0008447963186443107]
[0.0004812173788726337, -9.698658567158791e-05]
[-0.0007769032366643502, 0.0001246962731996093]
[-0.0006293474355588136, 0.0012078051923903876]
[0.00020876657465890291, -3.3654636570346064e-05]
[-3.374886119367204e-05, -0.0006229514621203802]
[-0.0003715191847753485, 0.00017703241238276046]
[0.0005466757439452352, 0.00033973368628702205]
[0.001202772813419406, -5.0996445273260305e-05]
[0.00036138974769439614, -0.0005379244350091628]
[-0.0004189404361047977, -0.0005821895580255254]
[0.00048199042287758176, 0.0004581867865721678]
[-9.839283136359178e-05, 0.0006830994827372594]
[-0.0011537160288720427, -0.0003476575265344284]
[-7.23412170282739e-05, -0.00017713315620382364]
[0.00047802392948481653, -0.0003341136472633788]
[0.000293833684762157, 0.000664816620112807]
[-0.00024961613061882937, 0.00021814719332099997]
[0.000255682811693303, -0.0009036223736932081]
[0.0004950932852012258, 0.00019324160043576732]
[-0.0007723766345977268, 0.00010704497471469843]
[-0.0003520733665751119, 0.0009256855913210016]
[0.0005261722138180797, 4.2343985972803644e-05]
[0.0002506080047082193, -0.0009794699962801245]
[-3.1413926828871563e-05, 0.0002160156337481789]
[0.0005289777470592547, 5.5606545878491426e-05]
[0.0008650041879998127, 5.044025015919773e-05]
[-0.00013489379869446871, -0.00038590362890666974]
[-0.000729942930973726, -0.0004663834379139975]
[6.598528560047834e-05, 0.0005677863715017883]
[-8.901170175884543e-05, 0.0006588117432120288]
[-0.0009627121852959775, -0.0002129583928450196]
[0.00011694615080243276, -0.00024024600936223273]
[0.000717590513261257, -0.00017424545721721977]
[0.00019889941307250913, 0.0003182874497240501]
[-1.833409551432741e-05, 0.00047195195413468616]
[0.00022086338856430743, -0.0009341570618120743]
[0.0005336905702474082, 5.391113665409453e-05]
[-0.0005094618306452636, 0.00036388036377255073]
[-0.0002924975427218701, 0.00032536406358874004]
[0.0005941117463333923, 0.0003249320303032599]
[4.726206805721889e-05, -0.0011482848400941464]
[-0.00013397688693267407, 5.432555766024527e-05]
[0.00028267048368546543, 0.0003346352499201122]
[0.0005586214762812736, -7.04883715359414e-05]
[-0.00032082289144375054, 2.71858259404123e-05]
[-0.000802694695158257, -0.0003361856285345466]
[9.787788374787665e-05, 0.0005505601872308752]
[-1.8767738061226114e-05, 0.0005472813827589462]
[-0.0005645741021284012, -0.00023232336988868174]
[0.00042067964509573397, -0.0004537585156629831]
[0.0009622582810610847, -0.0001968901778784879]
[0.0002587670057626057, 0.000271125099859066]
[-1.340920205131213e-05, 0.00037888182553413863]
[3.488424719455541e-05, -0.0005857473327133267]
[0.00020184002446299587, -0.00023254282893248046]
[-0.0004894729970861822, 0.0004742810844505785]
[-0.0004549790604866377, 0.00010339714432522351]
[0.0006646790465129893, 0.000323845660724853]
[-3.678927542774546e-05, -0.0008276607130147298]
[-0.0002875540156082046, -9.386110311056933e-05]
[0.00033193939498393776, 0.0007178560047332305]
[0.00022377447650656634, -0.0002524512944293289]
[-0.00023679724440413275, 0.00016136429076296643]
[-0.0005278425163647849, -0.0003525282078975511]
[0.0002610942934081484, 0.00023303396308960167]
[0.00031020467805353835, 0.0006675510750583369]
[-0.00031812036506445596, -0.00041497043697563685]
[0.00039630648298233373, -0.00039858856099447837]
[0.0008473631869483911, -0.00023620481720576514]
[4.2361310172989164e-05, 0.00014756585435860003]
[-0.00028605518952434794, 0.0004129261153481556]
[-1.1432028818036954e-06, -0.00030627995739229696]
[-6.868410013721737e-05, -0.0002642067631941636]
[-0.0005166540811181591, 0.000592935259406846]
[-0.0003526826187835175, 0.00014875907717254444]
[0.0005502188409569064, 2.2822578321202158e-05]
[0.000131580021633243, -0.0004728907520834824]
[-0.0001818792462323915, -0.00042674213943787176]
[0.0005159370846600786, 0.0008171340759430823]
[0.00023794492382955834, -6.842888260211177e-05]
[-0.0002055739926934974, -0.00010605420279352629]
[-0.00040367226976967263, -0.00011548642455672109]
[0.0001693281767298771, -0.00016129317475205296]
[0.0004227090509408282, 0.0006033914943192054]
[-0.0003269155003141344, -0.0003122635997058849]
[0.00036733197829444397, -0.00036991555285952743]
[0.0007211297581449783, -4.162299591981e-05]
[-0.00029301643057133564, 0.00018125256495277187]
[-0.0004385445625832707, 0.0004488496728617397]
[-0.00010362113065126577, -0.0002680411550460837]
[-0.00015426463877921126, -0.00025337944958181424]
[-0.0002730590989005327, 0.00042350193022266946]
[-5.257137816128132e-06, 0.0002360698490191382]
[0.0006295387230881022, -9.033175495035128e-05]
[0.00035311345471802924, -0.0004207925117061806]
[-0.00021220539857880194, -0.00047824681287751]
[0.0003648643758204506, 0.000597146942095339]
[0.0002244157680714176, 0.00013846552447316363]
[-0.000450996095569145, -0.00023293099432941666]
[-0.0002576653210979579, 0.00012339769119285027]
[0.00017909276902405846, -0.00021606021725739666]
[0.00029283194463491924, 0.0005241476572523385]
[-0.00024497230538888387, -0.00012427491964107223]
[0.0001793259114033774, -0.0005522640355863587]
[0.0005756533519985785, 0.00014939562266363948]
[-0.00037165176125308896, 0.00011071160754239084]
[-0.0004032072820283339, 0.0004741148707758658]
[2.667583974375054e-05, -0.00013151678815259693]
[-1.2253250319504971e-05, -0.00043041474282479175]
[-9.724975583813578e-05, 0.00029358478506336105]
[0.0001582033547198325, 0.0001580087467289975]
[0.0006674745613713881, -0.00017853410865124875]
[0.00027162609034533935, -0.000310107164379958]
[-0.0002462427534574152, -0.00032079483422195465]
[0.00018455294742568407, 0.0004796844257526356]
[5.6653764737846224e-05, 0.00040546193406243436]
[-0.0006026057505325033, -0.0002936216734095165]
[-0.000243969081026002, 5.4859262497930494e-05]
[0.0002785248471584012, -9.287601441508586e-05]
[0.00028590068138723, 0.000243437928564183]
[-2.2782794892761693e-05, 8.213592627370758e-05]
[0.00014020074715143105, -0.0005891387412081187]
[0.00048057389850905685, 6.485620837248796e-05]
[-0.0004119428298807737, 0.00016779172660436048]
[-0.0004886600742667335, 0.0003454411954818548]
[0.00022543973923701277, -5.5937243426340544e-05]
[8.976756726419843e-05, -0.0004813154713751988]
[8.513225433404159e-05, 0.0002544052058081059]
[0.0002916433518166117, 0.0001324168503340946]
[0.0004899056234192734, -8.660555910395239e-05]
[3.0244941844115303e-05, -0.00023334011378139952]
[-0.00046378006030900476, -0.000258344883154793]
[8.557587849622461e-06, 0.0005134769695260832]
[3.329254946621285e-05, 0.00041795960487456263]
[-0.0004517760367720447, -0.0002683351017955249]
[-7.684260952467437e-05, -5.672600336437128e-05]
[0.0004789082888451146, -0.00014020328324401785]
[0.00023425314895159088, 6.038484434105207e-05]
[-5.223591300224095e-05, 0.0001603503793846106]
[0.00013343844166424645, -0.0005826455863275071]
[0.00030430894265244535, 4.9071696048730296e-05]
[-0.00031198087137340735, 0.00034084835440251204]
[-0.0004381226433999852, 0.00022303296900061387]
[0.00030223930941181143, 0.00011280048776840523]
[0.00014943628224955985, -0.0005468712792596961]
[3.534042027630857e-06, 0.00010499438104530356]
[0.0002724882423442154, 0.0002545922903743336]
[0.0003302161535786996, -0.00012852132528240814]
[-9.799895317869067e-05, -8.206192091797515e-05]
[-0.0005332013833012628, -0.00017668865801201417]
[2.8087941303100994e-05, 0.00040346770415777833]
[5.9224955265835266e-05, 0.0003686567796269413]
[-0.000331281422581875, -0.0003414262264111456]
[0.00015995967897833308, -0.0002536394526741481]
[0.0005542876876537747, -0.00010417310167933069]
[0.0002604869189327952, 8.3814508909868e-05]
[-0.00011043975611563228, 0.00023676854236154288]
[-1.6258939605773293e-06, -0.00036064876321645345]
[0.00014234304486165916, -4.777126593324965e-05]
[-0.00033324268582496375, 0.0003836488279854722]
[-0.0003903728955847452, 0.00016037805127211424]
[0.00042267285680194777, 0.00010702144252383583]
[0.0002509839526253499, -0.0004920805333740834]
[-0.0001174340564946974, 1.0888938668483783e-05]
[0.0002596427219447306, 0.0003341046362104749]
[0.00012061103004706863, -0.0002063427347199498]
[-0.00025104837798616, -3.536763700195955e-05]
[-0.0003870265885697055, -0.00020302142206118923]
[9.278680362395653e-05, 0.0003088325388034274]
[0.00026903661619843977, 0.0004516816560594661]
[-0.00016771573079704671, -0.00040483282312971797]
[0.00018456151864126857, -0.0002686139993554604]
[0.0005050702505144528, -9.200983721383005e-05]
[0.0001015039983716659, 6.527108646388335e-05]
[-0.0002682587370587408, 0.00035663615007131]
[-4.6198937057817524e-05, -0.0001994417143725835]
[0.00012294246045663204, -9.938626844441245e-05]
[-0.00034635960190478043, 0.00042685938801900747]
[-0.00025647574339437984, 4.072493275941724e-05]
[0.0004303441901305216, -5.494988742166251e-05]
[0.00022016249582015868, -0.00041196804913393517]
[-0.0001276359116582637, -0.0001720278750751373]
[0.0002230898845424767, 0.0005111725754806118]
[0.00010369327637066439, -0.00010793330250979949]
[-0.00022983478471583219, -9.243052341489921e-05]
[-0.0002799219286040433, -9.807271800565953e-05]
[0.00013449416164323935, 7.243281989488537e-05]
[0.00037264590714422563, 0.0004595209412325829]
[-0.00017251721852326596, -0.00034370855815224303]
[0.00014608095858312242, -0.0002789038515625744]
[0.0004896287954281597, 5.6667774716301356e-05]
[-0.00013373201617244979, 9.64753056332257e-05]
[-0.00032988921036064545, 0.0003284645339484138]
[-7.702135471410188e-05, -0.0001839439093971329]
[4.6790623162040745e-05, -0.0002116454075102303]
[-0.0001976110094945166, 0.00034326963083342044]
[-0.00012805874172516774, 0.00010126787764077466]
[0.0004933957774706788, -0.00012573965452944424]
[0.0003033528223345544, -0.00032006970562629966]
[-0.00020047421778190966, -0.0002235208218311982]
[0.00014636037061875606, 0.0004831724783325164]
[0.00011952081592064845, 2.270351127869885e-05]
[-0.00030742507035858013, -0.00017616670261744183]
[-0.00017010943264231249, 4.3391642021384236e-05]
[0.00021279710914140493, -3.196741227690092e-05]
[0.0003040955098146947, 0.00043945692818603277]
[-0.00017348249648075492, -0.00027194829840656784]
[6.715687657032898e-06, -0.00042097645905917174]
[0.000375525300108287, 0.00019928956512121898]
[-0.00020158574702350274, 7.030820235226498e-05]
[-0.0003297042223105451, 0.00034618513451223354]
[3.757484828387225e-05, -0.00010904671760003648]
[0.0001288299560783246, -0.0003503950261314337]
[-8.964036361908123e-05, 0.0002868449477022028]
[-4.649280739446593e-05, 0.00010690038805662595]
[0.0005054479818318025, -0.00018859990261876208]
[0.0002819723418440445, -0.00020647782065763565]
[-0.0002633601162102539, -0.0001563289558313974]
[9.313949538269917e-05, 0.0004118853348986651]
[6.830223707071648e-05, 0.00020015176826870817]
[-0.00039302356920073445, -0.0003209445460302107]
[-0.00015820138016758856, 1.9744447371294882e-05]
[0.0002097622218039108, 1.2389657784321606e-05]
[0.00027963523267607315, 0.0002677592447002386]
[-0.00010152322384943124, -5.2407534651077725e-05]
[-2.628343114519094e-05, -0.0004915712967663508]
[0.00039061000328032003, 0.00021172065125962813]
[-0.00020987207072925562, 0.00014221919720852627]
[-0.00035175199957188097, 0.00019978297113421029]
[0.00017761213926095754, -4.970986331365168e-05]
[0.00016620359969987675, -0.0004195283751231016]
[-2.69309424763553e-06, 0.00026791511082330244]
[4.5163236037190635e-05, 0.0001524154538730775]
[0.00038592997165186327, -0.00016551165977428915]
[0.0001757489937405654, -0.00019558077472492386]
[-0.0004047993075543821, -0.0001317736202380293]
[-7.561106455539202e-05, 0.0003723607791700223]
[0.00010417943325291557, 0.00024191405541118538]
[-0.00037762600530305557, -0.0002808976664790963]
[-7.929057473091139e-05, -4.023905937200478e-05]
[0.0003755276891971582, 8.664260464307481e-05]
[0.0002369831508310244, 0.00012384410094873344]
[-4.416949494157052e-05, 1.1863260945099707e-05]
[-6.35404454829569e-06, -0.0005023670882043363]
[0.000316165331036386, 0.00013510291457252688]
[-0.00014904803866677696, 0.0003265947746646791]
[-0.0003635593191388953, 5.895887173534842e-05]
[0.000189724854373588, 3.629919701142459e-05]
[0.0001789429507714213, -0.0004642417898272633]
[-5.703222428682375e-05, 0.00012727709737256343]
[8.995928113389451e-06, 0.0002624622354116535]
[0.0003162612669758147, -0.00020033003368533087]
[6.792378747599859e-05, -8.491349307104823e-05]
[-0.0004652248284185978, -5.3748848611590017e-05]
[-7.458488659789486e-05, 0.00034588198538798576]
[0.00014859398722498474, 0.00021470461182193645]
[-0.00024735644542794866, -0.0003014907268307221]
[6.945306623129532e-05, -0.00016439176018240298]
[0.0005004403556957276, 0.00010831658769033803]
[0.00024007114056036338, 0.00014572316179775006]
[-6.244627861745622e-05, -9.813388226642683e-06]
[-0.0001097832827632872, -0.0003687577496082617]
[0.00015753914974550587, -8.29687628944864e-06]
[-0.00016183646859052603, 0.00037948578024193935]
[-0.0004401204325663044, 2.2706964209806557e-05]
[0.00025668343217927214, -2.7669077621861327e-06]
[0.00023423064093008872, -0.00032268208029840543]
[-0.00012295017962495047, 3.2313433186971496e-05]
[6.400659206198811e-05, 0.00037295502782155876]
[0.00022334649765892722, -0.00024347264356661125]
[1.8266294866675636e-06, -8.718202821134113e-05]
[-0.0003772832766658629, -1.2473717400429685e-05]
[-2.5159561651832973e-05, 0.00027979759747442934]
[0.0002716090525925474, 0.0002771223159475644]
[-7.821869367097278e-05, -0.000368217336955641]
[6.34086642750109e-05, -0.0002031128391642989]
[0.0004725442254175788, 3.583251422636935e-05]
[0.00014430374573853877, 0.00013231652119202048]
[-0.0002827919590206174, 2.147224610837828e-05]
[-0.0001604089029748068, -0.00025425383608118635]
[5.5826754318089034e-05, 3.554765617785893e-05]
[-0.00017377817180512511, 0.0003921433163843746]
[-0.0003165932108726288, 4.7066429697290024e-05]
[0.00030080863572967687, -0.00015701642700866048]
[0.00032312574775063274, -0.00023988938891580588]
[-9.178354597561e-05, -4.9769299029620365e-05]
[8.410802940583828e-05, 0.00043227545948981705]
[0.00018616298549717358, -0.000129146009404002]
[-4.653676593524558e-06, -0.00018239556997412532]
[-0.0003502005792333507, 6.099666300929396e-05]
[-1.1178737834960373e-05, 0.00010289337361490958]
[0.00035187820108145695, 0.00024975678001415424]
[-9.157093469314148e-05, -0.00036538425659364895]
[2.806984436011517e-05, -0.00021919830250658606]
[0.000373130508384778, 0.0001402309199497187]
[-1.7265138480604403e-05, 0.0001418601276994419]
[-0.0003785251877255341, 0.00010071622405238845]
[-0.00017035730780207148, -0.00025742131775130517]
[8.977558032957633e-05, 4.289911162080884e-05]
[-3.3783114770688516e-05, 0.00034312546298842506]
[-0.00012231196914247455, 4.662289055797769e-05]
[0.00035787415566645997, -0.00019163916181813567]
[0.00039723838464002237, -0.0002512282657967102]
[-0.00016150189542951665, -4.1295751088417376e-05]
[-1.6083624058166324e-05, 0.0003610879267608724]
[0.00014923117603660163, -4.010676833249294e-05]
[-0.00011467112708984928, -0.0002538365751251215]
[-0.00028644051142686505, 0.0001250175250514518]
[1.972317843212945e-06, 6.196480620648814e-05]
[0.00033640670993609345, 0.00020520376781751892]
[-8.919672706074466e-05, -0.0002658049989581329]
[-6.42165955515861e-05, -0.0003128039021199165]
[0.00030447987931145337, 0.00027944085811010266]
[-4.958438725782832e-05, 0.00012448984927887485]
[-0.000332381546732069, 0.00013547083016873795]
[-7.576598293590475e-05, -0.00018555971585232367]
[0.00021851402340933301, -8.629910027713183e-05]
[4.522559312128416e-05, 0.00032812770641887923]
[-5.354981027624883e-05, -4.379852851177368e-05]
[0.00033960729312756954, -0.00023276070876401475]
[0.0002920530222945139, -0.00021076335591110884]
[-0.0002317672081231792, 1.2971719485013744e-05]
[-0.00013349025042075358, 0.00036317353575199274]
[8.621321932711368e-05, 5.1029362320209604e-05]
[-0.00015517813485738108, -0.0002774472093083902]
[-0.00024367557028709408, 6.748747097840013e-05]
[6.075623960338783e-05, 0.00010225189914413874]
[0.0003725611651857197, 9.358673257407746e-05]
[-1.6775079584058217e-05, -0.00012900552661025688]
[-0.00010565333351078565, -0.0003138308293129978]
[0.00031270262097657375, 0.0002893506005074986]
[-7.673756289949818e-05, 0.00016576428926823317]
[-0.000306810559123738, 7.017453706681387e-06]
[3.947462240433408e-05, -0.00014210968122008172]
[0.00022866249791331228, -0.0002110200055173428]
[0.00010176084937629781, 0.00033976919777833903]
[-8.056001687239273e-05, -1.5387122545704873e-05]
[0.00020163263232221562, -0.0002344834019811148]
[0.00017904478112862332, -9.746143508687632e-05]
[-0.00032220268702715105, -1.501580804327829e-05]
[-0.0001758995670769481, 0.00037770294970063123]
[0.00015637408573168643, 7.269982065605252e-05]
[-8.820527238806442e-05, -0.0002910378375918232]
[-0.00016087466921543836, 5.8808755104611254e-05]
[0.00017136003921386367, 0.00011179342574013998]
[0.0003241610702445913, 5.37421795564208e-06]
[1.0480908042009851e-05, -8.623454742301417e-05]
[-0.00011109937456854624, -0.00031397017733911237]
[0.0002381905041221738, 0.0002182441849597483]
[-3.4758348249341875e-05, 0.0002916488159566133]
[-0.000335756510868257, -9.819411781969434e-05]
[4.1045740386713714e-05, -7.476242776277564e-05]
[0.00020681194316235496, -0.00021796160972040873]
[5.4924693006719316e-05, 0.00021786213497124174]
[-9.244178469908215e-05, 0.0001180579336832327]
[0.00015254693806221464, -0.0002783975568857837]
[0.0001557046729616235, 4.654098822998165e-06]
[-0.00033558099484892745, 4.457196396162599e-05]
[-0.00012781443711457063, 0.00029235173488367794]
[0.00019670979899562985, 7.188777862854323e-05]
[-3.061938193837932e-05, -0.00035939293192913113]
[-5.3587222223094866e-05, -1.059810781509074e-05]
[0.00020691465481602334, 0.00013216211389245613]
[0.00029426939960786047, 2.11656277963497e-05]
[-2.1575303983778493e-05, -5.3965562086977226e-05]
[-0.00019988116280594825, -0.00023113083797940415]
[0.00012946601884042397, 0.00013829128521480882]
[-2.5271846551350174e-05, 0.00030967517443214465]
[-0.00035336301755617416, -0.00011028987110561772]
[9.939657378474354e-05, -8.53135835222063e-05]
[0.00026532623277727985, -0.00012773642590528395]
[-4.6360008082654836e-06, 0.0001359189468737379]
[-3.42051220091899e-05, 0.00018820167743885396]
[9.222702587230458e-05, -0.0003193653655022416]
[0.00011224667021269424, -2.6408831751645323e-05]
[-0.00024299622505080665, 9.426810994900281e-05]
[-0.00011981517896636484, 0.00018475009425145128]
[0.00026335756675126276, 0.0001417425230730851]
[8.359576959937609e-06, -0.0003775132360152658]
[-7.417270540008292e-05, -5.371210068513821e-05]
[0.00018880009320537683, 0.00017174792728463784]
[0.00021911091721268927, -1.1657417755411847e-05]
[-9.563412838092811e-05, 1.514820577974696e-06]
[-0.00021562867499652638, -0.0001415798217362374]
[8.83963353852657e-05, 9.723549704343526e-05]
[-2.796921506053457e-05, 0.00032586091907504944]
[-0.0002815245015271306, -0.0001188498713196734]
[0.00012076828804094553, -0.00018594580789235704]
[0.00031586791358419186, -6.909772318363511e-05]
[1.2157232815918073e-05, 4.966251720908525e-05]
[-2.1232112156932548e-05, 0.0002100554252600917]
[8.232428020887861e-05, -0.00022558927681654017]
[4.369591599370781e-05, -0.00010490367307147697]
[-0.00021978048671847383, 0.00017235321936914794]
[-0.00013866949281676755, 0.00011137826644719295]
[0.00028570191400872913, 0.00011450957759012725]
[4.3915308518216456e-05, -0.00029537734950278206]
[-8.117433428441595e-05, -9.925646323237503e-05]
[0.0002062311467283806, 0.00022389084081242405]
[0.00011493883879321043, 1.0138679958596186e-05]
[-0.00015386848189652413, -1.1649155298942837e-05]
[-0.0002302522149500441, -0.00011740594267845017]
[6.266186654513284e-05, 5.245897216671347e-05]
[5.803417977442993e-05, 0.0002671806834874113]
[-0.00016859871318408715, -0.00010155211230513869]
[0.00017720991877924475, -0.00021501677067332914]
[0.00033770810862603085, -6.384286239659309e-05]
[-3.782884765721195e-05, 5.183029672800252e-05]
[-0.00010422243941918263, 0.00019922413549017248]
[5.4350785029078086e-05, -0.00014575431144658868]
[-2.250765523270637e-05, -0.00011724711609273353]
[-0.000166068576947849, 0.0002183376549738103]
[-6.575237182804283e-05, 8.316278582140568e-05]
[0.0002595511158740571, 8.277703895692712e-05]
[8.015973244983321e-05, -0.0002450265863432541]
[-0.00013762403400184586, -0.00018133845759109226]
[0.000165520718187262, 0.0002563164634780124]
[8.725953210436677e-05, 9.659827346381045e-06]
[-0.0001855517126075068, -2.7279772607857744e-05]
[-0.00016264427610618304, -5.310038089612057e-05]
[8.187108252938335e-05, -1.7686706811181896e-05]
[0.00010310059022661244, 0.00023097866126764455]
[-0.00010604190424726156, -7.82980490230123e-05]
[0.00018655174555672754, -0.0002498250433902553]
[0.00030571405694937437, -1.8851134455877272e-05]
[-8.044837756998602e-05, 0.00010100439081114909]
[-0.00015807619042917248, 0.00018775432418982607]
[-4.756772287284328e-06, -4.6677365161229556e-05]
[-4.575449103927376e-05, -0.0001483851485178378]
[-0.00014834287319312467, 0.00015641699124469]
[1.3372576962905613e-05, 8.077666350901971e-05]
[0.0002859950768565739, -1.3109575870126622e-05]
[0.00010486489127856102, -0.00018869365200585575]
[-0.00014814079443586925, -0.0001786162022960197]
[0.00010587327805100522, 0.00024331020235107692]
[4.1873272498771374e-05, 5.5151112877571684e-05]
[-0.0002207122524747196, -4.989905032770636e-05]
[-7.117475030209153e-05, -4.1352630505087085e-05]
[0.00013380112836336444, -4.693617728447619e-05]
[0.00016374183558295896, 0.00022486668412852184]
[-4.348709526619948e-05, -5.4213694633462733e-05]
[9.85663597073555e-05, -0.00021649674338786694]
[0.00022450014957076103, -1.9071413509541557e-07]
[-0.0001780265356727817, 8.408010319693737e-05]
[-0.00020623110205289508, 0.00018898723053323296]
[3.921707021387055e-05, -3.402443395361665e-05]
[-7.649812520105215e-07, -0.00017090502315281197]
[-7.590212993707768e-05, 0.00012619101394195642]
[8.591749530083292e-05, 5.5846621433437715e-05]
[0.00025137130686468667, -7.174111799755634e-05]
[5.3878633106602125e-05, -0.0001307242894338645]
[-0.0001433841702657146, -0.00017882081523276638]
[5.674184957626949e-05, 0.00025186572293178777]
[5.928117405823441e-05, 0.00015528119853147615]
[-0.00018632904895532487, -9.730901961430005e-05]
[-4.8702131803413096e-05, 6.49524300733173e-07]
[0.00016282622278060432, -9.785306627177123e-05]
[0.000129038316552893, 0.0001430371048973672]
[-5.380941145691209e-05, 1.669880396751311e-05]
[4.9416699090337746e-05, -0.00022581813572406656]
[0.0001686449888154279, 4.370336016062959e-05]
[-0.00021451688551682446, 0.00010315402561039688]
[-0.00019417318867398503, 0.00014048251608561602]
[9.041204096228717e-05, -4.1465571886389885e-05]
[2.6273649206376426e-05, -0.0002033854677516017]
[1.830670262589762e-05, 6.93701796245505e-05]
[0.00013029561647766308, 8.945932687524916e-05]
[0.00021928259748883738, -4.457120132240859e-05]
[2.437619575432204e-05, -8.781204516661312e-05]
[-0.00020307890410553586, -0.00012223201185651567]
[8.538720913470188e-06, 0.00019253580445094398]
[5.5042452386661056e-05, 0.00018036554437317331]
[-0.00017611571199460663, -0.00012126923669178447]
[5.509067006748136e-06, -1.5675309980756058e-05]
[0.00020415542076865356, -8.254146809035228e-05]
[7.469343860580513e-05, 8.123949254874516e-05]
[-5.9406009802087656e-05, 7.239098804787125e-05]
[7.411818657709901e-07, -0.0002470448800017955]
[0.00010241445071714622, 5.287826741390278e-05]
[-0.00015575700487019395, 0.0001140598216067823]
[-0.00014442070816256258, 0.00010164239067050884]
[0.00017457132674408848, 1.5889365919841136e-05]
[8.111398843310691e-05, -0.00024864174037402334]
[6.529555803116982e-06, 5.094073126718501e-05]
[0.00010711823643383411, 0.0001030350461234536]
[0.00013185726831049793, -5.246536388255063e-05]
[-5.020429101507129e-05, -2.2779794231986283e-05]
[-0.00021218271416428847, -8.408216422511883e-05]
[1.6153747940894636e-05, 0.00014357493971395296]
[6.369459588376203e-05, 0.0001996527653579938]
[-0.00014761119666861777, -0.00015778753545686586]
[3.196138065020282e-05, -8.4409458753959e-05]
[0.00020310409292714944, -2.4890036465798765e-05]
[6.124432530509039e-05, 1.2486598146090738e-05]
[-3.685363168343114e-05, 0.0001496222156386895]
[7.742637844421196e-06, -0.00018339607554743176]
[9.198742518987113e-05, -2.582623690416952e-05]
[-0.00013012212788654498, 0.00017237691254612386]
[-0.00014574027272434842, 1.6819502796527885e-05]
[0.00019563111329123917, 2.2653529044902587e-05]
[7.471370349285134e-05, -0.00020634128370870374]
[-2.5815661267573897e-05, 8.924086809108944e-07]
[0.00011170241201477471, 0.00016247818607445508]
[5.049280418034652e-05, -4.56073847461963e-05]
[-0.00010330469824317012, -1.893965177651724e-05]
[-0.0001977124362242122, -7.616368258295259e-05]
[1.393835963886536e-05, 0.00010306164913648219]
[0.00012569924459590598, 0.00017782635982943606]
[-7.318973044040389e-05, -0.00013111003849584565]
[7.620217524542672e-05, -0.00011239947618370272]
[0.00024056538635747193, -1.3332308676242133e-05]
[8.432829794929875e-06, 1.383812505659568e-05]
[-7.798792648613245e-05, 0.0001359180147189054]
[-2.5138509942568277e-06, -0.00011839282644643401]
[3.1383413616165035e-05, -8.396225629742071e-05]
[-9.839122299926117e-05, 0.000202079283570189]
[-0.00011887145180544678, -1.85366530888742e-07]
[0.0001798437797890795, 4.72295760506336e-06]
[7.440509159534203e-05, -0.0001483253961321769]
[-7.900577363273431e-05, -8.42993573151327e-05]
[9.689415437846849e-05, 0.0002259754255135582]
[4.670157866637492e-05, -4.169413543628209e-05]
[-0.00010409308057693356, -2.3603423873752583e-05]
[-0.0001260004755543609, -1.7594342579141387e-05]
[6.454298440411455e-05, 1.7502060208729464e-05]
[0.0001383832652657735, 0.0001773205380914411]
[-4.870940986906325e-05, -0.000130443818421813]
[7.296458808157824e-05, -0.00015799805220536103]
[0.00021131659075429576, 1.826308010025035e-05]
[-3.363523804317259e-05, 4.3800785738332126e-05]
[-0.00012446388665735691, 0.0001242526361682761]
[-3.0474453974638216e-05, -4.252974357171757e-05]
