[260.23810406361855, 551.8296282089863]
[55.94462272273757, 51.86736632140569]
[-4.339465197404044, 30.04953843134667]
[5.876969581715054, -11.73626650360066]
[25.360324275498574, 5.144532997000123]
[12.418933121296316, -12.748932605182663]
[9.09729051948823, 1.5515119741437626]
[0.7870823696871336, 2.4065469973827454]
[3.50140577219681, 0.2731899445324868]
[4.755375485178533, -2.0263186177607464]
[-0.9987190982626197, -1.0141973634341808]
[4.082233769324588, -1.5130473229922954]
[0.0708972502752796, -2.838359944150947]
[-2.1117103288838406, 2.047695947402521]
[-1.129515177718793, -0.0441481905713923]
[0.8716484123204915, -3.225275211511786]
[0.4201720466207166, 3.5306368770051293]
[0.8654821999181981, 0.6253976330989515]
[-0.8172471770448344, -1.69606835476046]
[1.4265377944849418, -0.850833664655168]
[1.3304675366277738, -0.15079373209828884]
[0.02264183993108171, -0.5171844939531267]
[-0.44456150980550824, 0.008804656410847045]
[-0.9439948474596014, -1.3034314962927072]
[0.5037483364405211, -0.6416597585636548]
[0.22614833756631336, 0.8273594876198431]
[-0.20244178434631444, 0.24821000957600425]
[0.9312992643461095, -0.22446773601988745]
[-0.4225424299295857, -1.0103150843350979]
[0.020046067660234534, -0.7737356003656255]
[0.19396018241902313, 0.049556485866545597]
[-0.6509959632738718, -0.011392618460551951]
[-0.2542253350874186, 0.6314180916253789]
[0.4884922745825433, -0.788169614276137]
[0.5391501721906753, -1.1251779512361004]
[-0.3232393917550316, 0.9216590127626558]
[0.04897748766030485, 0.14914020693974672]
[0.28410931515231375, -0.17472138731954434]
[0.04170656734484668, -0.02945144021497459]
[-0.3641671792101081, -0.29498671716851854]
[-0.12382064040074736, -0.04278691634905396]
[0.23576201974921263, -0.05908203637803444]
[0.3212067754654977, -0.33448247336932635]
[0.03811389432787882, -0.22268838121841217]
[-0.10944414263735114, -0.1671865150936629]
[-0.269695836820669, 0.18054402620326293]
[0.2825864105568501, -0.06338552377708684]
[0.1636679124817646, 0.16707440348111469]
[0.17869809797687397, 0.15375822510928927]
[0.1827724302986804, -0.16872418529591693]
[-0.014282095728247679, 0.08532407680129239]
[0.13123599840963063, 0.19764750906179795]
[-0.09198256511980585, -0.562850609545507]
[-0.2422723045793173, -0.040420781957903884]
[0.024381710194612438, 0.2844667590568646]
[0.04215824778560695, -0.16348733716620867]
[0.35589338574568297, -0.05601675660286376]
[-0.03506690914616489, 0.06138659270962199]
[0.09360086658555922, 0.15029342740782758]
[0.33263818269795753, 0.16972407796027467]
[-0.14255848252750036, -0.10068555773565913]
[0.05508276941320778, -0.13983733521967334]
[0.04663045402642885, -0.09316071576002916]
[-0.013129990488360554, -0.09843236222905549]
[0.10417521346342262, 0.05630437997950333]
[-0.034127005060009145, 0.1045346566805887]
[0.0005068526930718242, -0.059888015978014186]
[0.12694877305714367, 0.020596934605705552]
[0.042676347827124594, 0.01013398870287463]
[0.07767565355708225, 0.03808234253887122]
[-0.07844920805904998, 0.10114546330229657]
[-0.05554092312061401, -0.240063387599335]
[0.07506850792606601, 0.09223667268471214]
[0.12619571031927906, -0.008495269547593054]
[0.0010288935040287939, -0.1544077649664084]
[0.019269486562946497, 0.05720659397472705]
[0.0546886259855528, -0.08224752369419486]
[0.05561127621785472, -0.03667356473556671]
[-0.014304438668121477, 0.07033761972132391]
[0.014161298618249107, -0.054956759886966466]
[-0.03030410199013822, 0.023528552629375588]
[0.00363591894797477, -0.04859865040887312]
[-0.021654141072993127, -0.05661857605687959]
[0.00956648476366817, -0.02580686928258924]
[-0.018785844821805675, 0.028852930330183435]
[0.00314426347803054, -0.03119934658881629]
[0.015223754442807547, -0.08942661937782725]
[0.007887303650315869, -0.02807507933355735]
[0.09353322566145161, 0.05118253167202358]
[0.039620371050222425, -0.026788185446184443]
[-0.00940604672552281, -0.030306876377654723]
[0.0021951812502218893, -0.054233577774999375]
[-0.06822505263240952, -0.08130673217686046]
[-0.04750034011959059, 0.04871859885447316]
[0.009605893880413774, 0.009987656493968489]
[0.03271554280044808, -0.0689639535661919]
[0.03509261326054958, -0.05014701669059829]
[-0.04410991219636329, -0.0036172316158866735]
[0.03821954949330575, 0.0325089015437644]
[0.013796784784126381, 0.04246412668509958]
[-0.014251668956700048, 0.007900209834158956]
[0.06471904805405693, -0.0791818428429849]
[0.019062547428613907, -0.07451358764374383]
[-0.0634881996129697, 0.03353963646790614]
[0.039502911995401124, -0.026266508027898205]
[0.010108766694479687, -0.01667024215787727]
[0.015113388267213423, 0.01039379556548592]
[-0.026893040412144575, 0.028264021583078947]
[-0.026804079608362397, -0.020012212953239572]
[0.05059567745981264, 0.019147187834158252]
[0.0518776113517081, -0.016033605548525565]
[0.01568109113467675, -0.045209627062131386]
[-0.01072033081232826, 0.05585423198318845]
[-0.01610642068833612, -0.00030412468565188533]
[0.028238519811914387, -0.06705360352200473]
[-0.006877097181806846, 0.028447834904765656]
[0.028792999574146272, 0.025648684030497193]
[0.05521461732308208, -0.0063956754397711535]
[0.021389193425984665, -0.015743613154291708]
[0.0065185909502596395, 0.008264651082867225]
[0.004549695850819546, -0.037278535356413525]
[-0.01964819843409704, 0.012661641599744478]
[-0.025973049791385705, 0.07079915619233787]
[0.04783660879130691, -0.03021857558037544]
[0.014546182568525357, -0.047504172901097264]
[-0.0009795713097302539, -0.015690917899202184]
[0.027687845932952815, 0.021182820760810378]
[0.043760696741681926, 0.029762490899403193]
[-0.002843588890045101, -0.021269778844867415]
[-0.02209966769544547, -0.042791651596516544]
[0.015774071285968194, 0.024551069952421095]
[0.026538014395911524, 0.02313091588084326]
[0.0008474056134009089, 7.5559632964739e-05]
[0.01750260183918617, -0.014455327231125636]
[-0.011957768007496483, -0.01309347835576441]
[0.03689156242307767, -0.022849266771968857]
[0.0021987298830810076, -0.028364071863883122]
[-0.021684593692628207, 0.0006265364729620693]
[-0.004989444398534548, 0.01576624166479207]
[-0.011301124594889966, -0.05086842739069164]
[0.02706216978770204, 0.026905591852874333]
[0.04001515785453891, 0.032243868178643]
[-0.01540942881080376, -0.03675583208429145]
[0.015093882172439566, -0.015628649543612205]
[0.00489307095307101, -0.009846386675184782]
[-0.004813745911375955, -0.013823089702015068]
[-0.015231325646702931, 0.010145046956173909]
[-0.018674189411859166, -0.03216035665194017]
[0.015889988761205842, -0.004906594433986444]
[0.017955551902103295, 0.0032010370039383673]
[0.0039466003875405775, -0.030407224327486215]
[-0.0013863435478311814, -2.3604805266419504e-05]
[0.012468808347768867, 0.010758555470629094]
[0.0032692117778891916, -0.014952707784682495]
[-0.015238066642209613, -0.007090375945084992]
[-0.015279150884436099, -0.0036255060157510677]
[0.011538193894711668, 0.011424464767728737]
[0.030561992069531918, -0.011079009048979849]
[0.013028948124383266, -0.04459425414257889]
[-0.010057426077165976, -0.00014088533828071625]
[-0.013571826031684608, -0.007607199026313904]
[-0.028471509285179275, 0.008630001196229031]
[0.022169108181124386, 0.021155768758265636]
[0.015664599330158513, -0.0139804310656102]
[-0.0008872089237432768, 0.003971285759611032]
[0.0052389433182062906, -0.0014911392123067024]
[0.013805341975431151, -0.021395142427702907]
[0.010343502797195425, 0.010973063300561803]
[-0.0045969246752761705, -0.008660074990700206]
[-0.002194638356248113, -0.019423549781781402]
[0.00924475413945558, 0.002310441422999965]
[-0.016823442239259467, 0.014422180709626753]
[0.01691631144211314, -0.010135423195634319]
[0.01961605321058668, 0.0015023110519309935]
[0.007890300137704642, 0.019280546413348087]
[0.01678624973157894, 0.009807521371331562]
[-0.022936241966746707, -0.02442894684416319]
[-0.011118070113217637, -0.012288133631700893]
[0.019058634066945412, 0.01089676815060181]
[0.0022876768762551958, -0.008217219884189664]
[0.01013346210151811, 0.014081230336717265]
[0.012161929764765489, 0.005101839622304816]
[0.007131261260731048, -0.03038788682777427]
[0.007828978889404148, 0.014959013389583387]
[0.001928286536438062, 0.016865633466451202]
[0.0206784406520506, -0.008906342508691045]
[-0.00831213013427412, 0.0007001783353541846]
[-0.009500643447077017, -0.02282870145019089]
[0.009281267346741284, -0.005269694158058114]
[0.0015374793880544857, 0.021364926221713487]
[-0.004825046980969638, 0.004064373831972112]
[0.022024406913589978, -0.014593640495015547]
[0.007773259770677887, -0.012826623768052992]
[-0.002587836082301731, -0.0004061119626901366]
[0.004603467667466221, 0.0150218383981926]
[0.010335226529296193, -0.0025788851476713504]
[-0.00041853214080478374, -0.0009814662714167088]
[0.0037055661612708235, -0.01999398556704679]
[-0.0056194105354074875, -0.008975394094721478]
[0.007619230770878005, 0.014760710788730425]
[0.000843527644900588, -0.01475919801325265]
[-0.003139420216635491, -0.020079845699255472]
[0.007426535439790438, 0.014361182901984293]
[0.006315838067048718, 0.00026324901341745477]
[-0.0018051910061429588, -0.004881361039491328]
[-0.00010663981190428551, -0.0022588162910789356]
[-0.0009580726819422569, 0.00037055814963782296]
[0.01010786555931964, -0.012057290163255074]
[0.00042655055595042235, -0.002610699480748435]
[0.0016586626094514667, -0.0023141947068752167]
[0.005236127050208816, -0.015118527961245798]
[-0.005560597377677556, -0.008322830434452921]
[0.006403065382452722, 0.0031745117157289116]
[-0.0026061178367899895, 0.00687107309447188]
[-0.0032127790831386616, -0.0015005973244823778]
[0.004075826989169862, -0.010028260522958465]
[0.003739889610191227, -0.0014670599634878378]
[0.0070376745657914075, 0.002356902198705324]
[-0.006300036157910638, -0.005460308646205725]
[-0.004839464205603328, -0.014484991052770235]
[0.014149989291965648, -0.0023794342188552253]
[-0.0021120093869837486, 0.0038454812573232022]
[-0.005217987368143273, -0.003522659600061262]
[-0.0051887484648671656, 0.0031919825846885574]
[0.014243150025973428, 0.005388644425509126]
[0.01766012018356533, -0.0018437631793931653]
[0.002576043026423447, -0.009111529810906127]
[-0.006490333384141067, -0.0011962795686073502]
[-0.007865289954807286, 0.00038175092218306617]
[-0.007877196836693301, -0.00029720330200855294]
[0.008253282151658992, -0.0026188898710393094]
[0.008128077488636976, -0.0012113822843650146]
[0.0014117623472515994, 0.00285567665909614]
[0.005893323783298099, -0.0021195418546443023]
[0.010656285055528292, -0.011894512062644802]
[-0.0028911549917693957, 0.005519632843844491]
[-0.0027840383204575936, 0.01318957642631191]
[0.005258860225503037, -0.002166531097388402]
[-0.001441333489600849, 0.0015180459831036774]
[-0.0003920198166367239, 0.0017761912237739264]
[0.0023749131194901185, -0.009875858031461737]
[0.009605786264455407, -0.00520921848257333]
[0.014795900709565268, 0.004547358414720426]
[0.004962151312251528, 0.004444683515537284]
[-0.01156526416424819, -0.01016229402011204]
[-0.011633622552554845, -0.004828580633701146]
[0.008479378147277283, 0.013870609454318394]
[0.014013564782559218, 0.00535155149424843]
[-0.0015352837108196793, -0.0006162455846858705]
[0.011943944460015121, -0.010761867793194463]
[0.0011327599382791043, -0.011516877657725244]
[-0.002582766839844819, 0.0062921388530322725]
[-0.0004100610010320249, 0.003307733195087703]
[-0.0008452804731742258, -0.005044464173803026]
[-0.0005297902947941635, 0.006270335485031753]
[0.0016764226604608634, -0.00723016662470264]
[0.008662485352970206, -0.005578759310792325]
[0.00792750517658658, 0.011006020700280332]
[-0.0011860520089245208, 5.240007829510063e-05]
[0.012090506984793414, -0.016585428007471165]
[-0.0027720837674257703, -0.003566837036862225]
[-0.011247794779608578, 0.0028767153016753567]
[-0.004741951459509619, 0.0012895392792457994]
[0.003305024688761149, -0.007264736805448535]
[0.013116514549397773, -0.000492560547099119]
[0.009024062597207338, 0.0008318224172451233]
[-0.004849284160556411, -0.005845584491393829]
[0.0006655963675548104, 0.0028354837352487505]
[0.00242654364424566, -0.0021545480742808376]
[-0.00283388667034723, -0.009001398081860026]
[-0.0019126036091186016, 0.010504749095354704]
[0.0016864579003390556, -0.004137987272130883]
[0.003802807350090087, -0.011100135394318311]
[0.0028046005066624247, -0.0027685628609863955]
[0.00410202522177705, -0.005448329928947393]
[0.0011237799499146384, 0.0027589015073221645]
[-0.0027847212217993467, 0.0029256509281954113]
[-0.002376643009028623, -0.0051575579251566805]
[0.004851675885943818, -0.0007710315761295661]
[-0.0005503169652409934, 0.0010157310305135558]
[0.00039809139284580075, 0.005228444015199063]
[0.00866308779578473, -0.002837961597362354]
[0.0032183089681777077, -0.011755949874818539]
[-0.0029463412514325604, -0.0033152317153549715]
[0.0002114563487943255, 0.0008711326879338177]
[-0.005899943419559461, 0.0029668532482329257]
[0.0025561907676479034, 0.002599169210255381]
[0.0013759472480807666, -0.004913490056559777]
[0.007429494258245267, -0.00043350610903236664]
[0.0076707852320347936, 0.0064369931340286235]
[-0.005422552309610945, -0.004400385935405149]
[-0.0001235936672703275, -0.003895970111376934]
[0.0041389066784653095, 0.001258425277988806]
[-0.0007692155098022457, -0.002889495261596875]
[0.000964557556974055, 0.0023377770368064876]
[-0.0020884937457772423, 0.0005263891026638934]
[0.0028587654612005353, -0.003377703635255025]
[0.001809193003194265, 0.002503123358565007]
[0.005268335425441445, -0.0008768252838247115]
[0.00803157559824319, 0.0021369432663994603]
[-0.001750869996609547, 0.0037763627550613243]
[-0.000199528073239863, -0.004779099535332509]
[-0.0005628929822023981, -0.0033539844646295336]
[-0.0031247414853697864, -0.00016111072917368574]
[0.0029471858200305345, 0.002363280903549758]
[0.007740324030607093, 0.002180783181955137]
[0.0018548217207584594, -0.005130194577766201]
[-0.0010577695075979499, -0.0008710323661658137]
[-8.302124172210323e-05, 0.0020622033837229825]
[0.0025091887519753664, -0.0016306820579621295]
[0.006143670818474285, 0.0045786575213792036]
[0.0037787669036025706, -0.00035811552410264236]
[-0.00821102773527762, -0.004699518798697344]
[-0.0007738892449922208, -0.0022408604708731295]
[0.005364737820692688, -0.0007637031042044828]
[0.006355904682076585, 0.0027045294748359594]
[0.0009048406363687872, -0.0002701210705229329]
[0.002423251887111677, -0.009011065897142623]
[0.002819822448462201, -0.0003412299182375955]
[-0.0038092956887946228, 0.006763347898640915]
[-0.0005854559905864691, 0.0002488388379050521]
[0.0049695380274635825, -0.004030039954379894]
[-9.73288202877412e-05, 0.002584298614724978]
[0.0040257847480225095, -0.0024088857318682044]
[-0.0003826992600733173, -0.008419885995853416]
[-0.001762225530880901, -0.0013204760767536183]
[0.005066177068246497, 0.0017757948058971795]
[0.005035400538793033, -0.0046356262437748375]
[-0.001597639581575716, -0.0005416355426426378]
[-0.005600231827302293, 0.004191659720606311]
[-0.001993672460149587, 0.000442706551439187]
[0.00644984835720086, -0.00540084265885904]
[0.008450943182481366, 0.0011319834187074607]
[0.003242812906017356, -6.954822141319594e-05]
[-0.005434011514642442, -0.003339949370984141]
[-0.0033200406982741293, -0.0040668486322483766]
[0.005405109395183752, -0.00427538790209292]
[-0.0022009186021846316, 0.0033158858489746867]
[-0.0014673419623663503, 0.0048921719612460834]
[0.005376315743386928, -0.005437185951640278]
[0.0065349071853999935, -0.0062321148329568254]
[0.0004362343099519328, 0.0006470761844867279]
[-0.0019424412477637987, 0.0020544754070160876]
[-0.00014605393868755145, 0.0005577039859481214]
[-0.002522759011456502, 0.0009331704130622342]
[-0.0007683937718421241, -0.003806080773867404]
[0.0026556306411378294, -0.0034398436528952914]
[-0.0020256059547029692, 0.001758190590551656]
[0.006189297849667541, 0.0031929738331952784]
[0.007203955081342528, -0.0030032498643723926]
[0.0032230537064675824, -0.005854683955420159]
[-0.004557750703180763, 0.002673416144349988]
[-0.004976535786684069, 0.0042484567126918615]
[0.000839421020260217, -3.4270252837032e-05]
[0.0023365458900649755, -0.001983539208744889]
[0.0018095142970223355, -0.0049068398454105155]
[0.0035672511703890297, 0.0005049789126179149]
[0.0042829385840699175, 0.002482424152476098]
[-9.70988744286444e-05, -0.00527518328672838]
[-0.004615915732732789, 0.00027103301146264025]
[0.0008505368059815305, 0.0049957304409598]
[0.00024172051564688712, 0.0014332105760815617]
[0.0021395183180363264, 0.0022067340603544594]
[0.004927437021193359, -0.0009031178679525798]
[0.0012602300738408512, -0.003741136727393596]
[0.002231019196452258, -0.003129573107951991]
[0.0017755311790962486, -0.002121281166548833]
[0.0005366910918838119, 0.0020764141191146612]
[-0.0020420157403489084, -0.000299803668017129]
[-0.004841983202656483, -0.0018612633137628232]
[0.0009575180996333893, 0.0032638528519291776]
[0.004272876759468552, 0.0018652152987718579]
[0.004374532434225968, -0.0013304607209606023]
[0.00748008453824027, -0.0002196583609204994]
[-0.0002703755213907394, -0.0014857362367036026]
[-0.0013839155397794567, -0.0019235186577811411]
[-0.00324815925919527, 0.0004960440742406563]
[-0.003279302702234064, -0.0013200374502162077]
[0.005300263270127274, 0.000790320818004106]
[0.004281179897824169, -0.0009608215886535015]
[-0.0001475636220803593, -0.0038309838575997686]
[0.001458879812026353, 0.0012976585226821373]
[0.001987491046897845, -0.0015381292851561722]
[0.0017538424404369172, 0.00045294289725923177]
[-0.0018744440129770936, 0.0040172948519937544]
[0.0011912830590194365, -0.004382243785047535]
[-0.001340434860657165, -0.00063316682136106]
[-0.0012803548787476554, -0.0007065965339747571]
[0.0046736128056618885, -0.003990972906178225]
[0.005190718143945318, -0.0012794639351535603]
[0.0023330716613319882, 0.0007633590632132939]
[-0.001256068579055969, 0.0013291028191386306]
[-0.002741621546242509, -0.001672730180460727]
[-0.0023022064847326926, -0.001982957998436896]
[0.0041800741743442255, 0.0026335100040698195]
[0.006138426864352571, -0.000682546381321758]
[-0.0014959444745671208, -0.002959582080120135]
[-0.0008786380531013924, -0.0020331038646046184]
[-1.590754988253784e-05, -0.0032445720185448473]
[-0.0007876480247612505, -0.0009919246611581611]
[0.0037494673650893956, 0.0024971973503227357]
[-0.00010713523263382319, -0.00024081790505836587]
[-0.001202601141293419, 0.00010649632838713452]
[0.0008154349157201146, -0.0023831378127951164]
[0.004169454679312207, -0.002645173322494976]
[0.0014516733283670563, 0.0037132841837421993]
[-0.0019714761481278986, 0.0021841320430393274]
[0.003305560282232084, -0.006084413332291039]
[0.0020285276997787094, -0.004175077499631641]
[-0.00573654663534047, 0.0015713905273258555]
[0.0002100020406943237, 0.0020081924960849984]
[0.002621783398591343, -0.00011449742621455483]
[0.003485528710759467, -0.0015153378690422603]
[0.0016934256604321657, 1.158661495892499e-05]
[-0.001368992519534623, -0.00053421051860994]
[-0.0010722487692613192, -0.0004333694445287084]
[0.0029556022178563457, 0.0017983265760791733]
[0.0023630937946090835, -0.002735231620328571]
[-0.000364585727537059, -0.00223626238331609]
[-0.002660870465850687, 0.0021522597748171446]
[-0.0008180671571237363, -0.0006391097441053872]
[0.002754059536500819, 0.0002744712466700161]
[0.003610107663185924, -0.001709162084341992]
[-0.0006570182035184335, -0.002134017173694658]
[0.0015087219894582837, 0.004374494117170835]
[0.0027611321581731824, 0.001105878572475627]
[-0.0009439035519128725, -0.004099858702090009]
[-0.0026435907392897, -0.00038094473072025625]
[-0.00038651856107668747, 0.0027711220173474993]
[0.0035591284300618004, 0.00022512265297497391]
[0.0028256987050107596, -0.004132476517735739]
[-0.00032609196458755624, -0.001351458300159647]
[0.0012424543512288277, 0.0016394153116664756]
[0.0011140779382524668, -0.000337124938181943]
[0.0007094084611156126, -0.0008761055080923341]
[0.00105678126211705, 0.002704077476674227]
[-0.0020790990197436243, -0.00029633610359594553]
[-0.00046374809790761945, -0.0025036572406093582]
[0.0012969317618682363, 0.0016275603957889295]
[0.0028433700506061074, -0.0005481167354328131]
[0.002505459358195017, -0.0028148411481380142]
[0.000992993517708922, -0.0018547084831285199]
[0.0010593323077003336, 0.00029219499496146994]
[-0.00038108661602711397, 0.0026486273716892494]
[-0.002717794419916708, -0.0013086448055449063]
[-0.0008724633988447285, -0.00191284961828464]
[0.004834422791199888, 0.0022244479071194534]
[0.006022381774629489, -0.0005279303840306504]
[-0.0018557821954059417, -0.0027202473788794646]
[-0.0013982277895160863, -0.0017920138795791685]
[0.0005691581883360275, -0.0014767363661321309]
[-0.00026904747353566, 0.0005694474555201223]
[0.0003248693849062789, 0.0008902450955149133]
[0.00018860389368314037, -0.00030877586352762165]
[0.00045495496375169697, 0.0006330159445539774]
[0.001313659095628493, -0.002957337661873116]
[0.004276861418344602, -0.0023222619464413896]
[0.0032334824587858177, 0.0014701530089413772]
[-0.0017273697613198191, 0.000506604672366906]
[-0.0012748692899492015, -0.0011571134602342825]
[-0.0024229358507456, -0.0017866576672454781]
[-0.0020777582023378954, -0.0016244187008891409]
[0.00399212499963808, 0.0006563614994577194]
[0.003912865125130352, -0.0011207642486317226]
[0.002118519607847147, -0.0014296351049733758]
[7.70455494701755e-05, -0.0006791286001558428]
[-0.001678579237445632, -0.0011883163692506526]
[-0.002328886125439647, 0.0017960715712346254]
[0.0009548780457160344, 0.002411731553876806]
[0.0027870885158874925, -0.0018518376679493853]
[-8.325720142488002e-05, -0.001453655377401858]
[0.0001750118695222208, -0.003352782887948935]
[0.0035168634580355906, -0.0029067682269748873]
[-0.0002697928433710306, 0.002642528278508971]
[-7.770519181771185e-05, 0.00043303223685603465]
[4.841053885346058e-05, -0.001086716519598685]
[-0.0011920513628208562, 0.0003644063267738695]
[-0.0025989420337968194, 0.0005406176074683744]
[0.0014165943586861296, 0.0007589537375717048]
[0.004823937137849177, -0.0023552143120054714]
[0.0030459760620110687, -0.0016478596214193897]
[0.00023193584715289206, 0.00012688199960098068]
[-0.002914362454228825, -0.0010963430654177542]
[-0.002743352518579295, 0.000438358985602294]
[0.002420700235220452, 0.0003231497786502502]
[0.0006832974542280712, -0.00048642598850356933]
[0.00171096348387767, 0.0009236255459867948]
[0.0018626213234520517, 0.0007893700505480217]
[0.0005698776563015651, -0.0021096203475487185]
[0.0014182819063444652, -0.00038711547221637055]
[-0.0002460485942346047, 7.387455940977006e-05]
[-0.0015807689857156026, -0.0007624533609612572]
[-0.0009380643545936485, 0.001025971517384705]
[0.0004168059197666718, -0.000630969393509373]
[0.0017730656411990564, -0.002822766449111447]
[0.00015319939273000793, 9.295514536300509e-05]
[0.0019275370832626537, 0.0021372951354877573]
[0.004323013864148517, 0.0009748684640094041]
[-0.00013308977712023218, -0.0027148427343315976]
[-0.002753439585273687, -0.0009516119294613601]
[-0.000814231312746827, 0.003735922021819625]
[0.0017625826917004872, -0.0002828288692507952]
[0.001024148761150756, -0.0031444397207905685]
[0.0010167099755138964, -0.0006039792525494025]
[0.0010808723059406722, -0.0010505237297464987]
[0.00032880583740535485, 1.5435518688544647e-05]
[0.00040545952875148394, -0.00011340714391415473]
[-0.0001362957672431664, -0.00016453105591196504]
[0.0005227441737208904, 0.0007060450297027669]
[0.0016786274692948133, -0.0010955420667212445]
[0.0001537984612945964, 0.0002986162681369066]
[0.0018884651533383479, 0.0008283174629903911]
[-0.0017449202520880558, -0.0024849899749242524]
[-0.0008522536317752682, -0.0032896311227696984]
[0.003881661778449619, 0.0009113180485509145]
[0.001395187248675489, 0.002219323061503742]
[-0.001952106451629465, -0.0009733783596463236]
[-0.0014600381284901043, -0.002519275084596151]
[0.0023824414710953423, 0.00015188028351162397]
[0.0026825260899249748, 0.0016321498724223282]
[-0.000431316221542688, -0.0012955504220054093]
[0.0006677115296121472, -0.002012526282470506]
[-0.00017732616914178934, 0.0007510575112935625]
[-0.00015548866588699362, -0.002495064841196326]
[0.000971890693408195, -0.002156097325479195]
[-0.00018123002553865897, 0.0016863900103827323]
[0.000554706517036041, 0.0003601195689455494]
[0.0012406556250583733, -0.0007709332613063946]
[-0.0001698250022001968, -0.0011306168679128814]
[-0.0014590741318515343, -0.00014674364963929154]
[0.001737465790883408, 0.0014639463708719935]
[0.0027608129570965145, -0.0017736711026495877]
[0.0008913480190647638, -0.0011971375472663026]
[-0.0006178831017616959, -0.00029443326885092436]
[-0.002423346666057702, -0.0016876888783951827]
[-0.0014310965447685842, -0.0002286447885387899]
[0.0035561384272555507, -0.0002976696513602439]
[0.0019995206731289183, -3.721701326386828e-05]
[-0.0005742570113750345, 0.0009753420848712946]
[-0.0006240813051368033, -0.0020793433572298126]
[0.0014495960742468839, -0.0008461369206074487]
[0.0007403638097931431, 0.0023352979640718363]
[-0.0005827321925900852, -0.0006526338786628227]
[0.00048424470274943676, -0.0008232391838366437]
[-0.0004203483448166345, 0.00024970331958718006]
[-0.00103811713911095, -0.0012825451440232616]
[0.00215853097032892, -0.0012623516800213674]
[0.001071838239374956, -0.0012873057411769695]
[0.0023920922571900594, 0.0006508000276492787]
[0.0005889482206744567, 0.0019922808632549804]
[-0.003131199180359423, -0.0012530226545143797]
[-0.001237269122796647, 0.00029185742932602565]
[0.0010990360922727982, 0.0009073803737807418]
[0.0020742890871904285, -0.0013639953754902567]
[0.0014496690989280747, 0.00011408993172140613]
[0.0009026928374445964, -0.0011011635374615913]
[0.00047711015381390887, -0.0020270776879731667]
[-0.0009816399740562032, 0.0006647182015335762]
[0.0005052245715612136, 0.0007071998876932994]
[0.0002914259910458128, 0.0016977314516224418]
[-0.0010007983006103949, 0.00037860690642349537]
[0.0010259110112028624, -0.0022834291121520134]
[0.0019232699064695158, -0.0005955080390342427]
[0.0010790938925858695, 0.00012285541623668905]
[0.0001823255707658067, -1.3138301261206298e-05]
[0.0018590049485870397, 8.782984390776072e-06]
[-0.0010196626935954356, -0.0021628105665507658]
[-0.0028160148357254666, 0.00036578646286195005]
[5.010739428934485e-07, 0.002131807552333942]
[0.0019248612613227412, -0.0009061779841526008]
[0.002572792315527761, -0.0010916297025181931]
[0.0017916988007236068, -0.0011931123182685188]
[5.0607523840340285e-05, 0.00011661585526451246]
[0.00049120142241732, 0.0013128837170068297]
[-0.00214176723221704, -0.0012639177070111196]
[-0.0007681932135806813, -0.0014590856240470074]
[0.0011165894326321535, 0.0004007803585799885]
[0.0010994668799372276, -0.0004527568407585725]
[0.0013931456160212186, -0.0005747667137930845]
[0.0013543305841984266, -0.0004991930252486454]
[0.00026290672830642237, -0.0008607053502071027]
[-0.0003010478656771953, -0.00025295196840374734]
[0.0001787963790147451, 0.0004031248826678602]
[0.0004952962229431979, 0.0013990181757169151]
[-0.0016484277641499734, -0.00033390704048735786]
[-8.188377498108412e-05, -0.004095893398436301]
[0.0025515645480475024, -0.00026008324431431307]
[0.00159005436231352, 0.0011097896539347674]
[-0.00010414729238283904, -0.0022037271875186004]
[-0.000333205728773045, -0.0005920025090636605]
[1.291005962333891e-05, 0.0011843213754611503]
[-0.0004876282424947087, 0.00043699161930044195]
[-0.00041288968522401603, -0.0002788549808042662]
[0.00107651393051178, -0.0009924185918367967]
[0.002438145407768988, 0.0002760328958211211]
[0.0019086582224102644, -0.001044620788456796]
[-0.0012648195841857834, -0.0015669206580725126]
[-0.002513891865130513, -0.00036899719038968604]
[0.0009891707127976934, -0.00029156750103798146]
[0.0007345208450919571, 0.0003322854216543658]
[0.0008013078122818262, -0.00018915591360635364]
[0.00026160887750048545, -1.2376374777800514e-07]
[-0.0007030549710715928, 7.119801537869286e-05]
[0.001265924820427089, -0.0015212717860999536]
[0.00253709994519824, -0.001080944098733383]
[0.0002217262173792589, 0.001083476868073252]
[-0.002444783443004639, 0.0016465761249729871]
[-0.0010468796128493274, -0.001951254775195782]
[0.001363864608390053, -0.0015462848866359957]
[3.246506544829497e-05, 0.0013911981662117767]
[0.0014380945504841591, -0.0002763524884374924]
[0.0016832085544655762, -0.0005267822270278444]
[0.0007321923239292372, 0.00015252027357615106]
[-0.0006304272935235833, -0.00012891372692336311]
[-0.0008746405452245143, -0.0002609639754257431]
[0.00015632126255549217, -0.0005818469048964603]
[0.0010955028965120572, 0.0006258967543182337]
[0.00169984339312379, 0.0006352324331094783]
[-0.0016442572458186255, -0.001972968436671274]
[-0.0013999539069298184, -0.0011891367256311736]
[0.0023646355237107453, 0.0010551944415294612]
[0.0013245441259043256, 0.0009365990081641462]
[0.00012289286385808174, 0.00016104453497456372]
[-3.5400137278207566e-05, -0.0006083792156319628]
[-0.0003847508858195736, -9.123139585898166e-06]
[0.0005919472122569713, 0.0003208031133565964]
[0.0008166944918383545, -0.0008392324179209432]
[0.0011534501667496144, 0.00014388997709664786]
[-0.0006620176426778701, 3.6196472371852195e-05]
[2.5489167248315958e-05, -0.00223098165934503]
[0.0009318007551605834, -0.0006117130557072858]
[-0.0004920726270783993, 0.0013475067598703316]
[0.00014743402214023593, 0.0003078649737755512]
[0.002080820090529567, -0.00024480198496577843]
[0.00018910066867294795, -0.0005161133989335376]
[-0.0006482994869067005, 0.0007198637643242231]
[-0.0009123943339995333, 0.0008165002024181911]
[0.0013332200267737182, -0.0022809786160465605]
[0.0020980833591007775, -0.0008325464650644765]
[0.00035407908816298406, 0.00015078907514506218]
[-0.0008103733377659572, -0.0007760667962556367]
[-9.105396465081128e-05, 0.0006229355701163957]
[2.59241249316311e-05, -0.0008327290497490702]
[0.0002943130759816004, -0.0008178417320424368]
[0.0007408145320732529, 0.0009731896277987984]
[0.0007078452732987017, -0.00040591122062218557]
[6.535014414066342e-05, -6.477242302438402e-05]
[0.0010161544545187473, -0.0011555066970260035]
[3.969193793695869e-05, -0.000813697620903997]
[-0.00020352463054995606, 0.000759265801819349]
[-0.00018988866379562874, -0.0007152276754756048]
[0.0005479710230565926, -0.00028723017715933524]
[0.0010095274112194574, -0.00014492985974490225]
[-0.0005351776447467538, -0.001981447412767179]
[0.0012526547692176537, 0.000948361862014635]
[0.001310229171423094, 0.000894409840219948]
[-0.00038967041834014893, -0.0019483174022147942]
[-2.0587710120034686e-06, 0.0002954808287015942]
[-0.000976215080048054, 0.0006295025461383608]
[-0.00023402902554536809, -0.0007279630553448935]
[0.00039449001639896286, -0.0006666877939619509]
[0.00031930617112307935, -0.001978714518052316]
[0.0027775173672594244, 0.00032617158883768704]
[0.00065486945595572, 0.0009447866300863889]
[-0.0015254240197143942, -0.0003153149407501554]
[-0.0005019870612082422, 9.172074016798593e-05]
[0.0006423182486430812, -0.0006854099573220807]
[0.0005675745155546696, 0.00038538842397052575]
[0.0003209849196919995, 0.0008167927993631974]
[0.0005679658877372207, -0.001583433908127485]
[0.0003234857402505259, -0.0004004585698298979]
[2.5893724849734845e-05, -0.0008607759460091402]
[0.0013158973547525987, -0.0014972646977960413]
[-0.0004384774800319513, 0.0024081461586031166]
[-0.0013445892610431248, 0.0010838078044118626]
[0.0001589371676070095, -0.0014540546602474363]
[0.0010236087935158733, -7.079526913400525e-05]
[0.0004066990630823275, -0.0001746282834338697]
[0.0010378501847127242, 0.0003251407698923736]
[0.0019574533247885273, -0.0004931026342143707]
[-0.00032204757252908556, -0.0011017800675949263]
[-0.0016643179746863024, 0.00039830941551513566]
[-0.0010093185065882596, -3.4407924109691734e-05]
[-8.008338358433953e-05, 0.00018411637728632524]
[0.002253242190758009, 0.0004768436575180446]
[0.0017500127343005878, -3.7196584096538254e-05]
[-0.0007008407932741767, -2.2229977897081366e-05]
[-0.00020606060980887797, -0.00118401012222355]
[0.0010291549602635397, -0.00024856516833293707]
[0.0007291815357639564, 0.0016587422743525038]
[-0.001199556681338157, -0.0003825706289226627]
[-0.00027118706050149877, -0.0013990369645357492]
[0.00034705891838715877, 0.0002821666608338602]
[0.00047418569411705747, -0.0002517947398452125]
[0.0016206914521434655, -0.0010800536433038244]
[0.0007870825516739233, 0.0004320826381150056]
[-0.0002648117279239852, 0.0009464068250427116]
[0.0003794146500140094, 0.00015183764875950634]
[-0.0011823669944311514, -0.0006285260155659556]
[-0.00041897171622856666, -0.0001855434733275818]
[0.0008606229489606871, 0.00044891382371292643]
[0.0020473471677843746, -0.0013750286478249885]
[0.0009926988503292569, -0.00099692198274981]
[-0.0010766976035440634, 0.000436034329926116]
[-0.0006350985270807026, 5.734941372875779e-05]
[0.0007031507155612071, -0.0005046888897408675]
[0.001223985822665842, -0.0002660755120088565]
[0.00034874254792963133, 0.001135664281365717]
[-0.001180935843715293, 0.00021052525672304867]
[0.0009972006345167483, -0.0017386663897011323]
[0.0013263628306135443, -0.0006658358498320416]
[8.491902856921918e-05, -2.7460071943874453e-05]
[-0.0005527139673459358, 1.3051167990441037e-05]
[-0.00022475041633868154, -0.0003275793520155501]
[0.0004337735572291848, -0.0005631075352414139]
[9.291682734863249e-05, -4.845313411649954e-05]
[0.0006009455107534589, 0.00018010842210858247]
[0.000661326235854659, -2.8428065527885682e-05]
[0.0005801369796634287, -0.00012167688516570574]
[0.0011095487883897304, -0.0006135890490657492]
[-0.0001964876038544408, -0.00034998112870027187]
[-0.001242954856750078, -0.0006143539507330875]
[-0.0001781827801346711, 0.000376856774784079]
[0.0011059607689200557, -6.428381296066932e-05]
[0.0010052161915835855, -0.0019372607909595718]
[-0.0005424484091761661, 0.0004386485165668863]
[0.00014199735105972083, 0.0014886326552584483]
[0.000843573958019761, -0.0008329509946048003]
[0.0005004750923538193, -0.0006899417411873887]
[-0.00038748168554342266, -0.0004981178194463504]
[0.0004126661489972164, 0.0006174528772631693]
[0.0006496775091231338, 0.0006967594152289119]
[-0.0007326728890274248, -0.0008515054117089749]
[6.078712396351271e-05, -0.0008221021869446593]
[0.0010724973339971133, -0.0007674923402077594]
[-0.00032975280603411705, 0.00027398428666094987]
[0.0006526963991759782, 0.000786081426160018]
[0.0003803909264439992, -0.0005049343059023298]
[-8.797444618743877e-05, 0.00014806952776100224]
[-6.167392502580415e-05, -0.00014667859452688337]
[0.00040394163073354666, -0.0005150377274200924]
[0.0010032366922330532, 0.0012153570430130795]
[-0.0004820050196860798, -0.00021338101317311398]
[-0.0002607326862864162, -0.001933967913940557]
[0.0007188277498612339, 0.00044439875519727834]
[-0.00033054235898266615, 0.00034650123278631706]
[0.00095319573301203, -0.0005318989998887441]
[0.0011282840291125876, 0.0008074602623081711]
[-0.0001530461259957802, -0.0001273096063782453]
[-0.00030316795403963204, 0.00011124632096799064]
[-0.0006240711568780352, 5.638238409648444e-05]
[0.0002040964864584091, -0.0005434058803912775]
[0.0014244494617674866, 0.00013965582181296732]
[0.0007050546617551057, -0.0005429952361129808]
[-0.0008178534733314369, 0.00021315208012135517]
[-8.543302756029367e-05, -0.00041590516199164346]
[0.0006780769147510524, -0.0014432163955026486]
[0.0002937809707680948, 0.0014335210920216612]
[0.00016761365054785218, 0.0005820329149682502]
[0.0005218497999892012, -0.000713557744984137]
[-1.9223308655308413e-06, 0.0008775524589337592]
[0.0003601189631434829, -0.0008226779680470531]
[0.0008167662157420475, -0.0009227233692199292]
[0.0007096952661611346, 0.0005265817114603211]
[-0.0002227999017356216, -0.00027009119515315066]
[-9.322069627360776e-05, 0.00020764867501117668]
[-0.0006712181956907365, -0.0006746906726518009]
[-0.0006398688491842438, -0.0009849075120429707]
[0.001607311920574654, 0.0008081872854507795]
[0.0015575182312266966, -0.00011720417688932533]
[-6.676489339539973e-06, -0.00044091140022812017]
[-6.315190532814145e-05, 8.805265373331914e-05]
[-0.0007014338983932847, -0.00032337327274003375]
[0.0006808601322686771, 5.349686544547927e-05]
[0.0005402661536934826, -0.0003428710561713469]
[-0.00018623310774754792, -0.00030629917298236053]
[8.980539884448357e-07, 0.0005531374170827247]
[0.00029161554024422984, -0.0016312495904179936]
[0.0015805745275531899, -0.0007112394135818795]
[-0.00014160363828240666, 0.001405188972489188]
[-0.0007331067519638981, -0.0001915532957900562]
[0.0008417649887486056, -0.00018344505419158608]
[2.92299608465052e-05, -0.00044544374675588305]
[-0.0003200542087189173, -0.0006630386525016824]
[0.000261970467799022, 0.00061172015743724]
[0.000785677345577343, -0.00126744134091486]
[0.00108641042919283, -0.0008109745548967318]
[-2.0567205291852075e-06, 0.0006892959436910068]
[-0.000670632409997346, -0.00029119845591617233]
[-0.0008173763556693636, 0.00031373492863959185]
[0.00037843353847533123, 0.0004637280771356278]
[0.0011313797815068818, -0.0004925598046562896]
[0.0008862373474774893, -0.0005183923633665377]
[-0.000482114481182655, -0.0004905511951450447]
[0.00016709190484290315, 0.0007852251348230282]
[0.0011068267848284505, -0.00043381798767536117]
[-9.733595030846087e-05, -0.001765591164607519]
[-0.0012473082969909968, 0.00041446574866557673]
[0.00013973276937263857, 0.0007028688066490346]
[0.0008503246042250792, 4.6252537831747986e-05]
[0.0006778982218151597, -0.00021770315744761015]
[-3.7070342807622725e-05, -0.000884518256439426]
[0.0005536826488492796, 0.0005189177265709638]
[0.0004305521279497626, 0.0007441274532790088]
[-0.00030764979498468237, -0.0007280899451622969]
[-0.00011707017655991636, -8.889749037960248e-05]
[-0.00027771035584228665, 0.00021151886939445308]
[-0.00027079036587661365, -0.000750448226681466]
[0.0012991499339905788, -0.0004948344059364229]
[0.0007773127529961399, 0.0006283361477353588]
[0.00022340830575787174, -5.182367611140937e-05]
[-0.00016160825079290092, -0.0008001104555531435]
[-0.0002346117120075597, 0.0006626095547647565]
[0.00023904891707614978, 0.0008131341106892287]
[-8.03172460509538e-05, -0.0009893139209029705]
[0.00038003064344532475, -0.0002679265392538932]
[0.0005691285108790356, 0.0008278416437104696]
[0.00041554811613269543, -0.0004355211256779068]
[-0.00016756969741807404, -0.000932855455576892]
[-0.00043295645321972387, -0.0001980199268968863]
[0.001286226029629467, 2.5117326167056753e-05]
[0.0005910583965310218, 0.0009051019896746115]
[-0.0008666957277206899, 0.0004737206303215835]
[0.00034447567834940476, -0.000847919783958373]
[0.0004393093835872719, -0.0006589363405941906]
[0.000414247546278031, 4.1836729055555466e-05]
[0.0003111456329385476, 1.4795215393159644e-05]
[9.800554393584078e-05, -8.495952584258726e-05]
[-0.000605859576779666, 8.075089428799531e-05]
[-0.00018712139748114798, -0.0006835342107233133]
[0.0010789583149709292, -0.0006393691952049085]
[0.0006832178399007152, 0.0010066455003885366]
[0.00015736421503959042, 0.00019603465013917631]
[0.0005509890701062832, -0.000831779537642352]
[-0.0001698465931195825, 2.8794204573245885e-05]
[-0.0003141786563093151, -0.0005347096077957247]
[0.00027359226705020445, -9.910414658176325e-05]
[0.0006592968809161961, 0.00022798270812762755]
[-3.453739637959696e-05, -0.0006176954886823321]
[7.291378000085988e-05, -0.0003506751913152639]
[0.00020973327033441125, -0.0004583861636083403]
[-1.557325846905655e-05, 0.00011393896415529126]
[0.0008327425474500272, 0.00018934086712865672]
[0.0002844343832472812, -0.0002305871612775512]
[-0.00037076602053176533, 0.0005773698360162921]
[0.0001557930874571331, -0.0008062417818168743]
[0.00027610545321560265, -0.0007542023628478028]
[0.0003170284709749782, 0.0003604341042700576]
[0.00018301785383018077, -0.0007255266417189876]
[0.00035156127353427186, -0.000433815108393687]
[0.00017354517825168836, 4.523677607390364e-05]
[-0.0008937051093996298, -0.00041358461962948123]
[0.0004597463221526765, 0.0005734215928771824]
[0.0009395281013843335, -9.957461063730966e-05]
[0.0005758938882410858, -0.000641375401669253]
[0.00017362443785681747, 0.0006122047011737908]
[-0.0005804163962318531, -0.00015889279919302501]
[-1.546555881586087e-05, -0.0006496151369406178]
[0.0005547403830976627, -0.00014340353157996089]
[-0.0001065058544231362, -0.0006326685510419927]
[0.00043967256066096416, -6.468193934923427e-05]
[-0.00040581588512722533, -6.998997045915001e-05]
[0.00040995357032991286, -0.0001116182008500527]
[0.000929447730882077, 0.0004027619652895442]
[-6.587650744083184e-05, -0.0006905327035037351]
[-0.0004333579019474426, 0.0002865878826068813]
[-0.00014781167763389114, 0.000756865030384149]
[0.0006688484564281727, -0.0007153023198741559]
[0.0005002154124537084, -0.00015321125422265713]
[-0.00047376229278638105, -0.0008051730432155901]
[0.000592315510263397, -5.754149276321341e-05]
[0.0005939748606851591, 0.001095849620824485]
[1.4373854489713178e-05, -0.0012470633890210858]
[-0.000500022689498808, 1.945752341703244e-05]
[2.0484470054704662e-05, 0.0012936058759238644]
[0.0003891588095310261, -0.0006903660533632006]
[0.0005337933637430958, -0.0005837955808587758]
[0.0004625488468631145, 0.00014777200760929254]
[2.5398018311251214e-06, -7.343765880524211e-05]
[0.00029790955924516305, -0.00011357021837377079]
[-0.0004033240312925068, -0.00028340120087912146]
[-0.00013483810956207987, 0.00020667245440098014]
[0.0003811473359546236, -0.00045627303087046253]
[-0.0003512363763139015, -0.0004050374385191069]
[0.0010137678656470528, 0.0013944784910569184]
[0.0010030526484789415, 0.00010537233573004734]
[-0.0006245462448986605, -0.0010603489266777164]
[6.489517433416747e-05, -0.0002369859824624676]
[0.0005970367614388516, -0.0004431090330720166]
[0.0004013169426331231, 0.0008225195102173344]
[-0.0008414937541997847, 0.00016797604920256153]
[-0.000277850781696648, -0.001833999679555609]
[0.001100814139979145, 9.80219221931207e-05]
[0.00032418918904134064, 0.0006961969899121345]
[0.00011894224553404831, -0.0005438005124805655]
[0.0004969975128892301, 0.0004841611735645901]
[-0.0005399666342271181, 0.00024864756726029197]
[0.00018869499332016537, -0.0007287529940656623]
[0.0004265820421884281, -0.0003277838478119646]
[-5.499317282303684e-06, 8.314697587752384e-05]
[0.0003140259717472893, 0.00020083854139811563]
[0.0005577690662334489, -0.0010766407922935262]
[0.00019142656678239334, -0.0006107039366497133]
[-0.00044343491129530954, 0.0006770717162936091]
[-0.00015636199086310754, -0.0005360183634842974]
[0.0005703876479115633, 9.2125158363765e-05]
[0.0004825882914665791, 0.00038546536953254495]
[0.00020843805447290364, -0.0007099251163885656]
[-0.0003320433977694326, 0.00019464570253079072]
[0.00010688389997426384, -0.0006953078240008459]
[0.000867018278228493, -0.0007029947712145074]
[0.00028430442957777524, 0.000645655398014533]
[-0.0006266621187228094, -0.00012900154440571854]
[-0.00036620434162948357, -0.0004899989376597746]
[0.0006645313698057098, -0.00018662477659119048]
[0.00043795217427150535, -4.7193618015306527e-05]
[0.0006499824698113499, -0.00017720970172858952]
[0.00019035735865063907, -0.00022691200695629243]
[-0.0003610923641295116, 0.000272569906976855]
[-0.00014966422577827876, -0.0003170354638494799]
[-6.999596138834718e-05, -0.0005771855218247718]
[0.00015534449706894327, 5.952843489936965e-05]
[0.0003917925872640171, -0.00010629017997385026]
[9.436298312731628e-05, -0.00029812440128706985]
[0.00038359512343932867, -5.5473156520269296e-05]
[8.023846150118086e-06, -0.0003182348041855243]
[0.00044955544303293404, 7.43149220185646e-05]
[0.00015763925025319425, 0.0003311412952917703]
[-0.00015980885978134074, -7.37000906555485e-05]
[0.00019531660450811117, 2.2107127189974207e-07]
[3.0815709128884095e-05, -0.0002516651559842653]
[0.00021579605297283866, -0.0005876041527450027]
[0.0005640435804947219, -0.00027364887245814873]
[-0.00031630169719254475, 0.0002065722819896143]
[-0.0001331140829238242, -1.2094480175639521e-05]
[6.332824738236598e-05, -9.859717659183032e-05]
[0.0003224068910542277, 0.00018477427463745033]
[0.00018017001274678313, -8.397732162146454e-05]
[0.00018110989970476776, -0.00010507266335488263]
[0.000727730195668963, 0.00011703493698922429]
[8.174537197230825e-05, -0.00048205942353932163]
[-0.00040199534277168825, -0.0002959693580802947]
[-0.00010373976939942464, 0.0007518821712223234]
[0.00030456607140655345, -0.00019925493527855886]
[0.00025494409122323036, -0.0009383528343133163]
[-6.76249308383392e-05, 0.00018734461311981088]
[0.0005931692171146641, 0.00022882709656110722]
[0.0005306931800320158, 0.00022581994094322821]
[-0.0003090576737290185, 3.6660943195210294e-05]
[0.00012017718117213194, -0.00047180971420091034]
[1.8747540476260482e-05, -0.00020374365984227039]
[-0.0002540057249001415, 1.5807611612461692e-06]
[0.00017291303839356287, 0.00030592633310061457]
[0.0008685325731283555, -0.00024569317953998526]
[1.067431424889298e-05, -0.0008562544027825858]
[-8.429377595658982e-05, -0.0001375482879030776]
[0.0005442323813596994, -0.00013105599594551154]
[0.00010702338502316389, 0.0007054021957453027]
[-0.0005498623072191511, 0.0005660391003280973]
[2.3514456720719057e-05, -0.0013951305617613263]
[0.0005844040306671183, 0.00013235934072580724]
[0.00048293791172715483, 0.0007896369679107895]
[-0.00017587593126860979, -0.001090183784179466]
[0.0005419940149304914, -0.00036532845653305945]
[0.000194695237671072, 0.00018096293197034097]
[-0.0002943955498255768, -0.00047983614649699247]
[-1.0142367661836182e-05, -0.0002035803926489499]
[-0.00026617476296220133, 4.296145236518112e-05]
[0.0006665393732020464, 0.00029931202347044383]
[0.0009774020682497553, -0.0001295344831128975]
[-0.0003008257484085619, -0.00039596514847484166]
[4.3578783561926127e-05, 0.00010522857816602782]
[-0.00019703051784658587, -0.0006328271204550373]
[4.646742614894395e-05, -0.00039358803773842377]
[0.0005341370275289692, 0.00044670612897484974]
[-0.00039755439470628984, -0.0004596758963293368]
[-0.00019926964571381767, 0.000127229717799493]
[0.0005357225440673075, -0.0004341092698705862]
[0.001138325968392473, -0.001089144389548713]
[0.0003231977048300805, 0.001172797831871908]
[-0.0008759797834971272, 0.00046922075591737666]
[-4.775922666544474e-05, -0.0011582263682155536]
[0.00044976186047002154, 6.569204978557064e-05]
[-9.093576879426468e-05, -0.00017494769803980126]
[0.000223944979079016, -0.00024812350353492496]
[0.0002535884716662329, -5.718614821559331e-05]
[0.00018661860722840595, -0.0003616654201142322]
[0.00015275337884640416, 0.00013071092740404855]
[3.466216677344702e-05, -0.0004613158091927305]
[-0.0003755394530851053, 7.288093704463372e-05]
[0.0003825722434991907, 0.0008436884216021512]
[0.0005514556701358697, -0.0004976704881773791]
[1.5075264062636151e-06, -0.0001984789092269179]
[1.4228784446845832e-05, -0.00033560566169901773]
[0.00019362625536556433, -0.00041865321277623213]
[0.00030550361097442247, 0.000502961052210385]
[-6.182550089450789e-05, -0.0005419393620052504]
[-0.0004946275576978576, -0.00012716216688360427]
[0.00017379952943819, 0.0007556611801797231]
[0.00020703152141454684, -0.0005916836611321863]
[0.0007338203390887532, -0.00018863716272188302]
