[-299.34089102216427, -1144.928404142529]
[-10.514687137675804, -26.014769181671326]
[15.580950099498274, 16.470395211085425]
[-9.631869143473384, 19.04102650895671]
[-14.596678580017333, -2.9845625808333764]
[2.0927315862045335, 1.066112766598927]
[-9.288811905787544, -7.814805178659324]
[-2.48551839084323, 3.0185017712270437]
[-3.322075510874055, 2.385041255056656]
[-5.857933409959086, -4.055886819905444]
[3.010342920930661, 2.0243401771479714]
[0.9957430426075784, -0.45751245714638245]
[-0.7943192928058203, -2.254905218119106]
[-1.1497610267910812, -0.5205813840572269]
[-0.22390835972382828, -0.32249120972515755]
[0.09115856550042858, -2.369416875843056]
[2.1268785351598574, -0.6416730434252358]
[-0.32801407982104636, -0.24539187567144083]
[0.5354230052546995, -1.0751036333986264]
[-0.1656381392011903, -0.09019346830204178]
[-0.3385533904755489, -0.5870883874588912]
[-0.19156066505418956, -0.3570075476972985]
[0.2163180727137206, -0.21255550248083743]
[-0.38331150463880603, -0.6701323840081557]
[0.5794793259624562, 0.1291939057318796]
[-0.6093239877070058, -0.13880004223724285]
[0.2887707144338876, 0.236059807172591]
[-0.15879698757146787, -0.4962942652746438]
[0.22543856835759257, 0.060206207794136546]
[0.12818510219769674, -0.2675916072762341]
[0.3387908237400392, 0.071594058004397]
[-0.3552661760699558, -0.3689796841349686]
[0.530970024292726, 0.13190837776668296]
[0.07168997320981729, -0.07241735109915837]
[0.03243906494435933, -0.18320542163755693]
[-0.05634227650049661, 0.21946660113443706]
[-0.22435032590234805, 0.09289312024629304]
[-0.15440373108050576, -0.17929672924531026]
[0.16181302109634288, 0.09856684241438529]
[-0.13637464311477476, -0.005739359749041384]
[-0.008247393439473782, 0.06212259459286429]
[-0.19665262247713677, 0.12991332978848646]
[-0.11106071486197067, 0.1689974889393957]
[-0.04983469185056144, -0.06791864908887923]
[0.023749672021743606, 0.06678445659199284]
[0.04497052332941287, -0.0936503638424604]
[0.11954418167464986, -0.03451028779257648]
[-0.08381293242417787, 0.08414389560089575]
[-0.01137660541887442, -0.02845235307253713]
[-0.005124256594177368, 0.07030950097833433]
[-0.08726103021343512, -0.035104065582912014]
[0.09368342046751632, 0.09845518493567162]
[-0.08854737279997238, -0.08229590573509338]
[-0.0897685528147596, 0.040785721720761]
[-0.01753854135160715, 0.012423432902842535]
[-0.07230426386423972, 0.036852549794431866]
[-0.03684314168258496, 0.015910292415146632]
[-0.014861764489769946, 0.11050253605361426]
[-0.08640565013555168, 0.04360938248353863]
[-0.03488224878901747, -0.026799361626361318]
[0.05900161900483347, 0.0038549410892976255]
[0.013284659353507422, -0.05948021284239502]
[0.055022906825351825, -0.04798663511576562]
[-0.021224635216148258, 0.10351822759784213]
[-0.037132435829809296, 0.004555426972886689]
[-0.02277143325211828, 0.03131448224952038]
[-0.03523251655766657, -0.016109366123393087]
[0.061114506565297155, 0.0076103138022505235]
[-0.019198907733107617, -0.052858438436062194]
[-0.07464266978072764, 0.06645065441556319]
[-0.041284504044009296, 0.02787527394306455]
[-0.06956303955031196, 0.026721687524726256]
[-0.0356899978608638, 0.060917069200460805]
[0.011411467242622209, 0.032974258169303994]
[-0.02880153265411778, 0.004786674603730168]
[-0.019843702495623283, -0.009290553911394106]
[0.013925097291819455, 0.00037928281190835467]
[-0.028598008873933267, -0.007258311790526051]
[0.016877138134793412, 0.005651551989573914]
[0.01756420998647723, 0.05061293699812808]
[-0.036805371187215385, -0.011793019948575179]
[0.01848386054765072, 0.04566634834660377]
[-0.03860489684830881, -0.029909167619678323]
[0.010963050306257216, -0.002490472645302333]
[-0.008123730223132952, -0.02708059189213574]
[-0.009722203697049459, 0.06617515382097139]
[-0.0424699468036156, 0.011403043181211547]
[-0.0334337919370169, 0.042356075725805464]
[-0.03170502046273782, 0.02886721120504987]
[0.038007741120086536, -0.008067623793701628]
[0.0016636703853620816, -0.029179575672483526]
[-0.0007774909784901141, 0.017479437869035053]
[0.0032173216838558005, -0.004462281818169211]
[-0.013421727613591727, 0.0050742241147858635]
[0.012273477166465874, 0.0030584209946225016]
[0.047171155896831074, 0.0242000738532413]
[-0.024238690267489815, -0.039167304880926235]
[0.029642786714088487, 0.023108896998827566]
[-0.01908538933543813, -0.03268511915532413]
[-0.007006976269673615, 0.007897346570946429]
[-0.004643071375541652, -0.008587468270450316]
[0.0019754423588302927, 0.03343301013384026]
[-0.027330974327544943, -0.0011642086224923354]
[0.001982375643626355, 0.02737410789005379]
[-0.03155853267345066, -0.005045492788447792]
[0.003370844925031591, -0.018608623915429723]
[0.013675039929089472, -0.011032413196727209]
[-0.0030570862601422277, 0.002503600560624597]
[0.005234607243091105, -0.01587085617878392]
[-0.004629985169602335, 0.015062819387799742]
[-0.01455712473024029, -0.005789496128711491]
[0.027327042992557615, -0.00044491645347483066]
[-0.004375824928365191, -0.04087871626738293]
[0.014431273717145032, 0.007751904541327181]
[-0.010698228779237873, -0.033084115372020495]
[-0.02200574912426756, 0.01662937821296473]
[-0.006769187240961649, -0.003176041216264913]
[0.0006130397518733233, 0.011418166614590941]
[-0.017856351484618393, -0.015923177922344767]
[0.006726574188189893, 0.012007543445442193]
[-0.009847397848780304, -0.015547896157489305]
[-0.021223813828066262, -0.01825219209929574]
[0.02354709795863119, -0.005676099536420232]
[-0.0007993100051404411, -0.006718808113765018]
[0.012002378982640671, -0.01425373561040777]
[0.003942245953544976, 0.011343889929418927]
[-0.005940064611057672, -0.01453710562616184]
[0.011272118924720687, -0.014463659338082246]
[0.016946708177560943, -0.024024607491719863]
[0.0025239054350034706, -0.0012527141379470308]
[0.009290706715084696, -0.021033288051345966]
[-0.013502337584117008, 0.013850117675465956]
[-0.007841171935202063, 0.002483639660273873]
[-0.003291375481921932, 0.0036290120441175855]
[-8.973787916177756e-05, -0.002860243099324755]
[0.00011982051639947144, -0.008295789213944804]
[0.012033915089808112, -0.009601683620529933]
[-0.019796864720555085, -0.004336376155485544]
[0.014042140556363325, 0.00572070581882711]
[-0.009172415712995985, -0.0074371061546916195]
[0.011923674288195407, 0.0013813370266140268]
[0.01257633266766689, 0.003931176752571375]
[0.0021112026629892533, -0.016166915807469984]
[-0.006049119378827683, -0.004276244126640405]
[0.011995558826652042, -0.008963558239532876]
[-0.00393005883908204, -0.0010225415603153376]
[0.006364773134397872, -0.009605645482353875]
[-0.006146973445238846, 0.021127067289426815]
[-0.013890804877661145, 0.0019072981089069962]
[-0.009224024370401374, 0.002190202164083166]
[0.004342901260017795, -0.0014883876698128518]
[-0.005072362588559809, -0.0065975620034584015]
[0.009287064808840562, -0.006718822255791679]
[-0.015149308969104602, 0.0065628612899379934]
[0.004826982173397942, 0.007098993611865723]
[-0.008070158399772431, -0.0012772555645386152]
[0.006636112515691295, 0.0001473261249271829]
[0.010197964288209738, -0.003272921678429075]
[0.0082619744010759, -0.015709694794860507]
[-0.006451388650424272, 0.003666954201170247]
[0.0033064197118228833, -0.006890791689636799]
[-0.009833603868703689, 0.003665571346954888]
[0.001455565118168356, 0.003198012946627582]
[-0.0003540881022445763, 0.011144037183287825]
[-0.006960351703378886, -0.004263098750434846]
[-0.00895218475750581, 0.002116348110777322]
[-0.0008338977447537865, 0.001835738253231689]
[-0.014738176926268443, -0.005872121115526818]
[0.009320798406771635, 0.005106453608419104]
[-0.009645689563306581, 0.0032625167622644113]
[-0.0002950373507769055, 0.0064360141797568104]
[-0.006179563252828313, 0.0012611176099581733]
[0.002420580302160691, 0.0015116834562558523]
[0.0005427221478898625, -0.009236243454691762]
[0.007424850398259658, -0.008946758441669811]
[-0.005369170686410962, 0.006952838699480157]
[-0.0022898822123164457, -0.00032463476890898235]
[-0.01270263210741962, 0.007625728839250279]
[-0.004640992924765108, 0.006165266666706137]
[0.0029630253770371318, 0.004204390004555414]
[-0.005120251162298917, -0.005334744574498451]
[-0.009426693248417883, 0.006024248640240981]
[-0.0032632697394725796, 0.003330586599597729]
[-0.01550846841422382, -0.0011229649068120184]
[0.005302152610044186, 0.010197886080067609]
[-0.002591094538476557, 0.00493508838981821]
[-0.0014676589995269301, 0.001502607462590233]
[0.0011007597713641043, 0.0026494870236855317]
[-3.3060654563571434e-05, -0.002499487569081027]
[-0.0023785536983025393, -0.0023204223981010755]
[0.006320683987540288, -0.002301229605847818]
[-0.0016090070802572895, 0.0065703152384399]
[-0.001815268856395054, -0.00027921562031493763]
[-0.0009174768787656856, 0.013181958048620795]
[-0.010473298057335934, 0.0016782996674615802]
[0.0005092440893389311, 0.002748923325304742]
[-0.0015101932800720974, -0.0006020538832609557]
[-0.0043104092688028145, 0.004728827844617867]
[-0.0021010583200706534, 0.0019923753497524954]
[-0.011006875326640214, 0.0058168304897406875]
[-0.0033544147475669805, 0.011862305488806957]
[0.00221199316821067, 0.0014265932729766728]
[-0.001512531609367096, -0.000815553941482472]
[0.0039104925996441275, 0.002307060502594549]
[-0.003200731869524742, -0.003495345150860363]
[-0.00504141587090489, 0.0007494151096276713]
[0.0010585385863144947, 0.0017999568547842903]
[0.0019341631924074086, 0.005747702990463122]
[-0.008446184382585376, -0.001659973592926578]
[0.004036058773433181, 0.011680307198617124]
[-0.012885074111946615, -0.002103572684517996]
[-0.0036152120727489384, 0.0014855355153631233]
[-0.004181364138913679, -0.0003865460602155979]
[-0.0031101739506028125, 0.0027772304357192024]
[-0.004684815846815127, 0.0017693178036806145]
[-0.004082323357957496, 0.007689192143146117]
[-0.009721014573035203, 0.00415112258791317]
[0.0024156529843490926, -0.0015267608901372576]
[-0.0017860075573170597, -0.002326645847395614]
[0.0034019088918623153, -0.0017596329100086905]
[-0.0004966140060489455, -0.007145310343657174]
[-0.0011891338263053108, 0.002934811870926479]
[-0.005206924022515436, 1.0499440872280275e-07]
[0.003475948865611811, 0.004115818707926655]
[-0.006353024949973696, -0.003285156626274821]
[0.006583824967430929, 0.002870762463276]
[-0.0069894989093721716, -0.00731589920571607]
[-0.0034321540661460537, 0.0018850306664950356]
[-0.003706310781086408, 0.00043421669759236003]
[-0.0033421169064851153, -0.0008898767802836272]
[-0.002549118711206333, 0.002486181810313237]
[0.0034067535672976934, 0.0034635316945659245]
[-0.005832635984873047, -0.0013755894772848887]
[-0.000637184450801298, -0.004318035074165172]
[0.0015279785514883404, -0.0020235325169442042]
[0.0025303896611217347, -0.00553863502666041]
[0.002341161346161247, -0.00486731877844937]
[0.0010658648318209174, 0.004579161862030112]
[-0.0056644176477327335, -0.0008020815483711363]
[0.002795500150521102, 0.0008896836527978458]
[-0.002829005646944438, -0.004280460451608237]
[0.0038564429610474793, -0.000492579940842397]
[-0.0028838188535051934, -0.006751565062184106]
[-0.003987356471685688, 0.0030725061277547816]
[-0.0035777966391230542, 0.0014160974176279373]
[-0.0037703389030885326, 0.0014455249061395836]
[-0.0025180650437932606, 0.0021627353389914727]
[0.0033109986205819286, -0.0006028084431473069]
[-0.0006748001062293341, -0.0044937064500502055]
[-0.0009097534478363922, -0.001726265087179213]
[0.0007646555374423158, -0.0029782278014637287]
[-0.00172275165397906, -0.0026972416710426828]
[0.0029502789241768745, -0.0005582136562970463]
[0.0037957179145924336, 0.0032555655608077494]
[-0.0029932979282576433, -0.005271970040424345]
[0.0021865022714564475, 0.0019355576694124466]
[-0.0027818388121221282, -0.004015696093246035]
[-0.00040163720057040386, -0.0015936307515760362]
[0.0010865880544592699, -0.0033367027687704054]
[-0.002532443564014386, 0.0030230303904719147]
[-0.003323794222675147, 0.00156445450039161]
[-0.0030929667991301812, 0.0016579577968096615]
[-0.00121296613087285, 0.0020865761121410253]
[0.0013326921280927273, -0.00442933325815309]
[0.001884686221615972, -0.00324372187912933]
[-0.0014505703998644037, -0.0015016223238055737]
[0.0016784909267468784, -8.137864493798497e-05]
[-0.0037636257442628107, -0.002064581081061778]
[0.0017578528285553396, 0.0016367808981507595]
[0.004205801106536455, -0.0001708345567656977]
[-0.0012776332449133676, -0.004449004688556822]
[5.199484781170938e-05, 0.0011230649365583378]
[-0.002436693792167155, -0.0026335133949391965]
[-0.004098643380905376, -0.0017723228329684648]
[0.0010840949542827438, 0.001598342504797734]
[-0.002712929550902299, 0.001822694241178091]
[-0.0022093297474414797, 0.0011779807076019444]
[-0.0019176697139142718, 0.0008903846135774884]
[-0.0020399583105552566, 0.0010765650126195458]
[-0.002732517648952104, -0.003768856773296969]
[0.003619117727541976, -0.00013515068726449586]
[-0.002289112563655493, -0.0025445483410118097]
[0.002992842256297479, -0.00015306109356738595]
[-0.001667830127557668, 0.0014895411617097398]
[-0.00040346679397051943, 0.0006905451435351706]
[0.001523358305755007, -0.0011712894590406586]
[0.001506681888741923, -0.003133548906398609]
[0.00032135786828257906, 0.0009523831328002164]
[6.119285648065187e-05, -0.002911587741263544]
[-0.005581354314614817, 0.0015435746980591025]
[0.0004839600549098044, 0.003727004140043788]
[-0.0012550140305265245, 0.0013077009984975851]
[-9.858764855152913e-06, 0.0006762235949010487]
[-0.0013097541865763063, 0.0016044836793386308]
[-0.00033148599429155823, 0.0006946694419234234]
[-0.004972361393613234, -0.0027445581968673083]
[0.005002053119637306, 0.002277852577425188]
[-0.0020541816413444103, -0.000918614350821495]
[0.0023723691788153367, 0.0013099884416136742]
[-0.00012368574861154613, 0.0030447433732550544]
[-0.0006436825838558313, 0.0004372111915311727]
[-0.0010142877840455533, -0.0003948538345683733]
[0.0014250811984886091, -0.0010406454746980653]
[-0.0016018962494426248, 0.0007634401887874204]
[0.0007864992826478456, 5.8577709922458254e-05]
[-0.004469259345199816, 0.004847048834134768]
[-0.003047489478125609, 0.0038765663085336133]
[-0.0025180740404402435, 0.002080897282161792]
[-0.0007782231633026715, 0.0026194534600421093]
[-0.0018440113721145401, 0.0003714598225228738]
[0.0004697945763405542, -4.837787060041343e-05]
[-0.005005054068643933, 0.0004498189535497299]
[0.0008427428427983941, 0.0042526704669045845]
[-0.0022822449817838653, 0.0011213506050148925]
[0.0007551393078928381, 0.0021562532419261426]
[0.001961141325285354, 0.0022229434871812725]
[-0.0016835197322324635, -0.0016680776627595595]
[-0.001453484401553684, 0.001392139758021771]
[-4.0473758994963305e-05, 0.0001338780733637357]
[-0.001959604926045966, 0.0010050597159761976]
[-0.0005361252351365753, 0.0015861074349223792]
[-0.000507412664365825, 0.005775921609647128]
[-0.004230094035329035, 0.0020859008056477446]
[-0.0021168687602795, 0.001390778959354133]
[-0.0011112898773553148, 0.0017514885170890615]
[-0.0006661804675656136, -0.0012772747622087355]
[0.0010453920331099376, 0.0006837773770838051]
[-0.0028198338359126662, 0.00193230182608084]
[-0.0009425317701261537, 0.0037950042239693893]
[-0.00013064032932286196, 0.0004771614388580092]
[-8.286277628399841e-05, 0.001153922052847145]
[0.0028274326693200624, -8.62463183493034e-06]
[-0.0007360847804959159, -0.002670470579645201]
[-0.0005038058716579918, 0.0010886934868623577]
[-0.0011523332065561664, 0.0004775977160562661]
[-0.0016746148389659155, 0.0020712299805154544]
[-0.0018559533743006673, 0.00209367354317469]
[0.0012596028565148298, 0.002754987705643308]
[-0.0032551100416199352, -0.0007139627407839466]
[-0.0010024524647775923, 0.001388234857743198]
[-0.0022990228830214177, 0.000360535503063808]
[-0.0025550519314918585, -0.0012746030771428885]
[0.0011306784801189962, 0.001974868258810547]
[-0.00011560771598007058, 0.0016778303962540209]
[-0.001574953721049821, 7.90841451721036e-05]
[0.0005444350553700517, 0.0010531095042342065]
[-0.0013830881433435915, -0.00075727698328798]
[0.0016461423105763595, -0.0011239008260162109]
[0.0005926238362718439, -0.0032886827676741337]
[3.5428186024533126e-05, 0.002110963180204539]
[-0.002011351941096029, -0.0006735019320496249]
[-0.000842556531375438, 0.002806367641991714]
[-0.0021791513437650623, 0.00010061564833796499]
[0.001590767833439366, 0.0010290005154375281]
[-0.0022395247606037394, -0.002372043265444379]
[-0.0009282701453960929, 0.0011327355407710904]
[-0.0010994696319494568, -8.26902833918064e-05]
[-0.002865318087699631, -0.0006325805226692349]
[0.0005285575231131628, 0.001728914295140327]
[0.001477151530524079, 0.0002761463867295699]
[-0.0005521782866089661, -0.0012628646211362282]
[0.0010761444287571975, 0.00018478120352438676]
[-0.001104114150855734, -0.0019432475450167352]
[5.5389068101929784e-05, -0.0017582638501331127]
[0.0011577745227404745, -0.0010180745055958784]
[0.0004807731684858263, 0.0010098394500412389]
[-0.0014722144239642477, -0.0012893914595667466]
[0.0006323208437902517, 0.002134293087225292]
[-0.0032508112736303087, -0.00044407610439961553]
[-0.00014815428645820194, -0.00043701582778149506]
[-0.0007294963282054208, -0.0009791197484546599]
[-0.0009357565835081405, -0.000836710260269935]
[-0.0004888193207989583, -9.256651415012751e-05]
[-0.0018731331390744177, 0.0005434727035110165]
[-0.001005643650004405, 0.0015586941101718432]
[0.0009731047777537805, -0.0014571368745985025]
[0.00015188947970412245, -0.0014537565605780012]
[0.001731233371993053, -0.0007743643081561807]
[-0.0003400384109918074, -0.002747010624476978]
[-0.001101851590646255, -0.0011214893826682684]
[0.0005214743834162806, -0.00032568943455669325]
[0.0015051639860336444, 0.0003840235843640613]
[-0.0011395247668900422, -0.0019756612934293434]
[0.0011968829615602496, 0.0018392004869393908]
[-0.002611654077418247, -0.0017087385435971547]
[-0.0009113859749763781, -0.0013165361199282688]
[0.0005215756727236578, -0.0008486756606784218]
[-0.0007986155640425513, -0.0010267770316093605]
[0.0002700660487566092, -0.0001278753352256523]
[-0.0004444775239442894, 0.0006088378813545181]
[-0.0006177289372193001, 0.00019176388505426356]
[0.0003320398683680781, -0.001831435965563566]
[0.0010300949337166965, -0.0015963871605203517]
[0.0010733520307573928, -0.0023843537564469663]
[0.0017081988319624097, -0.002534397530697008]
[-0.0006583341525759207, 0.00013671425790290348]
[-0.00034723154650029286, -0.00040642054432410424]
[0.00021860911281935524, 0.0001223003837607095]
[-0.00029962932397054054, -0.000935222854138329]
[0.0008643545423228042, 0.00010248575388938086]
[-0.0010376307492659942, -0.0026600384702055724]
[-0.002262414152851562, -0.000581803756865229]
[5.234810692761327e-05, 0.0007626897492439833]
[-0.0022851781917256273, -0.0007725016936803719]
[0.0008137282176362004, 0.0008377579094139831]
[-0.0003087376505166023, 0.000247460844701064]
[-0.0007396302918370457, -0.0005320963014943114]
[-0.0012564477615175235, -0.0014020183515797147]
[0.0012100995372518186, -0.0008279178292290856]
[-0.0007606463818183307, -0.0022165248510559454]
[0.0016910688501967641, -0.0009355538163782207]
[-0.0005442975419298612, 0.0015877215643917975]
[-0.0007949827540160159, -0.0001815340809461219]
[-0.0008399406532468845, 0.0004941097282629148]
[-0.0006226780908008545, -0.0007029445281961921]
[7.347734487378466e-05, -0.0003910529602481061]
[8.62894998968633e-05, -0.0013741527207699056]
[-0.0026940812208096077, 0.0008470744927528973]
[-0.00026435222951748383, 0.0016856815225440025]
[-0.002084945792550419, 0.0002061451719170826]
[0.000483632882332663, 0.001738994252860171]
[4.383969553028999e-05, -0.00029669070520488283]
[0.0002640446942134833, -0.0006673563547533456]
[-0.000907034309544752, -0.0009395532435403364]
[0.0010807557837652082, 0.0004114156225827337]
[-0.001444063432488929, -0.0006150497095680496]
[0.0015144683786452173, 0.001186083476135913]
[0.0007072727788900446, 0.0010829830211636082]
[-0.0006727766364225118, -0.0004695021141382094]
[-5.247919767104037e-05, 0.0012398439935799033]
[-0.0012516697042428415, -1.907964360081671e-05]
[-0.0013342878640604239, -0.0005928180831884511]
[0.0007521948445157189, 0.001022681088000521]
[-0.001390555540588978, 0.0015489969983562002]
[-0.0010052070931647616, 0.0016304319693196678]
[-0.0015933924678170897, 0.001103033323984981]
[-0.0008559629044442296, 0.0019738599100699306]
[4.0314764032212125e-05, -0.0009338391755351338]
[0.0006258361800171031, -0.00026527375531054664]
[-0.0009817327784625851, 7.612464230266625e-05]
[0.0001929961524425039, 0.0010229240402378492]
[-0.0011239930808922827, 0.0007336787262195443]
[1.527021469716061e-05, 0.001057532437306885]
[0.0012463132778178787, 0.0011890170131250155]
[-0.001436098131868624, -0.0010490112506425509]
[3.9568348652485597e-05, 0.0014616430313609818]
[-0.0012546999034279693, -0.00029244683218648815]
[-0.0019221854546205286, 0.000579173794128085]
[-0.00035502931526476544, 0.0014562766646013525]
[-0.00046424966098701503, 0.0017496468036430901]
[-0.0012846641290436, 0.0007852474024559186]
[-0.0005346975638589324, 0.001506304483354981]
[-0.001643795881995036, 0.0005448108708732136]
[-0.0007843545254206941, -0.0009023700299503057]
[0.0009966691785574522, 0.0006265182464411378]
[-0.00043707251713920314, 0.0001422470175627133]
[0.00010458760151443869, 0.0001928889882737983]
[4.490172755278188e-05, 0.0015876236678264988]
[-0.0013998871914082667, 0.0005985046142542999]
[0.0006280032602781205, 0.0005177989727813692]
[-0.0006385853031940503, -0.0008229291935567846]
[0.00018406711074714366, 0.000543268335737368]
[-0.0009865054791022843, -0.0002633676015760533]
[-0.0017080685477151025, 0.0015666506143988679]
[-0.0012647467644331112, 0.001851210412621651]
[-0.0003857364160209098, 0.0007906891196920451]
[-0.0012184150564040763, 0.0007630786171578807]
[3.0484068445524315e-05, 0.0008229625748374936]
[-0.0011811261495586756, 0.000186083715395996]
[-0.001568477264761281, -0.0008145108968216075]
[0.0005511532597344271, 0.0012750282505569754]
[0.00024019357037841083, 0.0001442026647939798]
[-0.00020549011338211187, 0.0002172370630524889]
[0.0006047927684502685, 0.0016431414840742953]
[-0.0017122555520989735, -0.00019224679775747822]
[0.00037808986553633517, 7.603622565705015e-05]
[-0.00044824581341740277, -0.0006257230731490093]
[0.00014520333464895785, 0.0005901520587651699]
[-0.0008131857307955848, -0.00015213109236500433]
[-0.0004642243106043331, 0.0020764350146075805]
[-0.0017806750986089082, 0.0010058972621067586]
[-0.0002473066433057447, 0.0008251801477290877]
[-0.000986995177922223, 0.00040464464897815855]
[0.0004934254647068759, -0.0003656704350597506]
[-1.9583909663056787e-05, -0.0005114296505294158]
[-0.0005980894852377627, 0.0003084087584196149]
[-0.00019668414201934326, 0.000835671554971662]
[0.0003395588224905932, 8.744642284891357e-05]
[0.00019101994206760509, 0.0001204575740989533]
[0.001809761317850045, 0.0006254581582215701]
[-0.0010960345292077012, -0.001744514288701815]
[0.0002766141580283765, 0.00014457437522693434]
[-0.0004971187866897875, -0.00025214934974204795]
[1.8565135545989264e-05, 0.00023880547919629194]
[-0.0003143472417972415, -0.00011822851235110399]
[0.0003455726643324386, 0.0015691329554825065]
[-0.001878477965674863, 8.337305829198005e-05]
[-0.000371138533250992, 5.628572620201833e-05]
[-0.0006308885516004281, -4.7502130128607156e-05]
[-7.346415940157058e-05, -0.0012958171161452925]
[0.00035999284437071566, -0.00024890146230149846]
[-0.00044388246762649963, 0.00034784599532952654]
[-0.00028436479962201666, 0.0003304111732801429]
[-1.300702052509095e-06, -0.00027728202038312944]
[-0.00036568650762136556, -0.0005034767718808952]
[0.001399729260477045, -0.0005747553878365785]
[-0.000298419925187976, -0.001958873018915508]
[-0.0003401562152323123, 0.00010481517402344265]
[-0.0005979551249581938, -0.00049376381280275]
[-0.00066830097349313, 0.00032206915574278794]
[-0.0004134673630052932, 0.00012534402681696477]
[0.0002481978211923419, 0.0005754323328454602]
[-0.0012108748290240445, -0.001047631955289119]
[-0.0004713493078718489, -0.00037078289375391815]
[-0.000322362025375611, -0.0002169116957750905]
[-0.0012788011737565608, -0.0012449527196640164]
[0.00124360158841208, 0.00033375397516222094]
[-2.299850041476148e-05, -0.00028748104718384626]
[0.00015286599814223756, -0.0004882642712407126]
[0.00018409363748905783, -7.804215600432096e-05]
[-0.00017297316368625193, -0.0007603996980435346]
[0.0003276999432503258, -0.0015443939870483092]
[0.001197429757415991, -0.0011757514677566139]
[-0.00015552132868046353, 0.0001715848600147285]
[4.996390085154623e-05, -0.00043291255183408595]
[-0.0009221299142888606, 0.0005104275660605673]
[-0.0003790397914928967, 0.00043674729798415246]
[0.00022136937025807324, -0.0003342906867348505]
[-1.8640906443601057e-05, -0.0007936196216055125]
[-0.0009808830211779362, -0.0005153171902584353]
[0.0005177222194824305, 0.0003681286066976597]
[-0.001595247795992294, -0.0008239767143554122]
[0.001227046857115055, 0.000917021427165654]
[3.0374904601560004e-06, -0.0002631039305300842]
[0.00023572690116552275, -0.0003210372105387771]
[0.00013612784330130356, -0.00022014831909078492]
[0.0002872009788378871, -0.0007434639787657904]
[-0.0007465864917746146, -0.00092050661341464]
[0.0010893284495286093, -0.0001422424781225562]
[-0.0002619338670528659, 0.00044683628550756804]
[5.399641621584017e-05, -0.00026817005034096564]
[-0.0005308384117923004, 0.001275831141189121]
[-0.0011696953034261437, 4.311748122010073e-05]
[-0.0007675436120695434, -0.0004058243536740336]
[0.0005635083313408201, 4.232371864898443e-05]
[-0.000994330505266705, -0.0002984134229214175]
[0.0005305119577809492, 0.00014471419047090706]
[-0.001262969042598927, 0.00045598832789722765]
[8.444106609736823e-05, 0.001089198036768546]
[-0.00017904701028920167, -0.00035070412290488795]
[0.0005422078953222637, -0.00042390020075977475]
[0.000275328926557572, -0.00046754365066298265]
[0.00041216456651988614, -0.0007438004805094267]
[-0.0009840182334650283, 7.933087058659138e-05]
[0.00048020414392669145, 0.00039180820777118264]
[-0.0001462052185543794, 0.0004371743014299212]
[-0.00034461544793710965, -5.600834025520918e-05]
[-5.748820180837e-05, 0.001002476209667591]
[-0.0009452448157323233, -0.0001751214697118808]
[-0.0013682934890182352, -0.0005639564651338524]
[0.00036589507495511306, 0.0007191270450302989]
[-0.0008879521665888235, -0.0001835892198799871]
[0.00031984628057557876, 0.0007415023997830728]
[-0.0008745772639119492, 0.0006090616368034929]
[-0.0005204288407788527, 0.0007767148453148853]
[-0.0003295595356166067, -0.0007263725750635552]
[0.00047277409162146955, -1.7533294303401226e-05]
[-0.00013943302916304134, -0.0006732409772075426]
[0.0004644625615040955, -0.000320644280137769]
[-0.0005951272167909645, 0.0007382713826177556]
[-0.00048593606425731406, 0.0005110099542776428]
[-0.0004331971343158707, 0.0007001375506904429]
[-0.0006454996831238382, 0.00014907367088445693]
[0.00013998043566121506, 0.0002094757137190706]
[-0.0005489214570929459, -0.0004730614343572623]
[-0.0012509637193424041, 0.00046296581515359314]
[-0.0003226928958532972, 0.0010039263993899816]
[-0.0010697145650345567, 0.000139267762418252]
[0.0002691318262777326, 0.000951665696988388]
[0.00014521053065498501, 0.0006088156610102591]
[-0.0005968618997603814, -0.00021419428799679396]
[-0.0003126636927252707, -0.0002720931341395061]
[0.0003313560039216179, 0.00018831632510502017]
[-5.543082362582247e-06, -0.0002654790627851511]
[0.00057821058332648, -0.00017962915717781303]
[0.00011847740205420815, 0.0013048509778222361]
[-0.0008831677911828317, 0.00011676167564289575]
[1.4063968077113187e-05, 0.0008122633583242389]
[-0.0007407906892399063, -0.0001196102467687088]
[0.00018906720262963205, 0.00011625583349422763]
[-0.00033055955195437914, -0.00011208680999319487]
[-0.0007808144650953176, 0.000905302733541169]
[-0.00046017418959198864, 0.0008934631085193434]
[-0.0007574494637111601, 0.00045799451930478297]
[-0.00046590528247453245, 0.0008856423482262454]
[0.0005381051994922254, 6.496796190152976e-05]
[-0.00034329809481681295, -0.00034166626693243884]
[-0.0001067497697399139, -1.3762925765603562e-05]
[-0.00023365227376775932, 0.00011832666854921792]
[-0.00020357306956453325, 9.093465023812808e-05]
[5.0767109179339354e-05, 0.0003333980390055613]
[0.0006102549723516065, 0.0009503905514449684]
[-0.001315504909725429, -0.0005830790689548282]
[0.0003315082499271149, 0.0008147606289129472]
[-0.0013630582481617415, -0.00011755716410105643]
[-0.0003900950843580553, 3.822823095833705e-05]
[-0.0002731381869076066, 0.00016949921010417368]
[-0.00018300969409570933, 0.0006920207083902508]
[-0.0009902612573245984, 0.00031734731872468114]
[-0.000305337419312407, 0.0007168140439810511]
[-0.0010926257355750035, 0.0004228411762394746]
[0.0004395442300481611, -0.0007100755475829557]
[-4.7171158863434925e-06, -0.000453633265892206]
[0.00032664546131977445, 1.1566815061758717e-05]
[-0.0002260512091917244, -0.0003244164784171888]
[-4.331764300002927e-05, 0.00021893769732483914]
[-0.00048651306236291436, 7.730094614949445e-05]
[0.001141942746466007, 0.00034181572958036366]
[-0.0009571493660891495, -0.0009647201944663064]
[0.0004177646449431416, 0.00028190842763631263]
[-0.0008284404974894244, -0.00042979584450353325]
[-0.0003829157471528233, -0.0001216358311689758]
[-0.00014993488159975588, 0.00025834174003264154]
[7.186221117916336e-05, 0.0003081592233713515]
[-0.0007553851259021194, 7.775185335362478e-05]
[0.00024689880974293477, 0.00010537959035550326]
[-0.0006675193443624883, -0.00014379007566289737]
[-7.384903820106814e-05, -0.0010390807971238925]
[0.000517017882544657, -0.000144132253478646]
[0.0003327936950050514, -0.0004581960936174134]
[0.00021493006438166873, -0.0004696082963966397]
[0.00025504282406396683, 0.000576729981117241]
[-0.0009167308496220716, -0.00024794041541259526]
[0.0005154921446296479, -0.00028764851287355064]
[-0.00013996802597537883, -0.0007761772626811991]
[0.00029060646511402943, -8.677661409961512e-05]
[-0.00035195880604477203, -0.0007615680936252367]
[-0.0007361381316264293, 0.0005038549998204189]
[-0.00048875124589709, 0.0005378861340903651]
[-0.00017914024961163122, 0.00012505266283302507]
[-0.0003661587667289634, -0.00021515689516055092]
[0.0002249508284513091, -0.00021616677881275415]
[-0.00017824799534782443, -0.0004902868724420972]
[-0.0005932465824213251, -0.0006018780524008616]
[0.000657839567346663, 1.1092383005201212e-05]
[5.791918947728458e-05, -0.0002122334155135741]
[0.00018070884378373897, -0.00030461925912142473]
[0.0004581397881157079, 0.0006072049458956119]
[-0.0005738189459949528, -0.0006996760848442668]
[2.963472353745278e-05, -0.0004088444510730316]
[0.00011606616821069338, -0.0005270391496131396]
[-4.24229265738596e-05, -5.315782222026222e-05]
[0.00013400735792012952, -0.0002428111704727426]
[-0.0006513891019851448, 0.0007436378637049046]
[-0.0006814735959128626, 0.0004572079207500121]
[-0.0003049172428679636, -0.0001712683553167782]
[-1.0837899604876355e-05, 0.0001313719724466561]
[-8.266467724449278e-05, -0.0007635392425154319]
[0.0004548432320106155, -0.0002543838996581782]
[-0.0005869936916955698, -0.000241256421616598]
[0.0003431312811852383, 0.0005184735330250045]
[-0.0003480902455128554, -0.00017086575449221098]
[0.0002010516899093595, 0.00011903332644519482]
[0.0006229505447046257, -0.00018561169844599767]
[-0.00022605751334525692, -0.0007775322685680819]
[-0.0003646635111296259, -3.4925913405425835e-05]
[-4.782461352004219e-05, 9.695941418258469e-05]
[-0.0006387734596757788, -0.00010627081769515323]
[0.00019618197663451298, 0.00035897018872477204]
[-0.00026925705399372113, 0.0006808956516971554]
[-0.0007826933801389213, 0.0001222606667937165]
[-0.0006339957406082952, -0.0002609774725536862]
[5.9893289703127905e-05, 0.00038672443103210385]
[-0.00041257665535998633, -0.000708112679039391]
[0.0007397229888550516, 7.406758557798598e-05]
[-0.0005633556500830306, 0.00017343820981183256]
[0.00014021942718533964, 0.0003928629578561771]
[-0.0001801364199922606, -3.5242555697811984e-05]
[0.0001057236918633464, -0.00010223397482284069]
[0.0003718601339361971, -0.0002904949143555935]
[0.00022130794418084854, -0.0005702075083147129]
[-0.0003991142643058332, 0.000325501557912819]
[0.0001046917989810936, 7.29832754888804e-05]
[-0.0007626666981110919, 0.00039839606069204045]
[-8.990105819806082e-05, 0.0005194260571470544]
[-6.354954425558113e-05, 0.000338713596257938]
[-0.00022708195640341877, -6.28489131569987e-05]
[-0.0006356817972528184, 5.139529632332274e-06]
[8.718112411099099e-05, 0.0004234431280880635]
[-0.0009117198915813418, -0.0004017493966077118]
[0.0009075263610947015, 0.0006504543139054242]
[-0.00025826244262061593, 0.00021335053978899232]
[-1.2884465323104166e-05, 3.9100864515972944e-05]
[-0.00012706132103224022, 0.00023775051600397057]
[-0.00012120712165664127, 0.0001457730834616422]
[-0.00027151571646577555, -0.0002907477807129466]
[0.0004975940826865699, -0.00013696167132937198]
[-0.00036944241179681647, 0.000547650496652119]
[-0.0002659364068346992, 0.00021046724080153734]
[-0.0008153804767571105, 0.0009155265122522405]
[-0.0006351240733094565, 0.0006472293650148231]
[-0.00029364425801592375, 6.593943387611656e-05]
[-0.00015488545684005928, 0.00019577878893484169]
[-0.0006476501309862215, 0.0002540643750308935]
[2.822729808482638e-05, 0.0004431836050203808]
[-0.0010358060769255495, 6.607844703848675e-05]
[0.00019726270929809608, 0.0008529186063664929]
[4.620851860670516e-05, 0.0003130188154297775]
[-0.00018026310384389177, 3.6770995328061495e-05]
[5.408002119144939e-05, 0.0002637042886329821]
[-0.00021414465331243138, -6.980281435442492e-05]
[-0.00025447069690265334, 1.4596736257255216e-05]
[0.0002370127072205963, 0.00014877312834316037]
[-0.00013674762662996276, 0.0006721628345764952]
[-0.0004787844997762303, 0.00020305327001957085]
[-9.314442406238577e-05, 0.000956871163738493]
[-0.0008945295954403965, 0.000351259351331179]
[-0.00032782369154271684, -2.4055741125961205e-05]
[8.256050999577713e-06, 0.00036269550952461316]
[-0.0001872530179605203, -5.0665592871979026e-05]
[0.00011718238062669029, 0.0002809202824249901]
[-0.0004669544350905941, 0.0005334059442715922]
[-0.0004252403905865565, 0.0007591341540730268]
[0.00019730246004645569, -0.0001662095246356965]
[5.549988923805871e-05, -8.004354770996258e-06]
[0.0005580770112372235, -5.3156768601514415e-05]
[-0.00017692855870113378, -0.0004757544774124378]
[-0.00024586655165759197, 0.00027824185582453476]
[-0.0001842951970999207, 0.0003549085579807043]
[6.98963874219416e-05, 0.00048239624741552856]
[-0.0006109462469927329, -2.0689443153698583e-05]
[0.00025959835062816516, 0.0005719494651910129]
[-0.0008847679986697388, -0.00011318124398640439]
[-0.00037863901678741874, -7.19642168039436e-05]
[-8.94595785315283e-05, 0.00017177281710734071]
[-0.0002656512827535207, -3.5814750781015814e-05]
[-8.830792143657562e-05, 0.00024432079261049733]
[-5.170901221640545e-05, 0.0004915975959753349]
[-0.0005605406848532626, 1.749024208580474e-05]
[0.00018725882185147147, -0.00031311156729257883]
[-7.482098624397165e-05, -0.0003559297417922158]
[0.00043406286129821225, -0.0002061046241355613]
[0.00012531319395513163, -0.00065553423859388]
[-0.00011446526770517162, 0.000570527048964875]
[-0.0006067725228939298, -7.891740979137918e-05]
[0.00010695065502841494, 0.0003674978486278291]
[-0.000521014481658557, -0.00023348460013328243]
[0.00034190570142889065, 2.868883713721959e-05]
[-0.00044103784101657325, -0.0006129619862059732]
[-0.00038027487017051886, 0.0001009312483464253]
[-0.0001530198953896833, 0.0002462756390171905]
[-0.0004842346692436744, -8.641757667329775e-05]
[2.8845730422631666e-05, 0.00022150943005561086]
[0.00043849900397106845, -8.802399430068997e-05]
[-0.0003303992828496381, -0.0004492850852756969]
[6.148710547055486e-05, -0.0003378273794132497]
[9.186944101554836e-05, -0.00024079013908524793]
[5.2624953891314274e-05, -0.0004938162153875769]
[0.00034687315050036666, -0.00028769423635628677]
[0.00018967111564104772, 0.0005015124534682724]
[-0.0006807717620956576, -0.0002873862128113802]
[5.9740425037946646e-05, 3.291000853533968e-05]
[-0.00046007584104287803, -0.00017145993340489732]
[0.00012400386346717116, -0.00030811797574623913]
[-9.338759113703549e-06, -0.000321348234724423]
[-0.0005074488406091116, 0.00011080169181772181]
[-0.00020620702094323318, 0.0003000916852480967]
[-0.0002980301990838565, -7.852923931439548e-05]
[-0.00017362200721281196, 0.00015147638747699255]
[0.0003883225657042959, -0.00043828478494996326]
[4.4421988327852935e-05, -0.00047096660675689794]
[7.687542460161831e-05, -0.0003204645760901681]
[0.00022146175828012538, -0.0003308745270924063]
[-0.00018179484163678358, -0.0001630426551022801]
[0.00010951812673651307, -7.997642953624928e-05]
[0.0005041489879755445, 0.00020952958199449423]
[-0.00042569339495343583, -0.0006229723325192615]
[0.00016364227207682665, 0.0001467792435902726]
[-0.00040756481975136316, -0.00029944007564533526]
[-0.0002984464388441823, -0.0003652928199219807]
[0.00038564307461846914, -2.1509799087937598e-05]
[-0.00018638238539261248, 0.00011044623744999038]
[-0.00025441217610291944, -4.1348883709074746e-05]
[-0.00014466137167188503, 2.2129425652495094e-06]
[-0.00014612928981397322, 0.0001384381810359825]
[0.00011112462571050835, -0.0007450002017843627]
[0.0005437846223046439, -0.0004444225032469995]
[5.873513051896789e-05, -0.00031469462030125905]
[0.00025246914428070366, -0.00027919141729110253]
[-0.00025358967598720916, 8.084835943222846e-05]
[-0.00011422571358615796, -2.9192686684276214e-05]
[0.0003179128388641206, -0.00013526978164923875]
[-0.00018609333825492236, -0.00046007753652682615]
[-6.417649446910367e-05, 4.286091815580706e-05]
[-0.00013888964727293285, -0.00029631761826259817]
[-0.0007309656467102688, -0.0001791689220408399]
[7.233660018174382e-05, 0.0003258312223275439]
[-0.00031956450978232187, 6.922856797803023e-05]
[-0.00016500854625672856, 0.0001006109270972888]
[-0.0002788911636963376, -0.00010254958751121368]
[-0.00012441289155290525, 9.604270380436652e-06]
[-0.00035220203721306187, -0.0005906321229619538]
[0.0005601190417015567, -5.653069853372994e-05]
[-0.00022454462501025896, -0.0001866078050941633]
[0.0001829626484777247, -0.00014915813904958775]
[-0.00012600370591356325, 0.0003697905131633261]
[-0.00035123177071816336, 2.6540156681242877e-06]
[-0.0001309053230612034, -0.00010766295248454405]
[6.493311179811556e-05, -0.00019292010361771084]
[-9.184147446528179e-05, -6.313813640357324e-06]
[2.4591408035790074e-05, -0.00018547179523170643]
[-0.0007680210579040225, 0.0004500798427163888]
[-0.0002229960623137961, 0.000627909461146603]
[-0.000367701325274028, -6.673292059089508e-05]
[0.00012024956449629975, 0.0002919289064082786]
[-6.2591690325741745e-06, -8.705361533234424e-05]
[7.506770982235178e-05, -4.8226200116519014e-05]
[-0.000499165018412906, -0.00023582775923347565]
[0.00047102468112558693, 0.00041002638410359005]
[-0.00012775500581491128, 2.0228745149841743e-05]
[0.00016468547861547833, 0.0001241292567689678]
[0.00014559730491636724, 0.00038490049964834405]
[-0.0003189445306167604, 9.03276139768705e-06]
[-0.0001075822611540378, 4.268749631186619e-05]
[1.9771363277909515e-05, 4.968674894012537e-05]
[-0.00027462219058882464, 0.00017005054507057693]
[-1.953857234515688e-05, 0.0003047427409046677]
[-0.00047486541222596657, 0.0006598480568099641]
[-0.00046412528169148537, 0.0005454565702988079]
[-0.00031350716022127134, 7.291378479523658e-05]
[-0.00014860338596134337, 0.0004239483831526003]
[-1.0109746400366326e-05, -0.00014193730413980532]
[0.00021166112208037546, 1.3355210088744629e-05]
[-0.0004333434694472338, 0.00024106983295502094]
[-9.264940699049706e-05, 0.0004435783267096455]
[-0.0001282499038333107, 0.00023937030489318278]
[-9.345810827920964e-05, 0.00020379395958161628]
[0.0004168402080934053, 0.000291767046488145]
[-0.0004324629750788178, -0.00037970588428090646]
[-0.0001256846116499677, 0.00038986619357400665]
[-0.000252415675930151, 0.00016989314075160564]
[-0.00045465897246621534, 0.00032760988125934976]
[-0.00019284722565038326, 0.00033161379720492244]
[7.5902657618032165e-06, 0.000601717076536834]
[-0.0006811374928732405, 0.00018134255908003327]
[-0.00021369233675072596, 0.0001918858754721975]
[-0.0002285960744969895, 0.00025992803318192204]
[-0.00013567768297073624, -0.00028594013734478674]
[0.0002855725435140233, 0.00013082143582369976]
[-0.00014954211496220893, 0.0003631238746423793]
[-0.0002834397029488622, 0.00021074242076732363]
[6.448410038961683e-05, 0.00015821493618894955]
[-0.0003245451856251913, 8.386235620963522e-05]
[0.00042750015613723935, 3.2160412698656327e-05]
[-0.00015087127666535416, -0.0003483357524171893]
[-0.00019350468952195055, 0.0002984685519569763]
[-0.00031360108652800367, 0.00015630359213480993]
[-0.00034034633343860143, 0.0003741837440967566]
[-0.00045461863115292545, 0.00041297745245205686]
[8.592525670292339e-05, 0.000227002994708847]
[-0.00047873688355937194, 6.180966877866734e-05]
[-0.00011348496438901012, 3.8089611065966755e-05]
[-0.00014626300323816732, 0.0001418719014935066]
[-0.00043973009413456055, -0.00019208829510355963]
[0.00017785295234751253, 0.0003620448930836129]
[0.00017736980498928023, 0.00015585477647347967]
[-0.000278918035548803, -7.700360436413423e-05]
[0.00022117896051410124, 0.0002707687383896318]
[-0.0004064233095473213, -0.00010201726656239307]
[0.00012667304179603267, -0.0001606610189017338]
[0.00016695406574640526, -0.00025451986383223657]
[2.8333519860423984e-05, 0.0004155193125819287]
[-0.000451212887768615, -7.630877560094174e-05]
[-0.00015253638607659603, 0.0005410709352281599]
[-0.000529135069053277, 0.00029494178423394857]
[0.00013079553754336004, -2.0402818765247535e-05]
[-9.892244679032824e-05, -0.00016783468440489946]
[-3.1191194274304834e-05, 1.1098254526220597e-06]
[1.7671939118946156e-05, 1.4866625968501523e-05]
[-0.00030754035716173966, 5.889101094333493e-05]
[6.967396006363202e-06, 0.0002507416982616695]
[0.0003572813033672073, -2.334094995264102e-05]
[-9.20795060441737e-05, -0.0001989985736676192]
[0.00038569065037630246, 6.219850932243087e-05]
[-0.00011144579578048486, -0.0004296975864280794]
[-4.735253517873517e-05, -0.00010494260849198966]
[2.5649917774428488e-05, -6.484444841692305e-05]
[8.585489171741845e-05, 0.0002951563618813491]
[-0.00033136347578466285, -8.833017511911123e-05]
[3.357174992379974e-05, 0.00032621011526309807]
[-0.0005515861126060839, 3.753147632346021e-06]
[-0.00011182404247667144, -0.0002494017658635772]
[9.87002595324582e-05, -2.4973060670285818e-05]
[-0.0001746283529527881, -0.0002183828722873149]
[2.404634791214333e-05, -2.903363762696287e-05]
[-0.00018275444060600332, 0.00012128641502834325]
[-0.00023049976204636557, 0.00018341846710667742]
[0.00010634399987885512, -0.000325712755945895]
[8.34671496114936e-05, -0.00029851651860468564]
[0.00035641928204077633, -0.0002512096676209885]
[-4.969536366750127e-06, -0.0005565241279849031]
[-0.00029386695302302535, 0.00013800847019723728]
[-0.00018467476682498818, 3.964582339910372e-05]
[-3.5907004652946384e-05, 9.673604694060423e-06]
[-0.00018891776568052965, -0.00014115388197866174]
[0.0001244037774185136, 0.00011812446256431741]
[-0.0003390270702074982, -0.0003024210377521319]
[-0.0003813338109212028, -0.0002994970509142547]
[0.0001922154376738372, 8.764256693316597e-05]
[-0.0002781047636014611, -0.0002501564405498202]
[0.0002081543090469984, 3.424440846344634e-05]
[-5.732018283560736e-05, -5.5815383613100344e-05]
[-3.948392263142253e-05, -5.90720126290023e-05]
[8.607218058226396e-05, -0.00039795182620872005]
[0.0002762100348600305, -0.0003073110164589221]
[6.60419100644849e-05, -0.000359674987197911]
[0.00034405413788307637, -0.00031091322505211183]
[-0.00019290532328608556, 0.00016582597574693603]
[-9.981290221586225e-05, -2.178928530827129e-05]
[-0.00015331547311692173, -1.6272533935601796e-05]
[-6.872411223357577e-05, 2.185688626576976e-05]
[4.6582186890131716e-05, -0.00016199764312835319]
[0.00011626535797079618, -0.00027500047206624467]
[-0.0005393835890024068, -7.074687489938558e-05]
[0.0001268742866821354, 0.00028829171370126083]
[-0.00048333390983062996, -0.00022810533709999303]
[0.00033719583273281173, 0.0002633553457376814]
[7.40069821893452e-05, -0.00012016416109800199]
[1.2281962848831318e-05, -0.0002225767338372986]
[-0.00013977741812051803, -0.0001629589733381509]
[0.00028006061663372883, -6.929461397159331e-05]
[-0.00028236861035629834, -0.00021446502952182644]
[0.00033882568880741135, -0.00010326631912044304]
[-6.80004165950765e-05, 0.00032632565511481193]
[-0.0002545823726671295, -4.068223912284674e-05]
[-0.00023084836435843803, 0.0002224845814595977]
[-0.0001666089827384344, 2.2646515124957745e-05]
[-0.0002132968805556995, -0.00014038322821197102]
[0.0002086985486428397, -3.3678426017202945e-05]
[-0.0005140611571425452, 0.0001879978181044406]
[2.7998092129999375e-06, 0.00026501968189798775]
[-0.0003937329968393827, -3.929409824243724e-06]
[3.055415435796252e-05, 0.00033197844974003354]
[0.00010648657611945361, -0.00013123031565814847]
[0.00019105054671905014, -0.00018678054670429045]
[-0.00016281341079264072, -8.98189956792389e-05]
[0.00017294393857245072, -3.557894761613278e-05]
[-0.0002770389465044168, 4.6897092073810986e-05]
[7.795169714579393e-05, 0.0001779587902463603]
[7.608002250238804e-05, 0.00022342509446581643]
[-0.00027135896779929315, -5.5080558090191134e-05]
[-5.633638080040394e-05, 0.00021857458927432294]
[-0.00022378328774217294, 4.476050620238689e-05]
[-0.0004988727544806455, -0.00013240655840546624]
[0.00015266716731838549, 0.0003145603988688496]
[-0.00024848595192749744, 0.00010975002710464712]
[-0.00016105687348368265, 0.00027823500591062783]
[-0.00023983644147630712, 0.00016025896803390643]
[-0.00021021950499799588, 0.00033660009566387206]
[-3.147304333666473e-05, -0.0003821931452909211]
[0.000321012377227297, -7.60231702301023e-05]
[-7.663487530888691e-05, 1.0410565943169692e-05]
[-5.649820209033263e-05, -1.1662870362097455e-05]
[-0.00022144199573585419, 0.0002664956001487695]
[-0.00023741923272620202, 0.00026580252591042186]
[0.0001593646712491053, 0.00014955672168148748]
[-0.00024614856943730445, -0.00017544550900178146]
[-3.407977273881847e-05, 0.00017576771187471918]
[-0.0001969763519078377, -3.796440857112282e-05]
[-0.0004861379758865961, 0.0001544060342089093]
[-0.00011323340148422512, 0.0003678196274164991]
[-0.00013003084109380848, 0.00017572322349068692]
[-0.00017413418205999842, 0.00022843491896523682]
[5.974899681201497e-05, 0.00014469071654407695]
[-0.00013552472100983315, -7.137043728527859e-05]
[-0.00010998868335480166, -0.00020856103196764675]
[0.00021591389048461473, 3.653402255457405e-05]
[2.927712217033751e-05, 0.00010818109248211805]
[-9.184133875073108e-06, -4.6658382915815144e-05]
[9.344571326176665e-05, 0.00043202837183314857]
[-0.0004402466830216445, 2.299002451963683e-05]
[0.00013826881235434046, 0.00010296993006947419]
[-9.027353123680637e-05, -0.00015134806596545092]
[-5.4717898396033915e-06, 0.000127475332377891]
[-0.00019853999957708535, -5.886080916128744e-05]
[-0.00034317043670283043, 0.0004053359689904501]
[-0.00033754839513355783, 0.00045558169589282604]
[-0.00010201941663030845, 4.8770639650141945e-05]
[-0.00014718576288386132, 0.00012785950280286285]
[0.0002262476525743684, -2.7321183636963564e-05]
[-0.0001225093885790507, -0.00016010430077156856]
[-0.00024209942251954275, 1.2470149620136262e-05]
[-2.5698934207563084e-05, 0.00018837044944675085]
[6.701703430600503e-05, 3.801765375610611e-05]
[-0.00014160150442221742, 6.441583526639594e-06]
[0.0003107551981997303, 0.00036202943695534673]
[-0.0005152241269311686, -0.00023136977428589445]
[3.094686984228545e-05, 6.655069069511077e-05]
[-0.0002368891589301092, -5.486977591595554e-05]
[-7.99052715838855e-05, 0.00015371544017545036]
[-0.00023419554483311567, 5.2675843281779766e-05]
