[534.5454788111406, -1204.7106967500322]
[21.89375054990427, -7.711996839549734]
[8.78729795490824, -4.695674652811249]
[-0.7438223432691586, 1.2247849396686092]
[3.8299862934105704, 0.9667147295497749]
[1.6829030659379987, -0.6646123774127504]
[0.06854974914518142, -1.2952693336140015]
[0.44149427339146996, -0.3960546381219121]
[0.8302945909658916, 0.4390619152986801]
[0.4609290056515647, 0.3647809261411652]
[0.24303228681566225, -0.17217741891387384]
[0.14628808722706355, -0.46659944952071797]
[0.2870833628630405, -0.19602785178423865]
[0.2759254319011646, 0.1369841051849252]
[0.024488276745707083, 0.14822634525724254]
[0.15946320992879848, -0.1150496856486285]
[0.24273407683921278, -0.16028442390922493]
[-0.0014336324904391518, -0.04279618493249515]
[0.025166605995665003, 0.005435724360918215]
[0.22863458548806648, -0.04287831154760635]
[0.0583992293582547, -0.036286066060188915]
[-0.0418178452973752, -0.009782068812793199]
[0.13226866619255873, -0.00793674687017365]
[0.10787256204871287, -0.02569107734871512]
[-0.010951986231882094, -0.05964200888025317]
[0.0462494802997071, -0.05117459635970878]
[0.08181307977607588, 0.02059950579394254]
[0.032714475264073783, 0.048272727737256105]
[0.0369807595282694, -0.024773745121499324]
[0.043520751785093736, -0.0808420230980369]
[0.031649589702942516, -0.03307912198346408]
[0.03298138691061325, 0.030236835397231765]
[0.022983408283106854, 0.025105467467126275]
[0.04043419885624022, -0.02289736658718411]
[0.044799848437813594, -0.03784053417726785]
[-0.002696530444143974, -0.01989238899180279]
[0.009088412896515408, -0.0004647608820160798]
[0.06275354200230154, 0.0032884024728172534]
[0.021148093920597688, -0.004730856987009702]
[-0.013673968014422222, -0.01564581508581142]
[0.03597780277466711, -0.010829248666733626]
[0.03464314780214384, -0.0010181653520957568]
[-0.001551138812668107, -0.012703322865721844]
[0.020327471887547688, -0.019313228671620664]
[0.02859195958038896, 0.005180860277716803]
[0.0034451120950955705, 0.016331829760574124]
[0.014458192140262227, -0.012474337737661934]
[0.02636235885248439, -0.03024429380093263]
[0.009693858396197963, -0.008469276057487818]
[0.006113576547168265, 0.011429942732614329]
[0.013079773762909142, 0.006941686751342324]
[0.019549299331866443, -0.007582747400743273]
[0.017620781559383403, -0.016120313372243622]
[-0.0002731746081616748, -0.013399006500450561]
[0.0028884876711110508, 0.0008941705809650813]
[0.02641538266497001, 0.008310692817423693]
[0.013319441979994906, -0.00278532872400028]
[-0.004545766641434357, -0.013578735584166779]
[0.01421476507848407, -0.005905973325930347]
[0.015197459053593043, 0.0029154871115881775]
[-4.2066352089475956e-05, -0.005110435937183411]
[0.012960132869272556, -0.009611225100901066]
[0.01593462566669679, 0.0026381879940826636]
[-0.0025646161468100837, 0.006023575766135103]
[0.00535115929047425, -0.008121131730217446]
[0.018741252148242182, -0.013237962687515648]
[0.006245040183945116, -0.002517347782099222]
[-0.00031715894258965704, 0.003943907921174272]
[0.007338153285896709, 0.00287671292835201]
[0.011506165652529285, -0.002085317566564271]
[0.009188526409424469, -0.010116320205892038]
[0.001602700575296545, -0.01018724553845507]
[0.001659615101784917, 0.002848666082826412]
[0.012068581716997429, 0.008189342430870106]
[0.00839671974708267, -0.003597541079336075]
[0.00017976616240064636, -0.010906070377926902]
[0.007816782561942848, -0.002843191624294583]
[0.006868204523883925, 0.0030172930732628167]
[-0.0007071467253401131, -0.0023320817286931472]
[0.009631687685988766, -0.004716479657597361]
[0.01144518429910768, 0.0005796942134530525]
[-0.0036679556241849265, 0.0008782025545830408]
[0.0011855483286467017, -0.004444529411581577]
[0.013654675090728041, -0.005046846325318821]
[0.004916256974442312, -0.001713279734227413]
[-0.001482550698972851, 3.039947387328823e-05]
[0.005052568386416212, 0.0021671193369792174]
[0.006782049378998789, 0.00027798000072554174]
[0.0044420589987597126, -0.007555440277572156]
[0.003203602560378549, -0.00767885702585458]
[0.002482378877612934, 0.003384692632993236]
[0.004789377905773051, 0.006443545620181013]
[0.0046464851947529695, -0.0034106488533146573]
[0.002769925013191399, -0.007920395060314833]
[0.005498438470773026, -0.0019838660632107707]
[0.002917147976750911, 0.001812922755315416]
[-0.0009531963213089689, -0.000215361667869729]
[0.0071305896723696804, -0.001611424459273536]
[0.008434780661923824, -0.0013704511574275102]
[-0.0027930981161914947, -0.0019491530525725942]
[3.5152353817735627e-05, -0.0016836834345118623]
[0.009416941571613435, -0.0008564449043308997]
[0.0033900264027191263, -0.0017392475731146106]
[-0.0008259891729718305, -0.0016907236297996064]
[0.004448420573872625, 0.001567672259161934]
[0.0036552203987370024, 0.0007955405658159886]
[0.0014294246546318057, -0.005320878577126542]
[0.004079868769657935, -0.005153429541083221]
[0.0032655247953252697, 0.002588637351653489]
[0.0011681816659985245, 0.004117017292165848]
[0.0024718582844016623, -0.0024088611181351527]
[0.0036409870266777937, -0.005134611301570197]
[0.0038740800237625113, -0.001991351992150975]
[0.0014177260442327366, 0.000588791672982425]
[-0.0003224449441061594, 0.0010959389664675356]
[0.004780120458665937, 4.5155751174696945e-05]
[0.005733857368699802, -0.0023940722926952818]
[-0.0012626674932359194, -0.002999542036052183]
[0.00018614677896401643, -0.00030072935480279783]
[0.006071812667823195, 0.000839020657546985]
[0.002124025340702218, -0.0013647788094157676]
[-1.1566892843539733e-05, -0.0019570162617625897]
[0.003994932404707718, 0.000617545810726039]
[0.0019657137399560765, 0.0003929404768614475]
[2.6478237646343494e-06, -0.0032534860056432358]
[0.003965092906041967, -0.0029617602019698097]
[0.0032863626541157487, 0.0014921679884007943]
[-0.00020223728150936537, 0.0021466525973217188]
[0.0015650856485995845, -0.0015420391065295025]
[0.0034294201432478744, -0.0031751763595703197]
[0.0024577286736462145, -0.0018112596119328472]
[0.0010326676749548014, 1.8352226376250336e-05]
[0.0004986044413968216, 0.0014129809226250956]
[0.002943387808735931, 0.00048560123922047893]
[0.0036864962322269434, -0.0024791146115863416]
[-6.65180742861482e-05, -0.0028781196644921403]
[0.0004159340783904675, 0.00014550140681324208]
[0.0038903739559241757, 0.001230293071905142]
[0.0015163867428968913, -0.000862058713553715]
[0.0003187234082220325, -0.0017109202079526042]
[0.003235546332088113, -0.00014858033832165773]
[0.0013489980951179037, -1.1606927290408464e-05]
[-0.0003829307181603403, -0.0018141875475876645]
[0.0032678778028500943, -0.0015681497989543658]
[0.0029054973852007393, 0.0007713403951141728]
[-0.0005375891425585255, 0.000970016851451927]
[0.001124251774782703, -0.0011398147146068904]
[0.0029827898530663255, -0.0020848018666299595]
[0.0015536647470307807, -0.0013480678244213173]
[0.000786566238064168, -4.541787610357062e-05]
[0.000947986220448449, 0.0012053597710921515]
[0.0019039091164078092, 0.00037401702858375074]
[0.0024193862388428578, -0.0022238575584665465]
[0.0005047614003230727, -0.002416394451826509]
[0.0004521044720169516, 0.0003590421739856353]
[0.002616486041580046, 0.00129296061403128]
[0.0012928803304834702, -0.0006423465002183271]
[0.0003763436930864783, -0.001591580095469336]
[0.002480266294654143, -0.0004618305386272503]
[0.0011089513447288812, -5.4590820456557054e-05]
[-0.0004513759202860179, -0.0009934711762786819]
[0.0026146864693581406, -0.0008843049748965548]
[0.0025959083445670217, 0.00035478180925485603]
[-0.0006714543947766716, 0.00033461774310694636]
[0.00069141616733015, -0.0009021398254156487]
[0.0027254704324719548, -0.001384324358550515]
[0.001144472133343566, -0.000973180135368068]
[0.00042225707401133405, -0.00010023866419706096]
[0.0010892264454920308, 0.0009931998453986957]
[0.0014033376366487382, 0.0003064318487280282]
[0.0015775889021107936, -0.002025771306067403]
[0.0007751918362606247, -0.002090903319993398]
[0.0005438535086288998, 0.0005883102101598148]
[0.0016948282484827715, 0.001370062556621754]
[0.0010437389787396611, -0.0006357398832625982]
[0.0005526790364348, -0.0016015006620082595]
[0.0019910265324121212, -0.0005565959010036536]
[0.0007963711214693525, 3.3463734511851584e-05]
[-0.0005045366930129802, -0.00041989037670830953]
[0.002222981901912391, -0.0004538332457055816]
[0.002379043238740053, -6.11751003436467e-05]
[-0.0007730380866310758, -0.0001941729523229352]
[0.000343103540505707, -0.0005607871321577917]
[0.0025184552451138487, -0.0006945461964060762]
[0.0008878346016312211, -0.0008253881246576]
[0.00017595790760660535, -0.00034203447768810236]
[0.0012177413457115094, 0.0008582624711199749]
[0.0010028641363822727, 0.00037123325479937463]
[0.0008424407078402307, -0.0018198796691679675]
[0.0010742930499203496, -0.0018317753726040387]
[0.000791720045313804, 0.0006748185726834777]
[0.0008460793976299286, 0.0013066954086684568]
[0.0007192817618033587, -0.0005631495875588755]
[0.0008721468017007794, -0.0014608976225336523]
[0.0016520275821629848, -0.0006935016473600397]
[0.00046143464941339474, -3.507679969683153e-05]
[-0.00043737579078406696, 0.00010510382344453006]
[0.0018869052160637168, -1.5301365298814318e-05]
[0.0020451659241791376, -0.0005029295590908145]
[-0.0006648222920796754, -0.0007145832259096707]
[0.00024413394054079163, -0.00020098628718767664]
[0.002123147868042796, -6.122533932995111e-05]
[0.0005882167728605836, -0.0007203618219056018]
[0.0001997300812814906, -0.0005755481805573837]
[0.0013846266240222782, 0.0006287404580997968]
[0.0005699260908161863, 0.000346223899341247]
[0.0002359386476002978, -0.0014470616263356773]
[0.0013668726928433017, -0.0014274596556463903]
[0.0010114140317800668, 0.00052450984482455]
[0.00018399033455995806, 0.0009807391349130334]
[0.0005058352259363907, -0.0003700169454913249]
[0.0010875112216014726, -0.0011106101014404235]
[0.0012628822438824627, -0.0008382953009490324]
[0.000314617654814775, -0.00022223564499312953]
[-0.00017179392091049017, 0.0004792645388169703]
[0.0014283274820754421, 0.00033067089522509363]
[0.001567255153096525, -0.0007851574433645342]
[-0.0003216808616565009, -0.0010411006383697075]
[0.0003129201165376905, -7.572756841545125e-06]
[0.0015869620732118506, 0.00031070759782936275]
[0.0003393203184762772, -0.0005137588565555795]
[0.00033814203726656444, -0.0006122582984335878]
[0.0014295137578579364, 0.0002766932349282103]
[0.0002629645083690457, 0.00014952933277642688]
[-0.00010080560858148624, -0.0009746973921787236]
[0.0014559430623872771, -0.0009120328399020439]
[0.0010518060879178837, 0.0002865850271573933]
[-0.00014683810840154798, 0.0005485953879089678]
[0.0004592639315812441, -0.00021600394436233072]
[0.0010838710445120192, -0.000752363433935796]
[0.0008411607598510645, -0.0008381439065634488]
[0.0003473145289989432, -0.00032018303824188354]
[0.00015028203679579022, 0.0005974353774576002]
[0.0009433608731759247, 0.0004348576638948387]
[0.0011189641846489629, -0.0008439549174035221]
[4.6026425082362765e-05, -0.0010838509059027945]
[0.0003567239998163163, 3.199676420007069e-05]
[0.0011286835093433645, 0.0004182457862948463]
[0.0002562158314738383, -0.000287808561387326]
[0.0003881930844122916, -0.0005241684134089653]
[0.0012907399903139272, -3.75843048713298e-05]
[0.00017751665921128534, -6.0012816236132416e-05]
[-0.00019872305139823077, -0.000586723019052382]
[0.0013250508548536821, -0.0004897937305135269]
[0.0009827158207618147, 0.0001259734281973124]
[-0.00023511187429847702, 0.00022344001335161678]
[0.0004450613558422134, -0.00018370641466214366]
[0.0009920829033433498, -0.0005323726563415399]
[0.0005335121789611375, -0.0006978862468237645]
[0.0003749323781963021, -0.00027853093404550666]
[0.000365103346494422, 0.0005496835849001513]
[0.000608275302922956, 0.0003629683534880357]
[0.0008064338575435315, -0.0008073214763473224]
[0.0002746885029815127, -0.000982354138495234]
[0.0003327755132375987, 6.368626931596566e-05]
[0.000827044829772472, 0.00044149189330722205]
[0.00027437104834904247, -0.0001709732818186982]
[0.0003556529986278312, -0.0004800691039621441]
[0.001089153839239021, -0.00021021421431954845]
[0.00019560447665578629, -0.0001424095748160381]
[-0.00021958252208907625, -0.00033199753596235837]
[0.0011413670368849438, -0.00024234949468315836]
[0.0009352173891290505, 2.780904101173931e-05]
[-0.00027046972207767084, 2.227379015673492e-05]
[0.0003648089357448647, -0.0001814715425239033]
[0.0009502915049538485, -0.00038371661322067485]
[0.000373108058398422, -0.0005554547232509144]
[0.0003125826344612115, -0.0002294590830144161]
[0.00048011941804881886, 0.00048674321529107445]
[0.0004276911115482229, 0.00028859514896684146]
[0.0005626736392383425, -0.0007844214441705688]
[0.00041017157670031335, -0.0008931599680700453]
[0.00033854805580252334, 0.00013656078434265417]
[0.0005765361947491776, 0.00048269427179348234]
[0.00026324407098243796, -0.00014301701032048975]
[0.00036897965610899197, -0.0004987117820893783]
[0.0009355075080199615, -0.00030513877998672445]
[0.00017264574723818704, -0.00014798701056029095]
[-0.0002381590749445106, -0.0001181175042919147]
[0.0010104260305325852, -6.926353444436373e-05]
[0.00090774621597145, -0.00010439029884778961]
[-0.00030479221090889963, -0.00016963921897872325]
[0.0002748810258279555, -0.00011718978974917249]
[0.0009248998857704915, -0.00019306466342050577]
[0.00025867522664554943, -0.00047486630781912176]
[0.00024872734593017753, -0.0002601540034372629]
[0.0005917712118854723, 0.0004318053934215804]
[0.0002770275803014033, 0.00026212759919763684]
[0.000305530072757465, -0.0007397511464144468]
[0.0005599655893155919, -0.0008088217493280592]
[0.00041553101773550427, 0.00016970102312274804]
[0.00029803492188396064, 0.0004785696552760399]
[0.00020917614438342724, -9.896544407583807e-05]
[0.0004553610426603766, -0.00047192597980583173]
[0.0008010606707949952, -0.00041050119289764986]
[0.00011812638180486168, -0.0001909557928244654]
[-0.00019868242256965152, 0.00010421689388784294]
[0.0008773266251700385, 0.00011695016817303561]
[0.0008138189297648424, -0.0002689603529010265]
[-0.00025898734258693323, -0.0003836706180659899]
[0.0002586987094708171, -2.9189046463873325e-05]
[0.0008158705288952017, 1.7659583707807514e-05]
[0.00012659378287416256, -0.0003929875658685855]
[0.000266771677666533, -0.00030600998263241586]
[0.0007101871274777238, 0.00031587022997292546]
[0.00010671438890859364, 0.00020249275128503275]
[7.090827154410118e-05, -0.0006050255541297789]
[0.0007113053737166641, -0.00064588943489019]
[0.00048724988780279865, 0.0001124339891533932]
[5.284302814789754e-05, 0.00036139162156390015]
[0.0001916460383708518, -1.693179414136159e-05]
[0.0005180266899897784, -0.0003575593195520588]
[0.0006162899111263886, -0.0005035704799096208]
[0.00012291904839067946, -0.00027103956746055147]
[-6.3880524932447e-05, 0.0002718681605951012]
[0.000672139676839878, 0.0002703552684883981]
[0.0006422932920040481, -0.0003771362301454584]
[-0.00010541678796051335, -0.0005324004183020481]
[0.00029247652523672896, 5.918906333945984e-07]
[0.0006298490381075883, 0.0001477365509910955]
[2.590052103179641e-05, -0.0002577520249309462]
[0.0003207881050908412, -0.0002817928657476987]
[0.0007588648747320903, 0.000132340999765182]
[-1.2261930132179133e-05, 6.916077919960628e-05]
[-6.131973278247771e-05, -0.0004115753835575442]
[0.0007720537577209363, -0.00041410823071436065]
[0.00048645825180471114, 2.385677738736547e-05]
[-7.3865833985165e-05, 0.0001852071924832721]
[0.00023459271783199398, 3.32455316106664e-05]
[0.0004969300871722412, -0.00023342975178702874]
[0.0004025145216072362, -0.0005127182804051111]
[0.00019391799152312927, -0.0003020155733751695]
[0.00010114551372764069, 0.000325633868716535]
[0.0004382070232580304, 0.00031388454946368327]
[0.0004735301001210779, -0.0003938818105769515]
[6.997950008855863e-05, -0.0005588261820516915]
[0.000297406795640609, -2.2876698755031066e-05]
[0.00046224261943939027, 0.0001769313901560099]
[1.1562433398948357e-05, -0.00011597544274466465]
[0.00032550597380676116, -0.00021153323333589213]
[0.0007077862220339348, -3.824077598726938e-05]
[-2.737779150469022e-05, -6.817805330063681e-05]
[-9.489299347645308e-05, -0.0002473115014521021]
[0.0007231171971278094, -0.0002099171451434706]
[0.0004454983528101586, -2.4962010250151323e-05]
[-0.00010268923023137866, 4.722346912600095e-05]
[0.00027389060104465734, 1.7201470173533462e-05]
[0.00044406256071326256, -0.0001677556476467612]
[0.00023886735454033137, -0.0004418933802362579]
[0.0002495296156155291, -0.00025879957646675333]
[0.00021726684500933402, 0.00030229662052505546]
[0.0002654418401877301, 0.000268065241046056]
[0.0003582239787423003, -0.00037591829952821065]
[0.00018700157755854874, -0.0005160574736102763]
[0.0002621149533636319, -3.146691232053245e-05]
[0.00035526672438157547, 0.00017858449091565087]
[5.03064801544717e-05, -3.451771994811281e-05]
[0.0002847374175725115, -0.00017317916239645292]
[0.0006165719968418415, -0.00014169011347420213]
[1.0996617762160099e-05, -0.0001383968653229095]
[-0.00010094883877688476, -0.00013690601383820056]
[0.0006391267337551021, -8.143752704459217e-05]
[0.0004257773725269143, -4.710873964786089e-05]
[-0.000114404848580274, -3.9680191755708805e-05]
[0.00026333754775853535, -1.4630758070177663e-05]
[0.000423965177438701, -0.00013020750238207368]
[0.00014663740210919818, -0.00036193765556546964]
[0.00024731240530018184, -0.0002066235061581878]
[0.0002879252422278711, 0.00027192252564178787]
[0.00016537150119055877, 0.00021495906450619273]
[0.0002627076376389148, -0.0003717898782454876]
[0.000262874057924245, -0.0004765565797190674]
[0.0002422038050707495, -5.570686115508039e-06]
[0.0002607993929042429, 0.00019804784183818924]
[7.469129889736692e-05, -3.94831189454159e-06]
[0.0002654175740682829, -0.0001763613672109976]
[0.0005409732168915049, -0.00020823610434983486]
[3.065581364736225e-05, -0.00016227996046747073]
[-0.00010959097797459683, -3.507152273662939e-05]
[0.0005731113370339713, 1.4494977960133326e-05]
[0.00042115319793700756, -9.430824156164697e-05]
[-0.00012998856148893623, -0.00013017268795856296]
[0.00023587549701620247, -1.2691589663438307e-05]
[0.00041827413582040673, -6.312162316413072e-05]
[7.684927929635377e-05, -0.0003063564953440512]
[0.00023210286853325712, -0.0001935226390025191]
[0.00036079724576798533, 0.00024135199822628017]
[8.020968754879343e-05, 0.00018142381824048925]
[0.00014725709298712975, -0.0003567437213466418]
[0.00034947847008659494, -0.00043498616669657153]
[0.0002613662642760167, 7.5941648673971685e-06]
[0.00014010839900557848, 0.00019876772266635978]
[7.795298012291951e-05, 2.9890098226958983e-05]
[0.00028540496937629056, -0.00016376716120047874]
[0.00046493693884275267, -0.00028023421347789235]
[3.460195416105094e-05, -0.0001976708795562443]
[-8.545734744408451e-05, 7.930456193272484e-05]
[0.0004977247016522135, 0.0001191110626301839]
[0.00038204083945414524, -0.00016415347504639133]
[-0.00010411804379607814, -0.0002385132058098094]
[0.00023772905444019443, 2.698391796229771e-06]
[0.0003718854665661908, 2.2307105457031184e-05]
[2.3196657270019294e-07, -0.00024214617857087894]
[0.00024953878479605507, -0.0001886408210378665]
[0.00043638078879992825, 0.00017136378625826065]
[-1.2969517255283572e-05, 0.0001260952808358473]
[3.628510380371264e-05, -0.00029126122581690783]
[0.00043738596296738486, -0.0003460449407204358]
[0.0002786200499077518, -2.1130274918013114e-05]
[2.8195645443540585e-05, 0.00014098035583187674]
[0.00010227886599079028, 7.626787169434657e-05]
[0.0002952094928282481, -0.00011058817820985833]
[0.00035273218987141863, -0.00034019511803939917]
[6.995019310251926e-05, -0.000244168656365118]
[-7.017611060144979e-06, 0.00016639395131834434]
[0.00037680079507329545, 0.00020418660078647122]
[0.0003019707222844392, -0.00020659467817724098]
[-1.9232425763439365e-05, -0.000314796872132761]
[0.0002557615604236174, -1.1718066761923218e-05]
[0.00028613317672010474, 7.075541573353661e-05]
[-5.203166124689851e-05, -0.00014448663095034675]
[0.00027638031101617777, -0.0001479064471745506]
[0.0004686356976342232, 6.03252058712922e-05]
[-7.304069206767738e-05, 2.8873950798757875e-05]
[-2.291227891493275e-05, -0.00019318944740936983]
[0.00047356739423154437, -0.00021540211048520774]
[0.0002588048390304021, -5.943500278071667e-05]
[-2.5655617553965726e-05, 5.2164957891953634e-05]
[0.00015719925639290366, 9.508938630592434e-05]
[0.00026330921303080457, -5.780419311424145e-05]
[0.00022112359882717203, -0.00034580895770042197]
[0.0001383949591480249, -0.0002544384455341331]
[8.792748875141587e-05, 0.00019086213941021946]
[0.00023685942364104484, 0.00022462070408524326]
[0.00022594166192435594, -0.0002029830471275973]
[7.78088514085673e-05, -0.0003252237248552725]
[0.0002473367448920516, -4.944217132005213e-05]
[0.00021251421261747616, 7.042978849158832e-05]
[-4.860478549362224e-05, -4.499546808256483e-05]
[0.0002671066212538431, -8.70748167243196e-05]
[0.0004404990972826095, -4.335215580266588e-05]
[-6.983752624842299e-05, -6.848691013239261e-05]
[-3.2287968570590686e-05, -0.00011224735958131893]
[0.0004460435341755442, -9.85234354301534e-05]
[0.00022338397137966481, -6.970005668027746e-05]
[-3.143931830584812e-05, -1.4456766221471185e-05]
[0.00020244180474127127, 6.93497883851868e-05]
[0.00022048611485572453, -4.151877735415754e-05]
[0.00011898743210742371, -0.00030079813226192853]
[0.0001916304261675439, -0.0002161255239144233]
[0.0001542515807839706, 0.00017404319851510586]
[0.00013133094467832063, 0.00019160662813977325]
[0.00018036100919149867, -0.00018706694257508705]
[0.00014207957291388282, -0.00029896558284435437]
[0.0002105966734161184, -6.920393831076621e-05]
[0.00017281980889793935, 6.265215945394642e-05]
[-1.1407239976168881e-05, 1.5237621982411298e-05]
[0.00022722132728891786, -5.209195707500669e-05]
[0.00038780130517568345, -0.0001080899540442104]
[-3.3266551231300734e-05, -0.00012349083809061467]
[-3.239975690242508e-05, -6.020883652452236e-05]
[0.00039741964365269666, -2.359111822596016e-05]
[0.00020831520144781734, -6.423948469747032e-05]
[-3.397787907122307e-05, -5.351836502898166e-05]
[0.00021085716766044982, 3.243296510235805e-05]
[0.00020389552016333856, -4.104736908500106e-05]
[5.911828015091325e-05, -0.00024821583128342706]
[0.00020469990219385004, -0.0001696760420058091]
[0.00019601819407921717, 0.0001558019987117909]
[6.781916861520187e-05, 0.0001528665846846078]
[0.00014206653806381198, -0.00018541044563841202]
[0.00018476792445609735, -0.0002765954550728311]
[0.00018244723674913643, -6.112102846295153e-05]
[0.00013664724981299337, 7.179060683845662e-05]
[1.8220759073539483e-05, 4.234231613153838e-05]
[0.00019885704738553667, -4.781579047175022e-05]
[0.000342657262720758, -0.00015273913190927413]
[-6.358521468796674e-06, -0.00014816713463244868]
[-3.7627570765072504e-05, -8.356134428233464e-06]
[0.00035767567006605994, 3.4641452697492525e-05]
[0.0002070883512890198, -7.643918366317948e-05]
[-4.256431481164391e-05, -9.847687845954134e-05]
[0.00020390607028097918, 1.535960775528311e-05]
[0.00020076013999381637, -2.049741631737767e-05]
[1.2240246514777509e-05, -0.00020727229154948734]
[0.00020492114464754074, -0.00014485859632840103]
[0.000242019397783233, 0.00013692703891554636]
[1.2852071199609405e-05, 0.00012340033030078246]
[8.683337138204461e-05, -0.00017953102571660606]
[0.00023650272782632653, -0.00025238517515552283]
[0.0001780475679244789, -5.595124109769589e-05]
[8.05859858603597e-05, 7.317110761362322e-05]
[3.695413623505672e-05, 6.883857379613723e-05]
[0.00019372505443493448, -3.8785568663657344e-05]
[0.0002932953272392069, -0.00020150785902312007]
[1.3029092227001549e-05, -0.00017650333231888915]
[-2.3114426383329112e-05, 5.467035133577269e-05]
[0.0003089059350214196, 9.924741377187463e-05]
[0.00018752731933990852, -0.00010432292281881139]
[-2.7233577105184592e-05, -0.00015693390312687683]
[0.00020980780163570856, 5.4402085905014275e-06]
[0.00017649023854693358, 1.3290450807501575e-05]
[-3.7132062164407786e-05, -0.0001569870527730055]
[0.00021957809844797005, -0.00012346709048682847]
[0.0002899628037025259, 9.160233575467025e-05]
[-4.519739867292483e-05, 7.768661253149123e-05]
[3.150544059482563e-05, -0.00014378109867424493]
[0.0002895084400462711, -0.00019759559826343365]
[0.00017219435833738805, -7.158922061667461e-05]
[2.699854889121056e-05, 4.133848887954983e-05]
[7.049365173839028e-05, 9.820034664009825e-05]
[0.00018229722562446843, -1.0066641599859594e-05]
[0.00021803043002432965, -0.0002404921168012164]
[5.296748696770326e-05, -0.00020643052519031535]
[2.481759960745733e-05, 0.00010188829541124544]
[0.00022944866677265807, 0.00015037255051131293]
[0.000146033782519428, -0.00011662380396304517]
[2.3263194943619336e-05, -0.0001968173632095338]
[0.00021899073080200449, -2.2767552051550233e-05]
[0.00013205321506470913, 2.658219542028828e-05]
[-6.693077342248555e-05, -8.392136866830491e-05]
[0.00023337764481023981, -8.017530279069707e-05]
[0.0003091269040289557, 2.0051630093331774e-05]
[-7.887601479412976e-05, 5.059061270351606e-06]
[6.0612228043877e-06, -9.003083011532853e-05]
[0.0003095826649479605, -0.00011666750513300572]
[0.00014495879866155414, -8.718815561059579e-05]
[6.357645606858142e-06, -6.592129648153033e-06]
[0.00012191437475927991, 0.00010404161566401893]
[0.00014717305824182847, 1.2697163003783096e-05]
[0.00013010288756615251, -0.0002419458965630672]
[0.00011191129474763528, -0.00020780023585426077]
[8.137135528801798e-05, 0.0001110127723540355]
[0.00013792682106616994, 0.00015903996033528323]
[0.00011102159237896814, -0.00010351284902726521]
[7.935160159700666e-05, -0.00019728342003655364]
[0.00020501671459621784, -6.190174692410899e-05]
[9.917323618835461e-05, 1.3769770015215066e-05]
[-5.750937548998358e-05, -1.1283606347278763e-05]
[0.00021859279556069033, -2.781399813822638e-05]
[0.0002893839422402067, -4.561179428996809e-05]
[-6.953861876770467e-05, -6.582931782933565e-05]
[7.767850561640754e-06, -4.936869362837104e-05]
[0.0002897885304664616, -4.530386245943374e-05]
[0.00011285996671361875, -8.062588297508277e-05]
[1.1092830009218346e-05, -3.814439033145156e-05]
[0.00016281612740476348, 7.733268623033585e-05]
[0.00011020046987227083, 8.622420490878024e-06]
[6.230853891847632e-05, -0.0002096662276679373]
[0.00015715810693928134, -0.00017452601822554037]
[0.00011853441560338851, 9.696061071595707e-05]
[6.920188149173168e-05, 0.0001333689911271474]
[9.692734338662135e-05, -8.828980401558856e-05]
[0.00011375873177164181, -0.0001777952420255191]
[0.00016976049156173373, -8.370971521337589e-05]
[8.919484350222717e-05, 2.2992152750866968e-06]
[-2.5062292106414752e-05, 3.3468730606500685e-05]
[0.0001814855182359354, 2.9293257644003035e-06]
[0.0002549616422926615, -8.591864726839593e-05]
[-3.7886365818182166e-05, -0.00010727880670963197]
[1.0122918451337115e-05, -2.6771228702565653e-05]
[0.00025799168037443643, -5.147838696706319e-07]
[9.957332084653547e-05, -6.330098825646502e-05]
[1.2531967591877802e-05, -5.247902031024765e-05]
[0.0001756464757867171, 4.228465705374829e-05]
[9.53982716941134e-05, -6.011176250014794e-06]
[2.21684610304234e-05, -0.00017251026978243322]
[0.00017281825747672563, -0.00013469458157523706]
[0.0001412058752530143, 8.507351562414556e-05]
[2.740823225100275e-05, 0.00010444321587854688]
[8.574472383604537e-05, -8.715967716638184e-05]
[0.0001357860764817989, -0.00016370732295187262]
[0.00013982508155056111, -8.279713477676864e-05]
[7.99207117376799e-05, 6.690634528634665e-06]
[2.686425599196518e-06, 5.526350822271375e-05]
[0.00015136913720159573, 9.773091444120752e-06]
[0.0002258657319884616, -0.00011464001660835277]
[-1.2118068895533574e-05, -0.00012786252984164914]
[5.879993619575807e-06, -1.5413110748818681e-06]
[0.00023242056624872554, 3.5216696845585815e-05]
[9.90017737406701e-05, -5.890353753501554e-05]
[6.7260876690511395e-06, -7.296926764333023e-05]
[0.00017571665672644343, 1.9845947031194022e-05]
[9.290101472522738e-05, -6.41461855213632e-06]
[-1.01029165085198e-05, -0.00014198019395161854]
[0.00017756459573536887, -0.00010805353666631934]
[0.0001689662917496726, 7.349815960466799e-05]
[-9.517540286552162e-06, 8.077862488076182e-05]
[6.0900994068746606e-05, -8.561978005539039e-05]
[0.00016586256360448526, -0.0001491094849881136]
[0.0001254589855138183, -8.07650579509045e-05]
[5.557048771565043e-05, 8.775904167701576e-06]
[2.4482130676295455e-05, 7.554174919999213e-05]
[0.00013607968434586892, 1.6778939016637295e-05]
[0.00019243753678466202, -0.0001471661680111369]
[1.0060056645444515e-05, -0.00014956082658174052]
[1.3708715687711648e-05, 3.323197837740155e-05]
[0.0001996258404661777, 7.624943162071185e-05]
[8.870437919061835e-05, -6.578061032758153e-05]
[1.5236174179755757e-05, -0.00010406603211066123]
[0.00018146279523645337, 1.0745552652124957e-06]
[7.921289221923811e-05, 2.666061933831454e-06]
[-4.328402350394986e-05, -0.00010310446132621998]
[0.00018882156835742236, -8.229459613340318e-05]
[0.0001987512290848592, 4.3740271539749465e-05]
[-4.7675488590137594e-05, 4.468243329303068e-05]
[3.455158981491291e-05, -6.585633722200335e-05]
[0.00019748279128461999, -0.00011400919377946295]
[0.00010971727480207569, -8.907216045728195e-05]
[3.1582510373828754e-05, -8.7955984582333e-06]
[5.748576490161028e-05, 9.487920082162926e-05]
[0.00011620156563837969, 3.3149662207465624e-05]
[0.00014016089917423535, -0.00017221656142829556]
[4.7023159728987185e-05, -0.0001693225613181859]
[4.284466161528361e-05, 5.825585127983146e-05]
[0.00014535377870683597, 0.00010763055822382572]
[6.690688575217152e-05, -6.305799294625825e-05]
[4.551381510677077e-05, -0.00012360707588798814]
[0.0001850789777610995, -3.0091573443913333e-05]
[5.564179491457377e-05, -8.197955385647049e-07]
[-6.074283097556865e-05, -4.8039829687152036e-05]
[0.0001951314004837723, -4.179204259857627e-05]
[0.0002087969149324742, -3.1996559054503493e-06]
[-6.719738877195014e-05, -9.763436400911374e-06]
[2.663106281708405e-05, -3.654599136709846e-05]
[0.00020706232408151948, -6.219781720595563e-05]
[8.082377868409707e-05, -9.289035041837312e-05]
[2.7745910780030414e-05, -3.4068470821990715e-05]
[0.00010170658580554992, 9.447434345150052e-05]
[8.190485413219276e-05, 4.109106176708455e-05]
[7.967883187792735e-05, -0.0001704825823565237]
[9.569396273589881e-05, -0.00016621677610312302]
[7.581234921075208e-05, 5.896781465819512e-05]
[8.359028534710156e-05, 0.00010961803521392088]
[5.2984175481052276e-05, -4.589938881333078e-05]
[7.72519343900345e-05, -0.00011836637796580618]
[0.00016882294700887313, -6.617111119089358e-05]
[4.341692443532441e-05, -1.8739453361948932e-05]
[-4.944731422348858e-05, 5.393846230772326e-06]
[0.0001782195277184595, 2.3968264344365053e-06]
[0.0001930926441020553, -4.4717207363875744e-05]
[-5.597819698727191e-05, -6.14844566702577e-05]
[3.362342604035229e-05, -1.834985385662513e-05]
[0.00019090383263731248, -1.825132680943753e-05]
[5.2320112066184254e-05, -7.842062278773376e-05]
[3.726976543827476e-05, -4.59015540922314e-05]
[0.00013587146896476554, 6.949341370920958e-05]
[5.01058906974966e-05, 2.787570167761544e-05]
[3.4121314370916256e-05, -0.00014582476708022152]
[0.00013229314185103647, -0.0001375058399397111]
[9.441066351978389e-05, 4.691763389241821e-05]
[3.836801678813728e-05, 8.893511065377613e-05]
[5.483913602311041e-05, -3.178452305785395e-05]
[9.315364730486109e-05, -0.00010282810607226134]
[0.00013617363936660465, -8.649059999607522e-05]
[4.817338239915259e-05, -3.1092014566580506e-05]
[-2.212456189948364e-05, 3.7989329372933867e-05]
[0.00014448712678938325, 2.8293279353053258e-05]
[0.000169277970211823, -6.853970793650743e-05]
[-2.957042913334651e-05, -9.154107707731729e-05]
[3.673644929437503e-05, -1.2435865507254285e-05]
[0.00016881687339842522, 7.502730901526311e-06]
[4.0875261440087574e-05, -5.6086951288225606e-05]
[4.017988613280732e-05, -4.605222911024942e-05]
[0.00014810341487558887, 3.844159467592673e-05]
[3.7412640375662776e-05, 7.0624816218833875e-06]
[7.6125248140504476e-06, -0.00011881706232681755]
[0.00014631535372022775, -0.0001040013547131402]
[0.00010410500958246693, 3.932756362012846e-05]
[1.1350291523215539e-05, 6.72791512122961e-05]
[5.766712501054094e-05, -3.121739751967001e-05]
[0.00010167433640026133, -9.393140161004232e-05]
[0.00010729164676598693, -8.814421066197231e-05]
[5.247831106092171e-05, -2.8719361495344042e-05]
[1.623021862462437e-06, 5.420892017760082e-05]
[0.0001155775997113695, 3.516007949089239e-05]
[0.0001503707873500293, -8.570929815246431e-05]
[-7.508053579071555e-06, -0.00010688789941885879]
[3.2454726668480066e-05, -2.7591470043025756e-06]
[0.00015233020324956215, 2.8519174171862116e-05]
[4.0892816705495605e-05, -4.365095688652065e-05]
[3.5282725605156884e-05, -5.217900183351887e-05]
[0.00015008618380818461, 1.6063512087993725e-05]
[3.5734627928191154e-05, -3.1714044660610674e-06]
[-1.4353376107216487e-05, -9.637979875298797e-05]
[0.00015155531014476864, -7.931470781267005e-05]
[0.00011928730233212725, 3.3081621120034654e-05]
[-1.331187903186315e-05, 4.9324552104157426e-05]
[4.9375711419386015e-05, -3.2397246555154746e-05]
[0.00011757395051657793, -8.580454674489424e-05]
[8.928053426791871e-05, -8.712898030080463e-05]
[4.500878659441376e-05, -2.5748508382113233e-05]
[2.1897583558416756e-05, 6.914158160986617e-05]
[9.676048770868029e-05, 4.0363675593235726e-05]
[0.00012799263445495423, -0.00010674400829846498]
[1.2824256716045812e-05, -0.0001227324188000367]
[3.543760147478592e-05, 1.5207981145737293e-05]
[0.00013054353111674466, 5.440241547889635e-05]
[3.594088259317729e-05, -3.9631316812172024e-05]
[3.8961452501651284e-05, -6.704208737096096e-05]
[0.00015444647023110658, -4.552517262890188e-06]
[2.824095112705094e-05, -6.4585338221956334e-06]
[-3.691281173703875e-05, -6.698880282729469e-05]
[0.00015965981341525826, -5.428056635747858e-05]
[0.00013682100438117129, 1.4165182875336413e-05]
[-3.877240850547192e-05, 2.181829607605934e-05]
[3.910896887659998e-05, -2.237828769857675e-05]
[0.00013538305816299112, -6.36600124270803e-05]
[6.998969226287843e-05, -9.09530908195233e-05]
[3.703586121872604e-05, -3.453173847925428e-05]
[5.095617085959514e-05, 8.186032153045808e-05]
[7.437152692219007e-05, 4.9607911425386675e-05]
[9.174180231463769e-05, -0.00012234590659365718]
[4.4319369757794824e-05, -0.00013559733396806273]
[5.217729327582077e-05, 2.7122871752605082e-05]
[9.342974672033044e-05, 7.342810468713434e-05]
[2.541240977893544e-05, -2.9433425357772158e-05]
[5.6281035116900746e-05, -7.458258740056234e-05]
[0.00015449913959930672, -3.408799027693199e-05]
[1.657054565012972e-05, -1.7927990821342554e-05]
[-4.701920378642841e-05, -2.5826665927541903e-05]
[0.00016143526127776475, -1.8746297872018758e-05]
[0.00014069128801574848, -1.611800128198393e-05]
[-4.992399113762369e-05, -1.859840551909908e-05]
[4.0564862758940556e-05, -7.888329260463678e-06]
[0.00013814024258057556, -3.0797065871168705e-05]
[4.234875451826492e-05, -8.838244099385051e-05]
[4.184269486029457e-05, -4.6106962314218514e-05]
[8.733881491984619e-05, 7.828038355917055e-05]
[4.290583441633744e-05, 4.969384740605154e-05]
[5.0272901711889695e-05, -0.00011856687845757108]
[8.331252348947604e-05, -0.00013014960728391367]
[6.977447004871684e-05, 2.3287038794284065e-05]
[5.187532928330185e-05, 7.162722994918935e-05]
[2.321967297436167e-05, -1.1166231702830487e-05]
[7.25315396326448e-05, -6.632015601304442e-05]
[0.00013771921327399017, -6.537410725382387e-05]
[1.572427565221801e-05, -3.724006020738857e-05]
[-3.5721694650533986e-05, 1.3061686613635715e-05]
[0.00014420585199825808, 1.7642410439333567e-05]
[0.000127490329426605, -4.125236382296338e-05]
[-3.8676922689145216e-05, -5.5804614708887534e-05]
[4.974801149287833e-05, -3.188902626960477e-06]
[0.00012424325006743508, -4.846359186239102e-06]
[1.778001679425545e-05, -7.051424623227831e-05]
[5.307033898760416e-05, -4.615593977674859e-05]
[0.00011455428734263862, 5.597057165024344e-05]
[1.6058523448070697e-05, 3.26496565158374e-05]
[2.038400147230668e-05, -9.925348899431086e-05]
[0.00011179442445385934, -0.00010555846747190012]
[7.613525895894258e-05, 1.31634664586322e-05]
[2.29841976249201e-05, 5.4893758262175574e-05]
[3.344291949680667e-05, 1.3948928376250613e-06]
[7.652976433069128e-05, -5.374392033213882e-05]
[0.0001082453506144887, -8.269881847794425e-05]
[2.803287432318058e-05, -4.8992654782087364e-05]
[-1.338214318746811e-05, 3.5910887564605254e-05]
[0.00011418449167144296, 3.850066245303374e-05]
[0.00011070340242613774, -5.355287137645548e-05]
[-1.7285098778498098e-05, -7.652672384916848e-05]
[5.26300314996897e-05, -7.222625474589961e-06]
[0.00010856212936594112, 8.10801755579682e-06]
[8.487440548488046e-06, -4.6795564223822694e-05]
[5.6042061883143646e-05, -3.791177597045614e-05]
[0.00012442297152426285, 2.9541522188647473e-05]
[5.775447761452446e-06, 1.0049323734717674e-05]
[3.9108494661321824e-06, -7.967601005087754e-05]
[0.0001227599138520219, -7.787732273900616e-05]
[7.701802847837058e-05, 8.948562547517191e-06]
[6.692027104571174e-06, 3.9054229487467396e-05]
[4.3559363747780466e-05, 1.220453487355e-06]
[7.617385617395e-05, -4.864706471810476e-05]
[8.184177552361671e-05, -8.471391127087835e-05]
[3.924471606142621e-05, -4.725907882729974e-05]
[5.701440034144856e-06, 4.699840713229264e-05]
[8.794516362009563e-05, 4.410798320253484e-05]
[9.897367758127107e-05, -6.237354462192493e-05]
[2.7615394506547153e-07, -8.685214010556441e-05]
[4.783770696895756e-05, -6.989143776531259e-06]
[9.84912726533782e-05, 1.9068481102807455e-05]
[9.321557395414182e-06, -3.098119961941759e-05]
[5.111051033801495e-05, -3.5376809478959714e-05]
[0.00012631190507317314, 9.58797252534338e-06]
[5.154883820163159e-06, -4.3052016614197886e-06]
[-1.0415607132618215e-05, -6.383294406684184e-05]
[0.00012698149922607538, -5.665859737104262e-05]
[8.3563533312625e-05, 6.90134405134657e-06]
[-9.104586220720634e-06, 2.6353051859273613e-05]
[4.441591418902213e-05, -1.8339258305855033e-06]
[8.270849385123933e-05, -4.531623340454059e-05]
[6.343925138232228e-05, -8.374282730636701e-05]
[4.093811771921363e-05, -4.343258849939802e-05]
[2.2578576813314655e-05, 5.746783078430795e-05]
[6.895436410303546e-05, 4.757332923466251e-05]
[8.481219128553263e-05, -7.52769606993664e-05]
[1.6935617571441075e-05, -9.783717069013209e-05]
[4.724500161962589e-05, 6.088809630239167e-07]
[8.479300272690171e-05, 3.479545970964254e-05]
[7.822925566780548e-06, -2.163940858823654e-05]
[5.1202553526807915e-05, -4.03042674330667e-05]
[0.00012915410018798923, -9.625452635497744e-06]
[1.6802083486755492e-06, -1.3439227207312499e-05]
[-2.5611140660720955e-05, -4.2376392165976995e-05]
[0.00013248519693886962, -3.457161422670829e-05]
[9.280270188016804e-05, -4.031333032505913e-06]
[-2.5901706315445416e-05, 6.304665891576633e-06]
[4.315253290732013e-05, 1.9308427091080382e-06]
[9.149505510934464e-05, -3.233016434855962e-05]
[4.387268632034119e-05, -8.4735002119668e-05]
[4.17097691179924e-05, -4.656610390241234e-05]
[4.6488358217522396e-05, 6.561038776109474e-05]
[4.707806480508392e-05, 5.2371598053269075e-05]
[6.038185650247829e-05, -8.44924460837726e-05]
[4.225552100078911e-05, -0.00010589662570015257]
[5.553293692887873e-05, 4.595456927602992e-06]
[6.005800844299802e-05, 4.584460893408693e-05]
[4.141657784173525e-06, -8.196856553843723e-06]
[5.98110159137355e-05, -4.066322112616927e-05]
[0.0001270758687391682, -3.551110401411872e-05]
[-2.783574296505442e-06, -2.8126825347002393e-05]
[-3.11646757135825e-05, -1.2230029168280865e-05]
[0.00013159190496903062, -4.742336481261544e-06]
[9.264142509946005e-05, -2.246934674099421e-05]
[-3.1839668010957833e-05, -2.300795956955426e-05]
[4.940256065100179e-05, 7.078076365130137e-06]
[8.998210624230896e-05, -1.2567657575124347e-05]
[1.8923568911855676e-05, -7.879903106960962e-05]
[5.067262315361365e-05, -4.960810155146822e-05]
[7.531941105931583e-05, 6.051569963605452e-05]
[1.938523287023375e-05, 4.8257929633588326e-05]
[3.277320487871105e-05, -7.968734936758537e-05]
[7.248754699823445e-05, -9.938890264049594e-05]
[6.286522040970628e-05, -1.5182713586914254e-06]
[3.2944443795646094e-05, 4.208137322053718e-05]
[8.639679310085135e-06, 9.469317495680585e-06]
[6.58851751053624e-05, -3.1065192870771696e-05]
[0.00011091519018507912, -6.143376475170603e-05]
[2.773215701190601e-06, -4.675806564946594e-05]
[-2.0801646620119407e-05, 1.5357685286154776e-05]
[0.00011518988601721958, 2.441371875550047e-05]
[8.138139879432238e-05, -3.605704449849423e-05]
[-2.144473107208722e-05, -4.896030704548693e-05]
[5.896396491078537e-05, 3.5212428279307595e-06]
[7.793439325315399e-05, 9.930964686155619e-07]
[-1.6411683764414042e-06, -6.008854607675307e-05]
[6.18517927956086e-05, -4.2616501127412665e-05]
[9.603409339442592e-05, 4.1202536388451616e-05]
[-2.7680075079805633e-06, 3.0200107072775317e-05]
[1.438495872252421e-05, -6.461469883167759e-05]
[9.36725660720672e-05, -7.860723094849087e-05]
[6.115855643054613e-05, -9.723303303954545e-06]
[1.5838552950064866e-05, 2.8793852528241626e-05]
[2.3060613500991423e-05, 2.0176627100354505e-05]
[6.219899860076747e-05, -2.0983522062811844e-05]
[8.499314747456577e-05, -7.519680429823872e-05]
[1.8702281000482213e-05, -5.707327947035434e-05]
[-3.139014224134984e-06, 3.0420618840287794e-05]
[8.912962922436041e-05, 4.040293139850881e-05]
[6.967935004786874e-05, -4.0178100519761006e-05]
[-4.661684860746661e-06, -6.216913972090232e-05]
[6.10191767095869e-05, -6.372737903492798e-06]
[6.69273298287143e-05, 5.082582498650012e-06]
[-8.686492966897275e-06, -3.7099213350932914e-05]
[6.40956939529369e-05, -2.962167207365418e-05]
[0.00010302412922869042, 1.944773389220278e-05]
[-1.0599711233627573e-05, 8.18781015976544e-06]
[5.465124383929876e-06, -5.0904367691451125e-05]
[0.00010123168055153897, -5.625522241603509e-05]
[5.624576547746951e-05, -1.1164367334948189e-05]
[7.471839947759129e-06, 1.7850469262947755e-05]
[3.6652333988973496e-05, 1.917391535294355e-05]
[5.6165282501276226e-05, -1.8833811214924445e-05]
[6.186936851626523e-05, -7.651122616800232e-05]
[3.3083565422975525e-05, -5.524723571595502e-05]
[1.1218924862443913e-05, 3.7148788112895126e-05]
[6.637927467456617e-05, 4.421749766247984e-05]
[6.327747290502117e-05, -4.3017284881319284e-05]
[8.339951905751708e-06, -6.81892915410931e-05]
[5.550997852533934e-05, -1.1786866731006151e-05]
[6.165077715980516e-05, 9.056164444798398e-06]
[-6.9789984746826406e-06, -2.0671502166891287e-05]
[5.867786115476559e-05, -2.205682416267507e-05]
[0.00010407962614367161, 2.9065507771847132e-06]
[-1.0154962626518493e-05, -7.098514364811681e-06]
[-3.115583067272998e-06, -4.058984233663854e-05]
[0.00010393222054283502, -3.9044313332042835e-05]
[5.7043473207896156e-05, -9.875047083163224e-06]
[-1.8140558043500121e-06, 9.878071267954702e-06]
[4.235271207186919e-05, 1.4847335093996078e-05]
[5.664813148086381e-05, -1.9127669806523473e-05]
[4.4880483947989935e-05, -7.516407752777843e-05]
[3.9539074111694106e-05, -5.070922888139595e-05]
[2.40102657867447e-05, 4.407243362813951e-05]
[4.906600609377865e-05, 4.6094361851767296e-05]
[5.53721953210351e-05, -5.020863339528017e-05]
[2.0749081421689297e-05, -7.535814382081396e-05]
[5.2273743486631885e-05, -1.0570463674069303e-05]
[5.4059522966221074e-05, 1.7846998595250074e-05]
[-6.205450481688857e-06, -9.332085066038331e-06]
[5.6078686961003044e-05, -2.100602316201794e-05]
[0.00010565684075147797, -1.3435909370543286e-05]
[-1.0989165234615364e-05, -1.8364817071958583e-05]
[-1.3074880939987696e-05, -2.579766809887238e-05]
[0.00010741264475133683, -2.079146377772373e-05]
[6.08062981289903e-05, -1.482641677175156e-05]
[-1.2543122611341495e-05, -3.7602915123891023e-06]
[4.5929123046795084e-05, 1.4605299024694762e-05]
[5.965867891295426e-05, -1.2770715251360365e-05]
[2.6811222126232187e-05, -7.437948459826371e-05]
[4.486991438623633e-05, -5.0214587241449726e-05]
[4.25190226688299e-05, 4.908448870011295e-05]
[2.9334681265924534e-05, 4.80383069602075e-05]
[3.983794270279173e-05, -5.5176627282271795e-05]
[3.9989365533926735e-05, -8.014394905321576e-05]
[5.473153368140693e-05, -1.13185738691568e-05]
[3.8477994106944635e-05, 2.369675736091023e-05]
[-5.7103867491248295e-06, 4.8170964700444685e-06]
[5.871055503225975e-05, -1.722047889940459e-05]
[0.00010251104900071972, -3.491911438358031e-05]
[-1.109405347250736e-05, -3.35306569710786e-05]
[-1.5785352579525402e-05, -4.495903376255939e-06]
[0.00010509304182926282, 3.32498159757999e-06]
[5.8221944410741244e-05, -2.4665642663457277e-05]
[-1.5198994460952076e-05, -2.415037494862826e-05]
[5.427056093054716e-05, 1.3906960251802714e-05]
[5.571141614893471e-05, -2.2837525731900232e-06]
[5.221320955962894e-06, -6.689429175135708e-05]
[5.5413494165157395e-05, -4.800839144200597e-05]
[6.442103782478004e-05, 4.3526912737568146e-05]
[5.814153359762209e-06, 4.183602805696296e-05]
[2.2521123664520637e-05, -5.013168908796217e-05]
[6.248882913961751e-05, -7.347665828463801e-05]
[5.519712557513698e-05, -1.8330648039743824e-05]
[2.189578926292679e-05, 1.9133634721224535e-05]
[2.442224874776855e-06, 2.084864667240005e-05]
[5.8050517232011156e-05, -7.386590700431128e-06]
[8.775562878959864e-05, -5.553434112287592e-05]
[-2.1529846943868503e-06, -5.02979799309744e-05]
[-6.808997594965477e-06, 1.4217179295727966e-05]
[9.024908765942197e-05, 2.598313436913413e-05]
[4.873363881763293e-05, -3.0008270602954745e-05]
[-6.087678277061359e-06, -4.126589354858101e-05]
[6.3164147656114e-05, 5.498704192419268e-06]
[4.54577879067386e-05, 2.6218723637727592e-06]
[-1.148513487734485e-05, -4.884934281967901e-05]
[6.559190805754955e-05, -3.707523330070961e-05]
[7.930145529144728e-05, 2.7314917598886268e-05]
[-1.1959509884376662e-05, 2.4347203377517168e-05]
[1.264408863438371e-05, -3.8671700720693813e-05]
[7.729189472560627e-05, -5.631152244153781e-05]
[4.831612425663934e-05, -2.4696003937674238e-05]
[1.3352774906549847e-05, 8.945518685576914e-06]
[1.8539234677539262e-05, 2.9527873726953313e-05]
[4.9530137955708375e-05, 4.957344115208429e-07]
[6.563268051923421e-05, -6.571000019572892e-05]
[1.4994305777560335e-05, -5.871915844524178e-05]
[6.590809023987454e-06, 2.3132483424115335e-05]
[6.828038158201988e-05, 3.754402860461914e-05]
[4.0952648781122925e-05, -2.8354313982903445e-05]
[6.5627588380218205e-06, -4.8509118108330807e-05]
[6.40987263191839e-05, -7.513961812199987e-06]
[3.8126995464626834e-05, 5.90960323232359e-07]
[-1.639707301728799e-05, -2.783226946639905e-05]
[6.675338301720402e-05, -2.181210133389566e-05]
[8.342377310055493e-05, 1.0062708959202027e-05]
[-1.747346222769064e-05, 4.23421771983401e-06]
[9.344808801270421e-06, -2.979337075065258e-05]
[8.157668176556054e-05, -3.885941746623045e-05]
[3.9832964171634955e-05, -2.3895418654662492e-05]
[1.075576545417345e-05, 2.1827335927038227e-06]
[3.328271035329955e-05, 2.7684350486889553e-05]
[4.008488532314478e-05, 3.451031547752059e-07]
[4.6244544628093465e-05, -6.591241976205975e-05]
[3.025586145266601e-05, -5.641898268235468e-05]
[1.6499174304102082e-05, 2.6371684219039793e-05]
[4.9447189835460925e-05, 3.9511537473058134e-05]
[3.861336034416407e-05, -2.6999571892727392e-05]
[1.531018615037391e-05, -5.105867315419177e-05]
[5.785954035128493e-05, -1.600016658173664e-05]
[3.65585643384847e-05, -2.312153942751749e-07]
[-1.3946290205818501e-05, -1.2449611548226436e-05]
[6.073575506237994e-05, -1.170650106685489e-05]
[8.344737281451575e-05, -2.745317537716785e-06]
[-1.6117719379628304e-05, -1.0171449180917946e-05]
[5.008010726365031e-06, -2.415701272778792e-05]
[8.270458494963329e-05, -2.575481753031017e-05]
[3.702779132183642e-05, -2.006010521315993e-05]
[6.160206461047757e-06, -1.641098732907409e-06]
[4.119023092319374e-05, 2.2552378910148385e-05]
[3.684819422394153e-05, -2.615768387420614e-06]
[3.17009483951497e-05, -6.409850073926804e-05]
[3.878567740056571e-05, -5.135235119971271e-05]
[2.5159075386416152e-05, 3.063567839134418e-05]
[3.4837161248857385e-05, 4.008622927931249e-05]
[3.548108913797865e-05, -3.024127601101989e-05]
[2.353676264600646e-05, -5.537051401646731e-05]
[5.27306688892365e-05, -1.8498175501716063e-05]
[3.362347256063991e-05, 3.8395326838747135e-06]
[-1.1792580300373778e-05, -1.1266781709817764e-06]
[5.620147142615384e-05, -7.343853735242156e-06]
[8.409785644880596e-05, -1.5658233434970997e-05]
