[117.98061983029002, -766.2482316228172]
[-3.519728323204431, -6.167179767440891]
[-3.299880332232205, -5.050570696419552]
[0.0750223696974674, -0.016429551164373057]
[0.09601129213244952, -0.08878866101908467]
[-0.44446357685203786, -0.7386716236078155]
[-0.4020299933928517, -0.42602687165839215]
[0.028323646136487468, -0.08824506068498472]
[0.11513069250456848, -0.009281955087323768]
[-0.10370686067982943, -0.291979494931067]
[-0.12240386895147151, -0.16006688196260388]
[0.038449201152411294, -0.03695955908354476]
[0.07338044894669468, -0.027794513993004477]
[-0.030145238425590637, -0.13609720636769307]
[-0.066826602714115, -0.09305264848213857]
[0.02011265083904057, -0.008267097755241926]
[0.0396508189271286, -0.026686830305972853]
[-0.017804661981617287, -0.07760499825804912]
[-0.047621514354017236, -0.05525430614212512]
[0.00790705465037328, -0.005665252868704895]
[0.025291218669419233, -0.01885858772616067]
[-0.008553136257809069, -0.05413622021651654]
[-0.03321786158854011, -0.03461708359789628]
[0.006598466362020605, -0.004275936800175684]
[0.019107687677730065, -0.01580692540539519]
[-0.002156793309144922, -0.037062603995014154]
[-0.02489833074942782, -0.024516225572326578]
[0.004033968968714441, -0.001071442071712836]
[0.013786545567992331, -0.014037179322210935]
[-0.0011396836261557408, -0.026633269722694974]
[-0.020197200246109916, -0.017404295868532538]
[0.0015560651743173892, -0.001138468637321477]
[0.010378446516550746, -0.011829883460197754]
[0.00036995233924974613, -0.021141059684804064]
[-0.016220296186066775, -0.012448239751400969]
[0.001449945503012029, -0.0011020149331510964]
[0.008344838656355621, -0.010509333014669053]
[0.0017478863183539861, -0.016079022325272918]
[-0.013362893645726761, -0.009399029459179031]
[0.0007153365900008923, -0.00027231458097443095]
[0.0065177161957017254, -0.009562580338453364]
[0.0016612069788025652, -0.012580774582958032]
[-0.011368147768115327, -0.007036202605186226]
[-4.0936937477087376e-05, -0.0005290691502353173]
[0.005157399335188002, -0.008575491222617027]
[0.0020329912914555104, -0.010508220576014526]
[-0.009627746874234386, -0.005237547963834688]
[8.124950464860614e-05, -0.0005738893537734491]
[0.004188135532151749, -0.00784808917686064]
[0.0023809169273898423, -0.008322396940278587]
[-0.008241223506304934, -0.003991148648108567]
[-0.00020093593725400982, -0.0002704956813865955]
[0.003320614608716438, -0.0072613454726147]
[0.00213355305336993, -0.006782976100611959]
[-0.007157799317549007, -0.002996788317250365]
[-0.0004527369047397922, -0.0004881203115933985]
[0.0026116949240566623, -0.006691862684286898]
[0.002219833609963917, -0.005792847067067841]
[-0.006208388500567846, -0.0022041379979944598]
[-0.0002963263226354318, -0.0005062460704703398]
[0.00205509270982826, -0.006209338211577764]
[0.002259621014194191, -0.0046515577270591635]
[-0.005397644131933388, -0.0016164245222984874]
[-0.0004206349126801845, -0.0003703743261145309]
[0.0015659395163095668, -0.005799245951774612]
[0.0020134678932117733, -0.0038736925665661115]
[-0.004726148732681373, -0.0011545956752139208]
[-0.00048428476450157465, -0.0005282886111934726]
[0.001135848499581732, -0.005410748556913703]
[0.0020091439317312387, -0.0033317671340005184]
[-0.004139308712920287, -0.0007727815981075636]
[-0.0003403384588452907, -0.0005158246616598916]
[0.0007837145736117879, -0.005049270518145077]
[0.0019413218791184406, -0.0026699027729795155]
[-0.0036107421704277276, -0.0004821266744958752]
[-0.0003983569301561074, -0.00044421604553535055]
[0.00047984819566904147, -0.0047369418560865295]
[0.0017293708919544626, -0.0022487144066551945]
[-0.0031629101343310095, -0.0002670452543260815]
[-0.00038409657545712683, -0.0005503243409050729]
[0.00019594113267623614, -0.004439775238699983]
[0.0016943885538414083, -0.0019263674845004797]
[-0.0027722053807716085, -8.099023514196446e-05]
[-0.00026430763165852245, -0.0005153663514885221]
[-3.667291525788485e-05, -0.004147661362305044]
[0.0015899526807667819, -0.0015200803111221628]
[-0.0024054258516721383, 5.6471641463495814e-05]
[-0.00029185805010212285, -0.00047110858852739135]
[-0.00023498970077234782, -0.003895200744093996]
[0.001416729938470307, -0.0012867809668490882]
[-0.0020953794375128676, 0.00014457426555058994]
[-0.00024591567480769516, -0.000536286943008335]
[-0.0004296101222410753, -0.003650202908214828]
[0.0013731993960232058, -0.0010849615232113585]
[-0.0018240981203606066, 0.00022764419159693183]
[-0.00015206715362492407, -0.000486913214930329]
[-0.0005837425875225288, -0.0034034566242433506]
[0.0012614152593225514, -0.0008292709723953795]
[-0.0015615886260801903, 0.0002793136991610101]
[-0.0001654685504199893, -0.0004551529028347101]
[-0.0007147058692277275, -0.0031912168507850502]
[0.0011243684269852672, -0.0007024887926769807]
[-0.0013444014326894904, 0.0002984176928033655]
[-0.00010969812772387844, -0.0004891177537074132]
[-0.0008481260652681843, -0.002979940553440308]
[0.001081391220249306, -0.0005721956676509876]
[-0.0011525717017060177, 0.0003241188239611059]
[-4.040634224966588e-05, -0.0004319040654761075]
[-0.0009464258370776024, -0.002766672535209125]
[0.0009754301965966272, -0.00041129626551672516]
[-0.0009633665292617111, 0.0003258444145499695]
[-4.784235396915193e-05, -0.0004064122329416886]
[-0.001030583569835486, -0.0025839918314183308]
[0.0008703131544655074, -0.00034732148500893345]
[-0.0008128049517552305, 0.00030725344259163734]
[6.71305459920557e-06, -0.0004172864587523861]
[-0.0011185019007032837, -0.0023975314867836772]
[0.0008317671457769293, -0.00026169927418440153]
[-0.0006774344845531521, 0.0003004711294185558]
[5.3946235390789354e-05, -0.0003573975106230254]
[-0.001175007941802586, -0.002211626644152309]
[0.000737655408553195, -0.00016287741532394762]
[-0.0005430098523399041, 0.0002733603718707567]
[4.8200811204601735e-05, -0.0003356847251985151]
[-0.001224621712777929, -0.002052584901333976]
[0.000659976466368617, -0.0001362132675131189]
[-0.00044222463456322636, 0.00023544680381304417]
[9.592306909866899e-05, -0.00033018594409117696]
[-0.001276957462680084, -0.0018867409585512362]
[0.0006273456259102694, -7.930050933646626e-05]
[-0.0003488706205371228, 0.00021094864441062455]
[0.0001240227997800769, -0.00027162319008011693]
[-0.0013013337162828265, -0.0017249612200147535]
[0.0005475382702229137, -2.1845632855121977e-05]
[-0.0002569828473770741, 0.00016845055532477282]
[0.00011780200393674001, -0.0002528998206952071]
[-0.0013244942108481261, -0.0015862340558829846]
[0.0004929397520536671, -1.668521275877133e-05]
[-0.00019419689827537834, 0.00012266518188219777]
[0.00015608496776398084, -0.0002365639238164352]
[-0.0013483178048995237, -0.0014391760726331082]
[0.00046647841973213033, 2.161653493226723e-05]
[-0.00013300561403695177, 8.980310226802679e-05]
[0.00016814124179886925, -0.00018235592444804105]
[-0.0013478476705554021, -0.0012997049435059527]
[0.0004014615335452554, 5.1600910774940445e-05]
[-7.476908360559698e-05, 4.097033538696948e-05]
[0.0001605210749668906, -0.00016658130860514042]
[-0.0013504335908062215, -0.0011793875009755705]
[0.0003658093976877108, 4.5455715014020015e-05]
[-4.113101878300274e-05, -5.294540045719387e-06]
[0.00018856419674695424, -0.0001439280968507095]
[-0.0013513464708416745, -0.0010504236297124159]
[0.0003450852023925144, 7.182012808804039e-05]
[-4.8469201942014095e-06, -4.033737370390256e-05]
[0.00018770264096512612, -9.625941854496389e-05]
[-0.0013319211749612814, -0.000932081973908927]
[0.0002941806596861163, 8.403617169960853e-05]
[2.6726797377696343e-05, -8.923420881523647e-05]
[0.0001785289123321654, -8.365990927572398e-05]
[-0.0013185777526006914, -0.0008290032874109787]
[0.00027358948783762216, 7.327784603039511e-05]
[3.826163813891448e-05, -0.00013117870260503928]
[0.0001966644291606645, -5.8307386324063515e-05]
[-0.001301376129484333, -0.0007178912412768579]
[0.0002577753638688396, 9.221830083405713e-05]
[5.534040764243464e-05, -0.00016424463181463622]
[0.00018595550974254138, -1.861103326383784e-05]
[-0.0012679930649985849, -0.0006196965264528842]
[0.0002195974720804461, 9.35854108778944e-05]
[6.609020625736317e-05, -0.0002088641014801329]
[0.00017555293220361534, -9.423441183598058e-06]
[-0.0012426283961401996, -0.0005330039842874612]
[0.0002104538446299209, 8.256040951737376e-05]
[6.135629438730472e-05, -0.00024347640404287496]
[0.00018482723817903057, 1.582821062351414e-05]
[-0.0012116123343420826, -0.00043955272991613725]
[0.00019851108977197995, 9.71292108573607e-05]
[6.393591448350389e-05, -0.00027181531656061964]
[0.00016720502921385716, 4.679362576354151e-05]
[-0.0011686204585495963, -0.00036047046927345505]
[0.00017125987085231387, 9.259394502358909e-05]
[5.892942466978468e-05, -0.000309260747177742]
[0.0001561771573097559, 5.245774087114796e-05]
[-0.0011346505625166037, -0.00028937556036034984]
[0.00017025674395076962, 8.398844509582837e-05]
[4.286856320501187e-05, -0.0003348407110950191]
[0.0001580630481445855, 7.555490285304778e-05]
[-0.001093749322443105, -0.0002132174697044853]
[0.00016106586800179734, 9.619164101559718e-05]
[3.495500709027599e-05, -0.0003567514412130546]
[0.00013624767857911557, 9.762969147697476e-05]
[-0.0010449599155669675, -0.00015202951979409463]
[0.00014273657975372167, 8.922574585845666e-05]
[1.8668370235230825e-05, -0.0003852690303076667]
[0.00012532799186959487, 9.984779889049555e-05]
[-0.001005418375730871, -9.565738114969413e-05]
[0.00014691572442426803, 8.450442075802478e-05]
[-4.505671607146766e-06, -0.0004011189004637927]
[0.00012151132237248063, 0.00011941322490716111]
[-0.0009582195592698906, -3.612863967639157e-05]
[0.00013937773992744873, 9.556928772758155e-05]
[-1.9456727987088307e-05, -0.0004157207877659719]
[9.793716671335773e-05, 0.0001329556260998288]
[-0.0009069459073278718, 8.622332392294041e-06]
[0.00012792148750295773, 8.850169563401344e-05]
[-4.306651128949124e-05, -0.0004344881187914318]
[8.78738039726823e-05, 0.0001320113480132168]
[-0.0008645205729426175, 5.131228922361508e-05]
[0.00013471700635658834, 8.821406934345077e-05]
[-6.97866242805878e-05, -0.00044068971383759425]
[8.008839801054712e-05, 0.00014726855689572993]
[-0.0008142513214124403, 9.521800065459551e-05]
[0.00012783357839096787, 9.877877301156524e-05]
[-8.880040144854107e-05, -0.00044775921089934556]
[5.6842367827769635e-05, 0.0001530655431628558]
[-0.0007633137336946483, 0.0001252320200662016]
[0.00012128395954857929, 9.303764838630713e-05]
[-0.00011627890805243624, -0.00045671746984954353]
[4.8309042890659626e-05, 0.00014943393588839893]
[-0.00072034639729468, 0.00015547475039068281]
[0.0001285598043236913, 9.705135892168482e-05]
[-0.0001435860087257712, -0.00045395460081909533]
[3.820787498276523e-05, 0.0001601236452665189]
[-0.0006698349574663087, 0.00018510102277247142]
[0.00012149476291778427, 0.00010731257401297434]
[-0.00016414157268962448, -0.0004537937265178815]
[1.6982185792491222e-05, 0.00015929401148695455]
[-0.000621553007786213, 0.00020228822098822263]
[0.00011806654827628549, 0.00010361763429933557]
[-0.00019254538896040785, -0.0004535002407177746]
[1.0512256223060845e-05, 0.00015360504267680763]
[-0.0005800237704933764, 0.00022150493514638825]
[0.00012414224155898879, 0.00011130932488045975]
[-0.00021806804280055658, -0.00044290565481142075]
[-4.3047804987317306e-07, 0.00015989394762860876]
[-0.0005316587877555179, 0.00023849089416083658]
[0.00011626477084702991, 0.00012114590651901569]
[-0.0002380903195848827, -0.0004362258221433102]
[-1.836763530049801e-05, 0.00015378626173812027]
[-0.00048784424662651205, 0.0002449145519978213]
[0.00011442681505635655, 0.00011967192427553286]
[-0.00026500153177067, -0.00042771610420588857]
[-2.2425254111668735e-05, 0.0001467742614089662]
[-0.0004493540748218283, 0.0002546784469843466]
[0.00011808731014895102, 0.00013009105060513004]
[-0.0002869388382880089, -0.0004107333339382624]
[-3.298372481652656e-05, 0.00014915841552431974]
[-0.0004050523834897568, 0.0002608920499145295]
[0.00010899668826525044, 0.00013917223589299255]
[-0.0003047952312322799, -0.0003985472039464977]
[-4.679752775049728e-05, 0.00013924769114248559]
[-0.00036701098376146213, 0.00025869665299183]
[0.00010751998403057961, 0.00013969385461687356]
[-0.00032833031788026545, -0.00038320266930225166]
[-4.830156081725434e-05, 0.00013169335529961135]
[-0.00033277079831361966, 0.0002606811618552918]
[0.0001080074181207813, 0.00015170619553539488]
[-0.00034542909606072314, -0.0003614592850509357]
[-5.7541189592669184e-05, 0.00013089964255041941]
[-0.000293960126986903, 0.0002581370685299511]
[9.753957613178876e-05, 0.00015958751619404854]
[-0.0003599218661198833, -0.0003449783740427925]
[-6.681894602755811e-05, 0.0001186872272475048]
[-0.0002625066524353237, 0.0002494692889274397]
[9.552133906010063e-05, 0.0001616094307728133]
[-0.00037872817140005566, -0.0003243997883557448]
[-6.583936516579847e-05, 0.00011135794620253936]
[-0.00023333776862122235, 0.00024538628290016185]
[9.25081854248333e-05, 0.00017402243510633575]
[-0.00039024958674716004, -0.0002995918858066382]
[-7.31347410596328e-05, 0.00010824775469153725]
[-0.0002009576532930879, 0.00023615650523001186]
[8.072511561940665e-05, 0.00018022968244157944]
[-0.0004005989917643671, -0.0002801304271107252]
[-7.785492612111256e-05, 9.516902405382055e-05]
[-0.00017644616680634329, 0.00022308589533281964]
[7.759037000143465e-05, 0.0001831028733516593]
[-0.00041383539090222854, -0.0002560191973808301]
[-7.465890532132313e-05, 8.876257272671939e-05]
[-0.00015279433390635866, 0.00021462030431396162]
[7.113507896594484e-05, 0.00019477259212019593]
[-0.0004195091025329667, -0.00022980861553156817]
[-7.968902329236194e-05, 8.424189832179074e-05]
[-0.00012731615415528807, 0.0002007447438238108]
[5.829899154918827e-05, 0.0001988728145574381]
[-0.00042532504927028647, -0.000208695562900707]
[-8.017277183469673e-05, 7.158600557000128e-05]
[-0.00010968515624121267, 0.00018518988947002768]
[5.378194507743572e-05, 0.00020189584134799876]
[-0.0004326259668925303, -0.00018274587800515274]
[-7.51956536257925e-05, 6.668182420999091e-05]
[-9.164849642329109e-05, 0.00017393629109507813]
[4.4269514310579794e-05, 0.00021181420656635197]
[-0.0004325920312122644, -0.00015667226386706368]
[-7.79194946469719e-05, 6.162172674284427e-05]
[-7.311369695339742e-05, 0.00015733920506144639]
[3.080445548575561e-05, 0.00021347229759005604]
[-0.00043383403492613937, -0.00013517381798588968]
[-7.476783563808986e-05, 5.046696353910862e-05]
[-6.194446681129229e-05, 0.00014100401416838881]
[2.4912782915054166e-05, 0.0002159760406619804]
[-0.00043525789898146705, -0.00010897877190596539]
[-6.857242170621447e-05, 4.7488337759860055e-05]
[-4.9314125318611346e-05, 0.00012840979161887756]
[1.298376277691915e-05, 0.00022333715436428925]
[-0.0004299982432425242, -8.438854769421411e-05]
[-6.918859131044286e-05, 4.265903697298068e-05]
[-3.7388258525394846e-05, 0.0001108271037275621]
[-5.719357456523966e-07, 0.00022235676385412573]
[-0.00042692499591723276, -6.364350102749938e-05]
[-6.320954333993711e-05, 3.382640266841319e-05]
[-3.19735050531289e-05, 9.515076888866325e-05]
[-7.606075984156746e-06, 0.00022377109101845427]
[-0.000422889631369161, -3.8617936313101175e-05]
[-5.6437507287343536e-05, 3.301582462306163e-05]
[-2.4284722355050192e-05, 8.24694175141083e-05]
[-2.1133893357339062e-05, 0.00022801565143731883]
[-0.0004131520085097762, -1.6611726856963216e-05]
[-5.5332194679236224e-05, 2.903683800142831e-05]
[-1.8323904976247363e-05, 6.539058315402357e-05]
[-3.4180529942196e-05, 0.00022436371240747155]
[-0.00040626292474943426, 2.4185531440901187e-06]
[-4.746236167174622e-05, 2.3063287373448205e-05]
[-1.7743108005952024e-05, 5.1513568572025825e-05]
[-4.195843302867708e-05, 0.00022426508036660353]
[-0.0003974713759631321, 2.5096478906139197e-05]
[-4.0781841722958845e-05, 2.4472190302604613e-05]
[-1.4333673509669964e-05, 3.97706575611112e-05]
[-5.61709925899212e-05, 0.0002251028748281314]
[-0.00038418939141138253, 4.369717070618062e-05]
[-3.8469680033736964e-05, 2.1779875404137616e-05]
[-1.3459372921742485e-05, 2.439753549032808e-05]
[-6.810179749239254e-05, 0.00021891780798038996]
[-0.0003741611836101111, 6.026300872918888e-05]
[-2.9695174908583866e-05, 1.8911506229346564e-05]
[-1.6656800782888226e-05, 1.3144733910341877e-05]
[-7.612056587236182e-05, 0.0002170576070851249]
[-0.0003615220413146769, 7.969046923295142e-05]
[-2.3748610426865824e-05, 2.2404465708392163e-05]
[-1.6729422845473962e-05, 3.1179335353570536e-06]
[-9.00864924389122e-05, 0.00021446896439872298]
[-0.00034573514473312805, 9.43574522704882e-05]
[-2.0811072138027242e-05, 2.123722629768232e-05]
[-1.990716006150528e-05, -9.65814794873232e-06]
[-0.00010033943154930114, 0.00020605348541682944]
[-0.000333356816469621, 0.00010793910683637442]
[-1.2092457345014296e-05, 2.1441470617888925e-05]
[-2.5768483426835687e-05, -1.777710864969695e-05]
[-0.00010805426571058874, 0.00020236785306151917]
[-0.0003179033470428472, 0.00012350742881239718]
[-7.448483216210278e-06, 2.6713928994892555e-05]
[-2.8453489177016067e-05, -2.5563585560939295e-05]
[-0.00012089733843589912, 0.00019658594477217628]
[-0.000300680648820828, 0.00013400192503432162]
[-4.474223628481155e-06, 2.7114252520582527e-05]
[-3.4571041863662444e-05, -3.516660210256539e-05]
[-0.000129000885672248, 0.00018638623765843132]
[-0.0002867903226333457, 0.00014431238427059512]
[3.3202850617808366e-06, 3.0109031794955943e-05]
[-4.19946926446535e-05, -3.994099486948066e-05]
[-0.0001358831660440707, 0.00018098898480814474]
[-0.00026960259080954785, 0.00015570702595296693]
[6.207560332871509e-06, 3.6716678567957906e-05]
[-4.6409621663690004e-05, -4.520817613051786e-05]
[-0.00014684445481383257, 0.00017246578053660422]
[-0.00025197403918464367, 0.0001620595991287388]
[8.676474399615941e-06, 3.854819220081018e-05]
[-5.435060134351133e-05, -5.136515507164763e-05]
[-0.00015245437878275148, 0.00016103954740698256]
[-0.00023740079559764204, 0.0001690333234881658]
[1.482599855484601e-05, 4.3845059320340996e-05]
[-6.231050638039193e-05, -5.2852749064247195e-05]
[-0.0001580419710602854, 0.00015420066988729164]
[-0.00021953458131340753, 0.00017621692058494842]
[1.5647692745091035e-05, 5.124225525973691e-05]
[-6.761354695483668e-05, -5.554640351457252e-05]
[-0.00016652856611698574, 0.00014356010414053044]
[-0.00020243247422735422, 0.00017869388737956626]
[1.7160429447660164e-05, 5.4219152433483686e-05]
[-7.632276071811717e-05, -5.826023824800908e-05]
[-0.0001694535335741154, 0.00013153657059805646]
[-0.00018794591807091976, 0.0001824635784455908]
[2.1131978625854586e-05, 6.11767307773306e-05]
[-8.391976061483675e-05, -5.6745603542573964e-05]
[-0.0001733905262861768, 0.00012364948113956047]
[-0.00017037160803412554, 0.00018564474629234606]
[1.9743311550080023e-05, 6.876083397333154e-05]
[-8.935454726288761e-05, -5.700563612742737e-05]
[-0.00017900876824139544, 0.00011163192487257702]
[-0.00015458467526419106, 0.00018470428835820618]
[1.997341722992374e-05, 7.248642138232841e-05]
[-9.789228634438096e-05, -5.651579357313086e-05]
[-0.00017922344661980283, 9.966724666692767e-05]
[-0.00014085432038046797, 0.000185568296748706]
[2.1446408227099312e-05, 8.037000264460997e-05]
[-0.00010439237016846015, -5.246057465430054e-05]
[-0.00018128744376633144, 9.120830858669327e-05]
[-0.00012440816544523337, 0.0001851594509925114]
[1.787287481480604e-05, 8.752816503487804e-05]
[-0.00010932236165794862, -5.058298316257259e-05]
[-0.00018385963595735078, 7.861070254379376e-05]
[-0.00011054960331846608, 0.00018140098471741695]
[1.6638501683097218e-05, 9.153890917661112e-05]
[-0.000116905620337171, -4.7317447171069116e-05]
[-0.00018150491264279367, 6.734234431321484e-05]
[-9.811543450921612e-05, 0.0001797843070769911]
[1.5512757950864042e-05, 9.958190962423841e-05]
[-0.00012176400308638868, -4.130613210701073e-05]
[-0.00018162099027785317, 5.8826498017541806e-05]
[-8.346467292352777e-05, 0.0001763521202395868]
[9.943663481504217e-06, 0.00010573688478947296]
[-0.00012569543445506426, -3.770045867901306e-05]
[-0.0001811856750359997, 4.644250044970322e-05]
[-7.19546150986794e-05, 0.0001704625968571294]
[7.214468471961055e-06, 0.00010954823761900878]
[-0.00013172499117253267, -3.222251012280353e-05]
[-0.00017655653589465636, 3.644604141450625e-05]
[-6.120940756293436e-05, 0.00016687454420979964]
[3.602298794369574e-06, 0.00011701133184804924]
[-0.00013459596765663662, -2.490725133097449e-05]
[-0.00017479795646169194, 2.838225800083638e-05]
[-4.883182499382244e-05, 0.0001610867568317409]
[-3.627378790449498e-06, 0.00012166304217786639]
[-0.0001371891568058281, -2.0052522281127638e-05]
[-0.00017159488422380242, 1.6946479667767633e-05]
[-3.98938508150426e-05, 0.0001537874489192792]
[-7.736112356049318e-06, 0.00012481347864048975]
[-0.00014126237835943023, -1.3005971693985652e-05]
[-0.00016511734398649835, 8.697957532388667e-06]
[-3.107706055160975e-05, 0.00014877899839269015]
[-1.3532158571250008e-05, 0.0001310376238581601]
[-0.00014199574506057466, -5.05380640011821e-06]
[-0.00016169404330712567, 1.5479723027289616e-06]
[-2.125465880653543e-05, 0.00014135118891972498]
[-2.1969821018652524e-05, 0.00013379767207249982]
[-0.00014306528179774958, 5.441977963399625e-07]
[-0.00015613589079355172, -8.312151942052592e-06]
[-1.4925135038090787e-05, 0.00013334819367945283]
[-2.721441992958873e-05, 0.00013588775625852922]
[-0.0001449753807090115, 8.487920602401333e-06]
[-0.00014833508561684638, -1.4465793706092134e-05]
[-8.12747073597464e-06, 0.00012747177466999882]
[-3.473567520928533e-05, 0.00014033793407353112]
[-0.00014360096978704995, 1.6442500856916897e-05]
[-0.00014357174086443436, -2.032252261593981e-05]
[-9.531013833719015e-07, 0.00011911735322715777]
[-4.3846675650716094e-05, 0.00014095485891169046]
[-0.00014310597266797842, 2.229012965231092e-05]
[-0.00013620538405834104, -2.8124401439816316e-05]
[2.898526619610209e-06, 0.00011105854030118295]
[-4.98815385143736e-05, 0.00014167874344717113]
[-0.00014282920639296925, 3.048004313940811e-05]
[-0.00012766747808612422, -3.198489091038592e-05]
[7.721332730303843e-06, 0.00010483259509357773]
[-5.855612725325088e-05, 0.00014397604729377012]
[-0.00013953168214198008, 3.7874793092869397e-05]
[-0.00012197358572052508, -3.627772065190049e-05]
[1.2326195151901587e-05, 9.621878106335843e-05]
[-6.776402465580311e-05, 0.00014234987067607285]
[-0.00013755783789126674, 4.3523518475589024e-05]
[-0.00011343426121279698, -4.1708864716494265e-05]
[1.3968563232991116e-05, 8.865927077102327e-05]
[-7.41746534478338e-05, 0.00014151735392292641]
[-0.0001352307420743326, 5.1369890883796315e-05]
[-0.00010476515011359488, -4.323513505910537e-05]
[1.697472004269507e-05, 8.25393896004981e-05]
[-8.336569030209517e-05, 0.0001414579655241166]
[-0.00013031723690692942, 5.774508002501927e-05]
[-9.85999548779315e-05, -4.581878065895717e-05]
[1.923340430987075e-05, 7.425129294107158e-05]
[-9.209412819233265e-05, 0.00013764340064725822]
[-0.0001270527112604558, 6.281712360728386e-05]
[-8.95619246038537e-05, -4.87486543775395e-05]
[1.903856748119992e-05, 6.762883145446097e-05]
[-9.84337733926921e-05, 0.00013519148818974536]
[-0.000122941883134553, 6.982327091682727e-05]
[-8.13458267110434e-05, -4.8054102876837756e-05]
[2.04741468197156e-05, 6.198665448416824e-05]
[-0.00010748919723080341, 0.0001327520541382632]
[-0.00011680528109359045, 7.484155903638573e-05]
[-7.51811291607174e-05, -4.891453184702188e-05]
[2.0722073428958154e-05, 5.4500861499370834e-05]
[-0.00011520235237827414, 0.00012695057513451014]
[-0.00011251279335344755, 7.904730108534985e-05]
[-6.630848734512362e-05, -4.9392979984574925e-05]
[1.9127879227420763e-05, 4.9121694502288205e-05]
[-0.0001210292415756431, 0.00012294432667131483]
[-0.00010697996739250648, 8.483137244333361e-05]
[-5.90693963328226e-05, -4.673204425381661e-05]
[1.929803205380498e-05, 4.4232133709229404e-05]
[-0.00012932973168822137, 0.0001182741973609347]
[-0.00010006067522405626, 8.828708103997274e-05]
[-5.335322586563773e-05, -4.5981903438852e-05]
[1.794665241316995e-05, 3.790045216502114e-05]
[-0.00013556850131057896, 0.00011081596305118069]
[-9.504806143056932e-05, 9.143403470884826e-05]
[-4.5254266476169036e-05, -4.422504894807666e-05]
[1.5418940108813395e-05, 3.3935566730286526e-05]
[-0.0001404807701126387, 0.00010543921369565723]
[-8.851325030867496e-05, 9.574051591997035e-05]
[-3.942291589809077e-05, -3.9970437354486243e-05]
[1.4658692088387326e-05, 2.997227970000238e-05]
[-0.0001474825263484414, 9.884087755102078e-05]
[-8.126214003545407e-05, 9.755879122178013e-05]
[-3.454680316994363e-05, -3.783496383069629e-05]
[1.2158802703332583e-05, 2.501557252079789e-05]
[-0.00015189403701310056, 9.015818035273959e-05]
[-7.585359929884739e-05, 9.955251104384888e-05]
[-2.7734923762401387e-05, -3.4200290193298066e-05]
[9.15597622830333e-06, 2.250649966609175e-05]
[-0.00015555982883852515, 8.369543925867973e-05]
[-6.875892037150333e-05, 0.00010225386626555588]
[-2.362341410921953e-05, -2.8812822008672523e-05]
[7.802683708479918e-06, 1.954498633480184e-05]
[-0.00016082953417129175, 7.559522087013937e-05]
[-6.16038063820934e-05, 0.00010248085035319265]
[-1.9895561865546085e-05, -2.5607839465924265e-05]
[4.609602237248822e-06, 1.6056373563860804e-05]
[-0.0001631881284510639, 6.618967738775128e-05]
[-5.611375623215675e-05, 0.00010331866663909617]
[-1.475905855174986e-05, -2.056081956142153e-05]
[1.5517316342972265e-06, 1.4929181713196904e-05]
[-0.00016536884127082985, 5.900108490680678e-05]
[-4.88902524585777e-05, 0.0001044081399280139]
[-1.2544663579250326e-05, -1.4554286930201776e-05]
[-7.905047938461252e-08, 1.29564046111863e-05]
[-0.00016860881728231192, 4.991272812326919e-05]
[-4.2207812633865416e-05, 0.00010319376088477328]
[-1.0170737043013744e-05, -1.0658391104423348e-05]
[-3.536339139853517e-06, 1.0912563002590803e-05]
[-0.0001688273548781094, 4.0318782268955466e-05]
[-3.691889852441843e-05, 0.00010295263535847754]
[-6.953094845330021e-06, -4.73347968227289e-06]
[-6.292238080796153e-06, 1.099824456751719e-05]
[-0.00016939264274962174, 3.2810415196316e-05]
[-2.99582265341769e-05, 0.00010252971376148445]
[-6.672047734412878e-06, 1.362798293380596e-06]
[-7.926148594461502e-06, 9.92732924984252e-06]
[-0.0001704550019520079, 2.3294521298899973e-05]
[-2.405273232031213e-05, 0.00010010505819582627]
[-5.744636102922307e-06, 5.539449091818138e-06]
[-1.1270253201578484e-05, 9.206210546980342e-06]
[-0.00016858605008263083, 1.4041994176483552e-05]
[-1.9199081868759293e-05, 9.89251394295787e-05]
[-4.536097634399994e-06, 1.1780406991457326e-05]
[-1.3447686943890425e-05, 1.0265393599079298e-05]
[-0.0001675198829641511, 6.634022831131237e-06]
[-1.2831417998793171e-05, 9.717551149190928e-05]
[-6.087411089650274e-06, 1.7458601124120676e-05]
[-1.486536048589393e-05, 9.953745810753478e-06]
[-0.00016640931513256518, -2.743568408347663e-06]
[-7.921044386960396e-06, 9.382692569814832e-05]
[-6.5845023839994354e-06, 2.1506354609179823e-05]
[-1.7789076979690677e-05, 1.035677525923484e-05]
[-0.00016263654193449106, -1.1165189070461157e-05]
[-3.677365595589066e-06, 9.189252568353456e-05]
[-7.324865911151335e-06, 2.7515237011888072e-05]
[-1.9201817060277016e-05, 1.2106586836035937e-05]
[-0.00016003433601041728, -1.806996453940224e-05]
[1.8436828423951113e-06, 8.90645519082689e-05]
[-1.0483521521109651e-05, 3.2323003547996e-05]
[-2.0246742095886283e-05, 1.2375694360799994e-05]
[-0.00015689998092971447, -2.677786030130802e-05]
[5.632793382281953e-06, 8.510664431410353e-05]
[-1.227563834205192e-05, 3.586318058718119e-05]
[-2.2524475172036595e-05, 1.3652409183328995e-05]
[-0.0001515207522574391, -3.395093338853794e-05]
[9.156160331924568e-06, 8.262636097416953e-05]
[-1.4767451636310547e-05, 4.11433628741964e-05]
[-2.307868633621979e-05, 1.579336771484474e-05]
[-0.00014757825054412255, -3.99958117184851e-05]
[1.3661416073507127e-05, 7.900609305927508e-05]
[-1.9205650273468322e-05, 4.4712540349600705e-05]
[-2.3659239667295218e-05, 1.6448608812280607e-05]
[-0.00014269584951143166, -4.7572131157191944e-05]
[1.6293721079030377e-05, 7.475568134629462e-05]
[-2.207066389192658e-05, 4.742409425556593e-05]
[-2.515129757485468e-05, 1.832174577687251e-05]
[-0.00013609661765390246, -5.317611601229899e-05]
[1.9050140229515122e-05, 7.194327532322742e-05]
[-2.600129660434991e-05, 5.156242023507396e-05]
[-2.4840688880090056e-05, 2.0562760569331484e-05]
[-0.00013109178208392525, -5.8074463893720285e-05]
[2.2455791762632238e-05, 6.782994415283072e-05]
[-3.131593906213759e-05, 5.363062314250877e-05]
[-2.4926889404142116e-05, 2.141171980640788e-05]
[-0.0001248379176146397, -6.415507090223871e-05]
[2.3978418201453522e-05, 6.358272976608736e-05]
[-3.49600561382335e-05, 5.527118626430516e-05]
[-2.557718981388568e-05, 2.3600941461587865e-05]
[-0.00011746443920690464, -6.798399728064064e-05]
[2.597940940818333e-05, 6.064012996082058e-05]
[-3.993059184459469e-05, 5.7962213752704717e-05]
[-2.4472262881714002e-05, 2.568080939197026e-05]
[-0.00011173407117914813, -7.15369005200861e-05]
[2.828177664293552e-05, 5.6323780082467856e-05]
[-4.56747889640563e-05, 5.8386099089924315e-05]
[-2.4088129051746954e-05, 2.6548872715026484e-05]
[-0.00010455476136222996, -7.587519697588307e-05]
[2.8811345027413005e-05, 5.2335169063832954e-05]
[-4.9757823253226974e-05, 5.8806132345268214e-05]
[-2.3916261121970095e-05, 2.8791618055190593e-05]
[-9.68794671876716e-05, -7.784644095126803e-05]
[3.0117170855659126e-05, 4.9438677447999346e-05]
[-5.531634562416787e-05, 5.986738499003108e-05]
[-2.214905330977235e-05, 3.0495813180597686e-05]
[-9.07925771576612e-05, -7.995303605012882e-05]
[3.1382410823566076e-05, 4.5181289823392756e-05]
[-6.103256097400589e-05, 5.862701347131294e-05]
[-2.1361691660004567e-05, 3.123815285993592e-05]
[-8.316876328157141e-05, -8.24303966647233e-05]
[3.108812730534538e-05, 4.165234226605197e-05]
[-6.519538035254513e-05, 5.777635370834977e-05]
[-2.0450577812192172e-05, 3.330646350863109e-05]
[-7.565770770207036e-05, -8.258451627712882e-05]
[3.1795724928174174e-05, 3.89427430799727e-05]
[-7.087205206834923e-05, 5.715401680911336e-05]
[-1.8196493228872512e-05, 3.447847001120108e-05]
[-6.958779098653611e-05, -8.324460247444154e-05]
[3.2145827804308524e-05, 3.4963789716735416e-05]
[-7.612446506527482e-05, 5.4348391934078144e-05]
[-1.710317944114692e-05, 3.4987905477512626e-05]
[-6.200033569464525e-05, -8.387124285708092e-05]
[3.123048585162991e-05, 3.203281616187548e-05]
[-8.001645311483951e-05, 5.227510375349631e-05]
[-1.5583761078630243e-05, 3.6700499980391044e-05]
[-5.508207998677905e-05, -8.236327522742615e-05]
[3.1460031807928335e-05, 2.9609715618994503e-05]
[-8.5357804389119e-05, 5.004031049299362e-05]
[-1.3042145458941334e-05, 3.7247409490681616e-05]
[-4.938042410462806e-05, -8.167240687972921e-05]
[3.105657637086923e-05, 2.6076663501073405e-05]
[-8.976164088214666e-05, 4.587480392259646e-05]
[-1.1756683236274768e-05, 3.7458007240753766e-05]
[-4.227712459281552e-05, -8.057917234965961e-05]
[2.9737108813321367e-05, 2.381651612209934e-05]
[-9.30661242784514e-05, 4.2716820027488556e-05]
[-9.791112610568753e-06, 3.868729900780021e-05]
[-3.6315667819530884e-05, -7.766238833761818e-05]
[2.9618475814285894e-05, 2.173686768836003e-05]
[-9.766616902856518e-05, 3.905333520476395e-05]
[-7.166164792071772e-06, 3.8579844552355524e-05]
[-3.128762747395264e-05, -7.580019998376653e-05]
[2.8645613128042147e-05, 1.8760729540767684e-05]
[-0.00010091206219464688, 3.382025959841606e-05]
[-5.805729738517229e-06, 3.846647760208377e-05]
[-2.5054464632356943e-05, -7.322237604345805e-05]
[2.7134712891396795e-05, 1.7181412540534513e-05]
[-0.00010336791565923598, 2.9790810423035996e-05]
[-3.5704944914005665e-06, 3.914063996773853e-05]
[-2.032795270540122e-05, -6.922598483716236e-05]
[2.6794953026598733e-05, 1.546185099937647e-05]
[-0.0001068940731893675, 2.4975483500222495e-05]
[-1.0539317088498201e-06, 3.840823588247e-05]
[-1.621380377142545e-05, -6.643897076630267e-05]
[2.5442979159129298e-05, 1.3097493871849775e-05]
[-0.00010876595907577391, 1.9029505677281566e-05]
[2.725594606123316e-07, 3.7982623613985744e-05]
[-1.1152220129095891e-05, -6.269372620532065e-05]
[2.393308400988614e-05, 1.2153349940757785e-05]
[-0.00011018398030099297, 1.4397750930039699e-05]
[2.6023084272464025e-06, 3.808316151254765e-05]
[-7.838672052618012e-06, -5.79963894267177e-05]
[2.3485869636685752e-05, 1.0775686425990028e-05]
[-0.00011239626602072006, 8.775551596174047e-06]
[4.845679148934856e-06, 3.68048447411673e-05]
[-4.800227931311962e-06, -5.45767077683168e-05]
[2.1936549537637795e-05, 9.026288562530294e-06]
[-0.00011278184938309788, 2.5059343057298733e-06]
[6.046867431108716e-06, 3.610882956395223e-05]
[-1.1116950454914676e-06, -5.00361424828899e-05]
[2.0587185061538005e-05, 8.626743372597279e-06]
[-0.00011305496293001482, -2.4255060747102597e-06]
[8.310748787987432e-06, 3.566440300878382e-05]
[7.175743913789834e-07, -4.503737253686024e-05]
[2.0124879563987452e-05, 7.545781106510496e-06]
[-0.00011381747967734168, -8.469777835584669e-06]
[1.0153730425899177e-05, 3.395679389534001e-05]
[2.603896054387267e-06, -4.1299461759070066e-05]
[1.8539419643692767e-05, 6.37058018171377e-06]
[-0.00011271088329903312, -1.4667981310334532e-05]
[1.1162252214813595e-05, 3.3053761506751655e-05]
[4.825353919712949e-06, -3.63614335078255e-05]
[1.7468545137788727e-05, 6.393249853964278e-06]
[-0.00011181774534507749, -1.958675730939774e-05]
[1.322510038731517e-05, 3.2131205663255e-05]
[5.204520628077081e-06, -3.1453010682802596e-05]
[1.705728672046769e-05, 5.545969328557554e-06]
[-0.00011110211454384844, -2.5657872233797452e-05]
[1.4584616178814347e-05, 3.0134734753717307e-05]
[5.948013273804342e-06, -2.770987337064046e-05]
[1.5567547877515242e-05, 4.870293184855434e-06]
[-0.0001085989052436731, -3.1411569982153775e-05]
[1.5360445737855333e-05, 2.9100148036032003e-05]
[6.715281134023199e-06, -2.2768811367424036e-05]
[1.4847181458443881e-05, 5.175189153827642e-06]
[-0.00010660099941151024, -3.601875610875771e-05]
[1.7119338464932632e-05, 2.7793742702564295e-05]
[5.775477216862779e-06, -1.8308247061171734e-05]
[1.4525067840220895e-05, 4.490337726259508e-06]
[-0.00010448197004489512, -4.173940549201394e-05]
[1.795865899678617e-05, 2.565840463586433e-05]
[5.465181174418854e-06, -1.4849181828036073e-05]
[1.3228291803168979e-05, 4.216847770188714e-06]
[-0.00010076729440727794, -4.672223998597458e-05]
[1.8489409243482857e-05, 2.4570398678036565e-05]
[4.890021962217217e-06, -1.026896775463415e-05]
[1.2884333239315815e-05, 4.660445420079373e-06]
[-9.780009249960031e-05, -5.075322336201005e-05]
[1.987716083171054e-05, 2.2990451131188472e-05]
[2.8444560772333816e-06, -6.556802881307888e-06]
[1.2662520786577147e-05, 4.0676226918390235e-06]
[-9.44441146518149e-05, -5.578935566352694e-05]
[2.020409638930909e-05, 2.0862268555910113e-05]
[1.6377068165901454e-06, -3.6281599393173103e-06]
[1.1619536015500254e-05, 4.087729155000108e-06]
[-8.977513930545633e-05, -5.974187985074986e-05]
[2.0502588910426e-05, 1.9793154836689197e-05]
[-8.373375676162809e-08, 2.8111503924677095e-07]
[1.1635384732061604e-05, 4.535792044568776e-06]
[-8.60343166298877e-05, -6.298354778022652e-05]
[2.1487884333037943e-05, 1.8054895777108726e-05]
[-2.9596149635491287e-06, 3.0187542344184415e-06]
[1.1501680054232244e-05, 3.973258713985128e-06]
[-8.168232678994192e-05, -6.706506356285447e-05]
[2.134948499857292e-05, 1.6064110940294807e-05]
[-4.852964563845097e-06, 5.228531828993521e-06]
[1.0738281791822235e-05, 4.177774431513015e-06]
[-7.636653134547589e-05, -6.980911318671401e-05]
[2.1449108722315646e-05, 1.5073476635596439e-05]
[-7.45968168462674e-06, 8.228508924512656e-06]
[1.1061585622557102e-05, 4.516022226591643e-06]
[-7.209054357640299e-05, -7.211226900916134e-05]
[2.203370159373219e-05, 1.3287122107907834e-05]
[-1.0851314223847552e-05, 9.851124420312551e-06]
[1.0985929060208788e-05, 3.936645510793646e-06]
[-6.703655279960419e-05, -7.504787679168956e-05]
[2.1508234166300877e-05, 1.153890529773105e-05]
[-1.3187574198769703e-05, 1.1221304271669119e-05]
[1.0496909377044616e-05, 4.224914910672117e-06]
[-6.140764714784863e-05, -7.649441208607e-05]
[2.1456758427823575e-05, 1.0668787378514955e-05]
[-1.637654407195266e-05, 1.315704648907623e-05]
[1.1048590643519818e-05, 4.366882479289735e-06]
[-5.68581780650973e-05, -7.778076402398248e-05]
[2.167034269412449e-05, 8.93142876384756e-06]
[-1.9954818377562744e-05, 1.3614278269347135e-05]
[1.0989718981835317e-05, 3.7418518830101277e-06]
[-5.142546175515572e-05, -7.946629744509659e-05]
[2.085746134238009e-05, 7.499617580453144e-06]
[-2.2476481493137468e-05, 1.4096054693990556e-05]
[1.0744869035184124e-05, 4.028805021150106e-06]
[-4.581878269653561e-05, -7.961649771895396e-05]
[2.0710045866595417e-05, 6.7720014548799945e-06]
[-2.5926968301559494e-05, 1.490103769619111e-05]
[1.142947003804351e-05, 3.9205183806900745e-06]
[-4.1260648328857175e-05, -7.988001307718262e-05]
[2.060352957725109e-05, 5.161757601152006e-06]
[-2.9372408756972446e-05, 1.4230508474627479e-05]
[1.1342004349032542e-05, 3.2407003937029444e-06]
[-3.577740186860162e-05, -8.030002145711923e-05]
[1.9613619093888923e-05, 4.085856755486894e-06]
[-3.182793348718849e-05, 1.3845645544852125e-05]
[1.1293328607234199e-05, 3.4615170002028073e-06]
[-3.050658721516497e-05, -7.923991774280714e-05]
[1.942576959221287e-05, 3.502516740000461e-06]
[-3.522542053802785e-05, 1.3540120775534792e-05]
[1.2009697460846347e-05, 3.0829046385461023e-06]
[-2.6188633396304062e-05, -7.85427729462218e-05]
[1.9063725682721966e-05, 2.075144118679484e-06]
[-3.825025239436938e-05, 1.1859134412733896e-05]
[1.1850930069917665e-05, 2.3579278417840133e-06]
[-2.096488149682524e-05, -7.776570324294352e-05]
[1.800737678972486e-05, 1.3605265104799091e-06]
[-4.0412140380401834e-05, 1.0693471686251677e-05]
[1.1940300771923207e-05, 2.470232362300484e-06]
[-1.6301433570797136e-05, -7.565509033657936e-05]
[1.7828535254449385e-05, 9.050102696139817e-07]
[-4.347018387025614e-05, 9.376749698863929e-06]
[1.2591697633873578e-05, 1.8334612587045385e-06]
[-1.243980087493532e-05, -7.411884287572557e-05]
[1.7281581944902924e-05, -3.070609983224504e-07]
[-4.583681191072664e-05, 6.868788468894493e-06]
[1.2327440506235132e-05, 1.0888284855126162e-06]
[-7.747146549587358e-06, -7.228657548186135e-05]
[1.6260062585170265e-05, -6.860633006144923e-07]
[-4.751672520842548e-05, 5.061409958678764e-06]
[1.2493974257711538e-05, 1.0725546674139608e-06]
[-3.9042012039847834e-06, -6.934332367966589e-05]
[1.6128405863284623e-05, -1.044685071754925e-06]
[-4.999528704822953e-05, 2.8990214807900205e-06]
[1.2996805753694163e-05, 2.1771462246911177e-07]
[-6.690715016501037e-07, -6.713626198368017e-05]
[1.5466187252857755e-05, -2.0311266875627787e-06]
[-5.153005031994541e-05, -2.0368732911446585e-07]
[1.2605801719342558e-05, -5.096079759570049e-07]
[3.2754367453313726e-06, -6.444912871217401e-05]
[1.4563617346377566e-05, -2.125763320731666e-06]
[-5.2590012023596457e-05, -2.474536970525909e-06]
[1.2792348241828788e-05, -6.54361368535028e-07]
[6.154197613808532e-06, -6.0930292745009496e-05]
[1.4502480150488384e-05, -2.4278942467870213e-06]
[-5.430917733842584e-05, -5.267529286187567e-06]
[1.3082918816603728e-05, -1.6656195301889554e-06]
[8.647588441025589e-06, -5.8252150443652284e-05]
[1.3787786606524188e-05, -3.1974599280643057e-06]
[-5.491065221822867e-05, -8.70388397031241e-06]
[1.2559488895252935e-05, -2.332576983885004e-06]
[1.1692575712680866e-05, -5.4950822421309664e-05]
[1.3065522805638663e-05, -3.0774066463873373e-06]
[-5.52697291950554e-05, -1.1236867682520857e-05]
[1.2717770376015347e-05, -2.589241212880289e-06]
[1.3538358644344913e-05, -5.113210491307363e-05]
[1.3081678461111801e-05, -3.3672596095046803e-06]
[-5.611812257239727e-05, -1.4414935609205481e-05]
[1.2756655566454472e-05, -3.6813937358548543e-06]
[1.5234030264410807e-05, -4.819746206932707e-05]
[1.2366084572938696e-05, -3.943478743037576e-06]
[-5.57596869391623e-05, -1.7915677487406745e-05]
[1.2111444792361342e-05, -4.244572895564791e-06]
[1.7299431330363704e-05, -4.4543236159794164e-05]
[1.1859595766754855e-05, -3.688740444249272e-06]
[-5.539593494884032e-05, -2.0503073697317187e-05]
[1.220555673922194e-05, -4.584813929009446e-06]
[1.8118047347511455e-05, -4.0698397785282614e-05]
[1.1943437123747291e-05, -4.008619411612069e-06]
[-5.533358500187796e-05, -2.3810112051755872e-05]
[1.1979433298284908e-05, -5.676704622661899e-06]
[1.901887790754092e-05, -3.7720110360399406e-05]
[1.1264656383194738e-05, -4.424765012923937e-06]
[-5.406039550873371e-05, -2.7117824814890112e-05]
[1.1238305592202805e-05, -6.097822473773162e-06]
[2.009605576840925e-05, -3.397514136672941e-05]
[1.0982940124503945e-05, -4.1174075428723755e-06]
[-5.300822394433205e-05, -2.95615620596254e-05]
[1.1246469730441522e-05, -6.48668672452446e-06]
[1.996227896583838e-05, -3.0356868200416554e-05]
[1.1110421961607955e-05, -4.502512073671638e-06]
[-5.206405165267573e-05, -3.275008969012144e-05]
[1.0767463940201429e-05, -7.499568897860465e-06]
[2.0125236198989364e-05, -2.7530784741904707e-05]
[1.049140038616482e-05, -4.796405427477668e-06]
[-4.998499113447992e-05, -3.56370554856697e-05]
[9.968767439645209e-06, -7.750181375620196e-06]
[2.027195915207513e-05, -2.393971270707798e-05]
[1.0418774034898128e-05, -4.512837065529657e-06]
[-4.8328447937228585e-05, -3.7762892553548644e-05]
[9.883397921288395e-06, -8.151139137563962e-06]
[1.9319264758981946e-05, -2.0763253598336806e-05]
[1.0554820554701085e-05, -4.987074621454549e-06]
[-4.659294151475378e-05, -4.061120413806872e-05]
[9.186215876189107e-06, -9.015843418406534e-06]
[1.8846916906977036e-05, -1.8255301913332666e-05]
[1.0004430539390754e-05, -5.19623983916747e-06]
[-4.386843499083076e-05, -4.289393391028549e-05]
[8.376780520633629e-06, -9.08084709939699e-06]
[1.8177926672813217e-05, -1.5029523606406234e-05]
[1.0104345243760159e-05, -5.000658604025279e-06]
[-4.1731197015068035e-05, -4.456282029005783e-05]
[8.203072651793899e-06, -9.460261177108784e-06]
[1.6584647580439402e-05, -1.2460134250470711e-05]
[1.0207306577069211e-05, -5.573830158204368e-06]
[-3.9345156185293956e-05, -4.6888972197921264e-05]
[7.340341652702868e-06, -1.0122942628660453e-05]
[1.5613853477276958e-05, -1.039660949827062e-05]
[9.722369869089118e-06, -5.731421003952325e-06]
[-3.617201072254883e-05, -4.843853883886029e-05]
[6.570668784979233e-06, -1.0002575915060707e-05]
[1.4288035895408495e-05, -7.702161801903529e-06]
[9.942753391037687e-06, -5.6708963263527035e-06]
[-3.370507181851921e-05, -4.955446911445588e-05]
[6.324033779293858e-06, -1.0333229101905372e-05]
[1.2261183360876352e-05, -5.847045637490111e-06]
[9.969419228420071e-06, -6.337467931050167e-06]
[-3.0845537837468837e-05, -5.122629490569852e-05]
[5.360400846299122e-06, -1.0759310439048542e-05]
[1.0950024594500937e-05, -4.308633145370944e-06]
[9.537693694842888e-06, -6.469272892703493e-06]
[-2.7440116227005554e-05, -5.19739666307098e-05]
[4.679556360893174e-06, -1.046952276900076e-05]
[9.15537922904601e-06, -2.2583197643588626e-06]
[9.8172379322122e-06, -6.570755051851784e-06]
[-2.4808282577937907e-05, -5.248795880263141e-05]
[4.38229927557203e-06, -1.0732966711078651e-05]
[6.9134755772796985e-06, -1.1633797971782878e-06]
[9.72789012132773e-06, -7.310268374111084e-06]
[-2.167290455471621e-05, -5.3428662020765794e-05]
[3.3878951534293406e-06, -1.0909076296555797e-05]
[5.427563282464631e-06, -1.831162353971294e-07]
[9.33160234082458e-06, -7.4329601008477075e-06]
[-1.8253991136703285e-05, -5.336671278705074e-05]
[2.8386191601543695e-06, -1.0480291445777445e-05]
[3.3652506119009884e-06, 1.1668531620379063e-06]
[9.606376819525889e-06, -7.702324568176211e-06]
[-1.5622316567823896e-05, -5.327686743254734e-05]
[2.5162872321982457e-06, -1.0667917599724297e-05]
[1.1215162329450412e-06, 1.5155175115133535e-06]
[9.369384804623019e-06, -8.48134286214608e-06]
[-1.2413434799962708e-05, -5.346610634351934e-05]
[1.5601716000040143e-06, -1.0601809310853416e-05]
[-3.792173488940953e-07, 1.9504585048318868e-06]
[8.988882701722184e-06, -8.60200495413077e-06]
[-9.186094087849928e-06, -5.2644051496297806e-05]
[1.1746729101707806e-06, -1.0076259087499206e-05]
[-2.510492684418275e-06, 2.5994066858159304e-06]
[9.198675080128275e-06, -9.025057578326834e-06]
[-6.707320461984967e-06, -5.199195973754067e-05]
[8.524891215140953e-07, -1.0189126713341934e-05]
[-4.563362941668869e-06, 2.2696783995440617e-06]
[8.794203813783028e-06, -9.80040380182956e-06]
[-3.6169791470599955e-06, -5.146268114011865e-05]
[-3.3530513521978778e-09, -9.907737281059092e-06]
[-5.9363878742793585e-06, 2.2127868123944516e-06]
[8.411335191952155e-06, -9.917237434001192e-06]
[-7.585547073876708e-07, -4.9979517249179595e-05]
[-2.0653424886996063e-07, -9.335667414719917e-06]
[-7.95451419435822e-06, 2.21050338367057e-06]
[8.505188387054885e-06, -1.0462444930969816e-05]
[1.4375254931420223e-06, -4.8843557033662055e-05]
[-5.067876328798682e-07, -9.383242183108598e-06]
[-9.65694486129709e-06, 1.314822447404107e-06]
[7.927690231073273e-06, -1.118538148092707e-05]
[4.2405815719806506e-06, -4.7675144902642463e-05]
[-1.2124177195711738e-06, -8.92919305342521e-06]
[-1.0786553948816113e-05, 8.522924161424861e-07]
[7.528579367300364e-06, -1.1289388355900654e-05]
[6.591412624205872e-06, -4.566844085299171e-05]
[-1.2302110426083701e-06, -8.364335159549707e-06]
[-1.2537721329121398e-05, 2.906572215688463e-07]
[7.469103056004234e-06, -1.1911968805206063e-05]
[8.405966540128706e-06, -4.415471249147318e-05]
[-1.4925743895138899e-06, -8.362384388893584e-06]
[-1.3772444200102485e-05, -1.026054642666585e-06]
[6.7283908925415414e-06, -1.253289124267254e-05]
[1.078648398476767e-05, -4.2463254921298876e-05]
[-2.0136828641527382e-06, -7.789342879260808e-06]
[-1.4576289333045889e-05, -1.7852133246398783e-06]
[6.305376775178617e-06, -1.2610251198891254e-05]
[1.253697453568181e-05, -4.0096129358263566e-05]
[-1.8588189749230155e-06, -7.284098551552098e-06]
[-1.594357616328812e-05, -2.783022287955461e-06]
[6.071546922479382e-06, -1.3257169921981893e-05]
[1.3907063277265874e-05, -3.832792334509949e-05]
[-2.074617921871136e-06, -7.252053252554402e-06]
[-1.6640943500484395e-05, -4.356993136694909e-06]
[5.192385040903025e-06, -1.3730360509611739e-05]
[1.577010953331126e-05, -3.625456424968809e-05]
[-2.3945060711322297e-06, -6.61943600180348e-06]
[-1.7073376021886633e-05, -5.291841470744796e-06]
[4.744991028718393e-06, -1.3765177777680382e-05]
[1.6876718330338658e-05, -3.370168216740299e-05]
[-2.094384252679382e-06, -6.2202286670864915e-06]
[-1.798181068571325e-05, -6.583539645388381e-06]
[4.333301258027666e-06, -1.4380548594178366e-05]
[1.7776982752432113e-05, -3.1808427523621896e-05]
[-2.262698391188034e-06, -6.1783449786245725e-06]
[-1.8121091849065962e-05, -8.246187755633905e-06]
[3.3535884610344513e-06, -1.466854428153197e-05]
[1.9071161839606665e-05, -2.9506845494797762e-05]
[-2.3825991827125526e-06, -5.545868161593859e-06]
[-1.817327321829154e-05, -9.234791924161989e-06]
[2.888503081090177e-06, -1.4645627241488546e-05]
[1.9538861644935457e-05, -2.6940571539568747e-05]
[-1.9768308988851735e-06, -5.2890867186239365e-06]
[-1.859127039861852e-05, -1.0671533397899058e-05]
[2.3124831271398305e-06, -1.5176022603757833e-05]
[1.9980061417623762e-05, -2.5047196386518422e-05]
[-2.1040010147604926e-06, -5.255735674003503e-06]
[-1.819810839140401e-05, -1.226281075333846e-05]
[1.2802282261317743e-06, -1.5253203815540628e-05]
[2.069716360902918e-05, -2.2671242690508464e-05]
[-2.0418259091825597e-06, -4.6782937131450986e-06]
[-1.7895121582664486e-05, -1.3192333497308306e-05]
[8.10379933033345e-07, -1.5160567291505611e-05]
[2.0575106736114845e-05, -2.024900416242037e-05]
[-1.5787093354535653e-06, -4.587182788562405e-06]
[-1.783248267919757e-05, -1.4630611397337123e-05]
[9.863488946437737e-08, -1.5559779828339115e-05]
[2.0599863410686314e-05, -1.8466542587830537e-05]
[-1.6770122148734856e-06, -4.5765555283794335e-06]
[-1.697297333216885e-05, -1.6010668413168894e-05]
[-9.319727598267047e-07, -1.5414870334462538e-05]
[2.0771270928171548e-05, -1.6158979701336174e-05]
[-1.464739554285499e-06, -4.099847961291925e-06]
[-1.636839488250441e-05, -1.6785854504458575e-05]
[-1.3890769629404387e-06, -1.5245702251254212e-05]
[2.0145399668436426e-05, -1.4012733870416572e-05]
[-9.970074690973663e-07, -4.182604818131486e-06]
[-1.587131577421297e-05, -1.8097888717150123e-05]
[-2.1960361140799245e-06, -1.5478583366368426e-05]
[1.9821700124267316e-05, -1.2430856555639691e-05]
[-1.0827034177957051e-06, -4.203056685164741e-06]
[-1.46434057416156e-05, -1.9156270944009623e-05]
[-3.169087124582637e-06, -1.5115858827102757e-05]
[1.951210071937659e-05, -1.0313980222165231e-05]
[-7.627254854231102e-07, -3.86028938051397e-06]
[-1.3811976397964942e-05, -1.9705746593379203e-05]
[-3.593525346609616e-06, -1.4869767355069063e-05]
[1.8495490339914822e-05, -8.542455322696485e-06]
[-3.429632848411801e-07, -4.109507076577312e-06]
