[-311.56026360773046, -575.2913001426983]
[36.2433609293188, -14.764367073143529]
[11.601148290217422, -8.945934525102524]
[-0.15962495717131953, 1.7854208831692393]
[2.5542827752550625, 1.450220721656927]
[3.1060697165350466, -0.17195799732322214]
[0.7339051439344653, -0.9793962666081315]
[-0.0854628785570577, -0.4321263901564514]
[0.941326755132724, 0.436214965680529]
[1.0833737273844988, 0.26542669161053833]
[0.2191291054735478, -0.30364293323726166]
[0.12636453465051978, -0.32463384126177175]
[0.4487428837734484, 0.06034733504791223]
[0.3658149340992669, 0.23601013670617554]
[0.03798455202737916, -0.0908760079653046]
[0.1878728530098014, -0.24635026211700506]
[0.2816178591690788, -0.004695150555726002]
[0.1468178027004653, 0.13369368873503173]
[0.028578709133963542, -0.02268776049259902]
[0.19302709479810054, -0.12130903521459402]
[0.17387206953070855, -0.06213860005696592]
[0.03778625558595829, 0.0569048696502783]
[0.022660817345366624, 0.021711222557680543]
[0.1578409378290041, -0.05762900947658789]
[0.10584500303688227, -0.0619630889285947]
[0.0203744755155707, 0.0003324696903952429]
[0.047439979601029414, 0.02995682797155208]
[0.11694530415931259, -0.004237363495912305]
[0.05307676948774809, -0.05748540473382224]
[0.017095134807707746, -0.021660139982286886]
[0.05089442553790491, 0.024546558285561737]
[0.0720452473807407, 0.009699192189826178]
[0.023561181266520848, -0.03257577827003999]
[0.03163523949428804, -0.02722216748123696]
[0.054931894971159245, 0.010614938412265573]
[0.04480610873551916, 0.013726785102461392]
[0.008874684969107705, -0.018180965078984812]
[0.033997526667493894, -0.016147083138313256]
[0.04373788606463869, -0.0025683362809343357]
[0.026961571339673363, 0.0035516935164396912]
[0.005538253139818927, -0.0013473522050979625]
[0.033598279642600204, -0.008547095975053765]
[0.03504435839902165, -0.011068855295400581]
[0.024473959813723134, -0.0019959016030410837]
[0.009760167509060835, 0.0032577468884746885]
[0.024340950117401228, -0.0009704239640502266]
[0.020818087663735163, -0.01386398679297729]
[0.02268999971481067, -0.005588289206865049]
[0.013901246756446994, 0.006040695138033847]
[0.01687800421273211, -0.0030110378942280747]
[0.013892168821898032, -0.009579293536461364]
[0.024222837914603446, -0.0022833037240062026]
[0.01652604804157587, 0.001686893440244086]
[0.011471468444987032, -0.004766366865495364]
[0.00830221997351277, -0.0051585541914878075]
[0.01934660318549586, 0.0018459089075326673]
[0.01373071352077826, -2.3210079749702572e-05]
[0.011404775550616808, -0.009344740213538927]
[0.00853459273033419, -0.0003482558923265655]
[0.015106258620554591, 0.004852187660350005]
[0.010858904411548131, -0.0023117108047276957]
[0.013815561996662229, -0.008459878517499853]
[0.008362620938804355, -8.693241160095955e-05]
[0.008177405176951869, 0.004535216730584324]
[0.006339562753969297, -0.0009480580888502621]
[0.015963488370057455, -0.007206102303796591]
[0.009279232998173903, -0.0002959883787085685]
[0.0055106141302614375, 0.001144537467115736]
[0.005612543894032207, 0.0006282499627595084]
[0.016357750366100987, -0.0024722188493564445]
[0.007739258404328098, -0.002970477066742472]
[0.0037764190121851726, -0.002328956661930448]
[0.005393139500895927, 0.0027259175989042816]
[0.013437616453903622, -0.00012965537962195128]
[0.005490680822426874, -0.00270214954028436]
[0.005769921508576914, -0.005076807534334371]
[0.007764221773156166, 0.0029135327062284055]
[0.010177008401448084, 0.001700801551069997]
[0.0029818990645713583, -0.0022339377103843816]
[0.0068793227142176505, -0.004540816627317312]
[0.007934662918048119, 0.001765721696767919]
[0.006650904233167054, 0.0005118409250504108]
[0.0015870937306523558, 0.0006784537182868977]
[0.008048954951100917, -0.0034382170311739735]
[0.008077244783899928, 7.921688729539689e-05]
[0.005914325663483488, -0.0005548167395370562]
[0.0018566832761930385, 0.00211256287881767]
[0.007090629292014761, -0.0011812060679323722]
[0.005784168566421499, -0.0015002343524961326]
[0.005696797776073126, -0.0018505803472186333]
[0.0028786214725080583, 0.003557827706323069]
[0.005815400875294863, -0.0010497684067896085]
[0.0041927771980985185, -0.001454831215216057]
[0.007033770814086182, -0.0015976543153672917]
[0.004510970628200273, 0.0026651744369079466]
[0.004371062385163604, -0.001220720019324828]
[0.0024352361588677596, -0.0007850217490332767]
[0.00667316241404059, -0.0006291144153631745]
[0.004708652141031777, 0.0018748985419363429]
[0.004044297655668938, -0.0029380846877072875]
[0.0025406743220974803, 0.0008493762438903651]
[0.006104389641542252, 0.0004889083923936832]
[0.004550776086176711, 0.0007011545863129243]
[0.004726533262070287, -0.0032318015546291545]
[0.0028203475252941423, 0.001298006379690797]
[0.004009778052567636, 0.0009750853736206211]
[0.0032054905917302534, 0.0007484565461437498]
[0.005616213498901512, -0.0032874314838117757]
[0.0035598586626730544, 0.0016032705539914538]
[0.002921750018835656, 0.0003031789896151271]
[0.0027642541895072092, 0.0011163423988360677]
[0.0063706236099223545, -0.0017499396705328574]
[0.0035370115451884843, 0.0005638455242875651]
[0.002031575505244465, -0.0006579680491806961]
[0.0023449987481849455, 0.0018815062814279138]
[0.005914669404717188, -0.00067505410093055]
[0.002990248157741071, 0.00020127275198733585]
[0.002682238723743957, -0.001904589678007107]
[0.003297869545580312, 0.002156938302615874]
[0.005125908108446708, 0.00035017596313180466]
[0.002116233036580484, -0.0001977661548480114]
[0.003297300192871333, -0.0020014783061582664]
[0.003742208597056873, 0.0017249911898948866]
[0.0037290299932575266, 0.0001092331106458122]
[0.0014432395312873325, 0.0006997750017689874]
[0.003999409027795053, -0.0018209467731636897]
[0.0042815025201339285, 0.0009985799583347443]
[0.0032930097295489347, -0.00032003155845883313]
[0.0015166567742852521, 0.0013085778639867485]
[0.003804091005781718, -0.0008234209491870814]
[0.003639410751391736, 0.00011577093952430673]
[0.003004700493823176, -0.0008906537043615881]
[0.0018566118737367576, 0.0021243657293044116]
[0.0032845045320830657, -0.0005611187046862254]
[0.003001306016035099, -9.077848525351762e-05]
[0.0036257391917398074, -0.0008706563890036323]
[0.0026688427289539574, 0.0019238041180031917]
[0.002627913317953645, -0.0003497647355437117]
[0.0020372789231865585, -8.445466794637646e-05]
[0.003679171758657729, -0.00038219294955721406]
[0.0028962923027614496, 0.0015072811605254532]
[0.0023456572237252615, -0.0010645270718286914]
[0.0018566317483354466, 0.0005773048102064582]
[0.0036982252572317353, 0.0002259133583990547]
[0.0030122690480884062, 0.0007276534958857717]
[0.0026650748625691723, -0.0013452187172207086]
[0.0019783350283323897, 0.0007494254728439564]
[0.0028075016921305096, 0.0006550899663692045]
[0.002418158346717561, 0.00046986573520357844]
[0.0031039494568071424, -0.001592935235388948]
[0.002424187748973572, 0.0009438293998023095]
[0.0021732386473368726, 0.000419926502714274]
[0.00220680268778832, 0.0005432517650103552]
[0.0035943712903621083, -0.000977146730454681]
[0.00258761566624114, 0.0004337108229341968]
[0.0015191688688095395, 4.834244287188483e-05]
[0.00187570852081307, 0.0008991217887865943]
[0.0034453298679248956, -0.0003903892232750561]
[0.0023662397534797985, 0.00019615884155277374]
[0.0016321649681145245, -0.0006100628034155786]
[0.0022449279027291213, 0.0011688983440782952]
[0.0031588042272555072, 0.00030259852171971025]
[0.001883866752037125, -0.0001879031968019529]
[0.0019162016217318945, -0.0007066008510591693]
[0.0024543991797135734, 0.0009865590857853768]
[0.00242183898698195, 0.00038553556583686976]
[0.001327905580564212, 0.00011375887391434913]
[0.0023635525973886296, -0.0007070290613754859]
[0.002821200620946901, 0.0005726661942197508]
[0.0021563490330562957, 0.00018991408613328042]
[0.001246410573021925, 0.0003737506598343876]
[0.0023948551321299055, -0.00019080379447405926]
[0.002583017098093221, -6.452552558400271e-05]
[0.0019187633553473978, -0.00016748619403983422]
[0.0013466873153966212, 0.0008393019561217657]
[0.002109695833268921, -5.1773450555174516e-05]
[0.0022768900173300004, -0.00027953489963194675]
[0.00220910244224623, -0.00028883273449124836]
[0.0018194594625440819, 0.0008483030738883068]
[0.0016917262838911235, 0.00011494040370935155]
[0.0017068312341495528, -0.0003772056291388992]
[0.0022241657563378536, -5.15754488673581e-05]
[0.0019661393318263776, 0.0007026086168454571]
[0.001371566237459848, -0.00024499411140022076]
[0.0014357426471499624, 3.3937267637229596e-06]
[0.002286465639606966, 0.0003091579380765097]
[0.0020688472043680906, 0.00027777278773871705]
[0.0014755111748962907, -0.00043264520474461943]
[0.0013770418821067998, 0.0001358870801905776]
[0.0018335338297946202, 0.0006919256625602666]
[0.001672122945839849, 1.7882581895223293e-05]
[0.001714463094599758, -0.0006651614895204494]
[0.0015626284596502726, 0.0002904537743182445]
[0.0014490999997722187, 0.0006186103444866253]
[0.001481761889591371, -5.264650360770062e-06]
[0.0021038995613284588, -0.00042298949972086053]
[0.001706440580474311, -2.1678697816773784e-05]
[0.001004431130463293, 0.0004152073834788883]
[0.0012258578132229303, 0.00016291154217562553]
[0.0020774397475643684, -0.00013712795267173394]
[0.0016090851361543201, -0.00017836817727179266]
[0.0009493272360118765, -6.06303829694399e-05]
[0.0014075354714218058, 0.00040736763416526767]
[0.0019546533307468195, 0.0002567880054673566]
[0.0013581005282313763, -0.00042976581035136796]
[0.0010406329493792832, -0.0001987003164070078]
[0.0015229194578051386, 0.00039953208591381184]
[0.0014759735950305164, 0.0003833093117260322]
[0.0009270182214512479, -0.00026867584143197565]
[0.001278838039943636, -0.00027885011186978836]
[0.001759710906948042, 0.0002535585361780335]
[0.0012659089078246866, 0.00030371657200412017]
[0.0007582405322712482, -8.211395846458025e-05]
[0.0013724485167868616, 3.0945758778822e-05]
[0.0016424223481854572, -0.00016161707464990016]
[0.001083490980216928, 8.985145274809092e-05]
[0.0007040875815678138, 0.00024550025204472803]
[0.00123930112859999, 0.00012884860092454709]
[0.0014428840223434936, -0.0003446726109493925]
[0.0012847259718345994, -7.405467224796958e-05]
[0.0009885507948332872, 0.0003180590917293835]
[0.0010119216905520867, 0.00022810201972922606]
[0.0010917185118446415, -0.00047285451255391076]
[0.0013353502639590342, 6.477985086350557e-06]
[0.0011107591302850217, 0.0002756636576500826]
[0.0007545413660399181, -3.004674581386091e-05]
[0.0008818891270752083, -0.0002295553264700101]
[0.001409559902456059, 0.00016658488260534732]
[0.0012500385270219905, 7.704010215942025e-05]
[0.0007649679934033093, -0.0002101357782446911]
[0.0008149873943674724, -8.75912339734497e-05]
[0.0011512381416255435, 0.0004451692783842276]
[0.0010212314501309994, -8.208838958553843e-05]
[0.0008655530008343515, -0.00042138312500950015]
[0.0008906016885421586, 0.00011063498236890679]
[0.0008895070814802786, 0.0004526150577588428]
[0.0008628087606574741, -7.947889171217026e-05]
[0.0011697854311021327, -0.0003294347729767555]
[0.00100277694164852, -3.865739342100161e-05]
[0.0005874710986575327, 0.00037503589625242917]
[0.0006383922797981167, 2.6073939905509047e-05]
[0.001233483657751, -0.0001574106189015101]
[0.0009465967430748456, -0.00014818426906292037]
[0.0005248384545684104, 3.617205874406615e-05]
[0.0007301234024721381, 0.00022617954576142907]
[0.0012450272367134918, 7.865026073861081e-05]
[0.0008266578709084094, -0.0003401598277285034]
[0.0005925442221137445, -0.0001149723333224717]
[0.0008338345592262542, 0.00025770033446501084]
[0.0009647322659867008, 0.00017419605607460475]
[0.0005489908925917497, -0.0002629826649806488]
[0.0007420258969228488, -0.0002512691323477423]
[0.0010475796907185586, 0.00024106711154697757]
[0.0008143770639139625, 0.00011696119293003182]
[0.0004278069798093753, -0.0001158987052684024]
[0.0008422907759517706, -8.404547554763386e-05]
[0.0010501239513611704, -1.3626047328796353e-06]
[0.0006539865297283676, -1.2714256052426265e-05]
[0.0003412478781199546, 0.00015662179926129172]
[0.000773213158600905, 2.142417261041807e-06]
[0.0009401600175895641, -0.00011878467084980304]
[0.0007860191640856051, -0.00015122248800336635]
[0.0005202262513228639, 0.00028352041104029446]
[0.0006545503517625395, 0.00011097656304481784]
[0.0007070255918970592, -0.00024056890162194033]
[0.000874330366157805, -0.00010176933412264777]
[0.0006132109985859113, 0.00027865006458027697]
[0.00047997315131431684, -4.262889064871045e-05]
[0.0005412881209188036, -0.00010051039435565734]
[0.0009914952973866242, -1.579244355159881e-05]
[0.000759611645623437, 0.00016103827702207418]
[0.0004981828125574239, -0.0001949385452028607]
[0.0005082176007220607, -1.2955289952931714e-05]
[0.000879037770539215, 0.00018497351033180953]
[0.0006651963454455956, 3.1003480046143395e-05]
[0.0005504903226170033, -0.00038575167096510654]
[0.0005700561351953404, 0.0001562267512261739]
[0.0007082912399620778, 0.00020938162606623512]
[0.0005926990439879543, 3.319927718359317e-05]
[0.000775753642214827, -0.0003827976209639927]
[0.0007013355433369561, 0.00010175550287327972]
[0.00048159953715232184, 0.0002044850028605355]
[0.00043262148532563494, 0.00010611714833741459]
[0.0008528796102651448, -0.00026521504660578094]
[0.0006914801113390157, 3.825460369955014e-05]
[0.0003943975627702656, -8.89029446297148e-06]
[0.0004718741227490719, 0.0002836768428999825]
[0.0009167792301616462, -7.866434145394063e-05]
[0.0006324218482259836, -0.00011492255342537838]
[0.0004478324085319674, -0.00010914949403888208]
[0.0005489814667795079, 0.0003176508147426649]
[0.0007633713318904167, 3.881252973669813e-05]
[0.00043140083464943135, -0.00011178748842044506]
[0.0005670047847619042, -0.00022294806320974359]
[0.0007239237205792781, 0.0003204654429992404]
[0.0006819345936042165, 1.31135219322287e-05]
[0.0003509160836262515, -4.161171116123796e-05]
[0.0006820745045292842, -0.00012912679699508822]
[0.0007964833352218648, 0.000139602955408491]
[0.0005627425390768437, -6.6216295163124e-05]
[0.00027911066529473505, 0.00013725701418842995]
[0.0006495362012490791, -6.885831309766388e-05]
[0.0007733785160035644, 4.1913141511695784e-05]
[0.0006330937678102888, -0.00018893115175205866]
[0.00041338888820935393, 0.00026968090142143186]
[0.0005724621709460864, 3.571229123094932e-05]
[0.0006398824067926911, -7.358639160803815e-05]
[0.0007003843016789579, -0.00015395873998125253]
[0.000492803736630687, 0.0002923528107908746]
[0.00041610775544065337, -2.9062968887438867e-05]
[0.0004976819227473506, 9.141701012516101e-06]
[0.0008066736063638835, -8.137672930397244e-05]
[0.0006136519067721502, 0.00022211211083555948]
[0.00041709442493853555, -0.00012232002894863037]
[0.0004595205352607157, 5.5811461012411634e-05]
[0.0007703551764849381, 0.00010425927901097642]
[0.0005608679192554977, 9.465853758583442e-05]
[0.00044705413019274776, -0.0002581652264047052]
[0.0004859712022506346, 0.0001619262917308406]
[0.0006678087489842, 0.00015197393082927446]
[0.0005216206967574993, 6.27043841638919e-05]
[0.0006239602215100115, -0.0002924231683403278]
[0.0006073537022491388, 0.00012023620856194128]
[0.0005073455655306702, 0.00018002523666416081]
[0.0004131240666471053, 7.570796253397738e-05]
[0.0006954824724181297, -0.00022759623818496832]
[0.0006326416994770385, 6.461103055932504e-05]
[0.00039784860041353065, 3.607654760262591e-05]
[0.0004286987865046183, 0.00021411955579997421]
[0.000759247541960717, -9.652292644762861e-05]
[0.0006221479846706592, -5.9937236586482534e-05]
[0.0004036805638086838, -3.672935800447252e-05]
[0.0004836044356436586, 0.0002587502455357882]
[0.0006484728105654036, 3.1484872335563185e-05]
[0.0004612839460750237, -8.911827876367795e-05]
[0.00046700116087206034, -0.00011868254278696311]
[0.0006049360259690537, 0.00028227538184938394]
[0.0005809432622623789, 4.302638201311715e-05]
[0.0003752688151909406, -5.8910182168081526e-05]
[0.0005681609548620348, -4.549774409501328e-05]
[0.0006732832149370094, 0.00013985887349118875]
[0.0004893892774896352, 1.2836955005313122e-05]
[0.00028534423651934565, 4.091013855592185e-05]
[0.0005573820423009634, 8.212985301764286e-06]
[0.0006697243176326875, 4.202988634607885e-05]
[0.0005295273469094058, -9.047006654117062e-05]
[0.000365463122045967, 0.00013960035115624658]
[0.0005154080893133191, 9.074860397044471e-05]
[0.0005963568517632252, -8.330071458596822e-05]
[0.0005780117301895146, -8.473181764877616e-05]
[0.00042847967173471543, 0.00016281835756084065]
[0.0003721466157395603, 5.88281078344674e-05]
[0.00048053557887124416, -4.6802778999786854e-05]
[0.0006539901363011372, -5.166697901882317e-05]
[0.0005335506031269553, 0.00013110644258215037]
[0.00033453277078784177, -1.2820697187776453e-05]
[0.00043860911613226305, -9.705276831417642e-06]
[0.0006367873875140276, 0.00010392851109813916]
[0.0004986563001269512, 3.0156701738323632e-05]
[0.00032046910659466743, -0.00011339718894212703]
[0.0004276843054123458, 7.725600654764908e-05]
[0.0005544878245786547, 0.00016881400808668734]
[0.00045127689135274207, -1.4831471553677922e-07]
[0.0004461132358858644, -0.00015635724797385953]
[0.0005065408446330855, 5.3671112942493826e-05]
[0.0004377663698510864, 0.00022099159003341473]
[0.00035024730157817707, -1.7590206148526688e-05]
[0.0005117519206662355, -0.00011901577840905952]
[0.000521309961305727, 1.4603614258978936e-06]
[0.0003352394260882907, 0.00012396792492880282]
[0.00033328011350797215, 7.751135196887304e-05]
[0.0005815749210878636, -4.334285663570858e-05]
[0.0005328283422801894, -0.00010600012370398648]
[0.0003210964518680947, 5.383308783507568e-05]
[0.0003681690804157034, 0.00011929742028266022]
[0.0005076328652556389, 5.6673483251945544e-05]
[0.0004138718881218084, -0.00015432489590549991]
[0.0003412619546538237, -3.350789002498633e-05]
[0.0004593832399762965, 0.0001671243770659525]
[0.0004389292249097898, 6.669387858293518e-05]
[0.00033405244274120616, -0.00013245251029792016]
[0.00041384407095258757, 4.5151283889488525e-06]
[0.0005250296358781381, 7.961609631923494e-05]
[0.00034909984130239435, 5.541053038871091e-05]
[0.0002330035382399065, -5.6326252572680424e-05]
[0.00040125835405796506, 5.22985373768714e-05]
[0.000517839286063082, 1.2028964373411721e-05]
[0.0003624456678100463, -2.8123502285426483e-05]
[0.00026015895807907086, 3.4867900419288667e-05]
[0.00038066149123971993, 0.0001223536381704804]
[0.0004649920031236654, -9.613110590395157e-05]
[0.0004059780952683223, -3.3533883985970014e-05]
[0.0002897543203097541, 5.932363402144647e-05]
[0.00027038678489038626, 0.0001108470694221042]
[0.0003629757624601382, -9.150720386441602e-05]
[0.0004755796521906941, -3.486770367300274e-05]
[0.00037425196940565897, 5.087067171677395e-05]
[0.00022978498498749111, 4.412638337303321e-05]
[0.00032497635302541905, -6.784197047288165e-05]
[0.00048661976774194704, 7.087002755357119e-05]
[0.0003667627696503084, -2.761829948666472e-05]
[0.00019396444754021802, -5.199628476648677e-05]
[0.0003064883225968318, 1.2333858373125839e-05]
[0.0004229833690183038, 0.0001225655264698311]
[0.00033198053302563313, -4.289838129106771e-05]
[0.00027589640559849693, -0.00011705419652641158]
[0.0003706970863678327, 2.2978542816853853e-05]
[0.0003296133003674595, 0.0001770590408833872]
[0.0002462546132593335, -5.249896152392797e-05]
[0.0003275323102847061, -9.902617364787591e-05]
[0.0003786114636681326, -2.971011448332783e-06]
[0.00023426277993054967, 0.00011722876003428251]
[0.00020644730834773473, 3.1292003280336544e-05]
[0.00039758741661377606, -5.2409099504213685e-05]
[0.0003931067222516793, -7.922085697304598e-05]
[0.00022110512923134706, 6.367023396425253e-05]
[0.00021822492190037845, 7.232530076098018e-05]
[0.00036721678081041986, 2.9331509664110023e-05]
[0.0003044582178381994, -0.0001370477087136654]
[0.00023250833330490384, -1.8985106271962593e-05]
[0.00028398758740733054, 0.000128030211172879]
[0.0003246316801708282, 3.3673032707959294e-05]
[0.00024237018719308612, -0.00013155149087405726]
[0.0003019118311941016, -1.7221273211132093e-05]
[0.00036109484206492404, 7.681067515860618e-05]
[0.00025256122482841814, 2.23123944554926e-05]
[0.00015751188350277, -7.551308899508835e-05]
[0.0002977562624703056, 1.100626246208769e-05]
[0.0003743295651862377, 3.565506722275069e-05]
[0.0002475513543291896, -5.773983355084056e-05]
[0.0001701616921162552, 1.8720860204712864e-05]
[0.0002868590349828226, 6.595650315865953e-05]
[0.00035012735170714127, -4.073461024983738e-05]
[0.00028232315550014153, -6.902671714931197e-05]
[0.00018692056761981934, 5.6272236320820124e-05]
[0.00019853683900949992, 7.53195304606935e-05]
[0.0002654838247279079, -4.0914599806152196e-05]
[0.00034435382246356117, -7.758308016403426e-05]
[0.000249311808691588, 7.063645128113638e-05]
[0.0001665341104736262, 3.055265186940881e-05]
[0.00022984729306518847, -2.649923218145389e-05]
[0.0003845134791877758, 3.3562826672328683e-06]
[0.00025711113413495745, 7.366096548722112e-06]
[0.00013498943159606647, -4.468216595276964e-05]
[0.00020678684883057574, 3.361803296231258e-05]
[0.0003568348140458033, 4.800686174569191e-05]
[0.00024065740359957566, -1.2047217263277954e-05]
[0.00019946751477473157, -0.00012191324469151832]
[0.0002708127530600679, 5.51872820452326e-05]
[0.0002970015064936993, 9.806778090587498e-05]
[0.00018485675277624125, -2.7858781538103727e-05]
[0.0002473848496508113, -0.00012512399664246776]
[0.00029584359078749234, 4.2128998625101666e-05]
[0.00021030111219555447, 5.933436368547873e-05]
[0.00014978084787364843, 4.6293163873833976e-05]
[0.00030933913493091936, -0.0001001308756070074]
[0.0003260661941325571, -6.5828510109611216e-06]
[0.00019223520508071523, 2.1521317592761158e-05]
[0.00015715281108563683, 9.176432844815174e-05]
[0.00029908873932316116, -2.5032419830834512e-05]
[0.0002647301834766136, -5.973979380613503e-05]
[0.00019319691696428887, -3.7317459870633146e-05]
[0.00019961815565205931, 0.00015137578349100345]
[0.0002754299450293818, -8.692285665835853e-06]
[0.0002143496109839882, -6.721122269204294e-05]
[0.0002600460201374055, -4.131796109338448e-05]
[0.0002727475576816407, 0.00012037750885518506]
[0.00022857493213401803, -3.2516863594095335e-06]
[0.00014031837196692987, -4.302333425898475e-05]
[0.00027380924484143865, -1.816633025453207e-05]
[0.00030047312296260786, 8.292125088027458e-05]
[0.0002210426670279375, -7.173587297096273e-05]
[0.0001461729223139474, 3.154954300033097e-05]
[0.00027991418470241225, 2.5306227056764996e-05]
[0.00030618050423458776, 1.4176294394152578e-05]
[0.00025189176472673047, -9.179016141047658e-05]
[0.00016763063559838143, 6.504747419955326e-05]
[0.0002070140429770717, 4.54467599735886e-05]
[0.0002484075143676101, 5.1582313894682486e-06]
[0.00029958844893995806, -0.00010669517960096297]
[0.00022303997811745635, 9.044809261349318e-05]
[0.00017034716851882514, 1.801761268796498e-05]
[0.00022341818010002124, 1.6357212334283666e-05]
[0.00034342765965300615, -3.8921849479456316e-05]
[0.00023940727403123918, 4.367304612240552e-05]
[0.00013290255825038066, -2.7312756616520995e-05]
[0.0001941028971348402, 6.044832878160378e-05]
[0.000332562212662757, 1.1905049958960134e-05]
[0.00022748919698797887, 2.185138032784195e-05]
[0.00017754785002460638, -9.16925252991696e-05]
[0.0002419695617464357, 8.203545350393693e-05]
[0.00030109870286687546, 7.047693856043757e-05]
[0.00018486239061007992, -1.0489662866708382e-05]
[0.00022376742693908103, -9.982918713297151e-05]
[0.0002703903900147103, 6.512330677244105e-05]
[0.00022966724448003628, 5.462026515540286e-05]
[0.00014903978321542666, 3.620928873310225e-05]
[0.00028262649790161687, -9.098978523813805e-05]
[0.00031238658582606604, 2.101876460192109e-05]
[0.00020916698345346818, 2.4043266103057626e-05]
[0.00015724916498787572, 7.184947077570891e-05]
[0.00028217014638382, -2.879304982758568e-05]
[0.00027755811374043787, -3.480254539017791e-05]
[0.000195669605308868, -2.2319313414898012e-05]
[0.00018791280336465837, 0.0001281437746410985]
[0.00025789169435244674, -9.39803064597955e-06]
[0.00023976272495313151, -4.7346826407612674e-05]
[0.0002428420683353305, -2.820052746099755e-05]
[0.0002508276334894366, 0.00011613708434971004]
[0.00021657801726374104, 1.0956567459502464e-05]
[0.00017101013231388476, -4.219358699489306e-05]
[0.0002548172628665524, -1.5742033770971275e-06]
[0.00027463872767926126, 8.734107328045582e-05]
[0.00019941447517922428, -3.509565850809415e-05]
[0.00015657464903155033, 1.286327386210151e-05]
[0.0002698067465211895, 4.0662276430930566e-05]
[0.0002874119424307875, 2.2139292419787182e-05]
[0.00022493304690918148, -5.388414038803857e-05]
[0.00016679114237205112, 3.426820288589261e-05]
[0.00021465080497292538, 7.157580693294141e-05]
[0.00024101579847573412, -4.805857876363784e-06]
[0.00026416012781502185, -7.637185806659563e-05]
[0.0002115118578155696, 5.5221905577565455e-05]
[0.00017626873029307974, 5.115879975255838e-05]
[0.00022269680945254458, -3.6324772351922774e-06]
[0.00030724902345360267, -2.997917895981167e-05]
[0.00023479002247265256, 1.568426915612292e-05]
[0.00013026051886350868, 1.7183107961962762e-05]
[0.00019435703493122722, 2.8127283131618164e-05]
[0.00029704078598295075, 1.3759637179790174e-05]
[0.00022637068379605108, -1.6287849104318353e-06]
[0.00014688768326511295, -4.036735991026774e-05]
[0.00022656360600245562, 5.557968521704981e-05]
[0.0002737006384739178, 7.174583326093054e-05]
[0.00018977033699774798, -3.4219776236646404e-05]
[0.00017669514587771717, -4.915866672448865e-05]
[0.0002446189185452696, 4.6019103728478505e-05]
[0.00020930508284276728, 7.728688149324925e-05]
[0.00014191424151685506, -4.84787050683555e-06]
[0.00022622716513043956, -4.835548157772207e-05]
[0.0002800683966817513, 1.0587588193694542e-05]
[0.00018768999514160584, 5.741841990644647e-05]
[0.00013565244929680809, 2.0817016705226843e-05]
[0.00023745547083962523, 2.651940396419805e-06]
[0.0002565109061505033, -5.012407349314074e-05]
[0.00016965796771749309, 1.6970011661121553e-05]
[0.00015114591523271437, 6.798277798025776e-05]
[0.00021746394660240517, 1.6454558206369096e-05]
[0.00022666222669584513, -7.009180925926506e-05]
[0.00020465754700305094, -1.2256934649457207e-06]
[0.00020645924974696528, 6.751338873570156e-05]
[0.00017989219194161805, 3.256974987542183e-05]
[0.00016932196698568602, -7.496772341686331e-05]
[0.00020994747182997986, 1.5722614697510906e-05]
[0.00022854927955423543, 5.2672472229509104e-05]
[0.00014998034405552807, -5.688908827350403e-06]
[0.0001439339130202555, -2.705367549549198e-05]
[0.00022109713410255888, 4.820697293261844e-05]
[0.0002442471213542352, 6.665661392929456e-06]
[0.0001620249244240063, -2.417810510518814e-05]
[0.0001395771078384067, -3.7653319713004674e-06]
[0.000176834834851064, 8.613884501884606e-05]
[0.00020100807151901545, -2.2132640513844448e-05]
[0.00019050849276493198, -4.922901757059561e-05]
[0.00016500365345756274, 2.1225786780210143e-05]
[0.000141419202788734, 7.581876716372671e-05]
[0.00017779143333446212, -2.549057799930421e-05]
[0.000238163763261523, -2.0443323712870942e-05]
[0.00018646983716763543, -1.1938721441867584e-05]
[9.858636176909852e-05, 4.904141950651253e-05]
[0.00014740648748662322, -4.611690177014349e-06]
[0.00023801745532450735, 1.1205779610778954e-05]
[0.0001807228030027419, -2.8860164596744564e-05]
[0.00010235627715790563, -1.0858222311393995e-05]
[0.0001724502711877296, 2.530448630674864e-05]
[0.00022510818706406033, 5.464987550535261e-05]
[0.00015637361167186725, -5.7145574006295385e-05]
[0.000120642734788734, -2.9803453001464586e-05]
[0.00018958234631394344, 2.6419058667681572e-05]
[0.00016742829740279408, 6.464734287803253e-05]
[0.0001097915977850139, -3.2621707831498314e-05]
[0.00015599687676748353, -4.1066287359614595e-05]
[0.00022241123009458796, 1.1353493476820575e-05]
[0.0001425398598983163, 5.138853602465465e-05]
[9.392246144246386e-05, -4.700582951114307e-06]
[0.00017255971989177388, -4.1206006984317867e-07]
[0.00020753809951734592, -3.901624936511472e-05]
[0.00012124746815206366, 2.080415843491723e-05]
[9.236435992843184e-05, 4.22613841247893e-05]
[0.00016082823196517104, 1.4171283595543205e-05]
[0.00018019389211632042, -6.0379927920833215e-05]
[0.0001534041310350398, -2.8589943054657674e-06]
[0.00013689213780654352, 5.155057282447105e-05]
[0.00013623112739846732, 2.8691341601050357e-05]
[0.0001319089804974194, -7.400473964244703e-05]
[0.00016575646153227375, 5.457785410944993e-06]
[0.0001593711418188537, 4.292571400570794e-05]
[0.00010805996492990744, -7.745385371127345e-06]
[0.00010679480684383513, -3.57332751289019e-05]
[0.00018096986842075502, 2.3505325482175987e-05]
[0.0001842223646308927, 1.213663902198403e-05]
[0.00011528334510335636, -3.268473074213851e-05]
[0.00010306751445221529, -1.1464323071433413e-05]
[0.00014793818133695957, 5.746701629266715e-05]
[0.00015585582846788792, -1.0994602338471049e-05]
[0.0001326489232965633, -6.213937393750868e-05]
[0.00012058605425369073, 2.245167350087285e-05]
[0.00011479268845948631, 5.439017428821025e-05]
[0.0001358995925642148, -1.000346874996394e-05]
[0.00017872881375624594, -4.5999966444554286e-05]
[0.0001425990236878505, 4.093912950836609e-06]
[7.53768526030596e-05, 4.09221637990842e-05]
[0.00010362710332489922, 7.574288716921673e-06]
[0.00018943489040157413, -1.7527835156405658e-05]
[0.00013793667217743, -1.0356575005254776e-05]
[7.432037877019848e-05, -1.1068943516878704e-05]
[0.00012036719513297545, 3.828678947737085e-05]
[0.00019278923270316106, 2.0201941936331957e-05]
[0.00012229959893195197, -3.915046193037064e-05]
[9.390609499804192e-05, -3.3311286787435224e-05]
[0.00013934283927330426, 4.07104331902608e-05]
[0.0001513819433146546, 3.299869992973159e-05]
[8.392215602526232e-05, -2.522604021304442e-05]
[0.00012504720109773881, -5.3762711760968473e-05]
[0.0001762316757242255, 3.530998616640968e-05]
[0.00013108984660825662, 2.097246143667464e-05]
[7.237238757151765e-05, -7.134899199789935e-07]
[0.00014561007933211467, -2.626447937548182e-05]
[0.00017856872081212227, -4.609588863169201e-06]
[0.00010738241867214171, -2.228299266368583e-06]
[6.622357702362747e-05, 4.517192970854289e-05]
[0.00013760394574791057, -1.1635761652709076e-05]
[0.00016176466537620726, -2.243486025921282e-05]
[0.0001312423443243782, -2.5470699809057584e-05]
[0.00010328296785433455, 6.624536338040166e-05]
[0.00012070094130378628, 8.760145985484136e-06]
[0.0001220791673017807, -4.0047208217375285e-05]
[0.0001480113018420548, -1.5951250671396994e-05]
[0.00012379837882564582, 6.301047393825199e-05]
[9.54073965776514e-05, -1.5154671776942963e-05]
[9.462609543769984e-05, -1.2630425334059225e-05]
[0.00017057864513481125, 3.828160812652248e-08]
[0.0001514297335801773, 3.809809003185727e-05]
[0.00010477814579346045, -3.827663504252232e-05]
[9.197815083400451e-05, 3.50054315584325e-06]
[0.0001532063162027475, 3.371348621554471e-05]
[0.00013636600334060445, 1.1602703476776277e-05]
[0.00011912109701928131, -6.837362664717517e-05]
[0.00010742893459214642, 3.2871054568062164e-05]
[0.0001266481234910577, 3.424781840932756e-05]
[0.0001267869288043011, 9.439874914474178e-06]
[0.0001613891661787492, -6.438800058441996e-05]
[0.00013547141140130003, 2.2438832316451496e-05]
[8.952054015110011e-05, 3.02588251290814e-05]
[0.00010099576585217984, 2.141209110378961e-05]
[0.00017437139625220421, -4.046468860463559e-05]
[0.00013722161464013727, 1.1558032436742582e-05]
[7.756059394770087e-05, -1.0179693654688293e-05]
[0.00011134697854911502, 5.367279127971303e-05]
[0.00018411744111268558, -3.196684415424089e-06]
[0.00012778432967230913, -1.594132441551377e-05]
[9.19849327247757e-05, -2.7124980353343542e-05]
[0.00012742408700502916, 5.799011123347464e-05]
[0.00015343945061346842, 2.0346076700511473e-05]
[9.065089823453998e-05, -1.3323228511774587e-05]
[0.00011926594926736644, -4.5063404721629174e-05]
[0.00016053358277239027, 5.43430073010609e-05]
[0.00013898271419487962, 1.5488663660384594e-05]
[7.841881861160582e-05, 7.403928066196386e-07]
[0.00014465760239174008, -2.3643947244300634e-05]
[0.00017245461611924834, 1.5149523307056434e-05]
[0.00011832253789562097, -2.4491353373123914e-07]
[6.946617246546966e-05, 3.4184386972002656e-05]
[0.00014055416036123924, -1.1381317111675004e-05]
[0.0001667008913137369, -5.820641576559371e-06]
[0.00013381473460075122, -2.45631699112292e-05]
[0.00010168459326075074, 5.771359760398109e-05]
[0.0001270035764706079, 9.053480792164947e-06]
[0.00013953789429619126, -2.8511299055455908e-05]
[0.0001464928174124691, -1.7565667280505792e-05]
[0.00012190118693341395, 5.973982348611573e-05]
[9.672614791880751e-05, -3.921761252884126e-06]
[0.00011070732956795781, -8.966063368115451e-06]
[0.00016624136643453302, -2.3641836091881085e-06]
[0.00014825806099911208, 4.2615852148153444e-05]
[9.890041468675614e-05, -2.0993582680484124e-05]
[0.00010342005530572865, 3.1564217227997293e-06]
[0.00015644512335867555, 3.607160235796769e-05]
[0.00013584530761467928, 1.4149013627312579e-05]
[0.0001077968532385426, -4.520195224479162e-05]
[0.0001095666036296343, 2.5551314828564653e-05]
[0.00013483341915586367, 4.4030970846098416e-05]
[0.00012648964326455667, 6.080779235251299e-06]
[0.00014677918799060885, -4.749626740054025e-05]
[0.00013502499767329562, 1.4897876996849968e-05]
[0.00010341855665160077, 4.679533241646466e-05]
[0.00010398756753582372, 6.964668698455911e-06]
[0.00016135258787739956, -3.0928271975975974e-05]
[0.0001402419027088271, 2.0661795906706804e-06]
[8.363106552461766e-05, 1.2865334851685367e-05]
[0.00010935351158027247, 3.4694421948491816e-05]
[0.00017300417918039018, -2.224869110494833e-06]
[0.00013846756871585108, -2.436602552716334e-05]
[8.765816223780393e-05, -4.539773395489596e-06]
[0.00012304394751918094, 4.259679747071511e-05]
[0.00014544206726066836, 2.4907674707072558e-05]
[0.00010344239489014015, -2.7867722596039424e-05]
[0.0001032774205582919, -2.2369804383901015e-05]
[0.00014999442149725428, 4.596335673749674e-05]
[0.0001280687111971726, 2.6172701546076094e-05]
[8.542170216649381e-05, -1.7266847097546778e-05]
[0.0001263464291427173, -3.946980969185554e-06]
[0.00016204984267267214, 1.2099831766587688e-05]
[0.00010732473377141061, 1.876578814612173e-05]
[6.729017855836017e-05, 7.4079799844972705e-06]
[0.0001240130021684764, 9.192446392414233e-06]
[0.000156576633304914, -1.0466619385168796e-05]
[0.00011791754521369921, -4.257495509529807e-06]
[8.814655493340207e-05, 2.884848503256765e-05]
[0.00011597206100067217, 2.705959784779499e-05]
[0.00013652976773641246, -3.856421786133102e-05]
[0.00012947190744966308, -2.730734366629406e-06]
[0.00010467909295555633, 3.1787900782231926e-05]
[8.54892371755997e-05, 1.7497897270762897e-05]
[0.00010873455246546149, -2.828273528440728e-05]
[0.00014610032073679143, 3.4409903409415854e-06]
[0.00013105286940168215, 2.2406892386778177e-05]
[7.93446920801695e-05, -8.229307563722976e-07]
[9.973077920971685e-05, -1.6911386751083946e-05]
[0.00013955663422059172, 3.762167821386164e-05]
[0.00012307841689074284, -1.959882517887923e-06]
[7.795692865657233e-05, -2.4490257130582727e-05]
[9.85230233678247e-05, 6.556263314833055e-06]
[0.00011749472274402012, 4.9609973182485056e-05]
[0.00011106795985330042, -7.52415286967012e-06]
[0.00010930159113255178, -3.1999481330147184e-05]
[0.00011751585968255984, 2.1376010630180797e-06]
[8.934942273232382e-05, 5.843678942579755e-05]
[8.6403847274652e-05, -9.764144344309722e-06]
[0.00012480251598512293, -1.951657940246765e-05]
[0.00011904425314396283, -9.590771714085289e-06]
[6.767027887043253e-05, 3.168718280710525e-05]
[8.329033825199561e-05, 1.364797803221629e-05]
[0.00014111876197198114, 2.7871346497398974e-07]
[0.00012024522994097397, -3.4456279608602314e-05]
[6.869858828414954e-05, 1.2619693722792924e-05]
[9.325698543682925e-05, 2.2171075336918644e-05]
[0.00012223271030256666, 2.3724367485433717e-05]
[9.075578312028876e-05, -4.389109580502093e-05]
[7.726929873200228e-05, -1.0701080016717324e-05]
[0.00011742306800932578, 3.2221174019686494e-05]
[0.00010479913729624646, 2.3410929431588734e-05]
[7.291230423606132e-05, -3.4612809229658814e-05]
[9.743548230875532e-05, -2.033000628343107e-06]
[0.0001340537014025145, 8.770871405161529e-06]
[8.210874130806789e-05, 1.793639388181223e-05]
[5.094557356954965e-05, -1.1063265398375544e-05]
[9.430660125026025e-05, 9.499906043874962e-06]
[0.0001300537026002191, -7.662753549672607e-06]
[8.654780163486198e-05, -4.223517467760729e-06]
[6.199685603786032e-05, 1.4675711507136646e-05]
[8.942763307800972e-05, 2.6434926755747323e-05]
[0.00011372141148174864, -3.2855944421650296e-05]
[9.86880881577723e-05, -4.233539901532524e-06]
[7.191388490457307e-05, 2.0814308205774346e-05]
[6.353488160265597e-05, 2.192295851466408e-05]
[8.589772054612421e-05, -2.8692520216644368e-05]
[0.00011706532593924734, -3.7686236720735344e-06]
[9.516900289091579e-05, 1.7454769964240884e-05]
[5.780962410156798e-05, 3.5218280635129773e-06]
[7.663915082800621e-05, -2.0755204880717332e-05]
[0.00011986358688859111, 2.285733118367883e-05]
[9.429356013146428e-05, -4.346421582639148e-06]
[5.305391556098549e-05, -2.2092069502654965e-05]
[7.391348269414344e-05, 1.749809679027492e-06]
[0.0001026722239284017, 3.324074810184818e-05]
[8.66564365842315e-05, -8.013697283551502e-06]
[7.840078434401265e-05, -3.8522445645394754e-05]
[9.383382226235693e-05, 5.3277342548230244e-06]
[7.773778469682968e-05, 4.3662776101516254e-05]
[6.588787674355334e-05, -8.598535959511433e-06]
[9.324348305472796e-05, -3.1174433224145925e-05]
[9.678880531727163e-05, -7.243023778802371e-07]
[5.375232374549288e-05, 2.3895122506556454e-05]
[5.827587945506085e-05, 1.613461919336423e-05]
[0.00011143684939424192, -1.6005142589453625e-05]
[9.993511270339761e-05, -1.9383323554805765e-05]
[5.3919643801081385e-05, 8.37280204704638e-06]
[6.417020489657421e-05, 2.683602725764289e-05]
[0.00010246427007071235, 7.5805210454360505e-06]
[7.492244264417636e-05, -3.238473206557124e-05]
[6.099673360565605e-05, -1.3618982104224298e-05]
[8.370619257730416e-05, 3.989120153385928e-05]
[9.187796090964762e-05, 8.470167050272925e-06]
[5.915512295356917e-05, -2.834782480479192e-05]
[8.369753061493457e-05, -1.2363326123004947e-05]
[0.00010588440343883843, 2.2475592479809237e-05]
[7.383473435135235e-05, 4.444540311593359e-06]
[3.8907741473304114e-05, -1.0748586312558928e-05]
[8.453353857451607e-05, -4.615579807701331e-06]
[0.00010955544158386399, 8.871894651207857e-06]
[7.45765838358059e-05, -1.8912092545037007e-05]
[4.7874967907035604e-05, 1.705481461306002e-05]
[8.232762805049365e-05, 9.889419077022121e-06]
[0.00010222969283801842, -1.2478772327406684e-05]
[8.565633594620481e-05, -2.107918537436193e-05]
[5.7317795222000534e-05, 2.7378726449367452e-05]
[5.814375509727299e-05, 1.1106873867426648e-05]
[7.798994240876267e-05, -1.0053948769794818e-05]
[0.00010284196557119873, -2.1243715374430483e-05]
[7.750090309677216e-05, 3.0545369842926995e-05]
[5.2068970816110394e-05, -2.007870174407407e-06]
[6.870202434999806e-05, -4.067431361165497e-06]
[0.00011300347143999856, 3.963692404723024e-06]
[8.019782566481837e-05, 1.1201473023414454e-05]
[4.7148178430544974e-05, -2.197866387592534e-05]
[6.301864017055347e-05, 1.3455350083457773e-05]
[0.00010424041209183832, 1.6746988356901304e-05]
[7.597117400526265e-05, 4.7110471698141865e-06]
[7.010899664416925e-05, -4.181072134454289e-05]
[8.320617278811948e-05, 1.8346188412177167e-05]
[8.722999709420698e-05, 2.962086120304741e-05]
[6.12106791465783e-05, -6.875273340645194e-07]
[8.662914062451677e-05, -3.977412464133134e-05]
[9.16534680952541e-05, 1.2608531993862915e-05]
[6.291487115550609e-05, 1.524685346838972e-05]
[5.412866255938287e-05, 2.1188191374865717e-05]
[0.00010497856432495345, -2.985335563411573e-05]
[0.00010082380440218364, -2.480001980664781e-06]
[5.9789256691478165e-05, 2.201598028855889e-06]
[6.036615738397311e-05, 3.369769546035517e-05]
[9.993711142608497e-05, -5.77662406404944e-06]
[8.182587262908769e-05, -1.6704948932411146e-05]
[6.193079998306761e-05, -1.4783364516296471e-05]
[7.538714170937655e-05, 4.933320407757291e-05]
[9.15271811441909e-05, -2.4064918607846764e-07]
[6.69120889161684e-05, -1.6209682198509157e-05]
[8.32525682308849e-05, -1.3764577256658583e-05]
[9.739580616381638e-05, 3.676340474112472e-05]
[7.778207233954948e-05, 2.463553591403045e-06]
[4.5583785494240914e-05, -7.3125761310688375e-06]
[8.797431751583762e-05, -4.989114044479104e-06]
[0.00010417660465397716, 2.2316472198691262e-05]
[7.701963240841492e-05, -1.7317557360174707e-05]
[4.989739516582381e-05, 1.5573472442409475e-05]
[9.059057178253949e-05, 8.61035470064997e-06]
[0.00010419703944664072, -1.1220374941944833e-06]
[8.794036105150282e-05, -2.1998807173961854e-05]
[5.9763755208802616e-05, 2.4157275289982127e-05]
[6.858452521463221e-05, 1.3528986509747654e-05]
[8.528318111112113e-05, -4.181927427959753e-06]
[0.00010239611482507072, -2.49712956657544e-05]
[7.94612909125695e-05, 2.9791866386769117e-05]
[5.855499467333214e-05, 3.1640705529800695e-06]
[7.825313479191843e-05, 2.3546143454455937e-07]
[0.00011344122804055057, -2.231672049823885e-06]
[8.50648409158794e-05, 1.3713670338200146e-05]
[4.881603079827379e-05, -1.0920339578099347e-05]
[6.990573156429904e-05, 1.4474219505733465e-05]
[0.00010647775731013887, 1.3918073781662987e-05]
[8.076506665595333e-05, 7.0427747090040516e-06]
[6.488540079985228e-05, -2.8832325014840898e-05]
[8.494443713579283e-05, 2.0521892718755597e-05]
[9.457600161165425e-05, 3.169430639493598e-05]
[6.686660770127695e-05, -3.092903306023409e-06]
[8.06984900349611e-05, -2.7891719214356847e-05]
[9.255643464934141e-05, 1.345972981975363e-05]
[7.164068764677067e-05, 2.5061920216798428e-05]
[5.5928262212154994e-05, 1.155338686356644e-05]
[9.979740271255644e-05, -2.231306951094164e-05]
[0.00010420945146733668, -2.335343414996971e-06]
[6.657222599872753e-05, 1.337427130239377e-05]
[6.0656236213523645e-05, 2.158054408685217e-05]
[9.846344116225605e-05, -9.418784220199816e-07]
[9.095801457484516e-05, -2.0535968065893417e-05]
[6.376079305119714e-05, -2.782959295011267e-06]
[7.283186999324474e-05, 3.736700859724787e-05]
[8.87284929011409e-05, 4.574906631515767e-06]
[7.80113875426024e-05, -2.2335229343552025e-05]
[7.943364604297808e-05, -4.5285564844715215e-06]
[9.39202896177542e-05, 3.0658402758291375e-05]
[7.415420568745827e-05, 1.0316366156573609e-05]
[5.614355123422128e-05, -1.7842375227224844e-05]
[8.186575938328236e-05, 4.739692058434997e-06]
[9.98662939702688e-05, 1.960582402813632e-05]
[6.83744656043081e-05, -4.585512542357173e-06]
[5.2485943380704836e-05, 2.242177960881664e-06]
[8.557741406664196e-05, 1.8504263334523374e-05]
[0.00010128597230872616, -2.6402505503148044e-06]
[7.718063290095695e-05, -9.182171835361852e-06]
[5.6748744784160254e-05, 9.3998961163827e-06]
[6.705605931149952e-05, 2.7759425471826638e-05]
[8.297517825305023e-05, -1.1598138671520264e-05]
[9.026955462060338e-05, -1.504827792231378e-05]
[7.231982404845572e-05, 1.5099599892196003e-05]
[5.56004338111947e-05, 1.8750926552180136e-05]
[7.57633444180561e-05, -1.0593438048517312e-05]
[0.00010359869105897035, 1.5224793398216363e-06]
[8.00820331059715e-05, 1.4389133580483549e-07]
[4.252024152425317e-05, 5.30504401158316e-06]
[6.679676661615341e-05, 5.555887898217593e-07]
[9.727733206123853e-05, 1.5399445187525007e-05]
[7.675210712657088e-05, -5.404995210928076e-06]
[5.047419165247341e-05, -1.4672574347590617e-05]
[7.856676767631354e-05, 9.78120915587355e-06]
[8.663613546597282e-05, 3.265964351101269e-05]
[6.444876518169051e-05, -1.4675030377359066e-05]
[6.138467165246048e-05, -1.616909691948276e-05]
[8.382240553647669e-05, 6.37844303746915e-06]
[6.323363801694765e-05, 3.197256642739621e-05]
[4.8648686679614306e-05, -2.5678931703798646e-06]
[7.799630728493046e-05, -1.4062252436608524e-05]
[9.381080512108064e-05, -5.376880137381024e-06]
[5.6359880824377595e-05, 2.334832514611085e-05]
[4.7558218515986184e-05, 7.017347925464268e-06]
[8.12749236704241e-05, 4.953055536660589e-06]
[8.279734390931326e-05, -2.5604756983377275e-05]
[5.1805605601293325e-05, 8.25657649522471e-06]
[5.422324970300041e-05, 2.2432869572985847e-05]
[7.3909416642301e-05, 9.398566113150153e-06]
[7.05363519729052e-05, -3.0544838176799205e-05]
[6.588931394706232e-05, 1.338189669519707e-06]
[7.45832385812828e-05, 1.9840521740185912e-05]
[6.117952563014506e-05, 1.331130195769692e-05]
[5.084355761941772e-05, -2.9528467774694866e-05]
[6.792104769362539e-05, 6.6997434083337915e-06]
[8.193469376333029e-05, 1.2807599005265624e-05]
[5.171914597607019e-05, -1.792296879299382e-06]
[4.41084965969174e-05, -1.0047045903710528e-05]
[7.088725354861825e-05, 1.6541483934040535e-05]
[8.642125441588044e-05, -3.3097234309470425e-06]
[5.68792050919531e-05, -8.162233374797712e-06]
[4.4679626604871014e-05, -2.5266378636534803e-07]
[5.453768123117597e-05, 2.796242808078553e-05]
[6.967366930199503e-05, -1.2046114331948354e-05]
[6.69612879697079e-05, -1.5682045258591515e-05]
[5.4771515286378136e-05, 9.505847291958747e-06]
[4.289207296356845e-05, 2.232169148613794e-05]
[6.049780686812056e-05, -1.1441465199588108e-05]
[8.359452938272449e-05, -3.700624363778271e-06]
[6.250809978769478e-05, -2.5326703615505264e-06]
[3.0235692217162047e-05, 1.1346492985175871e-05]
[4.964659574663299e-05, -2.9031035903275687e-06]
[8.246862727473436e-05, 8.218656835756732e-06]
[5.9882517133791335e-05, -8.516954365093109e-06]
[3.5439795003477936e-05, -1.0945633439896074e-05]
[5.993667625864285e-05, 7.633665895845354e-06]
[7.679620811307242e-05, 2.2330880758814065e-05]
[5.156081285145886e-05, -1.7607340302303043e-05]
[4.508951734677469e-05, -1.7134670030116705e-05]
[6.691144116133252e-05, 6.940321364841406e-06]
[5.547975935643601e-05, 2.2976643276106934e-05]
[3.6685973158256946e-05, -6.719099154159358e-06]
[5.8883238899687385e-05, -2.0257705067361353e-05]
[7.861929326102857e-05, 1.4449615485245815e-06]
[4.718346455861999e-05, 1.5716597531495458e-05]
[3.386485859568911e-05, 4.904967607216593e-06]
[6.46119188579819e-05, -4.423062473724038e-06]
[7.199969409127371e-05, -1.580022415474669e-05]
[4.049958575252921e-05, 3.6971759140580485e-06]
[3.567341193483342e-05, 2.2519689943475973e-05]
[5.994807193859808e-05, 1.4268915093096357e-06]
[6.059736137398186e-05, -2.1391406737930607e-05]
[5.3983236075971774e-05, -4.644102088363633e-06]
[5.3773955201119605e-05, 2.4666770375547653e-05]
[5.160426705880239e-05, 6.863428353875989e-06]
[4.2366246705671795e-05, -2.404758114807337e-05]
[5.978964086222893e-05, -6.106138619732526e-07]
[6.230948173802098e-05, 1.911367305693079e-05]
[4.3162654096873254e-05, -7.13571178273531e-06]
[3.468669943118563e-05, -7.930068495559661e-06]
[6.590477624307534e-05, 5.92962646488171e-06]
[7.121596662629237e-05, 6.021644516879254e-06]
[4.8498966490839734e-05, -1.6127173274094186e-05]
[3.6219459032038603e-05, 1.4803668996199448e-06]
[5.35665276805708e-05, 1.6983978995757654e-05]
[6.0518413609489397e-05, -2.666172466830874e-06]
[5.6170774180575034e-05, -2.5858740108047895e-05]
[4.5235504622931355e-05, 1.4133426844004093e-05]
[4.1848627568952246e-05, 1.354708576763175e-05]
[5.385260204415765e-05, -1.2359745692192003e-06]
[7.313566752281675e-05, -1.7911516966444274e-05]
[5.493517328797326e-05, 7.112470378711766e-06]
[2.8604382532604333e-05, 7.35697889907988e-06]
[4.2565951757611575e-05, 6.338058174626404e-06]
[7.568216914738413e-05, -5.401089081605304e-06]
[5.323189158867869e-05, 1.9094442406109025e-06]
[3.084036174094695e-05, -1.2223405950185368e-05]
[5.003360205119156e-05, 1.8013285606632845e-05]
[7.565279783178225e-05, 9.744729381113565e-06]
[4.7104787290197514e-05, -8.51686435315857e-06]
[4.139988528800709e-05, -1.8948526171735924e-05]
[5.7842873530444816e-05, 1.7127463339761118e-05]
[5.932421836274404e-05, 1.3896350257107393e-05]
[3.331860413294252e-05, -2.3246948885891072e-06]
[5.533442611810324e-05, -2.4669943550624518e-05]
[7.16842463759082e-05, 1.2964685376148921e-05]
[5.259678940167101e-05, 7.716821674629004e-06]
[3.173741323403423e-05, 7.220893038450971e-06]
[6.366960035486535e-05, -1.262566621332284e-05]
[7.176271680853219e-05, -3.4080684578330356e-06]
