[144.89432263535838, 123.36701588430425]
[-11.866050653085015, 2.1082253396438375]
[-5.339777871117072, 0.22988936893512602]
[0.6956802610693238, 0.3949215363755325]
[-1.1614873289916954, 1.0310066162758824]
[-1.1209365602024872, 0.22868396736092222]
[-0.23216515923648018, -0.25296845765598697]
[-0.021004546240336097, -0.06546128194333845]
[-0.44746303778335195, 0.303888002784495]
[-0.26725493100468034, 0.20623376382098524]
[-0.04655709206552139, -0.04758557370308125]
[-0.09563572237779994, -0.09789703902630897]
[-0.20843708517008963, 0.04683004164811777]
[-0.07630070356831031, 0.1215926622633603]
[-0.016497116434745607, 0.057868592256498985]
[-0.1010692732003804, -0.04120633885920544]
[-0.12085068283742118, -0.026805687015644786]
[-0.009303589712509552, 0.048271985721388466]
[-0.01970227162533944, 0.05829616539790061]
[-0.08777623267160184, -0.0006618681893657552]
[-0.05343100898569553, -0.023041891814632898]
[0.0019957724612535976, 0.008815267282872519]
[-0.043519610141681264, 0.039152199547882294]
[-0.05735198609853717, 0.020775830811976093]
[-0.011134037750905712, -0.014945884861453762]
[-0.008516463504540717, -0.01186637343445951]
[-0.04670083554020965, 0.024066395808242547]
[-0.030242501992732485, 0.028130076184220476]
[-0.0025942321838452465, -0.001587292536853746]
[-0.01823975218018692, -0.014799593294204882]
[-0.03515926719303142, 0.0039499672438103595]
[-0.011698491073214079, 0.020801926774753288]
[-0.0036431104852100438, 0.013573903026246947]
[-0.02479106388695529, -0.006431740633230376]
[-0.024868353354038586, -0.007950553279886474]
[-0.0008086662910847808, 0.009556066962471244]
[-0.007428623802563039, 0.01606580474964414]
[-0.02461758103303502, 0.0019595492373434276]
[-0.012576454706223927, -0.007144782588540233]
[-7.526709252880792e-05, 0.0007928728353989722]
[-0.014957753448739175, 0.011620864469795489]
[-0.01738765683232127, 0.008291315116080167]
[-0.002313389802946375, -0.003816661923936704]
[-0.004541865948256341, -0.005188253418022426]
[-0.017272280814657426, 0.006877197546939051]
[-0.009644642419961102, 0.010856800216291873]
[-0.0004770573423302782, 0.0009511513572523222]
[-0.008490382911018557, -0.005609077512213734]
[-0.01366822214306862, 0.00024046932853405423]
[-0.0036826794163028476, 0.007830378951995287]
[-0.002131824206202282, 0.006552480708938657]
[-0.011369139864543465, -0.0017432832649488805]
[-0.009629602672106108, -0.004101378965742919]
[4.4315388699534e-05, 0.003122170979131811]
[-0.004418775743071479, 0.007527586598188418]
[-0.01133702462208197, 0.0019596915318751407]
[-0.004797564707478275, -0.003306346721772213]
[-0.0003971607923289877, -0.0004993005608475154]
[-0.007900276842541132, 0.005149028712320591]
[-0.00786581340954351, 0.004687162641085152]
[-0.0005817150506850499, -0.0011824461534872543]
[-0.0030978338446439047, -0.0029646113799353113]
[-0.009026383674158783, 0.0026348434217695615]
[-0.0041509644042893035, 0.005679175067207276]
[-0.0001824292768751734, 0.0012824312315408148]
[-0.005211578581657772, -0.002772126361001437]
[-0.007012939917517613, -0.0005161913535327578]
[-0.0014543585835389023, 0.0038067045800507515]
[-0.001627628812879681, 0.004003533259831715]
[-0.006589097260808585, -0.0003749443066969338]
[-0.004689913168159032, -0.002543191610057116]
[0.0001245576642133761, 0.0011059965887920686]
[-0.003127530447033844, 0.0043243333495044944]
[-0.00638717417018711, 0.0017261603772180667]
[-0.0022032132187754794, -0.001775024750831078]
[-0.0005148851751586303, -0.0007640011267844582]
[-0.005001481883080944, 0.0026752384309257637]
[-0.004226974774746706, 0.0030695207683977266]
[-9.758211358157354e-05, -0.00022724335396551165]
[-0.0023663318513411635, -0.001895146465872577]
[-0.005521224616065967, 0.001060294719456456]
[-0.0020236367871794836, 0.003407703128921191]
[-0.00016929081073185914, 0.0012522420945271229]
[-0.0036382974411912627, -0.001516308483213269]
[-0.00411137282231433, -0.00067595560760636]
[-0.0006250353747412063, 0.0020663208760870466]
[-0.0013725026391838285, 0.002729322609537968]
[-0.004296755226890769, 0.00015624189144136658]
[-0.0025440847832320923, -0.001710350003879313]
[6.381523523879551e-05, 0.00029042814516427873]
[-0.0024111167568763303, 0.002746317011206756]
[-0.003994411787332109, 0.001490207237022645]
[-0.0010995487128735437, -0.0010015527499180055]
[-0.000571566541440971, -0.0007717735306271289]
[-0.003483710282867203, 0.0014853917957826646]
[-0.0024827192342944393, 0.002167410862289443]
[3.7713167762132294e-05, 0.00019068201029492915]
[-0.0019189815583711134, -0.0012746531751066659]
[-0.0036798637408658186, 0.0003534626265502272]
[-0.001033723373238593, 0.002194124247232143]
[-0.00021318164902470182, 0.0011420646359527054]
[-0.0027252036245004607, -0.0008470848414154908]
[-0.002593550073448858, -0.0006654798803058526]
[-0.000275099539616408, 0.0011694654536649196]
[-0.0012093589206742805, 0.001972237666745591]
[-0.0029974821529132334, 0.00038786641338028893]
[-0.0014527051405797131, -0.001193263392211763]
[-2.0769497017569805e-05, -8.006714085734279e-05]
[-0.0019489231598587564, 0.001839454103704341]
[-0.0026514028735722117, 0.0012818700967576202]
[-0.0005670768293758455, -0.000555056867568321]
[-0.0005992621071042592, -0.0007022391029267716]
[-0.0025659209731935563, 0.0008331261854885863]
[-0.0015295787084955714, 0.0015950953576042703]
[5.2899511427895174e-05, 0.0003878237136026863]
[-0.0016100427082226254, -0.0008723414522695538]
[-0.00258012484184994, 5.151502577516176e-06]
[-0.0005246668778273872, 0.0014636529644888041]
[-0.00026397585464400797, 0.0010167007283029827]
[-0.0021281666137532573, -0.00044947980034648616]
[-0.0017058533976482826, -0.0005996770955266628]
[-0.0001237560177402841, 0.0006567402048471283]
[-0.0010882222501039651, 0.0014715489808835858]
[-0.0021782041724858203, 0.0004885477925344883]
[-0.0008432063898690112, -0.0008416323293833905]
[-0.0001008779513002045, -0.0002530030654261939]
[-0.0016196551576932727, 0.0012650580482502782]
[-0.001822053859457995, 0.0011011705417846018]
[-0.0002937943357492756, -0.0002756363931467748]
[-0.0006093337662429477, -0.0006100092114064981]
[-0.001955665703910245, 0.00044608185811445544]
[-0.0009643493380180335, 0.0012002816560406082]
[2.3462593927159325e-05, 0.00047892591657217043]
[-0.0013779598549693572, -0.0005924735891874588]
[-0.0018651393940739003, -0.00017132382396556345]
[-0.00024957327415400105, 0.0009885309002356513]
[-0.0003084528532505959, 0.0008940147858604724]
[-0.0017048503119277414, -0.00019716394014746008]
[-0.0011474422368936699, -0.0005168983180275921]
[-6.441817104457792e-05, 0.0003445537795565279]
[-0.0009889572349636166, 0.0011160180151461585]
[-0.0016226079790062076, 0.0005240795297408729]
[-0.0004834144301353316, -0.0005881699587739209]
[-0.00016938076052785966, -0.0003274991458721982]
[-0.0013683314382017808, 0.0008769675606561389]
[-0.0012758721580405363, 0.0009437542063621129]
[-0.00015167124669268617, -9.217732479323282e-05]
[-0.0006071396888812641, -0.0005143738135535147]
[-0.0015221262951815584, 0.00020548439017697984]
[-0.0006114018951153544, 0.0009119902872126301]
[-2.1441380742615035e-05, 0.0005134218487370945]
[-0.00119282058541903, -0.00038874210166417456]
[-0.001372187612276421, -0.00025684568060713175]
[-9.959656267762018e-05, 0.0006630963431938919]
[-0.0003433085855598511, 0.0007791110354755798]
[-0.0013869801414212457, -3.0946562546096956e-05]
[-0.0007787248082303799, -0.0004316973864191831]
[-5.037780712058293e-05, 0.0001476795961306565]
[-0.0009022017654831405, 0.0008509638255115859]
[-0.001225985729202515, 0.0005242392022490883]
[-0.0002649514073168602, -0.00039846895673967264]
[-0.00022510413616694258, -0.0003490852949042181]
[-0.0011668330651983388, 0.0006031225394861339]
[-0.0008999738760895881, 0.0008055076852273024]
[-8.085540312741113e-05, 3.12182859468213e-05]
[-0.0005957545080251814, -0.0004227268863301603]
[-0.0011991678315988186, 5.2652556677967866e-05]
[-0.00038422912928647024, 0.0006930919600977511]
[-6.937258258088441e-05, 0.0005154130361691989]
[-0.0010386174109670576, -0.00023616335409482048]
[-0.0010179860140040464, -0.0002908729339994309]
[-2.0994731182333304e-05, 0.00043250015633106154]
[-0.0003682608255129033, 0.0006731996720244493]
[-0.0011382046652787248, 8.020329781421864e-05]
[-0.0005275191952053282, -0.00035002788695559506]
[-5.8972053297301485e-05, 2.2010657081170115e-05]
[-0.0008232104419484965, 0.0006466392277797439]
[-0.0009323117791328467, 0.000504085776005081]
[-0.00013174997027409763, -0.0002531473566719511]
[-0.00026865135282694297, -0.00034091063094521257]
[-0.0009994952759590746, 0.00040434042475345766]
[-0.0006334983876265243, 0.0006832488768387657]
[-5.055525745695233e-05, 0.00011449122404916245]
[-0.0005772162815256277, -0.0003379680482799019]
[-0.0009502084657175836, -4.425955329478981e-05]
[-0.00023611516754504236, 0.0005224213754315352]
[-0.000114712327620968, 0.0004978364535467295]
[-0.000906176202624287, -0.00012008635157245706]
[-0.0007560453150405322, -0.0002944747576851259]
[1.5140144946856893e-05, 0.0002657299370900368]
[-0.0003839872528842714, 0.0005762690070653803]
[-0.0009376045494631363, 0.00015403173888250965]
[-0.0003532787624621614, -0.0002743966556453259]
[-7.835121748261953e-05, -5.727861308096882e-05]
[-0.0007494710656053422, 0.0004855625602814828]
[-0.0007092145822164414, 0.00047194722802818]
[-5.241057655269721e-05, -0.00014043238795508062]
[-0.00030112151284722444, -0.00031572055724871095]
[-0.0008570219785945521, 0.00025762571453680216]
[-0.0004410847518289407, 0.0005746347930841722]
[-4.372222619958288e-05, 0.00016960277757732678]
[-0.0005530310711892583, -0.00026116119416513817]
[-0.0007535542529771289, -0.00010387349199481033]
[-0.00013993874724061404, 0.0003870678468260724]
[-0.00015489185435789594, 0.0004682108123065312]
[-0.0007899718636551478, -3.131803170786096e-05]
[-0.0005585763458995086, -0.00027974266217833943]
[2.5442871989161953e-05, 0.00014400846364689968]
[-0.0003914492789750257, 0.00048795860807596125]
[-0.0007723874658429955, 0.00020143543924039387]
[-0.00023166629934023852, -0.0002058212846257207]
[-0.00010197224987518183, -0.00010514513569088307]
[-0.0006796507836992205, 0.00035680198151588627]
[-0.0005367985903491357, 0.00043279296007109336]
[-8.191529412837628e-06, -5.271312014341889e-05]
[-0.00032369923754721475, -0.0002810032472817803]
[-0.0007336217295736136, 0.00014861287929524014]
[-0.00030089953410913917, 0.0004779528746519379]
[-5.035664205030321e-05, 0.0002042077655549368]
[-0.0005244049067726908, -0.000192577912191072]
[-0.0005955933035010075, -0.00013777326909963916]
[-7.899516331964784e-05, 0.00027869960999608867]
[-0.00018880832560087824, 0.00043121539893491156]
[-0.0006865536110686188, 3.625415769170637e-05]
[-0.0004080046240769186, -0.0002540414314730066]
[2.0021162477790178e-05, 5.5295859552134674e-05]
[-0.0003916613533197083, 0.00040784832618609435]
[-0.0006343316514369314, 0.00022952386813546166]
[-0.00014724664993281955, -0.0001446360651918971]
[-0.000126087780443096, -0.0001311306347083277]
[-0.0006130794750925685, 0.0002531515744779722]
[-0.0004021861817164324, 0.0003897917276615426]
[1.2698321824100578e-05, 1.5205584773803071e-05]
[-0.00033752851476559487, -0.0002414018035800103]
[-0.0006255416015606141, 6.783644680963263e-05]
[-0.000198752581455304, 0.0003919365961073118]
[-6.432236198547492e-05, 0.00022348968041460693]
[-0.0004923597292997295, -0.00013213225328478906]
[-0.00046736596977325906, -0.00015355673216316257]
[-4.2471864199866705e-05, 0.00019166814606970395]
[-0.00021610778170005895, 0.0003899417514514267]
[-0.0005937058614692847, 8.69106757678817e-05]
[-0.00029266663393345826, -0.0002220853404892864]
[5.29372598284672e-06, -8.52172653861838e-06]
[-0.00038561365981906737, 0.00033554476194944116]
[-0.0005179206544288426, 0.00024318898066216788]
[-8.975848941644715e-05, -9.084324745481376e-05]
[-0.0001485147900331385, -0.00014162931744621243]
[-0.0005494742840701124, 0.0001696329064679869]
[-0.00029665721054136784, 0.0003450837321070377]
[1.8011920760008238e-05, 6.704880839600302e-05]
[-0.0003436821130092249, -0.00019992545933311678]
[-0.0005302643996298873, 8.759729137719496e-06]
[-0.0001250018478438017, 0.00031562569931707293]
[-8.172390859991635e-05, 0.00023113880110683938]
[-0.0004577942331970286, -7.956868162722897e-05]
[-0.00036271868489834436, -0.0001564418536844081]
[-2.3067680852612016e-05, 0.00012196745939743736]
[-0.00023684032473386685, 0.0003465400723957901]
[-0.0005099729415935783, 0.0001237949105566405]
[-0.00020448524810562363, -0.00018701801222872905]
[-1.4518096270899061e-05, -5.316012747404869e-05]
[-0.00037424893617361843, 0.0002706961705447042]
[-0.00041930455243163745, 0.000245959036893062]
[-5.209464194094737e-05, -4.427223402088398e-05]
[-0.00016799348377405376, -0.00014111301489540262]
[-0.0004887819410934399, 0.00010265313101009976]
[-0.000214061564827131, 0.0003001852431295804]
[1.3038812070292893e-05, 0.0001056117603016049]
[-0.00034316178704763, -0.0001585927984383284]
[-0.0004460443124825464, -3.3326121331278546e-05]
[-7.283288239040911e-05, 0.0002482651017689935]
[-0.00010003173978313275, 0.00022990120392146762]
[-0.0004215163283077805, -3.454472737191017e-05]
[-0.0002772555651173181, -0.0001501583067041734]
[-1.56712471666709e-05, 6.663326268641079e-05]
[-0.00025128537333359013, 0.00030257015429330236]
[-0.00043437589502738627, 0.00014931848196902964]
[-0.00013764797238202675, -0.0001510038915706613]
[-3.65648346417613e-05, -8.28098808379335e-05]
[-0.0003584577026582575, 0.00021298349364967661]
[-0.0003356924211493362, 0.0002404857662152704]
[-2.9152693467926483e-05, -4.653682387154023e-06]
[-0.00018383580311687187, -0.00013282600151567903]
[-0.00043108284404819175, 4.950967710815046e-05]
[-0.00014989589696894068, 0.00025621043826697804]
[1.4987471870370195e-06, 0.00013308152026983433]
[-0.0003369063760021995, -0.00011878972522105791]
[-0.00037162598248219325, -6.194525649139138e-05]
[-3.725791327422595e-05, 0.0001892329873916243]
[-0.00011758757584203611, 0.0002218999993222337]
[-0.00038426012309913937, 3.3325971136033417e-06]
[-0.0002077163623226963, -0.00013746443558382282]
[-1.659393277861354e-05, 2.338183703068375e-05]
[-0.00025985846953015257, 0.0002591998431346054]
[-0.0003662365188958801, 0.00016540634583733782]
[-8.782291618553151e-05, -0.00011556671123885698]
[-5.889144862930573e-05, -0.0001006553198014265]
[-0.00033907875796703596, 0.00016210537355176857]
[-0.00026498254963028267, 0.00022883328322850782]
[-1.7153481545850724e-05, 2.8345179861097303e-05]
[-0.0001957234971213806, -0.00011919528627135634]
[-0.00037652961091913517, 8.087921250843344e-06]
[-0.00010074553773694456, 0.00021399767772020684]
[-1.3930054559505023e-05, 0.00015123497851163292]
[-0.0003257998908209325, -8.147695526222742e-05]
[-0.00030606825646728453, -7.982688341690025e-05]
[-1.451108609994145e-05, 0.00013799008944558044]
[-0.0001333125156286405, 0.00020882965882219884]
[-0.00034669417033485195, 3.449073683975401e-05]
[-0.0001515939430890012, -0.0001204581673261984]
[-2.310744213110394e-05, -9.614062051035988e-06]
[-0.0002630586697019155, 0.00021732122816980892]
[-0.00030506425134527865, 0.00017364915910417222]
[-5.1677184561726985e-05, -8.179076686702647e-05]
[-8.015020382379223e-05, -0.000109193742707063]
[-0.000316900238618769, 0.0001177637543871568]
[-0.00020553003592954644, 0.00021265487615473866]
[-1.3222783866423393e-05, 5.510303077083112e-05]
[-0.0002035867504764921, -0.00010208130872718657]
[-0.0003253060227342841, -2.332870821836197e-05]
[-6.393634419721295e-05, 0.00017418380062772174]
[-3.1287264648342805e-05, 0.00016156354425519992]
[-0.0003106772263269941, -4.7314868060976956e-05]
[-0.0002486304490345037, -8.914860369726996e-05]
[-1.6712854642303432e-06, 9.404427742357169e-05]
[-0.00014652789065751348, 0.00019207673339774467]
[-0.00030942473922269953, 5.9384161856690376e-05]
[-0.00010689222054033332, -0.00010076991086893639]
[-3.315574739559679e-05, -3.3867638520382326e-05]
[-0.00026143670548971903, 0.00017762082778483013]
[-0.00025048155585613574, 0.00017539985042130946]
[-2.6572396489621397e-05, -5.044495612984215e-05]
[-9.942165774906586e-05, -0.00011043703664434523]
[-0.0002926597821271762, 7.965229779843819e-05]
[-0.00015599707430018206, 0.0001933039736559672]
[-1.5126847169227853e-05, 7.603488196011865e-05]
[-0.00020752776713978127, -8.293573668885501e-05]
[-0.00027759872852953227, -4.618053570809577e-05]
[-3.731192050752258e-05, 0.0001372492953186505]
[-4.9125659661595e-05, 0.00016535295602745914]
[-0.00029232717445948353, -1.674148466906944e-05]
[-0.0001986974793102836, -9.169203240322332e-05]
[3.5794891482532343e-06, 5.6926279376659505e-05]
[-0.0001568409974301993, 0.00017279645895099116]
[-0.00027299633673294466, 7.849016268141051e-05]
[-7.196954716742754e-05, -7.968557035238633e-05]
[-4.5170248854309314e-05, -5.0670090033753945e-05]
[-0.00025557400665492114, 0.00014062335846612428]
[-0.0002021738625061359, 0.00017183553556773812]
[-1.0367596978644311e-05, -2.2061989794756875e-05]
[-0.00011609904963960638, -0.00010604187118447295]
[-0.0002670435781688546, 4.744812259455111e-05]
[-0.00011525482683334004, 0.00017190529270673383]
[-2.1100789001554654e-05, 9.15857671925091e-05]
[-0.00020777021850432176, -6.290351077187228e-05]
[-0.0002335774010679137, -6.171082007866424e-05]
[-1.9088193757080263e-05, 0.00010354682513995239]
[-6.637751766902511e-05, 0.00016373474454901144]
[-0.0002714931223889855, 9.976823806379098e-06]
[-0.00015573008254210485, -8.894424407229762e-05]
[3.1145018118960976e-06, 2.6173605868623495e-05]
[-0.0001640692776078423, 0.00015196223999508485]
[-0.00023789085429117007, 9.23054087525188e-05]
[-4.543579804161535e-05, -5.8227032277584356e-05]
[-5.794783308382678e-05, -6.115059985795784e-05]
[-0.0002460675197210986, 0.0001067200707582372]
[-0.00015985577852414834, 0.00016399735566305362]
[-1.2892208315073983e-06, 3.0090510386229785e-06]
[-0.00012981088494168347, -9.739528675992148e-05]
[-0.00024068454067890932, 2.080672231929981e-05]
[-8.231849617847814e-05, 0.00014940133514480813]
[-2.9734598004461932e-05, 0.00010222546561711177]
[-0.0002046239901188629, -4.289059862866429e-05]
[-0.00019338081100730986, -7.10175075110675e-05]
[-7.757055977303251e-06, 7.332016421650323e-05]
[-8.226474530764055e-05, 0.0001577193839969182]
[-0.00024887201308046447, 3.271078954825146e-05]
[-0.00011923173946654098, -8.216492849334733e-05]
[-1.531781944424937e-06, 1.3205918710026965e-06]
[-0.000168187868325613, 0.00013039815331000737]
[-0.00020452622216549782, 0.00010134220852447973]
[-2.6084119321923005e-05, -3.720622085272296e-05]
[-7.056817059386544e-05, -6.631545976663877e-05]
[-0.00023351770930233468, 7.618800930458969e-05]
[-0.00012324846553524171, 0.00015281598859998025]
[2.1560438998868836e-06, 2.4566296270969734e-05]
[-0.00014036705467940225, -8.567182010910113e-05]
[-0.00021415996458629127, -6.403144920952286e-07]
[-5.6304351256829255e-05, 0.0001265833803301697]
[-3.989564909870694e-05, 0.0001084432501363003]
[-0.00019845923160816126, -2.3610261905504526e-05]
[-0.00015710727309972694, -7.508693780852727e-05]
[-2.021847094704765e-06, 4.671764195447736e-05]
[-9.62364401937768e-05, 0.00014821742757566841]
[-0.00022511214812903635, 5.1443399595729744e-05]
[-8.872708403712126e-05, -7.243142742599518e-05]
[-9.091480140666075e-06, -1.8106952874338833e-05]
[-0.00016929168838804298, 0.00010880071516380929]
[-0.00017325515132402686, 0.0001061240920986195]
[-1.2845572912478787e-05, -1.726247453705254e-05]
[-8.233596301393531e-05, -6.707335180471119e-05]
[-0.00021851840808381068, 4.920396999785748e-05]
[-9.206492957664764e-05, 0.00013912776747358746]
[1.240404732053002e-06, 4.252856894740309e-05]
[-0.00014771974186172931, -7.187217769780152e-05]
[-0.0001879890335804435, -1.728521365676472e-05]
[-3.640159801110952e-05, 0.0001041126526037453]
[-5.067476786556509e-05, 0.00011074226431972978]
[-0.00018968624688284197, -5.615685599702491e-06]
[-0.0001248084791254378, -7.481548528101567e-05]
[-7.538723861832963e-07, 2.3802525195598667e-05]
[-0.00010792396260377035, 0.00013605270169314565]
[-0.00020081034802435851, 6.625090845971404e-05]
[-6.374839108364005e-05, -6.066931995098862e-05]
[-1.851310914327553e-05, -3.259360562077318e-05]
[-0.00016756677261690195, 8.775386077508607e-05]
[-0.00014436434530276654, 0.00010718067238327245]
[-4.759173651530668e-06, 1.1106956702214288e-06]
[-9.273929007025394e-05, -6.425134595210158e-05]
[-0.00020164786190873807, 2.585543374136745e-05]
[-6.60010765388408e-05, 0.00012368463774502236]
[-2.944411853153528e-06, 5.691499450733578e-05]
[-0.0001519337883958971, -5.684983532680543e-05]
[-0.00016263050251230649, -2.9541980919950417e-05]
[-2.185446228783472e-05, 8.253527769981617e-05]
[-6.134767000559246e-05, 0.00010963344513837889]
[-0.00017873920504839214, 1.0676105773627098e-05]
[-9.648605779485897e-05, -7.1023062641562e-05]
[-2.96298842528131e-06, 4.561790552609635e-06]
[-0.00011710734066014417, 0.00012197027034703545]
[-0.00017650890352596208, 7.728740596057992e-05]
[-4.3827863235201825e-05, -4.7673511781747e-05]
[-2.8925943903829188e-05, -4.2633560778139457e-05]
[-0.00016326764072676844, 6.77396888165982e-05]
[-0.00011807442965448833, 0.00010504190237439759]
[-9.523986312931498e-07, 1.7545621927468613e-05]
[-0.00010141846130420906, -5.86046536749929e-05]
[-0.0001834606824253071, 6.149864593435472e-06]
[-4.473106111543487e-05, 0.00010716012711424819]
[-9.458907172049669e-06, 6.782842796614064e-05]
[-0.00015316323010974853, -4.132972275930347e-05]
[-0.00013848081902481657, -3.7842821651257186e-05]
[-1.1951375482321946e-05, 6.229337257165901e-05]
[-7.134651486667698e-05, 0.00010562906665149974]
[-0.00016606249261506834, 2.4965901379514488e-05]
[-7.20903910934878e-05, -6.446113947358723e-05]
[-7.777653772439441e-06, -1.1085848224845485e-05]
[-0.0001236891021654113, 0.00010664102117532992]
[-0.00015269267189734967, 8.477155172895157e-05]
[-2.849413274028101e-05, -3.4123102712321773e-05]
[-3.96140318985605e-05, -4.872790210595779e-05]
[-0.0001566987303500706, 4.9146648857051334e-05]
[-9.45407488138067e-05, 0.00010023191984567803]
[-6.288555785688432e-07, 3.1784793930157706e-05]
[-0.00010814177799528535, -5.0822218766843896e-05]
[-0.00016448061507820522, -9.97678832309612e-06]
[-2.790588010986514e-05, 9.015282287166276e-05]
[-1.7495835862474038e-05, 7.544128185810878e-05]
[-0.0001516319483032269, -2.5921759075647754e-05]
[-0.00011587288902709103, -4.263337971910364e-05]
[-6.019114410713011e-06, 4.3733810863935685e-05]
[-8.023812897676313e-05, 9.923605759179499e-05]
[-0.0001520990269231401, 3.705749449975371e-05]
[-5.152132853905589e-05, -5.5817112040834616e-05]
[-1.4431334937947682e-05, -2.3282159208336956e-05]
[-0.00012767303566067756, 9.066416295408497e-05]
[-0.0001297865973716103, 8.897465194612764e-05]
[-1.7271836777438265e-05, -2.0592233902057278e-05]
[-4.999660890736557e-05, -5.1380462422367934e-05]
[-0.00014819868544989345, 3.22762841287183e-05]
[-7.385510689268682e-05, 9.32626976597184e-05]
[-3.0608245543545243e-06, 4.366786422070612e-05]
[-0.00011278587105978399, -4.1529603743983845e-05]
[-0.00014519413045957497, -2.265189225270081e-05]
[-1.515443036680629e-05, 7.318840266183624e-05]
[-2.636573977944645e-05, 7.998289434064595e-05]
[-0.00014761715890912464, -1.1131105732725688e-05]
[-9.507563366667471e-05, -4.436712845673485e-05]
[-3.420369873899376e-06, 2.7115683528533552e-05]
[-8.770661844732103e-05, 9.09492784983007e-05]
[-0.00013728014827336585, 4.6845091861508203e-05]
[-3.4630504837179776e-05, -4.5716324484086635e-05]
[-2.225312608999941e-05, -3.2221591131288696e-05]
[-0.0001291462767295526, 7.45685481684244e-05]
[-0.00010815387017686778, 9.020960577783843e-05]
[-9.683415689798469e-06, -7.558416087648234e-06]
[-5.961272644372517e-05, -5.109272215438054e-05]
[-0.0001381267641273748, 1.7349267311866923e-05]
[-5.604847042662425e-05, 8.462772118456724e-05]
[-7.585059663972604e-06, 5.312030155860126e-05]
[-0.00011531909330780854, -3.1290213772294795e-05]
[-0.00012604489362688653, -3.2057967546100796e-05]
[-6.086427839786801e-06, 5.672095784764464e-05]
[-3.5486087448282494e-05, 8.17279299658892e-05]
[-0.0001414349497135814, 2.6335907861163577e-06]
[-7.629443318876716e-05, -4.349921652013755e-05]
[-3.5536325036222838e-06, 1.26171247327167e-05]
[-9.353885022170966e-05, 8.124495209106686e-05]
[-0.00012201688616364156, 5.430209134202335e-05]
[-2.12250034998529e-05, -3.472267873002796e-05]
[-3.0661085264366283e-05, -3.814333714810894e-05]
[-0.0001282636941041613, 5.881347302647e-05]
[-8.809487941631444e-05, 8.882047330116549e-05]
[-5.252478006687045e-06, 4.590631865641903e-06]
[-6.810860612085912e-05, -4.8358128241901555e-05]
[-0.00012685092800632236, 4.511209829832774e-06]
[-4.1094605520729244e-05, 7.479590216940418e-05]
[-1.3600691288376265e-05, 6.014302367231966e-05]
[-0.0001157869776209075, -2.0605612132240658e-05]
[-0.00010742917993458723, -3.842443900883841e-05]
[-2.967013917887229e-07, 4.113413362653168e-05]
[-4.4372698748712525e-05, 8.098553394648642e-05]
[-0.0001334273902955374, 1.5053098404382848e-05]
[-5.967250652708089e-05, -4.048004369625047e-05]
[-5.854568347452016e-06, 3.4193296157003505e-07]
[-9.761179171647455e-05, 7.057443338989722e-05]
[-0.00010669249862278046, 5.947069114545234e-05]
[-1.1072129714018164e-05, -2.3338517050863414e-05]
[-3.9157229283687256e-05, -4.132324813178878e-05]
[-0.0001252339302266394, 4.3789420369699794e-05]
[-6.984706306650129e-05, 8.517255936248136e-05]
[-3.5082115773937828e-06, 1.5550929194509122e-05]
[-7.522671369186718e-05, -4.3656158484756125e-05]
[-0.00011473736196891682, -6.161454040726211e-06]
[-2.8914583916513775e-05, 6.42059194520539e-05]
[-2.056838239507513e-05, 6.48025953017134e-05]
[-0.00011429913019608828, -9.915477636984749e-06]
[-8.969230266486772e-05, -4.201928059810456e-05]
[2.6295426714811887e-06, 2.6742452413096307e-05]
[-5.263253686892816e-05, 7.808910728300533e-05]
[-0.0001239509407909567, 2.589105439268491e-05]
[-4.529323298413379e-05, -3.5748813906069654e-05]
[-9.798256052712118e-06, -9.673750485401228e-06]
[-9.988104489663807e-05, 5.9358491033861815e-05]
[-9.165624129942734e-05, 6.245200667956419e-05]
[-3.905068186205174e-06, -1.200427915861238e-05]
[-4.732343710245335e-05, -4.206564552074882e-05]
[-0.00012030670331775878, 2.98190728788561e-05]
[-5.3585711613513e-05, 7.964299830291038e-05]
[-3.990417665952761e-06, 2.509648881632298e-05]
[-8.079587645290487e-05, -3.744640984776337e-05]
[-0.00010214128940605471, -1.465533577882372e-05]
[-1.9382062448546414e-05, 5.326115241859053e-05]
[-2.8010115939796146e-05, 6.72217521961848e-05]
[-0.00011101716918690552, 4.0239616816428736e-07]
[-7.312610240078898e-05, -4.3140597451321594e-05]
[3.1108303634730383e-06, 1.3793069744257036e-05]
[-5.995723228086752e-05, 7.338666514489223e-05]
[-0.00011336601568684435, 3.498758859751816e-05]
[-3.318338622079753e-05, -2.9727286493461125e-05]
[-1.4901804252814843e-05, -1.7454564556717428e-05]
[-0.000100370152046933, 4.7982249186867554e-05]
[-7.721834998674487e-05, 6.339651918678413e-05]
[5.70791127169068e-07, -1.0982992354538479e-06]
[-5.481773260104794e-05, -4.06951262475197e-05]
[-0.00011376114682833116, 1.7158818284512822e-05]
[-3.942574065758653e-05, 7.261187949181291e-05]
[-6.2548190711483875e-06, 3.307357205833278e-05]
[-8.472200073977865e-05, -3.016294802471453e-05]
[-8.939901785390281e-05, -2.1013635056910118e-05]
[-1.2329216537237953e-05, 4.232534585975334e-05]
[-3.550915432897275e-05, 6.757013327157724e-05]
[-0.00010614348393714335, 1.0031773942847932e-05]
[-5.7967527105379224e-05, -4.210823210086534e-05]
[1.563203160581672e-06, 2.4681210617771843e-06]
[-6.611690762090006e-05, 6.723179984255423e-05]
[-0.00010202763951297229, 4.2252873441839256e-05]
[-2.3317218470236822e-05, -2.2813919370669872e-05]
[-2.072697796937084e-05, -2.307879887203379e-05]
[-9.916041881408676e-05, 3.679091483757557e-05]
[-6.364622948394627e-05, 6.249478138513342e-05]
[2.6710693533382734e-06, 9.06299544146949e-06]
[-6.137057991070782e-05, -3.754847712020282e-05]
[-0.00010589507331425219, 6.000886513340964e-06]
[-2.7424410402071553e-05, 6.445398565562907e-05]
[-9.878351500177546e-06, 3.939475491143013e-05]
[-8.697911344043852e-05, -2.2209118317101373e-05]
[-7.682118918708736e-05, -2.5329346367924943e-05]
[-7.553190273908161e-06, 3.171911595133137e-05]
[-4.270983593047256e-05, 6.605518774702168e-05]
[-9.991070204444508e-05, 1.8717126746864432e-05]
[-4.439830738633965e-05, -3.9255507722893435e-05]
[-1.6060641366555384e-06, -7.112253847710304e-06]
[-7.095402223768893e-05, 5.997530427752362e-05]
[-9.027717969907131e-05, 4.766046621532127e-05]
[-1.5621306015761727e-05, -1.5378570086363452e-05]
[-2.6882549871015682e-05, -2.6671020898330622e-05]
[-9.638111929317211e-05, 2.60863879321116e-05]
[-5.116183765934562e-05, 5.9968375816281394e-05]
[2.7253604007598797e-06, 1.8224305640184013e-05]
[-6.678094751602637e-05, -3.296682976471066e-05]
[-9.701512306373172e-05, -3.523807800914769e-06]
[-1.7584938329564398e-05, 5.5531229928875575e-05]
[-1.4464197265782325e-05, 4.403270864892367e-05]
[-8.760057148803069e-05, -1.3952981760961825e-05]
[-6.468722605879051e-05, -2.773817018081326e-05]
[-4.8229134880645175e-06, 2.1717376851498882e-05]
[-4.9316970708090935e-05, 6.291328178406608e-05]
[-9.257182720998763e-05, 2.6262129685289404e-05]
[-3.254570628083431e-05, -3.492123533953284e-05]
[-6.004582605051434e-06, -1.4886179208400269e-05]
[-7.43770669639765e-05, 5.195752903643103e-05]
[-7.843516732825712e-05, 5.124038918022378e-05]
[-9.980044677920796e-06, -7.75789246634448e-06]
[-3.3026162910232415e-05, -2.8394515007530707e-05]
[-9.220003177425051e-05, 1.6124823352281492e-05]
[-3.99402424169637e-05, 5.606116847168413e-05]
[1.0701324668072054e-06, 2.618998928249211e-05]
[-7.091199112843616e-05, -2.72881904938016e-05]
[-8.742780258071126e-05, -1.1342096969568782e-05]
[-9.860923339488625e-06, 4.618588044197347e-05]
[-1.964636316693913e-05, 4.70136666113289e-05]
[-8.667037141153744e-05, -5.72350690267176e-06]
[-5.3240970860540804e-05, -2.8411206115033782e-05]
[-3.886128314853354e-06, 1.2547737985327267e-05]
[-5.5094673887506884e-05, 5.8401068312466387e-05]
[-8.439105931681498e-05, 3.2527442183794e-05]
[-2.2484297163810618e-05, -2.9442115486083553e-05]
[-1.1260608432817065e-05, -2.0845621461911684e-05]
[-7.635402445450162e-05, 4.350155061078054e-05]
[-6.67952266501376e-05, 5.3071952302544134e-05]
[-6.241667072512391e-06, -2.5153802136676506e-07]
[-3.8865550011979444e-05, -2.8443620512463852e-05]
[-8.681431186458033e-05, 7.115185060246887e-06]
[-3.010931335810721e-05, 5.103093031071787e-05]
[-1.9582471050758055e-06, 3.2821842125330125e-05]
[-7.368627880841028e-05, -2.0840475836531036e-05]
[-7.743144356683884e-05, -1.743428915615408e-05]
[-4.1614766660529046e-06, 3.673465489623107e-05]
[-2.5093643758248435e-05, 4.841060039055198e-05]
[-8.43145538272777e-05, 2.1923858262995477e-06]
[-4.2687507647104495e-05, -2.7547530637980766e-05]
[-4.476465971098298e-06, 4.389892044043275e-06]
[-5.986454032212013e-05, 5.2787206992491176e-05]
[-7.563533851597665e-05, 3.742775180101687e-05]
[-1.4238700190238873e-05, -2.3145662110625465e-05]
[-1.7028274399449872e-05, -2.5031331040762522e-05]
[-7.690557388372477e-05, 3.490722434029703e-05]
[-5.5619132444090225e-05, 5.3276368045113154e-05]
[-4.224640382924361e-06, 6.880758262328701e-06]
[-4.4159007633826075e-05, -2.7036077294942396e-05]
[-8.044174905783019e-05, -7.811960082426683e-07]
[-2.175049224173789e-05, 4.514141585146986e-05]
[-6.030194025799518e-06, 3.8036119358757225e-05]
[-7.508053926433278e-05, -1.3935174703910702e-05]
[-6.730912400262912e-05, -2.1829252654814724e-05]
[-3.569364455321966e-07, 2.7463755030342207e-05]
[-3.0512847721611558e-05, 4.8336166874572706e-05]
[-8.069274259520087e-05, 9.551862093087893e-06]
[-3.319114596939121e-05, -2.536677815982713e-05]
[-6.320416376590088e-06, -2.624014247155221e-06]
[-6.350311423569677e-05, 4.634453405556738e-05]
[-6.656667020281393e-05, 4.092810293779281e-05]
[-7.787185810625985e-06, -1.6343766843812668e-05]
[-2.2992155750800602e-05, -2.7527231506861705e-05]
[-7.60980675727635e-05, 2.6446184061196254e-05]
[-4.5133006037888224e-05, 5.200923882697772e-05]
[-3.7242962162287174e-06, 1.3421156449908156e-05]
[-4.87150637930589e-05, -2.440549939435044e-05]
[-7.331247671531205e-05, -7.450075567377867e-06]
[-1.4900567293477801e-05, 3.8654995336194486e-05]
[-1.082914247044946e-05, 4.179982642038213e-05]
[-7.511995970493901e-05, -6.861744197450559e-06]
[-5.732259383028904e-05, -2.4598941920611628e-05]
[1.7149710855590694e-06, 1.8624893975492662e-05]
[-3.565119939415162e-05, 4.69355151498721e-05]
[-7.598988859814151e-05, 1.6157259910193345e-05]
[-2.4874530077989565e-05, -2.2101852809396083e-05]
[-9.144039828740125e-06, -8.408061150759483e-06]
[-6.593865263791743e-05, 3.93427852318079e-05]
[-5.7435292546433037e-05, 4.3039564742233805e-05]
[-3.066035348275875e-06, -9.32700793277938e-06]
[-2.8871061415386423e-05, -2.8454362084928686e-05]
[-7.403634234607465e-05, 1.8357835173510306e-05]
[-3.552464655300763e-05, 4.945301973991942e-05]
[-4.519540704767122e-06, 1.919473181949405e-05]
[-5.239132042569872e-05, -2.0794102219570676e-05]
[-6.566121885275e-05, -1.2822802557738155e-05]
[-9.554359131337675e-06, 3.182593528823496e-05]
[-1.6057199101107006e-05, 4.4126338551182115e-05]
[-7.38720942303761e-05, 1.1717215805950865e-07]
[-4.770724038541396e-05, -2.5852472847323615e-05]
[2.242669637081418e-06, 1.0432349206307423e-05]
[-4.029786040850997e-05, 4.437906040753725e-05]
[-7.040830744409286e-05, 2.1856218949067863e-05]
[-1.78188201047369e-05, -1.7991900576299485e-05]
[-1.2679280669475324e-05, -1.2920347926895226e-05]
[-6.714721722496722e-05, 3.2041971059132424e-05]
[-4.847374476487504e-05, 4.381431931295421e-05]
[2.54667188726021e-08, -2.359790539988027e-06]
[-3.442097094066843e-05, -2.7964496501248215e-05]
[-7.085645417455322e-05, 1.0846368588363076e-05]
[-2.694197704643242e-05, 4.5809572209558336e-05]
[-6.379494471034364e-06, 2.4069541058838184e-05]
[-5.509248393677224e-05, -1.644580761236969e-05]
[-5.7720161110594304e-05, -1.6873943601669605e-05]
[-5.668209640926486e-06, 2.489441524215069e-05]
[-2.1440101659914168e-05, 4.507043469730715e-05]
[-7.144047018228794e-05, 6.769635399778151e-06]
[-3.866811640718115e-05, -2.5729870406318578e-05]
[1.4341211103524598e-06, 3.061052567171485e-06]
[-4.428454666603049e-05, 4.085534332673446e-05]
[-6.416010937630896e-05, 2.6540875895042504e-05]
[-1.2064873397332754e-05, -1.3275667140072445e-05]
[-1.666975628780709e-05, -1.6159976187344466e-05]
[-6.71481588499633e-05, 2.4686495118220186e-05]
[-3.989188482874523e-05, 4.334027230345344e-05]
[1.6195457819417891e-06, 4.32361511884527e-06]
[-3.943706565143201e-05, -2.623357127219672e-05]
[-6.67184408771615e-05, 4.078802823076488e-06]
[-1.9492566608629233e-05, 4.129293035924804e-05]
[-9.069917564216018e-06, 2.7955764523919513e-05]
[-5.676762695611126e-05, -1.1599843933396414e-05]
[-4.9712529815268414e-05, -1.9618110720015514e-05]
[-3.1641515304201007e-06, 1.808135613465267e-05]
[-2.6731390777488817e-05, 4.472285140023555e-05]
[-6.795799951788556e-05, 1.2897364433189784e-05]
[-3.0377038191004013e-05, -2.4395622581378784e-05]
[-4.897853185942269e-07, -3.3542940910576136e-06]
[-4.748524507371121e-05, 3.656409715928344e-05]
[-5.7460122652473744e-05, 3.0146173113573815e-05]
[-7.615337942218359e-06, -8.185359165455153e-06]
[-2.087591211522022e-05, -1.8163324014372484e-05]
[-6.59990829733545e-05, 1.7500091602812295e-05]
[-3.187289136401955e-05, 4.173530361099853e-05]
[1.8741002089373016e-06, 1.0522093324319415e-05]
[-4.3754830881315154e-05, -2.3455062537161564e-05]
[-6.179922747412414e-05, -1.8159604889267378e-06]
[-1.324417054681705e-05, 3.612240175799794e-05]
[-1.2359283792832965e-05, 3.080397813284494e-05]
[-5.7406749946919966e-05, -6.484947773277572e-06]
[-4.1846954819124704e-05, -2.1106095932102442e-05]
[-1.934625512872712e-06, 1.1584120042498758e-05]
[-3.1715727417142014e-05, 4.320447718809267e-05]
[-6.35803132693416e-05, 1.8337729289746862e-05]
[-2.2970741947431206e-05, -2.2032178112675604e-05]
[-3.3016963465470894e-06, -8.719111059070708e-06]
[-4.9815060592161425e-05, 3.1709643635691176e-05]
[-5.0519407452126464e-05, 3.2647350570749745e-05]
[-4.43755410552138e-06, -2.941114266238193e-06]
[-2.507945216723151e-05, -1.899972510036041e-05]
[-6.379040253193594e-05, 1.0681642022586368e-05]
[-2.4570267617367303e-05, 3.91412862540165e-05]
[9.666630825452827e-07, 1.6069738547432044e-05]
[-4.725023252379057e-05, -1.9833450783490747e-05]
[-5.6285791478732916e-05, -6.747103472787286e-06]
[-8.226212521113621e-06, 3.051611893444342e-05]
[-1.6024381581079133e-05, 3.260262950135866e-05]
[-5.703673187867908e-05, -1.3142589817549677e-06]
[-3.4312678526132734e-05, -2.1420430399474166e-05]
[-1.8476046015347691e-06, 5.57312255544673e-06]
[-3.621131281510842e-05, 4.06603177904169e-05]
[-5.8479144728701415e-05, 2.2964784078718936e-05]
[-1.655006842485318e-05, -1.8833526972281134e-05]
[-6.773970969348175e-06, -1.2977895445468596e-05]
[-5.1228248028844375e-05, 2.64947324376541e-05]
[-4.353944789196873e-05, 3.405671087426676e-05]
[-2.4671471677006895e-06, 2.2538312606512623e-06]
[-2.9086975740971743e-05, -1.8766678754666977e-05]
[-6.063959786638262e-05, 4.401911509910317e-06]
[-1.8105846399937148e-05, 3.571800730351772e-05]
[-9.116888810105361e-07, 2.083694906545447e-05]
[-4.983899631362532e-05, -1.5577908987027267e-05]
[-5.036870303258556e-05, -1.0660937610151855e-05]
[-4.43211574875646e-06, 2.4685148304771226e-05]
[-1.985533411296217e-05, 3.337481102983625e-05]
[-5.571677580829687e-05, 3.7190165783629325e-06]
[-2.7275657427411337e-05, -2.067049657455966e-05]
[-2.7519810657239407e-06, 1.8937903080093466e-07]
[-4.0071392287642504e-05, 3.7253367523887304e-05]
[-5.283588740868754e-05, 2.6689362918011494e-05]
[-1.1180125968762722e-05, -1.4998997609816378e-05]
[-1.0684442594444121e-05, -1.611231269819588e-05]
[-5.171550385154526e-05, 2.1114928606846828e-05]
[-3.670709758715751e-05, 3.441976254685286e-05]
[-1.6121834291865644e-06, 7.217205088436152e-06]
[-3.273277297596855e-05, -1.7584724293778775e-05]
[-5.668531148977224e-05, -1.1987754244269233e-06]
[-1.2568775826848205e-05, 3.16371252272081e-05]
[-3.5623351819034227e-06, 2.4730582380394495e-05]
[-5.147504122879343e-05, -1.0896341723243275e-05]
[-4.423614762462391e-05, -1.3539103215165493e-05]
[-1.8223755944360431e-06, 1.882824998972188e-05]
[-2.3659949351401838e-05, 3.3174437724249606e-05]
[-5.353346744237791e-05, 8.445121567529634e-06]
[-2.0875584091833987e-05, -1.898732871419978e-05]
[-4.483071287406104e-06, -4.457014866489362e-06]
[-4.3184848290151595e-05, 3.315852269045183e-05]
[-4.6835450369306364e-05, 2.9458283624134163e-05]
[-6.891364010400136e-06, -1.0727397077660988e-05]
[-1.4821653668645185e-05, -1.813851664181007e-05]
[-5.1300610930388527e-05, 1.5753638479595877e-05]
[-3.0190337709824766e-05, 3.381085968665737e-05]
[-1.7577547577404817e-06, 1.1790940472829192e-05]
[-3.588075461502527e-05, -1.5592117170476483e-05]
[-5.208140896395541e-05, -6.011921076520821e-06]
[-8.015445269884654e-06, 2.7076295670475092e-05]
[-6.784882847764425e-06, 2.7693218666399733e-05]
[-5.214813891411818e-05, -5.989891313562534e-06]
[-3.806852807648753e-05, -1.5396014587526485e-05]
[-3.282543778529434e-07, 1.3127365256743184e-05]
[-2.7267330800613554e-05, 3.2081948455185694e-05]
[-5.059557273622353e-05, 1.2720404701113686e-05]
[-1.5223837907613058e-05, -1.651824020543896e-05]
[-6.868096835546678e-06, -8.287488592138154e-06]
[-4.547591086331154e-05, 2.855666933333778e-05]
[-4.066052566213327e-05, 3.125272394036149e-05]
[-3.681472109676176e-06, -6.211608531172391e-06]
[-1.8989466631397223e-05, -1.9103804383927003e-05]
[-5.00365433217867e-05, 1.0577848252313338e-05]
[-2.413488855923171e-05, 3.232846476729917e-05]
[-2.7708525916769755e-06, 1.5843566161431732e-05]
[-3.84255138309586e-05, -1.2939444235873787e-05]
[-4.699113627623652e-05, -9.961325144927646e-06]
[-4.470293074211942e-06, 2.2213589742255124e-05]
[-1.0382583631989711e-05, 2.970159731482784e-05]
[-5.188088868012669e-05, -1.0480125673395513e-06]
[-3.20337282319616e-05, -1.627565664885644e-05]
[1.440305493344285e-07, 7.743890796611114e-06]
[-3.0530700045341974e-05, 3.0199658022311837e-05]
[-4.702870442046441e-05, 1.6429108256874048e-05]
[-1.0402352762950429e-05, -1.3421415473519743e-05]
[-9.731507209551071e-06, -1.1254728987542678e-05]
[-4.690303536980696e-05, 2.3629069731689878e-05]
[-3.4486371262763826e-05, 3.2085852817942406e-05]
[-1.5180049778712457e-06, -1.6337460803060588e-06]
[-2.3010973800974277e-05, -1.9082723888862174e-05]
[-4.8001148615570144e-05, 5.734631002840551e-06]
[-1.8661696174201298e-05, 3.0090166367950644e-05]
[-4.5053917835380375e-06, 1.9271735326335804e-05]
[-4.02925398205467e-05, -9.78431190298834e-06]
[-4.158149921751342e-05, -1.3002682446097702e-05]
[-1.927419847534001e-06, 1.722231890841086e-05]
[-1.4167284784708661e-05, 3.076430965901801e-05]
[-5.072511212266678e-05, 3.755799264287818e-06]
[-2.6283104082092112e-05, -1.6247849866507513e-05]
[-2.9124074085729035e-07, 2.8157783647300705e-06]
[-3.3329404515263644e-05, 2.7646890659545342e-05]
[-4.296998719199689e-05, 1.9484293717259016e-05]
[-6.463370035084126e-06, -9.860599944448711e-06]
[-1.2900018729722351e-05, -1.3341598201883909e-05]
[-4.745701580871229e-05, 1.8552162006163497e-05]
[-2.8476198521362045e-05, 3.199981434046095e-05]
[-3.4162179972374584e-07, 2.8390499162631033e-06]
[-2.6731649626327014e-05, -1.8172760797449672e-05]
[-4.529253269073413e-05, 1.348457780298018e-06]
[-1.3865295472375791e-05, 2.7227584885509276e-05]
[-6.807247483395923e-06, 2.2000905365509443e-05]
[-4.143762345751312e-05, -6.286233951990905e-06]
[-3.601798178580473e-05, -1.5122369275796799e-05]
[-3.5291612224264135e-07, 1.2266366972785853e-05]
[-1.7963817463221426e-05, 3.091884560458419e-05]
[-4.875778251104204e-05, 8.267561503350063e-06]
[-2.0948249587343648e-05, -1.5404108029054564e-05]
[-1.5040611816841132e-06, -1.544521731379478e-06]
[-3.5570104997252605e-05, 2.4555026600175944e-05]
[-3.85628474018386e-05, 2.1827934171103625e-05]
[-3.4300263930531205e-06, -6.0000138623287486e-06]
[-1.6207257515762907e-05, -1.4559313831256915e-05]
[-4.7158419464603946e-05, 1.3492872642045795e-05]
[-2.2777236470813284e-05, 3.106217396558336e-05]
[-6.981901114200273e-08, 7.058112696523011e-06]
[-3.00217091289412e-05, -1.6489735111355208e-05]
[-4.2024274091487235e-05, -2.480671163720971e-06]
[-9.813031479454577e-06, 2.3881296921659037e-05]
[-9.519174358718695e-06, 2.398520068761824e-05]
[-4.1845513954238966e-05, -2.60183538894343e-06]
[-3.0459708831351295e-05, -1.6335496605957012e-05]
[3.121995153509971e-07, 7.496113784477565e-06]
[-2.161374495920909e-05, 3.0228103750015722e-05]
[-4.6076611683168456e-05, 1.2355592230200996e-05]
[-1.6138564933043664e-05, -1.3853217827347608e-05]
[-3.353554735671671e-06, -5.251275639871558e-06]
[-3.718715856951618e-05, 2.1062590089479527e-05]
[-3.395204572126387e-05, 2.3430221266898532e-05]
[-1.2977086036869423e-06, -1.9996050293139e-06]
[-1.9497909100232858e-05, -1.4944981898974696e-05]
[-4.605444195893496e-05, 8.604526135727597e-06]
[-1.7517526928967353e-05, 2.93619456082847e-05]
[-6.010297007932874e-07, 1.0895999515231347e-05]
[-3.2777658524052455e-05, -1.4163040524012294e-05]
[-3.8320595536947555e-05, -5.678280061219287e-06]
[-6.545101054218974e-06, 2.019590324942727e-05]
[-1.2485486608626237e-05, 2.5206509459970577e-05]
[-4.152790251275851e-05, 1.1195236762628902e-06]
[-2.5055144284427677e-05, -1.6683323169744413e-05]
[1.4854557262022894e-07, 3.0450175749208164e-06]
[-2.4978412434796538e-05, 2.877648319457582e-05]
[-4.279542102025857e-05, 1.5912508656706903e-05]
[-1.1939634855531733e-05, -1.1716669993357826e-05]
[-5.6927911425835864e-06, -8.245861889967857e-06]
[-3.8142232448183655e-05, 1.7310500873821133e-05]
[-2.92790608618608e-05, 2.428815185880756e-05]
[-3.6092278665744715e-08, 1.989257837124031e-06]
[-2.2631294436775695e-05, -1.4558585331753138e-05]
[-4.42152926026923e-05, 4.02341788827143e-06]
[-1.2803484840975127e-05, 2.7005323569324197e-05]
[-1.818960105849643e-06, 1.4248468504708678e-05]
[-3.492304455270101e-05, -1.13308566104392e-05]
[-3.431161566438967e-05, -8.195680492095736e-06]
[-4.075359704574372e-06, 1.6315356348703403e-05]
[-1.555638913632723e-05, 2.567288226860108e-05]
[-4.052082220041414e-05, 4.739616140128633e-06]
[-1.9938399112434668e-05, -1.6230132350567028e-05]
[-7.454334237377847e-07, -9.730961977386099e-07]
[-2.7941260190463002e-05, 2.666568048641932e-05]
[-3.903942393624488e-05, 1.8856430958086312e-05]
[-8.412405368793396e-06, -9.124069789971656e-06]
[-8.373434084552045e-06, -1.0496389649068683e-05]
[-3.842320243645464e-05, 1.343760178558473e-05]
[-2.4677919212165444e-05, 2.4423474758492048e-05]
[4.0823144668855615e-07, 5.827565192594031e-06]
[-2.5484310542764343e-05, -1.3479539448024713e-05]
[-4.173022729080794e-05, -1.3390265701795911e-07]
[-8.718238376750204e-06, 2.411124535021958e-05]
[-3.5970342991444026e-06, 1.7035678236691082e-05]
[-3.6408429298584455e-05, -8.135458891722624e-06]
[-3.012879710846683e-05, -1.0009486353795838e-05]
[-2.3928221226307556e-06, 1.2378651802792684e-05]
[-1.8591864516671885e-05, 2.5416315295515718e-05]
[-3.8881565146153124e-05, 8.13463624310673e-06]
[-1.5226205885829347e-05, -1.5059686170645903e-05]
[-2.257530180488354e-06, -4.466011349941665e-06]
[-3.040938305999205e-05, 2.401031702332912e-05]
[-3.49405435922448e-05, 2.1131407731786456e-05]
[-5.593127566719258e-06, -6.208648286931684e-06]
[-1.1250109871158154e-05, -1.1996598083995752e-05]
[-3.804240578692171e-05, 9.576562965948887e-06]
[-2.027155043389864e-05, 2.3880090101374707e-05]
[1.0864692222972705e-07, 9.391851156920206e-06]
[-2.7953693437068883e-05, -1.1802931712198705e-05]
[-3.870335016332993e-05, -3.772611437261042e-06]
[-5.320743349284426e-06, 2.0806910228526182e-05]
[-5.802821851613954e-06, 1.9202626215917076e-05]
[-3.7210635890252974e-05, -4.718743367229661e-06]
[-2.590069695027064e-05, -1.1120440658859976e-05]
[-1.4637713933798868e-06, 8.515973776185293e-06]
[-2.1465036607156568e-05, 2.4490012599825972e-05]
[-3.6685225733719753e-05, 1.1197855121464206e-05]
[-1.101559737284874e-05, -1.32713746349572e-05]
[-4.265965728139642e-06, -7.364354528995726e-06]
[-3.2314338784904945e-05, 2.0933520741103773e-05]
[-3.06328840538779e-05, 2.2707097559263034e-05]
[-3.494020306027412e-06, -3.102988050214181e-06]
[-1.4184396648339592e-05, -1.2764110881469115e-05]
[-3.703433195621081e-05, 5.850248942049219e-06]
[-1.616873145643752e-05, 2.272100423275289e-05]
[-8.449639668367537e-07, 1.2576732619101055e-05]
[-2.9957580826231456e-05, -9.635565518320566e-06]
[-3.524930587263386e-05, -6.820844434526907e-06]
[-2.645647829039449e-06, 1.722337350350961e-05]
[-8.30233052332048e-06, 2.0718860821000717e-05]
[-3.733132724267202e-05, -1.2180709891423946e-06]
[-2.174911302019189e-05, -1.1551628589762108e-05]
[-1.2343806096229426e-06, 4.845368992461435e-06]
[-2.406494914652252e-05, 2.296523132878925e-05]
[-3.402098344533044e-05, 1.3841609428272283e-05]
[-7.382307312786551e-06, -1.0976181020104503e-05]
[-6.643586907800758e-06, -9.62209697361223e-06]
[-3.3612227644119405e-05, 1.7562581232699603e-05]
[-2.624846352188709e-05, 2.357775907709664e-05]
[-2.104587351794973e-06, 6.49347724826499e-08]
[-1.7048349110163064e-05, -1.28381328220184e-05]
[-3.545284566144197e-05, 2.368618677514589e-06]
[-1.2461664000547323e-05, 2.102494890622586e-05]
[-2.3499521583578153e-06, 1.5296771611571225e-05]
[-3.14363716113486e-05, -7.091927073626936e-06]
[-3.148898163905789e-05, -9.230199656554139e-06]
[-7.038642706215514e-07, 1.349132949769044e-05]
[-1.0964054976598386e-05, 2.157751903569642e-05]
[-3.679499446330309e-05, 2.237475898447805e-06]
[-1.7785704920475487e-05, -1.1346163487989391e-05]
[-1.6337427907464619e-06, 1.4700058853095443e-06]
[-2.629871663964098e-05, 2.0927819300090023e-05]
[-3.09882405904946e-05, 1.5998608114811685e-05]
[-4.379892220657267e-06, -8.292582639955401e-06]
[-9.26195458421375e-06, -1.121635395141124e-05]
[-3.428308354462735e-05, 1.4024789945957239e-05]
[-2.191330668825653e-05, 2.376061728020379e-05]
[-1.3935111317087134e-06, 3.1753032768942757e-06]
[-1.9727490284560112e-05, -1.2276685409443044e-05]
[-3.33680446301457e-05, -7.737886626724144e-07]
[-9.224211746169594e-06, 1.8882777517657476e-05]
[-4.294766451464968e-06, 1.7487649331460187e-05]
[-3.235289821418297e-05, -4.290190660796722e-06]
[-2.7545332540443446e-05, -1.0975536894636262e-05]
[5.16209011841573e-07, 9.737185446154206e-06]
[-1.366268525491987e-05, 2.1793756696253386e-05]
[-3.5646443418368284e-05, 5.5303484837732064e-06]
[-1.4109152431593386e-05, -1.0564441967925164e-05]
[-2.5771991000872463e-06, -1.5239418922844555e-06]
[-2.809302310310957e-05, 1.847455799093567e-05]
[-2.7692728598007615e-05, 1.7622561342411913e-05]
[-2.0395544868268e-06, -5.342502494789028e-06]
[-1.1995215987700703e-05, -1.2146528767013887e-05]
[-3.43296334424318e-05, 1.0443566409820693e-05]
[-1.7743979358622597e-05, 2.3293686899003574e-05]
[-1.3110341651190183e-06, 6.119534116506842e-06]
[-2.2123219687697482e-05, -1.1153485762235849e-05]
[-3.086285937326655e-05, -3.4997476373865855e-06]
