[620.92342275922, -669.5439350755037]
[51.094085876357106, -24.731398846298994]
[-33.670943141587586, -28.64172390676042]
[-25.13352101380614, 15.285838413156576]
[17.751258914187495, -7.591583549977283]
[20.5199072576197, -21.997039949782447]
[24.295452521615204, 11.912024261145206]
[4.693065082854975, -2.0609735134040204]
[3.9465059039517754, 0.14889895551890397]
[2.4286875368667022, 1.3045627181025754]
[-3.016339638454636, -10.565795618658015]
[-1.1627980602275247, -6.696738821127009]
[-2.3815965543160393, -4.323097354356209]
[-1.6929237883936716, -3.011076104587297]
[-1.7249471588613248, -0.8056064048632954]
[0.8821228949487931, -0.30649987275014645]
[1.270857381771433, -1.896609764686307]
[-0.6666336738291769, -1.415392637779913]
[1.4611684594171064, 0.03991466964846424]
[-0.004090041539269951, -0.5401607016361454]
[0.28861945315970283, 0.9414827469861153]
[2.7166017041280637, 0.13993567702668797]
[0.4609318129166704, 0.8134225585960841]
[1.3642925116854587, 0.5591812076933418]
[0.36851089104875223, 0.7159231507973329]
[0.3014318727754626, 0.8990857148166649]
[-0.2250886046149856, 0.017720647160973435]
[0.9444188447945447, -0.33393399554964454]
[0.19687987543692387, 0.08080379956826]
[0.44805431786965455, -0.41407202801455023]
[0.6423947509105394, 0.44258746322565656]
[0.3526733723647655, 0.41097053582917953]
[0.7877947529574505, 0.2001083533033059]
[0.2548751970106098, -0.5584516616476582]
[0.7151601132646319, 0.05011409164074365]
[0.23352206618068116, -0.7626072020659715]
[0.36845978827618975, 0.18791446208246398]
[0.8560498236852014, -0.00042180666103197595]
[0.06390814315199433, 0.06650327263354505]
[0.5127885651626887, 0.10525107215710205]
[0.04161430667936594, -0.10561618341221912]
[-0.10838321030938403, 0.09943032878582292]
[-0.1574370088902899, 0.01729499151279601]
[0.3919002404481753, 0.010613051833273435]
[-0.19354196820821157, 0.18587485494251776]
[0.4668593638235725, -0.14064407066348572]
[-0.00045770049072180186, 0.3095002087331018]
[0.016726269061609678, 0.14782874438019045]
[0.08436618024073406, 0.31216121191174917]
[0.12940476732505513, -0.1931219370339341]
[0.043293654437566165, 0.1411624222185095]
[0.23835070655218216, -0.4956985077100644]
[0.06112493193525892, 0.0626511661558018]
[0.27041800788617243, 0.0017912228578715883]
[0.048976411603535164, 0.08797452075712986]
[0.21431415979678992, 0.10534084083729245]
[0.021752936305865278, -0.006847653509545637]
[-0.051186285413113985, -0.15953628339190784]
[0.033959097643127434, -0.016671857753860486]
[0.15186229643656368, -0.09844784599422174]
[-0.052356168036269635, 0.1193440746942187]
[0.32126806335639646, -0.07895194914685155]
[-0.06469307976032002, 0.13171019402871664]
[0.0010717097682286791, -0.0698280709808865]
[0.0690218777629732, 0.07352453758223021]
[0.029827462767508806, -0.10429442025133606]
[0.017987574923690186, 0.006278840311362721]
[0.24306177509058546, -0.2168433244706538]
[-0.06155674322325999, -0.031329708772576126]
[0.16090965050280115, 0.0004666083022479839]
[0.017523547955249352, 0.056247512669534316]
[0.10282581531011736, 0.12988082984492166]
[0.01145663959976595, 0.09334810937980009]
[0.026651075448778094, -0.12231023705232014]
[-0.03670192258232308, -0.01142477157484123]
[0.051199745930912144, -0.12355270754934122]
[-0.03188138652734074, 0.07412762667128625]
[0.14795543474061645, -0.022001301268695483]
[-0.02346839832003489, 0.12844293174348653]
[0.011943979796452453, -0.07300157797693951]
[0.09303815256460857, -0.014434441831752132]
[-0.028262726558123674, -0.0913934273980268]
[0.08044101567403994, -0.04157585937951236]
[0.15836168068096246, -0.09925608491159355]
[-0.05661866223092826, 0.0062154552445985445]
[0.13498702532861273, -0.03846515388074989]
[-0.00130273958860333, 0.039188868200039195]
[0.02436893217089864, 0.0488241458357368]
[0.03283730619495723, 0.07721088243871055]
[0.0261462890599784, -0.08017228584501201]
[-0.08524688121181734, 0.0004452013303346547]
[0.03834630648644133, -0.12044290095335541]
[-0.0623138318411019, 0.027763558345175632]
[0.07086600441726532, -0.0011732761624281274]
[0.009524645646488111, 0.12652339900872533]
[0.04583750930628128, -0.0026116171342026595]
[0.04573000837945729, 0.007410578049667826]
[0.005666266890234972, -0.05553177933833492]
[0.044727765233459615, -0.04565829965313206]
[0.09728907040085666, -0.042793970704301465]
[-0.062001005627058126, 0.06112450768664779]
[0.11465592372312461, -0.016223798236053633]
[-0.03636694071376173, 0.058819019485633284]
[0.012002930101392195, 0.007264630618799617]
[0.049417129210739735, 0.024789016334574754]
[-0.003355815649031868, -0.0445706306043962]
[-0.054803145906087675, 0.006884428846234414]
[0.044869477933832336, -0.09948622597632514]
[-0.06725477177438205, 0.019949341416465316]
[0.06716455525117482, -0.03512435013690836]
[0.050020054115749335, 0.08423925287959033]
[0.05740120994583631, 0.005129865914732506]
[0.037672264862121774, 0.018846665583049926]
[0.028623468482729564, -0.052019901975091674]
[-0.016139989384884423, -0.059299629753325256]
[0.0631731408413696, -0.05869357628670188]
[-0.047142779728892914, 0.04975086733979861]
[0.08770343224318111, -0.009456932739810187]
[-0.0309785333784105, 0.06201313641467365]
[0.023783742730235424, 0.011996702171992363]
[0.035008360403844474, -0.02178072937216058]
[-0.01634821222154592, -0.030149576094181285]
[-0.02026027939369701, 0.003658394159256062]
[0.0444594627408339, -0.07243181787834796]
[-0.059718324379837706, 0.04154754029224694]
[0.07954535511650818, -0.04189181006946474]
[0.040619849608514835, 0.04437232869713714]
[0.0381097980542382, -0.002026823429112423]
[0.03477064877811398, 0.01357440785084929]
[0.008320686396456445, -0.04285710544914789]
[-0.05200371670713422, -0.039157540036903526]
[0.03811383767282894, -0.07022654237530324]
[-0.03233540885817987, 0.029112259449508127]
[0.05819168815677278, -0.018484444646862386]
[0.001454598731849277, 0.07198537583742581]
[0.020244447517413278, 0.017199853581215674]
[0.018899140082762056, -0.007770821135930639]
[-0.01038171906244667, -0.038131449187635]
[0.001695484974691075, 0.007177760981626591]
[0.03657120765030042, -0.0721629435538007]
[-0.03655540911153676, 0.06636146435414814]
[0.08117595038438408, -0.030017753989535767]
[0.01974569192112763, 0.03279165948955409]
[0.033596544858287114, 0.0003788332926281113]
[0.03492516987561367, -0.0028566493097583745]
[-0.01098952935176678, -0.026428724734726017]
[-0.04846408426914972, -0.013587663336920741]
[0.03546541604388764, -0.05364699139289453]
[-0.03459167390452422, 0.01962407867046556]
[0.05928219853219474, -0.017761942768930394]
[0.017743618405098083, 0.059976091901953854]
[0.013426870804616353, 0.018773161041051978]
[0.0012116681471285862, 0.013733152724993758]
[-0.004703428907352869, -0.03849887763789872]
[-0.014794255346856966, 0.0012251829487741617]
[0.03474434508053248, -0.07884800457380292]
[-0.023171705803294973, 0.05931466286757381]
[0.06578486422661145, -0.018814945667268157]
[0.0006783595269594933, 0.03316853249215468]
[0.029994882140645718, 0.009701509710763112]
[0.02114120424471677, -0.008090581053173729]
[-0.016602728349055962, -0.032160113978230154]
[-0.02829297818270593, 0.006580865954545434]
[0.032912999629659545, -0.04566341990908418]
[-0.035574369672085604, 0.028742932712038982]
[0.06386771697811389, -0.017579577985917583]
[0.01349361059126597, 0.044316706371082315]
[0.005761752011262278, 0.0036606848557421134]
[0.0029811203966152444, 0.022006544676571593]
[-0.007614737383838666, -0.0352416616768676]
[-0.025242771064589276, -0.00550654740218981]
[0.04000087428632959, -0.07092829079069429]
[-0.01844212362661013, 0.028324907966074786]
[0.05185374737545567, -0.014362965598574862]
[-0.0055835238929158315, 0.03156527394073283]
[0.022952660124076818, 0.01961490100794938]
[0.005214109625920393, -0.004664144552145366]
[-0.0059269213066168724, -0.03832180196637558]
[-0.019061103646962785, 0.006038766411929242]
[0.024446985464793514, -0.049700539378714215]
[-0.03762582429825878, 0.036845767479452896]
[0.05677704337515177, -0.014006791996019174]
[0.00041313669796494423, 0.04020133774962087]
[0.005355020260006338, -0.009878905577419106]
[0.013625643232447526, 0.020612086607340263]
[-0.01649372036419461, -0.0351007929761642]
[-0.017135369053541183, -6.423264440291732e-05]
[0.04055140229437848, -0.054738669903062975]
[-0.018020944883370138, 0.016793581020453363]
[0.04625852781144468, -0.016361540746797187]
[0.002293581165788261, 0.03361323284252693]
[0.008577168927450973, 0.017830555342311483]
[0.0036571505260871717, 0.0061578979077197005]
[0.0002507867667556063, -0.0338136325579701]
[-0.018044549412163935, -0.0018105324705279813]
[0.02012699016268993, -0.053808291924323015]
[-0.0335640683682068, 0.031153456881777508]
[0.04162889967174088, -0.006392630785798437]
[-0.006727240169853044, 0.03738342303111697]
[0.012645542047371006, -0.0063297420741101895]
[0.014510881818644794, 0.012778613775171088]
[-0.013188865103081593, -0.03518501564581866]
[-0.011799019388843757, -0.0002418761653206758]
[0.0367296561695718, -0.0363817721030717]
[-0.0284076439756209, 0.020082030166020726]
[0.04666272940671412, -0.014645684522734292]
[-0.0034878727562936973, 0.03630174967050381]
[-0.0004977905816212491, 0.007873187673863136]
[0.0050476851432281755, 0.014321681340490056]
[-0.0033822848604523337, -0.022815586376378594]
[-0.02154059839733069, -0.002636165673819857]
[0.02036392520949093, -0.05007149517529319]
[-0.030941960154970083, 0.025441519483869968]
[0.02833597600477855, -0.008549639582254631]
[-0.00219762011187985, 0.0397381940931516]
[0.01685057922055755, 0.0012789531788794939]
[0.014499814658748278, 0.009185175772884913]
[-0.0020688412725560212, -0.03602000917389825]
[-0.013058866189876728, -0.007093576917860167]
[0.027366991158569665, -0.033162219291297035]
[-0.033480135881398976, 0.02286395972448929]
[0.047486884659164286, -0.01261144557373628]
[-0.009748133304757545, 0.03426181506170467]
[0.004342826984341075, -0.002682052937195145]
[0.006747695923348562, 0.0063205034159048434]
[-0.00712611853380829, -0.018346588108383965]
[-0.020825945003324797, -0.003872018269859945]
[0.025946023763745663, -0.04225950645143195]
[-0.03042426989241731, 0.022133694908335944]
[0.02951164042896992, -0.015971999687246274]
[0.00565936736104522, 0.035417011120648434]
[0.015003887143809624, 0.004918239361758836]
[0.014674716774680796, 0.007334371391944039]
[0.004092250218603821, -0.029981245858052397]
[-0.01816323147493648, -0.010480777975378164]
[0.017170808816561633, -0.03670013720755616]
[-0.0294409133938367, 0.02151985794563771]
[0.03705397667134158, -0.00846583265762968]
[-0.0066681086946243084, 0.03487945894168498]
[0.008167033830536408, -0.004661573124117968]
[0.006772417375890072, 0.0020996762278897574]
[-0.012066927704072361, -0.020600695291328908]
[-0.015001205599913359, -0.002578861796676657]
[0.022911572604996655, -0.035570795431442814]
[-0.027792458770080408, 0.027266772389777927]
[0.03400641668044968, -0.020704580272893125]
[0.006729600198118302, 0.03048109496497764]
[0.011782219548174488, 0.0035693399107046275]
[0.015445138347752518, 0.005399051982904357]
[0.0034113537383766435, -0.019260502918135636]
[-0.021577082926563573, -0.007514108073689796]
[0.01627124789508816, -0.03680373410586446]
[-0.0257398060124836, 0.018592382957699938]
[0.030126800579441504, -0.006902856914750899]
[0.0011011371660347713, 0.03441620757125863]
[0.01271821692542563, 0.0018429889747118011]
[0.004307274595096722, 0.003998628466653442]
[-0.010195924942230983, -0.02294374282278433]
[-0.014952196771059967, -0.002724471854121835]
[0.017012010068892858, -0.034308191297176105]
[-0.02347121452673573, 0.030590611030705595]
[0.03711714683595013, -0.018725090850945758]
[0.0003598351999274385, 0.02694457760677149]
[0.010358447313859154, 0.0016514173874839777]
[0.011308444183292465, 0.000899249099434507]
[-0.0021324877301838185, -0.014555499441512687]
[-0.021080940806712967, -0.0002644442091808141]
[0.019186665092285282, -0.034811718874278696]
[-0.02582280957744576, 0.019103623019684823]
[0.03023979519186404, -0.010427143011405793]
[0.00540911542514344, 0.030207684101451804]
[0.01325987317851407, 0.00473625741548056]
[0.0036186599155656474, 0.00924455292213533]
[-0.0042052596267330156, -0.0238319049409621]
[-0.01622400737558527, -0.0030292964785280097]
[0.01656029890495081, -0.036774328539495915]
[-0.016177884756039873, 0.023489785229817484]
[0.03688940733627166, -0.01364930793815855]
[-0.0019784344086062333, 0.024121073718569086]
[0.01170386699242243, 0.002040857581762756]
[0.006480518879217634, -0.003573556574645642]
[-0.005736404481915702, -0.015155778713470625]
[-0.014725760906951546, 0.0009596679211770764]
[0.017894444965839473, -0.03210369141965308]
[-0.02623014409512514, 0.02102473849806996]
[0.029931144718194247, -0.01292639208393287]
[0.002175836631282735, 0.024909333026414626]
[0.008335443545350651, 0.0029710309341073327]
[0.005678555961641019, 0.012794772557397416]
[-0.004713235085315737, -0.021791849464835922]
[-0.01674517071159376, 0.00019538723883216758]
[0.017062576325022782, -0.03699263824821619]
[-0.013680513270044603, 0.016983187390396115]
[0.032490347889789106, -0.010828267988139295]
[0.0004932066104075261, 0.02597025894054894]
[0.01103743283962938, 0.004397734599972836]
[0.0031711586416436344, 0.0006069931625476421]
[-0.005940877877387174, -0.01759814680079952]
[-0.00933211345411511, -0.00031820072281521505]
[0.015547538660188376, -0.031699845649876934]
[-0.022111162905614545, 0.022756004423784365]
[0.029252190562046143, -0.01177908653605475]
[-0.0028453248414832544, 0.02190249586038756]
[0.006674768921578644, 0.0003149705148874915]
[0.00915169754241707, 0.009855255844730917]
[-0.005351300637043532, -0.02059352195913]
[-0.013721634086818701, 0.0020216588689264126]
[0.019263339078592484, -0.03236829613556136]
[-0.017129739221259266, 0.01233895150972425]
[0.030483800712353792, -0.009680334680025382]
[0.00040159943917328356, 0.025699116754105855]
[0.008350782252953437, 0.005396837057799475]
[0.000553579086703726, 0.00836318510023316]
[-0.004023254524275044, -0.01678529609368007]
[-0.011129013076893068, -0.0014028224876214846]
[0.014380598750324311, -0.030392182385991395]
[-0.019546693104564028, 0.02170454624025203]
[0.025659584328587726, -0.008996974088585574]
[-0.006244823665324084, 0.025429274572211107]
[0.007658393792278881, 0.00045650109307859843]
[0.009944010813010218, 0.006643683312306525]
[-0.003970157286297592, -0.01963552602306251]
[-0.008903531359207184, 0.0010167602649701762]
[0.01791540139317814, -0.02731489984470592]
[-0.02133935413346455, 0.012023675894077615]
[0.029837857635339478, -0.009055086326439588]
[-0.001123502186037184, 0.022777576043107928]
[0.006702529072177995, 0.00226379532113552]
[0.002892443478343276, 0.01012545734603243]
[-0.0034770499542247993, -0.015294655964588788]
[-0.013899493236653626, -0.0034287884177184313]
[0.015436335459245235, -0.029569009005957048]
[-0.018655842806415412, 0.017123638248250833]
[0.02313922177161999, -0.01035634049764833]
[-0.003984903431513809, 0.027622595664627436]
[0.00900492244601013, 0.0013555865376386755]
[0.008060143292010435, 0.004796651645945921]
[-0.000970703393735034, -0.018718234593422256]
[-0.007375807619914632, -0.002369212290876388]
[0.014352475691874936, -0.025339915224681597]
[-0.022673514485878732, 0.014323538452390011]
[0.026684464796942003, -0.006684035217125572]
[-0.003463702914305866, 0.021008444321559155]
[0.006546596556660789, -0.00020077717238531356]
[0.006402684352063925, 0.007910513472707964]
[-0.005786958439571194, -0.014292435574770002]
[-0.013710607890426108, -0.002754439291597216]
[0.014766284454110379, -0.026241275393516617]
[-0.018451784036100927, 0.014690217617344348]
[0.022606121326773337, -0.013336528992217822]
[0.00033447825209842463, 0.026881146075670437]
[0.008473876290667731, 0.0010121687016031444]
[0.007350419743488934, 0.0054961456102256]
[0.0016913301413346848, -0.01589466188457156]
[-0.009004547857481504, -0.0049165429770865465]
[0.012374354631299433, -0.02556255622139436]
[-0.020823592481991948, 0.015527160888642644]
[0.022709903884826438, -0.005636668862800787]
[-0.003560799590095698, 0.02208556580311022]
[0.009047497806364463, 0.0012174914345297605]
[0.007702649355615265, 0.0051326699170943235]
[-0.006307745133049908, -0.013254617949664094]
[-0.011938989006631151, -0.0011705264486881473]
[0.0119059990884674, -0.021877613422291886]
[-0.01876726769194581, 0.015671672070792786]
[0.02447464760369303, -0.012470222645315499]
[0.001432717993864907, 0.023996483119465783]
[0.007621814705722624, 0.001202839257062993]
[0.006270603949896425, 0.004948432476192366]
[0.0006055420824793711, -0.010709795964631508]
[-0.012878429336535602, -0.004591291208583315]
[0.012349703894425412, -0.025261562881929156]
[-0.01985351495715737, 0.014940060807581701]
[0.02011182649111498, -0.007409956117922056]
[-0.0023656359407353555, 0.022335386825940717]
[0.01037790726997695, 0.0033773838792006128]
[0.005569620503415584, 0.004327964894892455]
[-0.0038576769209667516, -0.014500578957075017]
[-0.010406224675186149, -0.0006860777616415903]
[0.01004821608881476, -0.022651918330603094]
[-0.016658541653534087, 0.016096831914377996]
[0.026475309813441678, -0.010605403104387456]
[0.0010920340291454278, 0.020078059532871673]
[0.009447919526733461, -0.0001357114994863795]
[0.006226459326806655, 0.002493410584867406]
[-0.0021233549672590724, -0.008564170890761946]
[-0.012440952421816698, -0.003426011189863881]
[0.013092938631522638, -0.023313629260750368]
[-0.01856350139028301, 0.013177822884366086]
[0.019830472513475, -0.010071317680678094]
[-0.0012792374522298533, 0.01996685517473193]
[0.008425731467698316, 0.004607707989483956]
[0.003948647710280306, 0.005204124566201118]
[-0.0022295174965671904, -0.013738633915253318]
[-0.010549982951003234, -0.0011475674407730452]
[0.008730403673179343, -0.02476139242742076]
[-0.014423013144589936, 0.014495294010904686]
[0.024738653024877183, -0.00840377608351267]
[0.00016499035015182795, 0.018771061662511385]
[0.010934841749688146, 0.0009475122662171986]
[0.005273379379040238, 0.00221131747594569]
[-0.0048800379421705675, -0.00938948299658418]
[-0.00940283002424036, -0.0013462019867117592]
[0.01197994577055686, -0.021030658351496284]
[-0.016245717982400043, 0.01409071080635843]
[0.021439424939862783, -0.010913080456474766]
[-0.001005336621603875, 0.018616406337005065]
[0.005786837643724785, 0.003678051901509799]
[0.005169210136569818, 0.006240803191901123]
[-0.002299514415102344, -0.011767623169565977]
[-0.009560903771690638, -0.00034057326312235403]
[0.009862467321042664, -0.025343478784937173]
[-0.013235846314500047, 0.011239895238858988]
[0.022116534025556203, -0.006832642737766723]
[-0.0005279205585168728, 0.017834734077942963]
[0.010598521534210953, 0.0038711930848460974]
[0.002681246137497817, 0.003977915024884385]
[-0.00458298047423937, -0.010689308932642444]
[-0.008568626803529253, -0.0012111030327774802]
[0.010312552778724123, -0.019507916244443223]
[-0.015545347424499187, 0.014212953189389636]
[0.022456412160292427, -0.00889685331575394]
[-0.0036980718645400652, 0.018808251007820534]
[0.005556115983006288, 0.0015968592165018398]
[0.005581716633145363, 0.006248783480704971]
[-0.002918816506616748, -0.010516413469975264]
[-0.0073323671469016525, 0.0005144639800203979]
[0.011914596821310242, -0.0235546773215175]
[-0.014308362950024977, 0.00925011307227979]
[0.020556077014298423, -0.007312258457220194]
[-0.0007153088649372516, 0.01685794100699945]
[0.008710455323559976, 0.004549542623533673]
[0.0028934373775923103, 0.006435669266080829]
[-0.0030863178491245674, -0.01140660106350868]
[-0.008840741346077194, -0.0026366552626141543]
[0.00887138327901843, -0.02036977928505182]
[-0.014432402022239374, 0.012103400460288516]
[0.020962991898648614, -0.007577058699075739]
[-0.004472182303035532, 0.01957904809426153]
[0.0067881088687963415, 0.00039607908310936024]
[0.00525454310997929, 0.004965601155294569]
[-0.0031310889761842764, -0.01076620278701522]
[-0.005296856813201425, -0.0008303897439865815]
[0.012383056571277307, -0.020431183150918908]
[-0.01602013372484551, 0.00955322328185626]
[0.020117153190500114, -0.00731441886411327]
[-0.002274479612591515, 0.015888196616528155]
[0.00663336365413425, 0.003849066568489351]
[0.004650988905636033, 0.007273946128367598]
[-0.002634050186378717, -0.010268764460831303]
[-0.009486058387969204, -0.002395205791220989]
[0.008169667912747897, -0.020369832672372024]
[-0.013988803987444454, 0.00976327306807595]
[0.017929491682825316, -0.007368931887698965]
[-0.0025936789881018107, 0.020380751034176692]
[0.006946478200364481, 0.00045250817760852935]
[0.005012366727121603, 0.005065360369714278]
[-0.002408754397758117, -0.011205290475210683]
[-0.004541481070977071, -0.0029875917774969674]
[0.010407635574011143, -0.018528402545997635]
[-0.016024487884722022, 0.010868297189196408]
[0.019035466122894695, -0.007102110241348769]
[-0.004036620743024383, 0.016445761949116733]
[0.006173901139112925, 0.0022099591502920124]
[0.006139523710269185, 0.006164496824930588]
[-0.002846420584895981, -0.008714900451951113]
[-0.009051256480438169, -0.0010358057585038716]
[0.008137492232626276, -0.018646414284669593]
[-0.015366436365088332, 0.009132952748119816]
[0.01687083392547223, -0.007634313804534165]
[-0.0005313651161645006, 0.019589729918432663]
[0.007188356853123801, 0.001546330188353956]
[0.004693609664434578, 0.005488905540261935]
[-0.0013024458832707753, -0.009035615696659394]
[-0.006757206975419344, -0.004880784975480945]
[0.008506464568219851, -0.01753869085833487]
[-0.015242308532504606, 0.010911715094640617]
[0.017255475924602193, -0.006636201915723089]
[-0.004757922120897484, 0.017403916156777832]
[0.006733119014960487, 0.0018597363190269445]
[0.005301346289376174, 0.004165376885418404]
[-0.003216926532241482, -0.008523322962306623]
[-0.00795411594789569, -0.0002632015173396063]
[0.007511226716984121, -0.017803442439943334]
[-0.016181504922256257, 0.010603988407841158]
[0.017462771423323753, -0.008610010729446615]
[-5.202073751006675e-05, 0.017246619623634718]
[0.007709792369075541, 0.0011209690291967]
[0.005019457347916451, 0.00529977295382511]
[-0.0012034324202121471, -0.007165347976056752]
[-0.008850854998742858, -0.004704787304896874]
[0.008150126554148374, -0.01701373919718313]
[-0.013965680895095617, 0.009205231114861934]
[0.016114912766475253, -0.007009416923473871]
[-0.0035686949933442513, 0.017169906004287028]
[0.007238698736581228, 0.0028180805628639505]
[0.003745850024638425, 0.00285764258276644]
[-0.0025705970657668997, -0.008176346903460585]
[-0.006876925798462136, -0.0013924462798680093]
[0.0062087155334240585, -0.017777183102432953]
[-0.015095926504823332, 0.011187961561527349]
[0.017638494933800652, -0.00852518959299714]
[-0.0012599537269886857, 0.014938567108147227]
[0.008087141390096253, 0.0007785918800331804]
[0.005160425242202379, 0.004172378773584118]
[-0.003016332014835643, -0.006450279221111549]
[-0.009155337491202037, -0.002665376648943063]
[0.007136099040186861, -0.016332608278617433]
[-0.013455333439810174, 0.008586213137919074]
[0.015754032208716517, -0.008093901228732658]
[-0.0016130047324144359, 0.016869868123566056]
[0.006215851182360788, 0.0033013989780183717]
[0.003135043182401709, 0.004172318114455509]
[-0.0024700465714935227, -0.007169939922092444]
[-0.006140265531792019, -0.0016253569323106953]
[0.0057620993434440715, -0.018500405512777734]
[-0.012439934775257858, 0.010719723257259783]
[0.01698414817162741, -0.007317992078727839]
[-0.0021943476912143767, 0.014022283818874604]
[0.008587546029388826, 0.0021530384783765427]
[0.004168616435665035, 0.003075173481012494]
[-0.0038525921060895696, -0.006611013088799633]
[-0.008087474546211476, -0.0013910780173548298]
[0.006379516175034627, -0.015346548374149949]
[-0.01387554034865345, 0.008388421160831383]
[0.016750876364306833, -0.007838776330153466]
[-0.0020961724853382257, 0.015272694077577031]
[0.005623800229754949, 0.0026426599841547008]
[0.002669774033224888, 0.00566192703619639]
[-0.002706870252197957, -0.006243799860024081]
[-0.0063241098658625775, -0.0012442796652208932]
[0.007089162996471443, -0.018392508232484166]
[-0.011355589383173714, 0.00902060387314052]
[0.016039345214360345, -0.0069182496678172785]
[-0.0028299371017780142, 0.014242566245498245]
[0.008355105001278895, 0.003679244941544294]
[0.0030656395599969882, 0.003751536911219988]
[-0.003171420176560913, -0.007345858461218]
[-0.006619293031911014, -0.001284721005821221]
[0.005311455884833727, -0.015618737365923865]
[-0.013484326996828722, 0.008274638197984019]
[0.016866470951367507, -0.0070184065075040054]
[-0.00326206049340598, 0.014146795720281213]
[0.005773420155145814, 0.001210040068491812]
[0.0034489577702852825, 0.005546697751238283]
[-0.0035228237608212476, -0.0065096322479718804]
[-0.00570940952483881, -0.0015200506455221863]
[0.008197163903437832, -0.017120091582714325]
[-0.01160153287270474, 0.006949117034543484]
[0.015787825894094443, -0.007452212127440808]
[-0.0028856989549884138, 0.013856198587224422]
[0.00684949638908483, 0.004124594987365032]
[0.0028691387731140383, 0.004850890976692557]
[-0.002166811517868794, -0.007301223640245436]
[-0.0059150502711595165, -0.0015583233940779095]
[0.004756931183099167, -0.016508685317759647]
[-0.012616202209986438, 0.007917039292274941]
[0.01509386006535196, -0.005979913009273918]
[-0.003649116072007408, 0.014703244156663908]
[0.005935991561702103, 0.0006809799152840412]
[0.004121376969016294, 0.005442425561440367]
[-0.004100675114570795, -0.007383495438111093]
[-0.004426881562819118, -0.00170377389190135]
[0.0074145510785134094, -0.01517396326958148]
[-0.012234648977409501, 0.006659245552103177]
[0.015454198594642587, -0.007467673491132976]
[-0.0034270739540113726, 0.013758121832196823]
[0.005178035854875307, 0.0029163555940295294]
[0.003473111359134251, 0.005730840305809948]
[-0.0017522523398512124, -0.006318248162072271]
[-0.005885286013554647, -0.001501700491643776]
[0.0054875317254362566, -0.016514671027850147]
[-0.012780704422181988, 0.007310397218554643]
[0.013511855961173769, -0.006062354443442941]
[-0.003192165943067482, 0.015352168493527718]
[0.006977993304375429, 0.0012523501034155116]
[0.0041575353720504915, 0.005506058933121505]
[-0.0027171088999268234, -0.007508314896409574]
[-0.004329478959250843, -0.0026785990469521126]
[0.006104879030808363, -0.01371099996786379]
[-0.012640844550655228, 0.00708468135823459]
[0.015022250380022362, -0.006557696595787921]
[-0.004306772408812776, 0.014075690524583129]
[0.004787256283451891, 0.0016195491350389224]
[0.0038314495389851766, 0.005210178287210154]
[-0.002687521116201075, -0.005292246456314709]
[-0.006014889821630287, -0.0012504376049506938]
[0.005619760137802299, -0.015456322032130487]
[-0.013450214066570043, 0.007393569759679086]
[0.01256865172382926, -0.007384335219475124]
[-0.002508831547330226, 0.014966031367521615]
[0.006849730589032488, 0.0015529586907608306]
[0.004087710000031386, 0.005656206160116528]
[-0.0013029997407261185, -0.007101734491491596]
[-0.005408221029188864, -0.0031612606447948277]
[0.005026433175711165, -0.013861471159314409]
[-0.012205748461599164, 0.006984980212712877]
[0.014115658793997565, -0.006158775349970558]
[-0.0041682029447291935, 0.014478028991511405]
[0.005819206766236373, 0.0008006221963874349]
[0.0035946420860032413, 0.004016279351511609]
[-0.0030971314795207316, -0.0052549348509297045]
[-0.005176519656332146, -0.0015947538921847748]
[0.00511167200706697, -0.014270965209288777]
[-0.013129928588763606, 0.007641599475237459]
[0.012820905885498002, -0.008351265444278777]
[-0.002336048095377019, 0.013489216408136162]
[0.006338239565186199, 0.0012991811786300378]
[0.004331670209484106, 0.0050355227195046925]
[-0.001200713256542807, -0.005665741622426945]
[-0.006566142519668028, -0.0026848386620891285]
[0.004120564382760761, -0.014133332486212846]
[-0.01222610255380907, 0.0065407446343244136]
[0.01270725087647373, -0.006489410941389551]
[-0.0032925739221107975, 0.014768639452781285]
[0.006480749277747111, 0.0011491842994337809]
[0.0026016374841522083, 0.004335913075394049]
[-0.0032334529692628067, -0.0053971497614467845]
[-0.004749369367031964, -0.0016644774116517658]
[0.004054093415858384, -0.013886803768335398]
[-0.011752529091749286, 0.008424131756756825]
[0.013382024028352868, -0.008127118767632502]
[-0.002636916805038636, 0.01269112572553932]
[0.006469665951658987, 0.0013279194827624519]
[0.004424574369436551, 0.003975130587881126]
[-0.0020250049052947805, -0.0043062034745237066]
[-0.006341431510947015, -0.0016075422314507648]
[0.003997564818305488, -0.01374134411320238]
[-0.012170533424862295, 0.006093449969513887]
[0.012335349328579048, -0.006943203423221078]
[-0.0024897539162173077, 0.013610367262059997]
[0.006340193603584843, 0.0018865800709645386]
[0.0018864978834687296, 0.005343662646490888]
[-0.0029480133491524008, -0.005287351624440939]
[-0.005311583772654727, -0.0016664120693447027]
[0.00363605048036697, -0.014123531524480759]
[-0.01054843631524649, 0.007940452132780162]
[0.013362834874467544, -0.007413738541168224]
[-0.0036874882570836487, 0.012661618289985244]
[0.006846506519963214, 0.0018267939253054921]
[0.0031944594254722514, 0.00342928268718512]
[-0.0026391610086929918, -0.004063455239391334]
[-0.005292406717364528, -0.0008099903340044179]
[0.0038624446955797254, -0.013246579141711123]
[-0.012142171226961707, 0.006207845525683653]
[0.012767424905177238, -0.00716634140584993]
[-0.0026832463365273895, 0.01220022254728692]
[0.006053573062240303, 0.0016915262556104205]
[0.0025220518921537094, 0.005905767793885963]
[-0.002649308504233061, -0.005191453179400063]
[-0.005391228869520037, -0.0015668145123085564]
[0.004161511303563348, -0.014584126376720574]
[-0.009789416366415282, 0.005978018522216244]
[0.013233647385312297, -0.007390358445529266]
[-0.0036762406822584692, 0.012367053747830536]
[0.006794860964165372, 0.002204055708351693]
[0.002071713470194969, 0.0035080290003041137]
[-0.0026269506826847033, -0.004587605023340768]
[-0.004150592892976257, -0.0011920546259731601]
[0.0035315013055715605, -0.013331768337911942]
[-0.011568534766555394, 0.0065021750376990095]
[0.012699303749818647, -0.0066464398878014475]
[-0.003548069345020166, 0.011681517381166295]
[0.0057545151080977686, 0.0013602924243935055]
[0.003400970514869872, 0.0059388159538690255]
[-0.00303554065026046, -0.005042763624153679]
[-0.004583589028868129, -0.0008462164103033576]
[0.004523536598664113, -0.013793788139658592]
[-0.00989317926430533, 0.004757369998237393]
[0.01274271693978779, -0.007104656867615522]
[-0.003278794795414819, 0.012166219772341003]
[0.005691436715202114, 0.0022727492397661697]
[0.0018527872369927811, 0.004831629192056097]
[-0.0024364666350237263, -0.00467051249594308]
[-0.0037274898416100877, -0.0017154201048414919]
[0.003445138758162991, -0.013525841109597314]
[-0.010716005011159546, 0.006380155893947137]
[0.011833948957527873, -0.006365399386512149]
[-0.004265367350340443, 0.01218776304155983]
[0.006097090571818675, 0.0011039009229203423]
[0.0038298394806687286, 0.005548941510740646]
[-0.002555942730366856, -0.005400019425878755]
[-0.0034284647545885782, -0.0007632852049522243]
[0.004610481007111367, -0.01254790997412103]
[-0.010669129816891276, 0.0046396612828706885]
[0.012813650858466252, -0.006603940604503311]
[-0.0035093409427090494, 0.011972832894868835]
[0.005253769500377203, 0.0017343653132373404]
[0.0022937414850221494, 0.005741108666441119]
[-0.0022569348886053997, -0.004018455039414448]
[-0.004331421411382319, -0.0019019956086694934]
[0.0037639761870794097, -0.013101787071586601]
[-0.010604033235836252, 0.00568065037841442]
[0.010918405089954286, -0.006661335429662518]
[-0.004255586744232542, 0.012702142250461401]
[0.006147935251553327, 0.00120464685065802]
[0.0035406840203308088, 0.005031530505814896]
[-0.0015834718638153555, -0.005650630616394703]
[-0.0029787121556681395, -0.0014937870565346623]
[0.003966746014357203, -0.012161545081206704]
[-0.010990831915020483, 0.005047962681137552]
[0.012501642917685962, -0.006287707331565473]
[-0.003812982247496266, 0.011853880650634141]
[0.0056261479746990695, 0.000512566852270413]
[0.0030192580723656937, 0.005633788867907469]
[-0.002402045929752794, -0.004019546674225771]
[-0.004227946053700471, -0.0016117147536614251]
[0.003979070495449988, -0.012400895890682495]
[-0.010437088278627105, 0.005193273923991659]
[0.010566260675795108, -0.007483733825206174]
[-0.0033018168791374425, 0.012575415231440984]
[0.005788831578189629, 0.001131262839336511]
[0.003509152410888783, 0.00486881032764469]
[-0.000837361905693057, -0.004760946758256002]
[-0.0032564428526103972, -0.0022485985345067627]
[0.003071943461684351, -0.012043127388359887]
[-0.01083457984773295, 0.005198817352940671]
[0.011184635432084172, -0.005962736467097107]
[-0.004055637716592453, 0.011954234926877472]
[0.006225971429713095, 0.0003235724845792598]
[0.0030042986233835833, 0.005188926077643832]
[-0.0027110808676919507, -0.00421331583624085]
[-0.003986401822413055, -0.0012241049662483627]
[0.0032686547158302104, -0.011592922740743528]
[-0.010389465406109077, 0.005694981690364476]
[0.010936135518151535, -0.008057897946420978]
[-0.002750292911856911, 0.012241807562643009]
[0.005739245997026257, 0.0007130146950077298]
[0.003652178604425016, 0.004924945709391948]
[-0.0008344633859889289, -0.003494643407299658]
[-0.003775541532412996, -0.0019591728058969485]
[0.002916373465311331, -0.01206661791544772]
[-0.010318877815803984, 0.005113274269250054]
[0.010195077966395905, -0.006277262028877129]
[-0.00356641496912824, 0.011832080727727533]
[0.006555155514969338, 0.0010849262421793737]
[0.0026196685095476457, 0.00492369010921124]
[-0.0024100694125453737, -0.004271125810838106]
[-0.0038824216728695626, -0.0011918615955415178]
[0.002342617079832493, -0.01129504103076684]
[-0.009980945182723966, 0.0058681032079973315]
[0.01148747553098306, -0.007635106126858915]
[-0.003235929637584789, 0.01150404915219596]
[0.006156063633023928, 0.00047351978707532716]
[0.003012678224083132, 0.00449197441428021]
[-0.0014582783741271324, -0.0026475768199700767]
[-0.004078743633101123, -0.0013048737794559145]
[0.0031309658011915206, -0.01164881890777325]
[-0.010308546189756407, 0.004925132165923232]
[0.009995057083534974, -0.006978565436924544]
[-0.003276029735992503, 0.011322969039625826]
[0.006286016737414336, 0.0016252136793883931]
[0.0024217278432536737, 0.005266726704281147]
[-0.001840768757679672, -0.0040196684703665]
[-0.003706026271861118, -0.001116847764816048]
[0.0019060789843793509, -0.011896998193552721]
[-0.00907202754266534, 0.0052802397771864185]
[0.011424091267519462, -0.007100443963352632]
[-0.0034197540805941395, 0.010928705087521307]
[0.006703310097381114, 0.0005447141654608689]
[0.0024218328103365883, 0.0040237446440085645]
[-0.002209533671205688, -0.0027939087854076394]
[-0.003515238749535521, -0.0011956860497413235]
[0.002974038038257097, -0.011187488628761844]
[-0.010127191837078386, 0.004921625428954676]
[0.010420569581008343, -0.00735551958434616]
[-0.0035717476471638365, 0.010516986751278587]
[0.005743406548005502, 0.0016371343518828407]
[0.0025279655602689077, 0.005490283616906413]
[-0.0017391808825504146, -0.003492973344081607]
[-0.0035546733497835437, -0.0007720708473498428]
[0.0022898538722539025, -0.012172428850503236]
[-0.008602967315047672, 0.004263367698951456]
[0.010856838331792712, -0.006543228221547237]
[-0.0032608316322815245, 0.010584601812541741]
[0.006614503310950232, 0.0012712109414717565]
[0.0019892641541529033, 0.004442258258051973]
[-0.002486430283791863, -0.003205385807287575]
[-0.002803554220327853, -0.0012999848724866148]
[0.0024173184824094335, -0.010853579285860004]
[-0.009339432716271912, 0.005009074854377932]
[0.01054785933949165, -0.007057447526736926]
[-0.004207359752835926, 0.01039655685629981]
[0.005325011173198807, 0.0010569151806801846]
[0.002848492732422492, 0.005455998119984901]
[-0.0019007058968322915, -0.0033680495828194434]
[-0.002874078974352434, -0.00040919875843761777]
[0.0029417145425732344, -0.011722989788377047]
[-0.008942583849969654, 0.0035221986434109676]
[0.010540941887278124, -0.0063482658710428685]
[-0.0032985745769686936, 0.010237394863787358]
[0.006329514659255603, 0.0018249213908699824]
[0.0018611236478783821, 0.00527466786904765]
[-0.0018446417819937555, -0.0030807100854987612]
[-0.0028809047535281462, -0.0015922815109309651]
[0.0023738754168480952, -0.010601695629712304]
[-0.008883258931518423, 0.0045079230189661035]
[0.01040733770990053, -0.006338804458218272]
[-0.004637938765913785, 0.010766861331050398]
[0.005595774123941646, 0.0007555202396254401]
[0.0027666458100873426, 0.004992375617732969]
[-0.001804204944530513, -0.0034611433045742546]
[-0.0021122450850579177, -0.0007346016772747099]
[0.003098564499576198, -0.010976684992855035]
[-0.009477992831648074, 0.0034711657947987806]
[0.010333934182857121, -0.006388123085314584]
[-0.003635187156504599, 0.00974701793418517]
[0.005812998624355678, 0.0013783830728835988]
[0.0023368737915872018, 0.005724269478196847]
[-0.0015290605613494795, -0.0031007160559290148]
[-0.003083591826003207, -0.0015230880156052728]
[0.0025130261162608497, -0.010653187140259396]
[-0.008609486110890463, 0.0037742145760759627]
[0.009785716559860422, -0.006357881634351276]
[-0.004013772406742028, 0.011079954950045781]
[0.005894056403793674, 0.0005600557463698308]
[0.002741134901147968, 0.0048550817015749065]
[-0.0012544407669221463, -0.003507702961951381]
[-0.0015301163691705533, -0.0015567124186667003]
[0.002797648354660842, -0.01028095831072623]
[-0.009316111093656043, 0.003665479531859056]
[0.009897611966415934, -0.00617549071053497]
[-0.004138892979310971, 0.009503368793878003]
[0.005629236376574309, 0.0008186474767770957]
[0.0029443651912772484, 0.005339298247923105]
[-0.0016430606781040746, -0.0029057635195206266]
[-0.0030321046603581925, -0.001231551671785458]
[0.002236248012330244, -0.010182851285641795]
[-0.008874074840264784, 0.0034576945944313903]
[0.009229887531201422, -0.006787784027558155]
[-0.0032296769636780687, 0.011069705862965795]
[0.005890512657742666, 0.0004843693563493928]
[0.0027218014087215803, 0.005290199887693678]
[-0.0007650446052920173, -0.003028375232008773]
[-0.0018663890102923464, -0.001842934233633825]
[0.002384933062541089, -0.010015227977667837]
[-0.008867297970715518, 0.004072444251370301]
[0.009323515709592063, -0.006088880398675098]
[-0.004319173159048076, 0.010022913298377893]
[0.005969872093883756, 0.0007527584879402222]
[0.0029680684758938286, 0.004777790786434012]
[-0.0015912611411517084, -0.0026817361390719108]
[-0.0026557009230996007, -0.0008924422986003253]
[0.001820131562175021, -0.00960639655615085]
[-0.009089713516469939, 0.0036297151760029817]
[0.00940295169444531, -0.006858417514054194]
[-0.002958245223677051, 0.0102055817201086]
[0.006042039477532398, 0.00038101652070170536]
[0.0026544899828626674, 0.00522212696448171]
[-0.0006850737961020164, -0.0022528373065816903]
[-0.0026689540593781425, -0.0018551117428973044]
[0.002288146135095606, -0.009837070925635402]
[-0.008641951723437591, 0.003787425921658094]
[0.008811237581271196, -0.006459065667171618]
[-0.004175347518878271, 0.010243968680333282]
[0.006136575183923618, 0.0009180565049571321]
[0.0023624301700364385, 0.004644750339086741]
[-0.0013845875368140616, -0.0026563320007784164]
[-0.0022498161110578556, -0.0007861199955805712]
[0.0012479970394680753, -0.009700534013153815]
[-0.008728499732745781, 0.004017937350052826]
[0.00942006512014154, -0.006793553531513445]
[-0.003129530307597897, 0.009472866849431556]
[0.006309033276200318, 0.0001783159379345478]
[0.0027818437099131343, 0.004832559468097915]
[-0.0012659718499785644, -0.0018697600777518517]
[-0.002824145453333267, -0.0015424280325696538]
[0.0020587161621966193, -0.009515168083697512]
[-0.008442658647475655, 0.0033144540474515233]
[0.008781753342478132, -0.007005323620918415]
[-0.0037850657389445555, 0.009826324975293219]
[0.005922217518311887, 0.0011101424763812068]
[0.0019194854678452472, 0.004788432044169413]
[-0.0011318728819347396, -0.002409516349169888]
[-0.002187189715828222, -0.0009275584558091493]
[0.0011663075889646046, -0.010122839392498098]
[-0.008104274697545835, 0.003921890422162025]
[0.009235884471438194, -0.006489997827619401]
[-0.0035182632637462546, 0.009142659551093585]
[0.00658190811202608, 0.0006019690381613568]
[0.0024626864991393466, 0.004557710013942423]
[-0.0018251150290986562, -0.0018859179379041302]
[-0.0024744006429866516, -0.0009682783458245248]
[0.0015370889362045503, -0.0089839813268012]
[-0.008270838629127017, 0.0032956964974522607]
[0.008972644676758401, -0.0068564019328052755]
[-0.0037463274696994814, 0.009407119426920296]
[0.005321214237762162, 0.0009964953982505576]
[0.0018828350073033517, 0.005237836835960852]
[-0.0013496572284929509, -0.001985489356642098]
[-0.0021073637845025056, -0.000769698833731014]
[0.001487689107043444, -0.010222814633670765]
[-0.007698092615700258, 0.0033300249525011205]
[0.008818147120038505, -0.006355847769853498]
[-0.0037785457713524068, 0.008981073226392827]
[0.00654686354375783, 0.0011991089185661163]
[0.0019236574800568368, 0.0046735013664246094]
[-0.0016119227654642632, -0.0021471330996282317]
[-0.002079606149520144, -0.0009426107088298941]
[0.0012300711939827458, -0.00882921629649494]
[-0.008129365396540605, 0.003182869751447437]
[0.009193725338020237, -0.006291199583782256]
[-0.004110000566100863, 0.009105054163925652]
[0.005363973691336316, 0.0006179990451660455]
[0.0020214360881192356, 0.005260428325130351]
[-0.0016348333086662614, -0.0017630208173386175]
[-0.001837008681796759, -0.0007599728699783093]
[0.0019740725992798414, -0.009692663861789297]
[-0.007777923395523856, 0.0027130805422903026]
[0.00857772585022265, -0.006387932155683812]
[-0.003975272645690073, 0.00869423381046186]
[0.00596938836838995, 0.0015223437880456797]
[0.0016755641535026317, 0.005033182361963262]
[-0.0012092233319822565, -0.0022548190813284907]
[-0.002076421310082427, -0.0010956186781255761]
[0.0010723815568218775, -0.00911509014238901]
[-0.00795099475404365, 0.0029076045831256114]
[0.008791902473961721, -0.005906936731555332]
[-0.004327199221121514, 0.0091157066569712]
[0.005698149183115453, 0.0002770444813434969]
[0.002104737966012099, 0.005096746002676289]
[-0.0015992923156165628, -0.0021171816497208146]
[-0.0012752220157561528, -0.0009976075070751156]
[0.0021779507197726145, -0.008891115641773181]
[-0.007770945243332009, 0.0024077115156965756]
[0.008631832600531852, -0.006329956234179299]
[-0.004087765177217276, 0.008371187820151449]
[0.005395647495739009, 0.0012335968971421696]
[0.0020923178349335977, 0.0051542485742879784]
[-0.0009511477370653942, -0.0018996937152228749]
[-0.0019752840637033975, -0.0010983672735545569]
[0.0010697209922472806, -0.009097017136360214]
[-0.007869303878632557, 0.002466551822609575]
[0.007892606498928367, -0.005859794326173326]
[-0.004105360226564471, 0.009244699029410497]
[0.005738066106350803, 0.0003238086167352966]
[0.0020512067477787693, 0.005180849768751661]
[-0.0013390871854304098, -0.002297403338515483]
[-0.0011290468992933012, -0.0013506689983663334]
[0.0016373089499628346, -0.00827393906852332]
[-0.007778727245793655, 0.00262499089391538]
[0.008435945295843794, -0.006093402033996734]
[-0.004363820032762752, 0.008594450027373579]
[0.00529070389298919, 0.0006902774416825755]
[0.00237453440696404, 0.005051667344503796]
[-0.0009749310860037164, -0.0014609734662592508]
[-0.0017430280139069804, -0.0007855346670169738]
[0.0013174535172653656, -0.008732862745371453]
[-0.007976931768079254, 0.002439338758711662]
[0.007583846928243099, -0.006178955478263769]
[-0.0036434172584752116, 0.008993309959472895]
[0.005875281876078886, 0.00045490695148003857]
[0.0021279795393121846, 0.005225207475848259]
[-0.0007160671558144038, -0.0020615793431420226]
[-0.0015121982900506547, -0.0017162062458612182]
[0.0012292335303080715, -0.008096528995442918]
[-0.007634136089021165, 0.0025239884124467205]
[0.008062474570325107, -0.005903596207643559]
[-0.004572255659560192, 0.008749839956911976]
[0.0055950308566034, 0.00037418137828110383]
[0.0020279066751261385, 0.004702662094695331]
[-0.0010917593496465594, -0.0013758917911108337]
[-0.001531458513860627, -0.0006897386651962267]
[0.0012377675304678926, -0.008274334777980326]
[-0.008064814812063253, 0.0027643368952515734]
[0.007630751559135396, -0.006586337384209214]
[-0.0035872001736302617, 0.008537937945347518]
[0.0059025308542552946, 0.00031148703502476005]
[0.00236906366263355, 0.005182571288632198]
[-0.000500271634703231, -0.0015940399055838737]
[-0.001879247808907844, -0.0015313512647093797]
[0.0009195042352265759, -0.00815962919227077]
[-0.007376978406735138, 0.002170899544477689]
[0.007568899543171526, -0.006132178708693606]
[-0.004147849467025552, 0.008753405543530546]
[0.005764705144410076, 0.00032880570893323996]
[0.001725143109601035, 0.004543275829136939]
[-0.0011453093086994937, -0.0014901849902361278]
[-0.00123127411826153, -0.0009654788483040022]
[0.000778333612385218, -0.008232088002029389]
[-0.007561775063594331, 0.003023426165134846]
[0.007747711694943704, -0.006735710046719898]
[-0.003777031840504791, 0.008164806195130159]
[0.005970946019899892, 0.00022246191921683478]
[0.0023806122562745613, 0.004866910206146269]
[-0.000799633167360092, -0.001170410058199997]
[-0.0019622767645737227, -0.0008691584290466681]
[0.0007333973978270736, -0.008012429669794638]
[-0.007468566978430874, 0.0021125639081137626]
[0.007338325028688142, -0.006253736882849192]
[-0.003776786364990986, 0.008562831179592889]
[0.005593177118708659, 0.0005748247821726477]
[0.0014117104879852183, 0.004994531504072808]
[-0.0011802013146304802, -0.001309600409886258]
[-0.001292587242668286, -0.0009777883588852898]
[0.0005130053334279072, -0.008318835220522403]
[-0.006883591122909011, 0.002935722874343294]
[0.007647137255897496, -0.006503649660684951]
[-0.00409008337785674, 0.00804565216678077]
[0.006086101140332034, 0.0003782745907503493]
[0.001993061308512234, 0.004572257401341928]
