[295.7214258143592, 300.28593001281763]
[-47.905361364956526, -21.333225095895457]
[14.33280400710779, -4.909846436237378]
[-21.03136639773247, -21.28371652174742]
[0.5252625567366094, 9.183244616564247]
[6.371369971884598, 7.760335794896806]
[-2.6754769178365914, -8.66869574511713]
[-2.2606273996536945, 2.5442931373307225]
[6.912862033101803, -5.290795323552005]
[6.010017115486271, 1.1088026595726634]
[-2.7899224955135384, -0.6620089155447177]
[-2.159363323745281, 0.4245470388684265]
[0.6296898554898855, -0.09247724352762354]
[-1.061702885657341, 1.8838019847812042]
[0.5935566146483393, 0.5385567276895435]
[0.6665689933358194, 0.48248813989184325]
[0.37486610796180475, -0.4924526408695624]
[2.2776722820660327, -0.632833450660865]
[0.27938094818943116, 0.5241540535071874]
[0.1491094247993836, 0.3365427279555391]
[-0.1651484614826506, -1.8615940189415972]
[0.3171537461073788, -0.08564669411604164]
[0.2867644805633993, 0.9902923604993745]
[0.525516248215883, 0.43117016669476804]
[-0.5966427198353694, -0.2957610996399769]
[0.3517159965365685, -0.07245416205926158]
[0.06267520879218536, -0.05865897395413966]
[0.07889410361109306, -0.334824385353079]
[-0.23820978587939168, -0.5020621175561111]
[0.41065679035844327, -0.23851864902705078]
[0.4333305143673536, 0.020256279754684803]
[-0.08412871459087268, -0.21854639589851343]
[0.10252924086653059, -0.43616409034572357]
[0.4429199048878284, 0.24009052554334342]
[-0.31551504991177537, -0.3481142500658514]
[-0.06230982230939941, -0.06385092443572127]
[-0.061948688059794366, -0.00025311950425643825]
[0.0008083900001969457, 0.030403706269542807]
[0.24276050203703115, -0.37601052003940183]
[0.0004900323621762626, -0.249073526514751]
[0.3660256334438312, -0.006083423446756497]
[0.2816841117326263, 0.03386240466434565]
[-0.040660451670834874, -0.07489083807997021]
[-0.033380394413619396, 0.08121729052189197]
[0.10446733004515618, -0.20374813154824623]
[0.08974504799435057, -0.05700433473925459]
[0.13828801103144084, -0.1557723216928102]
[0.3187580207736267, 0.10239948775262353]
[0.15301594722071332, -0.01235560188711815]
[-0.05598117464797492, -0.15380955406604802]
[-0.004502824793787941, 0.06863701357427276]
[-0.018739844374814685, 0.024657588451967083]
[0.08010402618492707, -0.03474291245696681]
[0.12749003780172136, -0.174173964410413]
[0.1602896866852539, 0.05287241781009433]
[0.22761516947360944, 0.044910366463937645]
[0.06907303415851729, -0.18845244906683634]
[0.04536358730238249, -0.15694546852990143]
[-0.06744052271059209, -0.007410360090666368]
[-0.06270424811726699, -0.014961821105689221]
[0.07827359132172029, 0.08047086942022624]
[0.0026158135050998177, -0.08900843595141472]
[0.017107749426359398, -0.04457686673253858]
[-0.007915949904688635, -0.046082603589808535]
[0.06360183073485004, -0.05908457695806407]
[0.11000897758423239, -0.07247039247149578]
[-0.010274217564038235, 0.01049261526842099]
[-0.11145193638312595, -0.10141646326394982]
[0.13930135568795587, -0.02397220086115076]
[0.014900084944600905, -0.03548732767382479]
[0.0033991833329225507, -0.08720977511637781]
[0.00045182771337867744, 0.0874500076824003]
[0.026618706043233242, 0.017065477101103177]
[-0.024625870108553854, -0.006809762014868159]
[-0.014494082410173803, 0.044734628990860115]
[-0.062390810849296124, -0.07904840995723728]
[0.0850114462399878, -0.0409840222406401]
[0.017362192286204003, -0.047602513372733135]
[0.10918989171733129, 0.030878485530756963]
[0.051673478437102446, 0.08060158425489883]
[-0.018985870906002233, -0.015387488177946072]
[-0.04469980031745507, -0.023756681750535247]
[-0.012564572437824495, 0.033834365082374196]
[0.04506613295655577, 0.01357892254323656]
[0.02198418053238882, -0.0052573631552950695]
[-0.012177621240069852, -0.012873444994817573]
[0.05045862465706774, 0.0046258408412327146]
[-0.0016488398089349043, -0.010256538190728026]
[-0.047387347035089844, 0.03644036005368195]
[-0.027068046728499523, -0.028676182775667858]
[0.01681037305948485, 0.02733727470314748]
[0.027684327009079968, -0.023120680872116495]
[0.02804289653295866, -0.0005990851013458198]
[0.02773180765761102, 0.004788782532735736]
[-0.03743153106265429, -0.09021634263530393]
[-0.006411957923290912, 0.011142323243175323]
[-0.0037788804703673406, 0.06306162445743813]
[-0.051049278810536114, -0.004135820197013196]
[-0.013123265961866082, -0.0016032505328214541]
[-0.030733537917325693, -0.03225020368295284]
[0.02000802787045508, -0.006130703848433727]
[0.012520850805226746, 0.01821956247907308]
[-0.017251251675018064, -0.04997214133533634]
[0.02000169779924771, 0.032494953125411064]
[0.029401003000127046, 0.014953265868313748]
[-0.030394672714696647, -0.04078378144186101]
[-0.01770442478659917, -0.010065438427700357]
[0.015772062515633234, 0.036775632695757565]
[0.01504847807933829, -0.029075191936343503]
[-0.025068915028163385, 0.048542971873216434]
[-0.007739661988170665, 0.005277013266072439]
[0.01967789603685144, 0.025739670395697356]
[-0.01116772213395123, -0.0008317637776922293]
[-0.0014256367312255325, -0.04780107485148499]
[0.02600690715163112, 0.008891538030317392]
[0.03409668381543407, 0.01584765158320134]
[0.01717052658987983, -0.03700129195957036]
[0.004994408429904396, 0.025216659191462654]
[-0.026027181325059878, -0.008382864464424156]
[0.01980676348684196, 0.017901832296692177]
[-0.019090801966933357, 0.010678787973073978]
[0.02102474412513511, 0.0008924018119569332]
[0.02107173334810719, -0.015666790036331646]
[-0.00017475619425211253, -0.03015902311462293]
[-0.005770663425502809, -0.01840406389917737]
[0.010318332949219244, 0.007506289965518276]
[-0.0069419096642417966, -0.014843488469868604]
[-0.0039547071295769065, -0.008778759972818184]
[0.014189693086077648, 0.005667121165721656]
[0.031214900750321406, -0.005261694547362694]
[-0.0018680811580609191, -0.04008814175232622]
[0.015155344144160088, -0.009202826970550637]
[-0.008550458492393886, -0.02400647750928797]
[-0.014140405885566532, 0.021248415399684584]
[0.015567370309505169, -0.005679965536442899]
[-0.007626723542562885, -0.015564414799031923]
[0.006960332374544409, 0.0036045436009060072]
[0.0018455966067533192, -0.0145395052423678]
[0.01652796306602755, -0.018332140914378736]
[0.025451681911799362, 0.011908052218986054]
[0.007699848080010119, -0.03202009590990962]
[-0.005991073608063613, 0.0026505528046074645]
[0.015604741639866582, -0.004642855630171194]
[0.02579643729547798, -0.011161203676598896]
[-0.0007541327327773573, 0.006085755265699322]
[-0.008652855245475322, 0.006995617879880678]
[0.02211889592018612, -0.013856182871850975]
[0.005953152974702558, 0.004216044429897758]
[-0.0036361976153107545, -0.00425038048557036]
[0.008979249625862273, -0.005065293491973932]
[0.012849889165702955, -0.003373268924611428]
[0.017542998435346013, -0.02251370915687434]
[0.022788352711903492, 0.004351647355763877]
[0.012571032751437672, -0.0092188385472034]
[0.0007696550212583642, -0.025617470072197834]
[-0.0030042343159888407, -0.006180546182070534]
[-0.005810198382754317, 0.00713225411445817]
[0.004423938063427002, 0.008976057238676116]
[0.006105565341858243, -0.005516023085244681]
[-0.0005417008511663379, -0.018629928550769836]
[0.020816884740881836, 0.0010002834664888383]
[0.00925347853402192, -0.025274181235523052]
[-0.0009097010224135005, -0.006355591316417941]
[-0.014662086758394421, -0.006620014372982319]
[0.013849101045153134, -0.010890795990709412]
[-0.007749114737284346, -0.0032531638309589717]
[0.005722366791367506, 0.001688479722394165]
[0.013881871352333874, -0.00033490234192123935]
[0.003380592768755575, -0.009221232025962589]
[-0.005958055862137046, -0.006380601751155401]
[0.009629640304166687, 0.005139643755634804]
[-0.015876099664879906, -0.0035234876565393147]
[0.004573734962279863, -0.008453931893045219]
[-0.009700205607607648, -0.0073398280757296375]
[0.015252782802532061, 0.017711403116476232]
[0.006100767701381127, 0.003105136284939136]
[0.003377849846135428, -0.0095739123882439]
[0.0014304514492307074, 0.0021782723733587694]
[0.009196761441592094, -0.006264912198132855]
[-0.0003346136913982001, -0.007015871948452768]
[-0.00875668648229333, 0.005453439163540574]
[0.0008293918336643724, 0.006166696190840759]
[0.012480720449269622, 0.0068215929460944125]
[-0.013375543438879367, -0.0033466342903151203]
[-0.00301018110322393, 0.004569033660991595]
[0.008094009954697112, -5.118231773071358e-05]
[0.0010063426443729373, -0.004173001733949633]
[-0.0027948097564649554, -0.007907839760566304]
[0.003395944836364073, 0.002260728370863996]
[0.005410216473658469, -0.001181011466188986]
[0.0037124790633562554, -0.007495955554380318]
[-0.0021328920118131034, -0.0042238751597473145]
[-0.006095348592562222, 0.004233884981781122]
[-0.006167619789735346, 0.001470730216032945]
[-0.004950859034630994, -0.0019369099746811003]
[-0.00763068800299449, 0.002135037135344686]
[0.0028200381271865638, -0.0057211614563152935]
[-0.0014622798922873104, -0.004715334610474908]
[0.003244473115162294, 0.00405169169214914]
[0.006439906427527675, -0.0017551426793468994]
[0.004883862727559196, -0.005115610864733999]
[-0.014994274126660656, -0.005138619791796417]
[-0.002576615636080859, -0.006344335658882816]
[0.003784847560836524, 0.00893405476011172]
[-0.004745330869230235, -0.005156409521441141]
[-0.0021366968753819826, 0.011097637705778929]
[0.003139338821371407, 0.0028204919486415347]
[-1.9792296989784575e-05, 0.00039477104115914763]
[0.0023261876732519893, -0.003201327970919765]
[-0.0020071910598026266, -0.007193800963516739]
[-0.0008727607453348774, -0.0012896270190718706]
[0.0002860926429634203, 0.004107461287109149]
[0.0023024670561803684, -0.0014265120478212934]
[0.004358214032075147, 0.009543657565239894]
[-0.0005226682885161038, -0.008538735610276182]
[0.005031130446339183, 0.001607863088431638]
[-0.0015038612003788754, -0.002847663258535693]
[0.011135957015708686, -0.0018533283379523757]
[-0.003462243183277758, -0.002490461647299713]
[-0.008067915311152252, 3.406373741232649e-05]
[0.0021313029742083545, -0.0042098748134778985]
[0.001453596195820528, -0.001065135776452425]
[-0.002118878456454698, 0.001067134077935572]
[0.007253070845513965, 0.0002651204996176604]
[0.005545933434897343, -0.010620649220487222]
[0.006714183385113315, -0.006798234392337121]
[-0.0007345885920319595, -0.007718577066638588]
[0.004791384471103499, -0.0003915204223363389]
[-0.0014408213205100162, -0.008475674632948071]
[-0.004950077587101753, 0.001311865234392126]
[0.003216487512035321, 0.004609159146284902]
[0.0007382695210056411, -0.00214773875360684]
[0.0009005153973921376, -0.011662812529136923]
[-0.0005649877342939202, -0.004011178249078734]
[0.003697378579611707, -0.0036941311143147137]
[0.007635601268238035, -0.0012184355555972803]
[0.004095428483185365, -0.0036478231705037167]
[-0.0025992807390917694, -0.0013710909968902493]
[0.009653308807980675, -0.005929695985987693]
[0.003187310987928793, -0.006476036123945643]
[-0.0038987801398215616, -0.0029880312502033046]
[0.003974074026280916, 0.007500842428270812]
[0.001983879635611155, -0.006479267556246948]
[-0.003420511882825217, 0.0005535152535861244]
[0.004352255704924118, 0.0018162501184151303]
[0.003203862528269763, -0.004940147087654936]
[0.006946168586475846, -0.00412039671968889]
[0.004524091719337875, -0.00853547462491492]
[0.004978578852904758, 0.0009197604231629963]
[0.003665520670930955, -0.00043148489619601604]
[-0.0020765141290467262, -0.009307187304093079]
[-0.0006991516528949138, 0.0002887828575825202]
[0.003802708592398528, -0.0004111516795060055]
[0.004032221908865763, -0.0010155473194069162]
[0.002293182384279821, -0.0006130772935478701]
[0.004630196505755024, -0.005918874241657761]
[0.00610003350938941, -0.004797110758309242]
[-0.005179417103126305, -0.00818711593975438]
[-0.0031067476920558917, 0.001975887545507149]
[-0.0002450310777595277, -0.002169697358219133]
[0.007991395063065718, -0.0021479588745669798]
[-0.002113610385399367, -0.00329867925207053]
[0.004545295304196617, -0.004614616167356034]
[0.009081156665210477, -0.005570603663312898]
[0.00045156581168652454, -0.006190698689161056]
[-0.003608903967165178, -0.00021010329507954728]
[0.0006517585491067901, 0.004726694371986473]
[-0.008354139216413425, -0.0031509819721938365]
[0.004211614598169364, 0.00013745691263727933]
[-0.003169581443859981, -0.0031670255067090397]
[0.004964192330781131, -0.0022864069871669224]
[0.0025924135190105724, -0.002175932544438014]
[0.0006500365886629028, -0.00043151161603516286]
[0.0017305705270224125, 0.0006863045072244972]
[0.004005606312367085, -0.00224990120198143]
[-0.006857993698616449, -0.005733668750318985]
[0.001382104994399752, 0.001934326461076774]
[0.003556622503976703, 0.0015694957320480651]
[0.0008793981012917701, -4.1067763928703815e-05]
[-0.004173421119698428, 0.0035276737018526683]
[-0.0022641236024097122, -0.0009639346713979924]
[-5.531881885550982e-05, -0.0014384267042338583]
[0.00121435546008003, 0.001653861742431595]
[-0.001966989663868157, -0.004753245143789636]
[0.005921934525305039, 0.0009546353668242191]
[0.002026535396768281, -0.00192841805390008]
[-0.00024921159838296736, -0.0025824285637204847]
[0.001326138061733595, 0.0001063506545603693]
[-0.005409067901175249, -0.003512715762429619]
[-0.002950242647763529, 0.002805410948056253]
[-0.0003544119960959269, 0.0034015635340251538]
[-0.0003934834248394692, -0.0015330095026590274]
[0.003001469876600854, -0.002846221430674034]
[-0.0009360294487272547, -0.0025072059751138215]
[0.0003114152431650946, -0.0017032351989284267]
[0.0009117827070965479, -0.002542897174195771]
[-0.0026608549801624, 0.0019885441768276446]
[-0.0048071963684200025, 0.0016516639071141176]
[0.002202144685281626, -0.0037153124176818597]
[0.00012446869360918655, -0.00250621942756582]
[-0.0008448721330160253, -0.0038211117393907035]
[0.005119501882849903, 0.0035733526923469316]
[-4.0999955574771985e-05, -0.002878157530194575]
[-0.004272387496079638, 0.0013268325851288343]
[-0.0022872160173411787, 0.003593623902481635]
[-0.00257391401782861, -0.002355862498982758]
[0.0004165030128308739, -0.002608330537786363]
[-0.0020285575792404476, 4.15500829147597e-05]
[0.0029575084663567425, -0.0016780777580084338]
[0.005829555959582733, 0.0031546280497273677]
[-0.0017574211265116435, -0.004839582442250384]
[8.72256397320137e-05, 0.0013006295527422107]
[-0.0008422592742241136, -0.002139052502167546]
[0.001718821004923085, -0.0024212609405323826]
[-0.001128747182100702, 0.0016742172070048633]
[-0.0010442089511323374, 0.002946950311069875]
[0.0016223795765518065, -0.005053310385361429]
[0.0008628007781582223, 0.0009795834011018453]
[-0.004403879854762351, -0.0008259420511333229]
[0.0039891205674126365, 0.0001345171423848754]
[0.0028845022090661226, -0.0030588075844852]
[0.0007641736813517805, -0.003372839562934892]
[0.00278193356009121, -0.0010201604070078502]
[0.0032689141914730817, -0.0020335600263219032]
[-0.0022441191704886294, -0.00738700388306374]
[0.0014548066278343924, 0.0024951154046987077]
[-0.0016681082378366303, -0.0002677003276156612]
[4.908183997222315e-05, 0.0008947767846336574]
[-0.00010382225638645107, -0.0018012606307456283]
[0.0012993453781659642, -0.003759300623960621]
[0.00390961809608442, -0.003981250507319841]
[0.0014138202220759406, -0.0032651799179351446]
[0.00048202953257395556, -0.0018694752960919069]
[0.0022034038458720873, 0.00016054820705484196]
[0.0023345691125753257, -0.002950111209606039]
[-0.0021403362097611664, -0.0012043042060573828]
[-0.0016591889127834242, -0.0022502753938390477]
[0.004988493441698848, -0.0014340531569919587]
[0.002477724025378346, -0.004452880422647451]
[-0.0010423277187449204, 0.0014627957026911442]
[0.0023204498173790417, -0.0010129236365272257]
[0.00039959603148869566, -0.0027845251089867046]
[-0.0006936037457254268, -6.357933255605325e-05]
[-0.00025522789839092785, -0.00219408737767475]
[0.0034430362714236995, -0.000743627967360258]
[0.0013648798791715822, -0.001478080609861418]
[0.0017448656642097549, -0.0033195161885909014]
[0.0029355717310382418, 0.0001535594399697804]
[0.0013216864697475211, -0.00443669848475764]
[0.0008050662999962155, -0.0009708588739540669]
[-0.0010484441769081088, 0.0015249137358994275]
[0.0015843569921799583, -0.0015280028698297365]
[0.0036128141628071486, -0.000524055463178047]
[-0.002972326538500325, -0.0025302077308005655]
[-0.0006533770324399224, -0.001385268378165147]
[0.0026662453046546047, -0.0017992090089181956]
[0.0014229140147849761, -0.0016244548780640217]
[0.000453613899098787, -0.0008456416909806141]
[0.0033691895617148637, -0.0012612725831054605]
[0.0017761467011573329, -0.0038568709540228174]
[0.0005719800532519581, -0.0009487262354400255]
[0.000548844164813489, -0.0023105599064227322]
[-0.00022939539903860107, -0.0017730409793561136]
[-0.002900923083740639, 0.001014736032592306]
[0.0006527758920980287, 0.0005199118769659006]
[-0.00028963751649635494, -0.0020937679763720907]
[0.001084745054218017, -0.0009559551384043241]
[-0.00038293633935190807, -0.002565039353789683]
[0.002307112631946273, 0.00040025436548592197]
[0.0008217555756321049, -0.0030369914755722927]
[0.0019715092230091213, -0.0013453267446110195]
[-0.0028984792863872566, -0.0002376950724785054]
[0.00022380151050777064, -0.0010840468396012548]
[0.0005361147725688881, -0.00036523197943089114]
[-0.0021103075913309066, 0.0009166573322491739]
[-0.0004368180060266569, 0.0018303114232613993]
[0.0027990627114793387, -0.001248233402529858]
[-0.0023752467448433373, -0.0017746764022933958]
[-0.0003968970457498, 0.0011621140955615367]
[1.870199537647166e-05, -0.002339513261886972]
[0.0008450497084532826, 0.00027738761188650374]
[-0.0017022689514153144, 0.0009276699438974245]
[0.0004224732654814489, 0.0003498629745674886]
[0.0015397163168844874, -0.00017067352674904335]
[-0.0007577644921718529, -0.0021253974146517862]
[8.468824067203728e-05, 0.0006393651076340712]
[-0.0008097406361617931, -0.0005590181056309845]
[0.00023035985815628157, -0.00031139008228459053]
[-0.00045440600062857106, 0.001076597847573288]
[-0.0019087234516725615, 0.0004205134888541906]
[0.000252827237967268, -0.0005819138903659093]
[-0.0005453290394607721, -0.0014450008366632683]
[-0.002050774438666525, 0.0014533706496532503]
[0.0009831893314786247, -9.703277881939476e-05]
[0.0016854750130302354, -0.0038456294792079543]
[-0.0002707446454637899, -0.00044272907897729974]
[-0.0008648056316090669, -0.0005192753328470828]
[0.002356074673364579, -0.0003088802689482639]
[-0.0016430353106461904, -0.0009316511494092891]
[-0.0024571292796425823, 0.0013897911161455112]
[-0.00016632278656092403, 0.0007814385017307704]
[-0.0012548912674389054, -0.0006205886393227389]
[-0.001271337735856859, -0.00224811247693878]
[0.0003350594056995143, -9.258272362655529e-05]
[0.0008422709859538524, -0.0006822907907996154]
[0.0007873987473080244, 0.00033585411120545805]
[-0.00025969257598584816, -0.0005773293925049241]
[3.9041744557649985e-05, -0.0005759349280867188]
[0.0011033940527989117, -0.0023275685498482146]
[-9.65866586252564e-05, 4.0280409958348695e-05]
[-0.0029464782508857312, -0.00042653917350669694]
[0.0014760313359805152, 0.002149951019749685]
[-7.32649011351838e-05, -0.0018195371893280528]
[-0.0015036563007041481, 0.002127791850792038]
[-4.797797084810096e-05, -0.0002668028955854114]
[0.0017664466442187249, -0.002103873873896933]
[0.0002182037306442952, -0.0004566265818715838]
[0.0008376543386200697, -0.000838575233894745]
[0.0011785890265951227, -0.0018451286388229057]
[0.0005791092071940895, 0.0006898063791097586]
[-0.002210956134272024, -0.00220610990049154]
[0.0023228290683839636, 0.0012089172365736256]
[8.713977652868854e-05, -0.0015029795864078543]
[0.0007597893722958854, 0.00025719726063744286]
[-0.0004684085847663222, -0.00046263543142256724]
[0.0016822441623312867, -0.0020537568076240964]
[0.0011859547491239186, -0.0026771545131005214]
[-0.0009815842417720821, -0.00022914883808916597]
[-0.0013208706171621842, 0.0004727149763118915]
[0.0017205564526536349, -0.0007965242728395494]
[0.0015565089635746765, -0.0017052689241724428]
[-3.79575125836612e-05, -0.000837105156239859]
[0.0010549835396016505, -0.0032351544784933184]
[0.0035035317195707127, -0.001840391969674171]
[-0.0008449562487401474, -0.001892801329274857]
[-1.8238135175444037e-05, 0.000510641975062287]
[0.0008287816248725988, 4.94672177385469e-06]
[-0.0023441218274765085, -0.0004883367851152842]
[0.00036198292691314027, -0.00011720776272111655]
[0.0009646277946363246, -0.0020843574955203836]
[0.0014603302300947862, -0.0018485369219349568]
[0.0013950313462698927, -0.00021907177656588228]
[0.000985649471161143, -0.0013348363602549151]
[0.0007028282962173449, -0.0010815249516936687]
[0.0011555621722760256, -0.0012283578876991497]
[-0.00082425179455628, -0.0008532854912657317]
[0.0006782291522717254, 0.00013495300920068898]
[0.001489135355567467, -0.0005415279196842038]
[-0.00018416958643979742, -0.0006066345969815423]
[-0.0003194818024478685, 0.0002698339077322198]
[0.0006345817777167473, -0.0015717141479912045]
[-0.0003039165260868004, -0.000427880065587527]
[0.0002528671272215566, 0.0013125637935303691]
[0.0010943571424206489, -0.0025654192935618547]
[0.0031568588764904204, -0.00047413837058191133]
[-9.176664056642636e-06, -0.0011728422331324095]
[-0.00016057508261979603, -0.001415609574910659]
[0.0014308947187012533, -0.0011686450267177073]
[-0.0013800758163174942, -0.0009588177405889797]
[-0.0009526720794213184, 0.0016783536524073162]
[0.0009294694470726728, 0.0007408999893779855]
[-6.563843734311292e-05, -0.0026362258120310456]
[0.001338383382179953, -0.00035442611757291465]
[9.69414829178894e-05, -0.0018554621761016632]
[0.0007389623403329937, -0.0005536257690821333]
[-0.0002718830675517703, -0.001091774959705527]
[-0.0006279168492453469, 0.0010555462708959351]
[-0.001500825871936562, -0.0004289984677104397]
[0.0018859876429151434, -0.0015592267166379403]
[-0.0002936174414687742, -0.0011622262623110502]
[-0.00010974200796637357, -0.00010765072531482289]
[0.001988396378595214, -0.00022160216602751248]
[0.00014591666383589885, -0.000731124637220748]
[-0.002825955565571525, 2.4965106200702802e-05]
[-3.178180448942802e-05, 0.0014986634746826932]
[-0.0019265455958315525, -0.001461929253630534]
[0.0001399739828637503, 0.0007720694540359063]
[-0.0003313332075867703, -5.400295122315324e-05]
[0.0018023798801128366, -0.000555270864339541]
[0.001257859055916688, 0.000416181049275155]
[-0.0010563643952613, -0.0011068169155195595]
[-0.0003763001937116539, -0.0006341557384759722]
[0.00017160963297069287, 0.0003805894125717968]
[-0.001349997054991059, 0.000585574981519954]
[-0.0006484122739920939, 0.0018079195197635012]
[-0.0003710515766239264, -0.00026891608836471237]
[0.00028290842970662977, -0.001591183363761628]
[-0.00026950174568401986, 0.0010068830522360073]
[-0.0015555011833821575, 0.000655037084435317]
[0.0006762515686165593, -0.0006169456282000829]
[0.00040652018354669917, 0.0001376110227060967]
[-0.0006028936504665627, -0.0007505278871651755]
[0.0014832783919775938, -0.0005017760695293916]
[0.0005181889902780012, -0.0008421685957950564]
[-0.002258515387465687, -0.0012063876024524522]
[0.000655163886914667, 0.0016498813306827786]
[-0.0008042531660925056, 5.129185715002649e-05]
[-0.0016024067542027565, 0.0009036003699854356]
[-0.0008585655638124745, -0.0001859070243586669]
[0.0004566811593261777, -0.002183698793768396]
[0.001751802892122678, -0.0007897143901871573]
[-0.00016846548497956304, 6.337854565874323e-05]
[-0.0007781684638109021, 4.538036972423498e-05]
[0.0007096486274940639, -2.325538040248709e-05]
[-0.0004665249574312691, -0.0013435622697712812]
[-0.0014038029848705835, 0.00033232315123499223]
[-0.00042182566668874655, -0.0006153428491596502]
[0.0014554479981621626, 0.0003098707089346786]
[0.0001012702202884963, -0.000869625970588539]
[-0.00011972039774116316, 0.0007696825046746292]
[0.00031768435518270133, -0.0008547912105512645]
[-0.000394118733737292, -0.0002305579200938268]
[-0.0013288636173808543, 0.0006104074465345111]
[-0.0002948847888889494, -0.0009288921063647371]
[0.0012968143899166618, -0.00027859476630059943]
[0.0003721765985252312, 0.0009807157618158258]
[-4.847718830119918e-05, -0.001988083871375279]
[0.0021598640293676308, -0.00023465702000657895]
[-0.00036276181839275945, -0.0017336852430923089]
[0.0005673184753131055, 0.0008941241696852897]
[-0.00046430853234935565, 0.0009497965804504682]
[-0.00017258756283844434, -0.0006886638929407551]
[0.0001866160083483781, -0.0007283823390796806]
[-0.00024548632313226015, -0.0006820924829049335]
[0.00020465369392727584, -0.001332954096728678]
[0.0013321710614827564, 0.0005042452639901773]
[-0.00021186967599651219, -0.0005585236325649778]
[0.0012268526427691717, -0.0009876410196514585]
[0.0012094914180109384, -0.0011712696470655426]
[0.0004728814838894646, -0.0011656368709838105]
[8.535932781764122e-05, -0.0011670815252434186]
[0.001105836881000688, -0.0011939117615981931]
[-3.400757073163119e-05, -0.0007055850860242519]
[-0.0008881694827642672, 0.0016416378789212427]
[-2.535378698215185e-05, -0.0006622204328509129]
[0.0005468578572538352, -0.001646130947075719]
[0.0003096680771484672, -0.0006133404629549144]
[0.00043399682993605637, -0.0013495388329138325]
[0.002467929630097662, -0.0005745127496918911]
[0.00035238763570877296, -0.0011672944961767795]
[8.201460476549294e-05, -0.0007120525012414558]
[-9.850197783739523e-05, -0.000621342823173554]
[0.00036744130777238704, -0.0012484625248135872]
[0.00032720314132472783, 0.00036246768749857716]
[-0.00018757957967077687, 0.0004858626551683676]
[0.00039515248043264783, -0.000572604324357226]
[0.0016044970538782594, -0.0011660623211216525]
[-0.0006292800140456634, -0.0006414584668643919]
[0.0003806817999053025, 0.00023168927535061057]
[0.00036788745525961897, -0.0014722141887800327]
[0.0007107640104455776, 0.00042852759398986917]
[-0.0004469118491223223, -0.000277813508198943]
[0.0011348133498717689, -0.00027487190570713027]
[0.000673759739677593, -0.0007484111200388166]
[-0.0005194454849182101, -0.0014412862016368044]
[0.0008249266040388781, -0.00039720588242118243]
[0.0011356017700836704, -0.0001594948449692435]
[-0.0003448780549759056, 0.0001548811806383263]
[-8.767181663342505e-05, 0.0010472119605003938]
[-0.00041028551324445717, -0.0018905471869949536]
[0.0004690521047676366, -0.0003650184630484832]
[-0.0005522360798994597, -0.00040532735766508204]
[0.00043464431758430747, 0.0003415093998884733]
[0.00029175697959243907, -0.0008679929220519814]
[0.0008484089480692257, -0.0012391273569983263]
[5.592804592507994e-05, -0.0006171273149640881]
[0.0005405795276724051, 1.0051792401877258e-05]
[0.0005963407068164117, -0.0009481462994456284]
[-0.0005615401965606802, 2.3828921708934914e-05]
[-0.001168836946012053, -0.00034291568839518033]
[0.0011166759769590685, 0.0004347166005975178]
[-0.001447451631387986, -7.790121298108422e-05]
[-0.001090008335923343, -0.0003182677046574267]
[0.00040256875843108775, -0.0009988615221961164]
[0.001705080403768257, 0.00016007630980630072]
[-0.00035543311619801177, 0.00023153836340138872]
[0.00030461229434290693, 0.00013969734800822753]
[-0.00013534237084900091, -0.0016468698840461059]
[0.00017078061424883814, -0.0005549584240724381]
[-0.0008561281370878526, 0.0005107448841888754]
[-0.0006580107125645357, 0.0003357386299055465]
[5.492414352770147e-07, 0.0008445358079800652]
[-7.143291301757101e-05, -5.359597102211344e-05]
[-0.0005840538639926007, 2.1974505078087986e-05]
[0.0002347055416368829, 0.00020343189311206045]
[-3.6156678969112566e-05, -0.0006456465885712054]
[-7.386592109045326e-05, 0.0002866808161664791]
[-0.00015757808605854073, -0.0007745839471633223]
[0.0009379569938703439, -0.00024065103175155422]
[-0.00031319667937809714, 0.0008869558903640551]
[-0.0014531050386588085, -0.00044268935283611754]
[0.0009630440321039824, -0.00012469710832791608]
[-0.00030563852282356613, -0.0005564188472427511]
[-0.0004334993621617489, 0.0007800542354429799]
[0.0002841610121933763, -1.706350832642034e-05]
[0.00021151950725978308, -0.0010154378417626675]
[-0.000430138795160899, -0.0003997542184135394]
[-0.000374103645659124, -0.00011278461521794375]
[-0.00015962422068353105, 0.00040611330010073554]
[0.00013176830599406775, 0.00044023618264732445]
[-6.537803037123119e-05, -0.0008949134036011774]
[0.00014367566754738825, -0.0009400286172106392]
[0.0003999308341662705, -0.0013091553442064752]
[0.0009849770048351858, 0.0004447644521777122]
[-0.0007538458144923307, -0.0006381200549039068]
[1.929410064399617e-05, -6.95681824427058e-05]
[0.0001963118942077957, 0.00010293674535194475]
[-0.001032355576451649, 0.00048451228510514033]
[-0.00026789161979081516, -0.0002094290641983243]
[0.0003527639007045724, -0.0012174681882857058]
[-8.187243105449438e-05, -0.0007899117266166045]
[0.0005567760356474383, 0.0006479098020173782]
[0.0011065264261667512, -0.0010842690910297659]
[0.0004887621771604012, 3.804848215808315e-05]
[-0.0005631041165077913, -0.0004131119170288633]
[0.00040515903064751446, -0.0006735969146761459]
[0.00032961584419673867, -0.00035709363806978034]
[-3.259172183929515e-05, 0.0006472186330722107]
[-0.0005038543923091832, -0.000625226478030913]
[0.0003966800183904523, -0.00017713576045488844]
[0.00017544977632764913, -0.0010781695761019616]
[0.0002761923049304782, 0.0005435437626212722]
[9.410169509820043e-05, 0.00039805482918817137]
[0.0008732238441320483, -0.0013976663812868065]
[0.0010435208570395982, -0.0009289398102742402]
[0.0003110607594590531, -0.0004242396643029528]
[0.0002301474738128223, -0.0010970353263113491]
[0.0011173170159401863, -6.61735836020999e-05]
[-0.0012383695293152405, -0.0007948922277843801]
[1.700067658573501e-05, 0.0005890798445776918]
[0.0010847844243766988, -0.00026819563481214614]
[0.0002154695434093551, -0.0007253904854503668]
[0.0001606715334646347, -0.0006752009827108579]
[0.0008714865484951081, -0.0018653824305175995]
[0.0007653654458197046, -0.0006614538577877499]
[-2.422543211920425e-05, 0.00019326535083755841]
[0.00011225724570458617, -0.00014497043144461041]
[-8.228788525637548e-05, -0.0007006533157558337]
[0.0006100467453867553, -0.0011585247326569292]
[0.0008100044466835613, -0.0006580630257375687]
[0.000609996672276597, -0.0005066922400679061]
[0.0007787305927002726, -0.00039019327271688775]
[2.3965844100061473e-05, -0.0008849986200730603]
[-0.000812289023261005, -0.0004557946899364576]
[0.0008710817114430079, 0.000436667650248624]
[-0.0006053137461720856, -0.00040944149893579543]
[-0.00011008706187010803, 0.0001747595686134723]
[0.0005830018590410602, -0.0014103967770214207]
[0.0017207945258628995, -0.0008299126780122387]
[0.0003196196997070633, 0.00038725015355807295]
[-0.0002886652799303051, -0.0009592691070136848]
[0.0005529101633158359, -0.0010154965276611598]
[0.00041181402556043044, 0.00026269936763269764]
[-0.0007190146033271188, 0.00033384210961063095]
[0.000520543504379088, 0.0006228646821085712]
[-6.323073201620812e-05, -0.000916219263807529]
[-2.223350552520457e-05, -0.0008914860922055838]
[0.0002096390374386279, -0.0001398790195664447]
[0.00021633769050547792, 0.0001661021569756508]
[3.587354625953637e-05, -0.00025981599305347977]
[0.00043612913323363457, 6.937704839627724e-05]
[-0.00017398979933744285, -0.0013609953659726448]
[0.0012918766573413974, -0.0002410318661968877]
[0.00046345108970237067, -0.000225340337364658]
[-0.0010547187362820835, -0.0005049599646269505]
[0.0003550787803011171, -0.0001090067111623183]
[2.662833653072072e-05, -5.975562963531078e-05]
[-0.0013529674747635133, 0.0004355679760256678]
[0.0002320920216953848, 0.0002197269097725385]
[0.0002716380453835765, -0.0014446075407406889]
[0.0006578887065280606, -6.586025157755832e-05]
[4.271074410283626e-05, -0.0006543532564204715]
[0.0004646176811872321, -8.017216730163423e-05]
[-0.0003019290880331704, 3.055552666604566e-05]
[-0.0006333754513028894, -0.0005138046032633348]
[-0.0006176342706906701, -0.0004885973883543074]
[0.00032995893037476853, 0.00014127376225602645]
[0.00035074004824146854, 0.0006686633086423616]
[6.092244248273593e-05, -0.00029573809744380675]
[-0.00022898932600099592, -0.0007798729891533296]
[8.561318452271482e-05, -0.00020359160148328975]
[-0.0007207908459719026, 0.0005441690071250199]
[-0.0005135090343240944, 0.0007149088099597037]
[-0.00048322571820354904, -0.0007506193086394969]
[0.0004887927382654644, 8.026695425752961e-07]
[-3.273053550162386e-06, 0.00035445513939055817]
[0.0004154592232915866, -0.0008561381441596003]
[0.000858374920419569, 7.319331788541161e-05]
[-0.0012068704945167874, -0.0005211991348793923]
[8.960146472864611e-05, 0.0003582905738816755]
[0.00022407335781879367, 0.0005796842267090027]
[-0.0009380052233731451, 0.00022759558351742593]
[-0.0003960311620582052, -0.00011201171235902113]
[0.00020052817462264116, -0.0005874542952832157]
[-5.5032606916860516e-05, -0.0003944486125153912]
[0.0005253362854810983, 0.0009774003602631975]
[-0.0004385609086173664, -0.0003841152220739816]
[0.0002880959465281288, -0.0007823091846110297]
[0.00023383542821328596, -0.0005802054476066812]
[-5.47726272197846e-05, -0.00018183726960660507]
[5.150528392089404e-06, -0.0003019687325047857]
[0.0007404780631181246, 0.00014250102173876678]
[-0.000897553216227448, -0.0005982523879031129]
[-0.00028689469942661666, 0.0005598817214845231]
[-2.0690944478679585e-05, -0.0004994030093912263]
[-4.5808526725962806e-05, -9.629912611813785e-05]
[-0.00043319750631620746, -9.768023743519233e-05]
[0.0003568696827376677, -0.0008901696945009807]
[0.001231997274552421, -0.000567670851491453]
[0.00022752890848401486, 0.0002131112963512094]
[-0.00038432389681355983, -0.0007483733674763862]
[0.00023996183261720816, -0.00036248359491891646]
[-0.0005526274903289163, -0.0006869363626118702]
[0.00020540037864424932, 0.0007774824851624895]
[9.184725182492803e-05, -2.638912260198578e-05]
[0.000196012990277189, -0.00018203490272025724]
[0.00023982593170734923, -0.001101115459073071]
[0.00021585186058902667, -0.00033995618341015055]
[0.0002648768092816667, 0.00017965003061537477]
[0.00018597418993266182, 0.00022496088047663232]
[-0.0004438154385698334, -0.00019839464640903845]
[0.00015575609488500952, -0.0006550440922158673]
[0.0008928651249194841, -0.0007370057113282348]
[0.0005053016852873335, 0.0003289228956666612]
[-0.0004501654330964777, -0.0010051048914491018]
[0.0011228472838560738, -0.00026199955456915336]
[0.00014052542613082752, -0.00030460312322563507]
[-0.00012971446122095331, 0.00039611620734808506]
[1.6161815507675925e-05, -3.1624883521392394e-05]
[8.421963877182012e-05, -0.0011611273314519055]
[-2.003985942725106e-05, -0.0003903489541755966]
[0.0002244481381301136, -8.966803581397786e-05]
[0.0006883610448881472, -0.0003145553037872395]
[0.0006093797171417038, -4.045968341190309e-05]
[-0.0001389987664083825, -0.001146154692973857]
[0.0005362135939248175, -0.0010534410448321818]
[0.000739213975162023, -0.00020128630053333813]
[0.000275842283278753, -4.0252416578956396e-05]
[-0.00036817483706386156, -0.00020581943253345902]
[-0.0001795751346915786, -0.0006839270921436824]
[0.0006206636124590492, -0.0005406700072676865]
[-0.0003729695287070407, 0.00017366700197343765]
[-0.00024191217657759667, -0.00012069536438547197]
[0.0005685666956655455, -0.0008699322071474835]
[0.0008618280615484142, -0.00012583533630199095]
[-9.535897283865016e-05, -0.0004548562712158588]
[0.0007601965333054739, -0.00034780299449442206]
[9.398132664692471e-05, -0.0007003162812395658]
[-0.00011675343469816357, -0.0005453639230697631]
[-0.0001623272127035877, -7.638737673540397e-05]
[0.00016063238207783548, 0.0003819568979041843]
[-5.3928017111362636e-05, 0.0006160735782588522]
[-6.979371028992265e-05, -0.0003967271329900629]
[-5.2280879413807435e-05, -0.0011159193526863453]
[0.0006403465235834127, 3.595071929590743e-05]
[-8.565612484010693e-05, -1.958306315852365e-05]
[0.00032325056279858266, 0.00038484351673883505]
[-0.00011011648338478397, -0.0007654056815872279]
[0.00016004943576430897, -0.0002195880741761927]
[-3.269773994289682e-05, 0.00012365702875066775]
[-6.360367980950965e-05, -0.00023497736935267077]
[0.0004541796584177221, -8.341021769359136e-05]
[-0.00024123352466715042, -0.0001867655817589936]
[-0.0003053583261859588, -0.00015670691608010712]
[0.0005726720183378275, 0.00015707767433993658]
[-0.00022086692481278203, -0.00035172004220085373]
[-0.000484889037432934, 3.2474649804589695e-05]
[-0.00013794464516085625, -0.0007790947577691054]
[0.00042477404342239344, 0.00045105634683610674]
[-0.00026403509306636985, 0.00043843631469170363]
[-0.00012798973131383784, -0.0005437701899559944]
[9.18531153629859e-05, -0.0009279296193459574]
[0.00016785394457197178, -0.0005101701804530873]
[0.0002335146176110081, 0.00033947632238329195]
[1.0725904543373854e-05, 0.0002693037457913161]
[-0.00035038944662771354, -0.00016838571686506043]
[-0.0003647790101249382, 0.0001466713496341837]
[-0.0008345965548683526, -0.00018492631796912518]
[7.223599166711336e-05, -2.4192825054170086e-05]
[-0.00015757709179130275, -5.162394161312145e-05]
[-0.0001006865909184973, -2.0403536827404145e-05]
[0.0001605848269578547, -0.00012383408332222734]
[0.0005779300969813717, -0.0002822610731948866]
[-8.880030096858338e-06, 0.00020825199323493138]
[-0.0005569257676574235, -4.716049233166597e-05]
[-3.9315923660160346e-05, -0.00041737264558616705]
[-5.077376704304415e-05, 2.390212178299267e-05]
[-0.0005177170625267347, 0.0007573518727510553]
[-0.0002434118676929442, 6.323859405402144e-05]
[6.311145889878467e-05, 9.743885021867849e-05]
[-0.0005640268367830825, -0.0004936792935881784]
[0.00010584468243599043, 0.00011129638510146145]
[0.0004523374258903756, 0.0005049772026031463]
[8.828867488316905e-05, -0.00019712641235500317]
[-0.00017930385474662636, -0.0004202071769604798]
[1.9642991266888288e-06, -0.0005654611943168852]
[-7.766850347032395e-05, -0.0004218271500984194]
[0.00044442240248018794, 0.0009737100824805389]
[-0.0009624025677038572, -0.0003078898206938796]
[7.371027758312776e-05, 0.00015322017481331218]
[0.00024325814573844529, -0.0001503277813712789]
[-7.132377319846173e-05, -9.82373728604935e-05]
[-0.0001584531835945313, -0.00025795964735828014]
[0.0002927819660146491, -0.0007687880555694859]
[6.5690986643107685e-06, -0.00032467631609894854]
[-3.158979019113328e-05, 0.0003709907450068495]
[0.00010352526707332887, -7.059414542961995e-05]
[5.609901712216869e-05, 2.273778566799778e-05]
[-0.0005530248854114239, -0.0008890738420812838]
[0.0005937528358644639, -0.00045055159769819]
[0.0005552632685738856, -0.00036269681078837657]
[0.00024162676736377842, 0.0005168046368525525]
[-0.0003500232450455998, -0.00042848104862625025]
[-0.0001881609063145162, -0.00047902387559314863]
[9.999555764900192e-05, 0.00010275148807756262]
[-0.00035757892775264977, 0.00026987869532127395]
[-0.00012974340693394648, -2.685221504825086e-05]
[0.0004968409324644929, -0.0006088539198529919]
[0.0007109105989152598, -0.0008856893048437564]
[0.00034781704304009953, 0.00013936464953581695]
[-0.00010815681520970344, -0.0004969024022427881]
[0.0005889787192876472, -6.0262776766295545e-05]
[-0.00019711766664318175, -0.00011830840906379425]
[-0.00032307251732976994, -3.724806966548533e-05]
[0.00044226280152245834, 0.00023329359170121133]
[0.00016683278589149642, -0.00011280145210645909]
[-0.0003838093315241542, -0.000790177605543313]
[0.0003196069626864029, -0.0003722287887759912]
[0.00033117019666834, -8.555933325737897e-05]
[0.0002314979274056217, 0.0003475309097600576]
[0.0004034954347269526, -0.00013105843874589018]
[0.0002189809146112276, -0.0011573597575315897]
[0.00037873503431373745, -0.000395939085519631]
[0.00045301529653507533, -0.0002704836968837332]
[-0.0002456064647217149, -0.0004109824830245412]
[0.00018099217658953948, 0.0003044032704508093]
[-0.00012480161849123816, -0.0003770171480957374]
[-0.00033245235114193195, -0.00019593844217993817]
[0.00046311515820623983, 0.00015889255219736498]
[0.00031499678805241293, -0.0006753669106662197]
[0.00035098105601208407, -0.00022280499418991795]
[0.00013566490078831261, -0.0009950453388707925]
[0.000663526235652856, -0.00023248093933983527]
[-0.00014539098596941247, 0.0002518758869228255]
[-0.00029483839712299287, -0.0003500019672988408]
[-5.626939506656048e-05, -0.0006664050403318023]
[0.0002749366415332466, 7.5869597597755245e-06]
[0.00013586897032549783, 0.00024713458491865126]
[0.000571614853540986, -0.00022246905737205447]
[6.423542780281677e-05, -0.0007380214597091928]
[-7.557629736595906e-05, -0.00017142211286091946]
[-0.0004505718877987619, -0.0001679372161070697]
[0.00027391818763937426, 0.0006324709500702963]
[-0.00043556769977023957, -0.00020686598613696427]
[0.0003274878428680683, -1.936051467010813e-05]
[0.00010570130628240193, -0.0004857329679994332]
[0.0005348114737502158, -0.000513050164570733]
[0.0005478788382942412, 2.342634437826896e-05]
[-0.0004664732187935894, -0.00011122684843570263]
[-0.00029276905384520435, -0.00013365525546507606]
[0.00033644507846862515, 0.00042456957779549165]
[-0.0006822758726335865, -2.831519963088225e-05]
[4.4139840738449676e-05, 0.00033015058333027425]
[0.00017873447052058067, -0.0005605363524748691]
[-0.00012621542472569802, -0.00025251698556935653]
[2.3671171056144358e-05, 0.0001108745552286794]
[0.00030132479449232474, 3.331706292908354e-05]
[-0.00010774558433770953, -0.0001403855901774137]
[-3.194109350819485e-05, -0.00016352988617793218]
[-5.9685613454318887e-05, -0.0007423479704962987]
[0.00032412478270640865, 0.00022829034407370608]
[0.00012784510973157248, 0.0003246104294995292]
[-0.0005248286140958069, -0.00023772461626908603]
[-0.00043465507924300706, -0.000128798759952517]
[-0.00010649806164821779, -0.0001177829265572028]
[-0.00021889568063268583, 0.00010940955522767415]
[6.012152855693759e-05, 0.0003985012221656703]
[-7.114955893547381e-05, -0.0006801534391381384]
[0.0006125290292008922, -0.00024434585961605193]
[-1.725587756509772e-05, -7.455075872275785e-05]
[-0.00011234160546443744, -0.00010029884063983419]
[-2.2696061775434595e-05, 5.631067250564531e-05]
[-0.0007125433450580893, -0.0002868276799337377]
[-0.00032493096893118634, 0.00016811671563811414]
[0.00044379859483971093, 0.0003257771881965965]
[-0.00018708098029354692, 0.000253904726783296]
[-0.0001861425560721712, -0.00047646932751507776]
[0.0002337949797060479, -0.00046915609183600243]
[5.948455979617323e-05, 0.0002844277298293396]
[-0.0002703398846286009, 0.00035414034697282826]
[-0.00024704551947295206, 9.850613049108836e-05]
[-0.00024528169174270475, -0.00030884604841977664]
[0.00025176160204611227, -0.0003469481170256805]
[0.00031984340921412113, 0.0002816490877329131]
[-0.0002737740009160772, -0.00034313558134785316]
[0.000623589329754537, 0.0002523987303260774]
[-0.0002503118410935451, -0.0002875425297399481]
[-0.0004514419963401739, -2.083459975028108e-05]
[-3.154660579916769e-05, 0.0002515113592359286]
[1.7400876430151424e-05, -0.00010129594664522743]
[-0.00024387459598566906, -0.0001843642043029281]
[0.000163824809994495, -0.00025657726449437347]
[0.00033527681973212313, -0.00030335514750132186]
[0.00038092611881682115, 0.0003873933373063562]
[-0.00031750431133223227, -0.0006284068877417115]
[0.00032526311535810426, -0.0005284763412426938]
[7.294076305685258e-05, -0.00020532818700774724]
[0.00013993302186718348, 0.00010373442357756481]
[7.338054625660381e-05, -8.750671608248606e-05]
[-7.481313059889971e-05, -0.00010286195119418515]
[-0.0001368106606015225, -0.0005838502612505736]
[1.9454927359524588e-05, -1.2935204656488314e-05]
[-0.00015283496946377761, 3.114344120691559e-05]
[0.00036037654189158275, -0.00010335164255269313]
[0.00041585830262341056, -0.00044315118122420505]
[-4.949795452852124e-05, -0.0006756173057961556]
[0.0005500456428000899, -0.00028972502578109016]
[0.0003871198685653776, 0.0001303204469488492]
[-0.0003106804738715503, -0.0004495168992072196]
[0.00013409056783203477, -0.00011014733379781025]
[-3.086352337845766e-05, -6.20636075174541e-05]
[-9.478460420792034e-05, 0.0002881142250986332]
[0.00025497906303815, -0.0003173451953548123]
[0.000152882138872934, -0.0005588496036877735]
[0.00017045171157568234, -0.00021040444497430477]
[0.00023579788439311022, -0.00010490472176652443]
[0.0004791360816727083, 3.139037589348914e-05]
[0.00011081160842164872, -0.00026740482035965407]
[-8.307706196393483e-05, -0.0003865478273568229]
[0.0001357990052661684, -0.00035360205337742895]
[0.00019281253891501038, -0.0002268525012082967]
[0.000521734139706187, 0.0002530820806819836]
[-9.677329589549699e-06, -0.0003826844559187137]
[-3.2350812191897504e-05, -0.00037522144742140745]
[0.00039797153341091657, -0.0001528995281923351]
[6.290979949889752e-05, -0.00024526656273630293]
[-9.652406111398948e-05, 0.0002042094765682817]
[7.55013664424653e-05, -0.0005809152269787565]
[0.00037247493336556997, -0.00025050501419651705]
[-1.4885659713109733e-05, -0.00019803598973210101]
[0.00038125999236465064, -0.00036964735361598444]
[0.0003294154793318377, -0.0003572491564550681]
[-2.792234880732991e-05, -0.0004226655086512765]
[0.00023397237542122085, -0.00027682317224128616]
[0.0003247561028304341, 0.0001826369163637348]
[-0.0001570767592042055, -0.00015013183336360508]
[7.400501060506742e-05, -0.0002098875336452588]
[-0.0004503017963648215, -0.000567378139577128]
[0.00021557236202376234, 7.028188969292193e-05]
[7.053548039231972e-05, 2.5107508404738355e-05]
[0.00026022905031403143, 1.4212698121102152e-05]
[3.8487432642578256e-05, -0.000476191355059212]
[0.0004428890681726014, -0.00039545573023919145]
[3.181676413096385e-05, -0.00036589506445821457]
[0.0001469228535131914, 0.00019316821269529244]
[-6.689185585715546e-05, -3.598574383717121e-05]
[-0.00011527693231688091, -0.00013232352360527389]
[-0.0003523971416140026, -3.357102276953239e-05]
[0.00025072631291504777, 0.00019194957791468514]
[1.3594720205352406e-05, 7.434561035513446e-05]
[-0.0002176592963192489, -0.0001431856749231214]
[-4.2717133877760716e-05, -0.0004465550348639741]
[0.0005237336927065156, 0.0003534008945430961]
[-0.00012192137684995802, -6.233802790384102e-05]
[6.445371472451819e-05, -0.00024038262551298595]
[-4.5829994863296614e-05, -0.0005177111891034245]
[-3.551680261692711e-05, -6.312267543773578e-05]
[0.00021395443995530714, 0.0004243469981717561]
[-0.0003376570271532292, 8.08758682699362e-05]
[-8.847527661679996e-05, 2.290826405572724e-05]
[7.726255137109617e-05, -0.0002929547831945767]
[-0.0002530905791537936, -0.00041124562467723114]
[0.0001403904925698224, 0.00027934333411373455]
[7.797730724513549e-05, -0.00012123632574599467]
[-6.936513437716049e-05, -3.537325716314495e-05]
[-0.00019505923768685894, -0.000182466430165373]
[7.556930750029535e-05, -0.00010513802657196106]
[1.572045846537579e-05, 7.508365573571756e-05]
[-0.00021238456026616715, -0.000384258899978257]
[0.00014124200928358256, -0.00027762689423971873]
[0.0001635229215518094, -7.22435969849923e-05]
[-5.006977654139783e-05, 0.00026673579908842817]
[-0.00014625852972362718, -4.5705461435134945e-05]
[-0.00019610063903616193, -0.00015693662537813978]
[-0.00018808949379136783, -2.3001386061133507e-05]
[-0.00034155958752763935, -9.322043386918166e-06]
[9.08864882657439e-05, 0.000274374086650854]
[0.00016147808671638716, 3.407918378503863e-05]
[0.00015658907744504034, -0.0007129178918584278]
[9.007456434195066e-05, -0.0002032236267967072]
[-4.394781845171343e-05, -7.007636974567209e-05]
[0.00038654323133736554, 0.00040781190298302614]
[-0.00027843017853807633, -1.526260577216533e-05]
[-0.00043150583498220707, -0.00012321942225340318]
[-3.2483150456046744e-05, -2.3022706452317798e-05]
[0.00011910425618608458, 0.00016627193672588692]
[-0.0001759944201227548, -0.00035405436208347726]
[0.0002250122691728855, 2.5971664213999407e-05]
[-2.0804151367882773e-05, -7.368656436590112e-05]
[0.00017793478156279824, 0.00012913137673111613]
[0.00015924268782063766, -8.03695595470097e-05]
