[-496.7622746359939, -183.548771999738]
[-9.515601526665044, -3.4816508756443554]
[-6.293087069633145, -1.5244541002486818]
[-0.025003252366559536, -0.019973385610491334]
[0.02322625561271252, -0.03401676067251547]
[-1.075679352904853, -0.5095364160737788]
[-0.44699538254022286, 0.07184187035808165]
[0.07269945749727658, -0.04170611222338039]
[-0.023222928441221313, -0.18635245135734735]
[-0.29938790103672863, -0.25018226946297517]
[-0.09880100269905512, 0.0307118279084726]
[0.08517275584630823, 0.007076456110866047]
[-0.0395519527841639, -0.1675913045261872]
[-0.09295289127150141, -0.12227285035565671]
[-0.05342239088815903, 0.002686247086369775]
[0.06487337742515287, 0.04546931684283706]
[-0.052711720963201536, -0.11890411641586951]
[-0.0316507239171262, -0.045624922856693395]
[-0.04236910805251526, -0.00805860021826632]
[0.02703036915931989, 0.06182432143684857]
[-0.06108051074913945, -0.07339762521548376]
[-0.019085097763774428, -0.009634317428128314]
[-0.031243255749681786, -0.006815034933420616]
[-0.009079075363171443, 0.05870787222371959]
[-0.06093004297238125, -0.04175124883677144]
[-0.020094362089698947, -0.003051901586865746]
[-0.02085769414098504, -0.0011681974356802516]
[-0.029535823695862717, 0.04335945030330013]
[-0.052416648795423626, -0.022103568083908787]
[-0.01983225875857597, -0.009065224890271395]
[-0.0136926774918944, 0.0020744323578840707]
[-0.032634117060492907, 0.02447215728210317]
[-0.04022099837730497, -0.009447876352052909]
[-0.013796835054108558, -0.013564378200797478]
[-0.008764018062445977, 0.0007270883301604414]
[-0.02605090731282944, 0.009831372757515666]
[-0.02951907406981702, -0.0013787793667479065]
[-0.004394420376791608, -0.011326845379400652]
[-0.0048660239599576105, -0.0030024190721906763]
[-0.018667029762764464, 0.0032466311640684253]
[-0.022310467224032626, 0.0023789261593707423]
[0.002883041584332169, -0.0047701144119072225]
[-0.0026528265153200614, -0.006108660967788282]
[-0.014773986002059925, 0.0029670854578249806]
[-0.017583857288477223, 0.002859706675544693]
[0.004400146510305403, 0.0015266102735259635]
[-0.0030841584735123995, -0.007500687253172655]
[-0.013889742475770517, 0.003927934432810448]
[-0.013869565338838097, 0.00246036097333633]
[0.0011990884281991576, 0.0049456866661241605]
[-0.005375132761129775, -0.00767976326506728]
[-0.01370446490509325, 0.0023609238571995483]
[-0.01073495371722899, 0.0029727228486073898]
[-0.0026179197922568953, 0.005477860758009712]
[-0.007432513561496101, -0.007133653691340669]
[-0.012488958723830157, -0.0014729746044741532]
[-0.008222229440471907, 0.004149714239710001]
[-0.003962598358893343, 0.004479598190310519]
[-0.00793808860539924, -0.005887577245979436]
[-0.009802409004584511, -0.004695308898487127]
[-0.00601234136517359, 0.004620574808077649]
[-0.003061544958364859, 0.003474112330784429]
[-0.007323730382155724, -0.00421336631936331]
[-0.006310577186242838, -0.005262304244683325]
[-0.003740768765500224, 0.003733599919462982]
[-0.00216365617179326, 0.003395813458954011]
[-0.006749928472935984, -0.002855378227947458]
[-0.0032944269465224885, -0.003711280502041281]
[-0.0017137640041353652, 0.0021050369280124492]
[-0.002761857263205547, 0.004110161115849095]
[-0.006704597954773961, -0.002246835599291286]
[-0.0017851320236992874, -0.001978365653815095]
[-0.0006711752150430628, 0.0006769967357660514]
[-0.004396176407802432, 0.004563878768349072]
[-0.006815183480939568, -0.0019274244973811819]
[-0.0017033741538390323, -0.001276942794838476]
[-0.0007957230865311971, -0.00020179147092713734]
[-0.0056885719630339615, 0.0037924263812252335]
[-0.006606587100328909, -0.0011219299468250288]
[-0.0019197520307860927, -0.0013580917067312903]
[-0.0013577657891485906, -0.0007176295547335343]
[-0.005865769489612815, 0.0019534420099818206]
[-0.005991233750104019, 0.00024768314744072484]
[-0.0013949557823402792, -0.001347662340710265]
[-0.0015133435447935994, -0.0010771684131078985]
[-0.005171868547893421, 0.00021359838365464512]
[-0.005101900030666517, 0.0014528092445225127]
[-0.0002289737059144592, -0.0007639037897249068]
[-0.0012057836717320747, -0.001347181511422768]
[-0.004271136618031246, -0.00046347604669705333]
[-0.004051028969974668, 0.0018435585779430497]
[0.0005705940582076963, 0.00025132339138039805]
[-0.0010525185449130614, -0.0016049689282329194]
[-0.0036282052893547023, -0.0002553645819574901]
[-0.002998176280045617, 0.00155236676446191]
[0.00029551670723405865, 0.0012622669510431658]
[-0.0014799632334829005, -0.0019104869816861866]
[-0.0033371090555257554, -0.00010882813325774343]
[-0.002206760215293535, 0.0012082815206262906]
[-0.0007111793543486122, 0.0018656676995676413]
[-0.0022430266019317635, -0.0021124172968779442]
[-0.0031976505584244697, -0.000603690808016033]
[-0.0018032868414383785, 0.0011718659647081964]
[-0.001538912969016093, 0.0018822737087158536]
[-0.002801733041622345, -0.00192463706075241]
[-0.002863420027731489, -0.001407990877902332]
[-0.001562851625000361, 0.0012614221727766939]
[-0.0017093409950419414, 0.0014822884155853977]
[-0.0029233490536119122, -0.0013059015479988112]
[-0.0021138278406058753, -0.0018117295069974837]
[-0.0011381298533664763, 0.0011397637088084167]
[-0.001517807343535793, 0.0011064386651562508]
[-0.0027830373754772486, -0.000616850954576531]
[-0.0011250294728586407, -0.0015404893281387722]
[-0.0005103703857798347, 0.0007291862797336179]
[-0.0015058375946779279, 0.0010843231781852702]
[-0.00262576832996686, -0.0002572011349977199]
[-0.000386857740538038, -0.0009231266367619173]
[-5.090224618364836e-05, 0.00019849187722992268]
[-0.0018441416663582538, 0.0012820959088177541]
[-0.0025234571841822873, -0.00021590152258846307]
[-0.00022647950905962944, -0.0004226177549006005]
[-7.329737164885053e-05, -0.0002768791728272567]
[-0.0022788390825545513, 0.0012384825698878998]
[-0.002430927001043637, -0.00012457034029306202]
[-0.000448731392283519, -0.00020437906326664645]
[-0.00044833520076159594, -0.0006132143768571297]
[-0.0024936382928429923, 0.0007038708705646712]
[-0.0022985452665920114, 0.00025761568074500474]
[-0.0005564250652416725, -0.00013689229600100106]
[-0.0007681837999105046, -0.0007723563991834936]
[-0.002379556808709271, -4.742064614005059e-05]
[-0.0020682938220446534, 0.0007552375313752968]
[-0.000316095338368072, -2.6796007108531583e-05]
[-0.0008196140604390945, -0.000770114410622913]
[-0.0020283546594113133, -0.0005184795639736617]
[-0.0016780082756967518, 0.0010170430088032312]
[8.053793351336935e-06, 0.00022622807510719323]
[-0.000764342426938458, -0.0007246462245538154]
[-0.0016192209502539079, -0.0005335443974425758]
[-0.0011691564534167531, 0.000927872069103719]
[1.0546394947907878e-05, 0.000595516481170344]
[-0.000862546098308492, -0.0007715054547885458]
[-0.001324494822439029, -0.00037320141248026184]
[-0.0007319848923695305, 0.0006820732874003692]
[-0.0003764647432277224, 0.0009327658631475555]
[-0.0011500573789511304, -0.0008851783599716535]
[-0.0012069345240479645, -0.0003910964274738138]
[-0.0005371987744808848, 0.0005077687250407692]
[-0.000845153915711272, 0.001043908371413771]
[-0.001445950310020816, -0.000869706375972612]
[-0.0011474642007412994, -0.0006215681355952185]
[-0.0005299342279270203, 0.0004402835320589382]
[-0.0010860350578070221, 0.0008624558239245239]
[-0.0015877680763052293, -0.0005937071485746515]
[-0.0009406240312754832, -0.0008139737673209524]
[-0.0004821419163362206, 0.0003741992570969188]
[-0.001081808489427294, 0.0005563974104711988]
[-0.0015634610328864249, -0.00018287266305394567]
[-0.0005303912463443528, -0.0007597531807197466]
[-0.00027341177727074895, 0.00023098522751330286]
[-0.0010284846315546936, 0.00038479900893917396]
[-0.0014463810208895644, 0.00010131924293377281]
[-0.00011703740061264067, -0.000488289897636135]
[-4.3955198459566525e-05, 1.5027932062650073e-05]
[-0.0010758341734288246, 0.0004177547871315468]
[-0.0013017479722262637, 0.00015715264832250053]
[3.941826389752823e-05, -0.000173581922273576]
[-1.780330274037123e-05, -0.00023198983758944067]
[-0.0012082894238583664, 0.0004573149366167706]
[-0.001174355260842197, 0.00013676983717099064]
[-8.865289246551278e-05, 4.904811901684791e-05]
[-0.00022720254494745795, -0.0004523702556246123]
[-0.0013186004842110632, 0.00027987629708237094]
[-0.0010884791828236207, 0.00023192055035181625]
[-0.0002685031444141228, 0.00015239372556630215]
[-0.0004853821225820898, -0.0005692980696372363]
[-0.0013134424847937032, -8.868979860876536e-05]
[-0.0010094274928768021, 0.00044045176200624425]
[-0.0002823089518863009, 0.00018543067336596053]
[-0.00061480462800656, -0.0005405751339364606]
[-0.0011588362306904632, -0.00040197002077579924]
[-0.0008509555587036324, 0.0005950030950665486]
[-0.00016491605906998608, 0.00023022944510520116]
[-0.0006247558793601726, -0.0004304740830181064]
[-0.000898153046086092, -0.00047656052944622385]
[-0.0005805444257931391, 0.0005758931652204424]
[-0.00012639931987123987, 0.00035138571414881914]
[-0.0006442683133849325, -0.0003680699842126822]
[-0.0006474025676816986, -0.0003748625775305825]
[-0.00029914900046995596, 0.0004255559537999498]
[-0.000286347510297949, 0.0005254711747951779]
[-0.0007452865505673256, -0.0003988280199717642]
[-0.0005173067950057786, -0.00029117421113167286]
[-0.000156060012916015, 0.0002623547026446814]
[-0.0005519725676655929, 0.000628985954687522]
[-0.0008831356785441447, -0.0004175580185682426]
[-0.0004995173992999313, -0.0003208769292502023]
[-0.0001777690708468782, 0.0001504465586807946]
[-0.0007485089738232531, 0.0005516877962019606]
[-0.0009769718163501473, -0.00029444969656422515]
[-0.0004609101425908646, -0.0003908228715097106]
[-0.0002332808883717119, 7.817042626245829e-05]
[-0.0008016857611097272, 0.00033346288812752256]
[-0.0009871037566307472, -4.60499477517029e-05]
[-0.00029433020127189735, -0.0003820311330642312]
[-0.00019426132465821463, 1.2636928798492875e-05]
[-0.0007674733658658006, 0.00014345290213912953]
[-0.0009156197181197645, 0.00017199894584063458]
[-5.99334276261132e-05, -0.00025739481911762896]
[-8.88603804930499e-05, -7.04749897364465e-05]
[-0.0007334822212488046, 9.755802216873666e-05]
[-0.0007870343684811543, 0.00024351714464765362]
[6.986251406071453e-05, -6.818950047769029e-05]
[-5.542051025478334e-05, -0.00018668646029690317]
[-0.0007389505146107728, 0.000130303352408212]
[-0.0006506075844224524, 0.00021302646307716153]
[8.11136122247369e-06, 0.00010949236040252996]
[-0.00016608394827610784, -0.00032199187553960847]
[-0.0007696251362699913, 8.431604730807507e-05]
[-0.0005614032723006979, 0.000207317237998772]
[-0.00014891508629188976, 0.0002193474011928931]
[-0.00034741245080072147, -0.0004138228762234908]
[-0.0007795465032767179, -9.371482127584763e-05]
[-0.0005222705302616593, 0.000276426334716251]
[-0.00024124579721307438, 0.0002449416147625172]
[-0.0004784463868503508, -0.0003977166280857425]
[-0.0007141135953682154, -0.0002929292382403137]
[-0.00046473897505971973, 0.00035347531584117853]
[-0.00022526932297417535, 0.00022517086271234277]
[-0.0005202640024161397, -0.00028956440480154555]
[-0.000554423126423842, -0.0003741667732073406]
[-0.000326809225397684, 0.0003539506636340839]
[-0.0001975644561048595, 0.00023413952333206645]
[-0.0005244403306308154, -0.0001876253029216013]
[-0.00035855123728478766, -0.0003199177367516487]
[-0.00014513497639434547, 0.0002671906297424531]
[-0.00025897216075693175, 0.0003063343912496491]
[-0.0005471452208191951, -0.00016502691806460912]
[-0.00022860859389677024, -0.0002263653314264133]
[-3.106955302581427e-05, 0.00014364082452381424]
[-0.00040206334542086664, 0.00038130235551475655]
[-0.00059410345667954, -0.00018114078007088266]
[-0.00020768517360197913, -0.0001798621914266274]
[-4.406616202135005e-05, 3.223922252734712e-05]
[-0.0005394820034317904, 0.000357456204886919]
[-0.0006384686830634978, -0.00013349139240048657]
[-0.00022552303575459898, -0.0001798880108081491]
[-0.00012124036085547907, -4.59644167319917e-05]
[-0.0006032675340722493, 0.00021312379158922035]
[-0.000652474538498149, 1.004590089470625e-05]
[-0.0001779953629477138, -0.0001722068007967703]
[-0.00015599680941402738, -8.909173397708692e-05]
[-0.0005913438633706747, 4.5382920063286036e-05]
[-0.000614390701434606, 0.00016770599716764423]
[-5.551865864550365e-05, -0.00011643888070556052]
[-0.00012434525572618815, -0.00011347963989294385]
[-0.0005414511682304557, -3.414665053286248e-05]
[-0.0005175897052350775, 0.0002406655015246839]
[4.077708834671068e-05, -1.13796902111718e-05]
[-0.00010052212972944119, -0.00015260598384475577]
[-0.0004938961844418444, -2.3049638953047402e-05]
[-0.00039284570955908094, 0.0002213662354516449]
[1.894704845878392e-05, 0.00011410935896181279]
[-0.00015475957796262652, -0.00022380232854431886]
[-0.0004731601207809688, -1.8553294185208458e-05]
[-0.00029950429880049034, 0.0001830293999985893]
[-9.758957749439467e-05, 0.00021324286361734668]
[-0.0002714351017839567, -0.0002911998500909896]
[-0.0004725907786127248, -9.224417330933044e-05]
[-0.00026712626999159106, 0.00018256983185271913]
[-0.0002047671167141607, 0.0002444054331562917]
[-0.0003787678186150112, -0.0002902157345655576]
[-0.00044912863516222146, -0.00020828785774984482]
[-0.00025478615555296624, 0.0002059645659355791]
[-0.00023850068362174515, 0.0002104673790064293]
[-0.0004307553972288103, -0.00020434067518193544]
[-0.0003593702072991478, -0.00027545498505499033]
[-0.00019620066971971772, 0.00020524284486045374]
[-0.0002303830639966975, 0.00016914808040269236]
[-0.0004371364034502223, -9.699197614732036e-05]
[-0.00021762099267752522, -0.00025179491654453434]
[-8.675927915147152e-05, 0.00015717282094518392]
[-0.00024866287150276944, 0.00017725312362400214]
[-0.0004293598291223999, -4.4392702847895205e-05]
[-0.0001001423375499022, -0.00017501247751364885]
[9.848492579234147e-07, 7.427071438508015e-05]
[-0.00031643569350243983, 0.0002204625152337214]
[-0.0004262438360265186, -4.7466625628933556e-05]
[-6.916104228721354e-05, -0.00010543940376150918]
[7.806925661490993e-07, -1.7858135953223442e-05]
[-0.0004000071095354718, 0.00022221204979655518]
[-0.00043125139800426204, -3.6321604368672045e-05]
[-0.00010075376869811414, -6.811302295584021e-05]
[-6.918298031699521e-05, -9.358939428444346e-05]
[-0.0004541557571367538, 0.00013473336436620187]
[-0.0004363364059610797, 3.807769097585734e-05]
[-0.00011233804697588501, -4.976709865323059e-05]
[-0.0001319569691852207, -0.000131826254974321]
[-0.0004573170916544189, 2.499304192271623e-06]
[-0.00041868477462425613, 0.00014308812803620619]
[-6.260687360593042e-05, -2.526818234971362e-05]
[-0.00014376648014483365, -0.00013269182746111774]
[-0.0004144692552610074, -8.495524900598017e-05]
[-0.0003543641602237191, 0.00020661811993427648]
[-6.839542876502236e-08, 2.4638708048918545e-05]
[-0.00013488377813514196, -0.00012797342119963417]
[-0.00035053052132955065, -9.337516754955727e-05]
[-0.00025228722881998067, 0.00019979110446533]
[-1.1019908200127215e-06, 0.00010225517971124143]
[-0.00015893645870412865, -0.00015191740557167488]
[-0.00030061260984584615, -7.330735812906275e-05]
[-0.00016205594378607135, 0.00015717063788311253]
[-7.901516274627651e-05, 0.00018127346713697756]
[-0.0002267857175444199, -0.00019457976037298708]
[-0.00028384293727395926, -8.963539857254066e-05]
[-0.00012694319886019656, 0.000124978167339862]
[-0.00017477642920338265, 0.0002167683959453104]
[-0.0003032302711841739, -0.00020312761237728516]
[-0.00027768012152062926, -0.00014600463855540813]
[-0.00013217506690210712, 0.00011371158363171485]
[-0.00022876295651083622, 0.00018780766646009361]
[-0.00035173725046477866, -0.0001435003042435934]
[-0.0002351282998229176, -0.0001913785765149667]
[-0.00012063970696243875, 0.00010398568229419425]
[-0.00023795871819587422, 0.00012879243907348847]
[-0.00036302484841407856, -4.799252329745762e-05]
[-0.00014179137834069433, -0.00018413669899897123]
[-6.459232393624115e-05, 7.711675262800366e-05]
[-0.0002400524645327362, 9.870193272945582e-05]
[-0.0003472794238565946, 1.7330604239029768e-05]
[-4.484093108342302e-05, -0.0001297733967483075]
[-2.9415160582857425e-06, 2.7853118849952008e-05]
[-0.00026302919893542165, 0.00011319097032007688]
[-0.00031994310985157537, 2.8005512147433187e-05]
[-7.019286593787366e-06, -6.212502638888728e-05]
[5.358273806432834e-06, -3.840450247550101e-05]
[-0.0003032691517785846, 0.0001239166889955845]
[-0.0002976860624642197, 2.4039095415061273e-05]
[-3.50651213773534e-05, -8.996271805172817e-06]
[-4.807153827690591e-05, -0.00010395621421593892]
[-0.0003392544162813538, 7.745606958620144e-05]
[-0.00028951912449004524, 5.4103638105817975e-05]
[-7.272593605026773e-05, 2.0473724572145358e-05]
[-0.00011491756938053488, -0.0001412701448355591]
[-0.00034908503796510226, -1.7239404924485058e-05]
[-0.00028172013580418653, 0.0001157173674877221]
[-6.914737256774606e-05, 3.331798447869794e-05]
[-0.0001496127812739556, -0.00013602197601525479]
[-0.00031989581583768967, -9.750987897594321e-05]
[-0.00024473559882634555, 0.0001635065767133792]
[-3.692435548496853e-05, 4.920696318450046e-05]
[-0.00015509113371259264, -0.00010934634044279523]
[-0.00025865466408081517, -0.00011875337285457976]
[-0.0001694418851029278, 0.0001647597382357091]
[-3.02378674059689e-05, 8.739769512976919e-05]
[-0.00016518049799374435, -0.00010055952531884405]
[-0.00019634535382496987, -9.868980208984496e-05]
[-8.953619604569474e-05, 0.00012916103481159374]
[-7.719193927324675e-05, 0.00014225980996876442]
[-0.00019899749939622513, -0.00011992562209896251]
[-0.0001652419188677423, -8.594051356086707e-05]
[-5.114029052671887e-05, 8.699072210541572e-05]
[-0.0001514265166947526, 0.0001772151613680939]
[-0.0002454247085611483, -0.000131466723087309]
[-0.00016294022176530087, -0.00010152971647758857]
[-5.9887951405435125e-05, 5.6255432915097714e-05]
[-0.00020784759500350886, 0.00015920237964284212]
[-0.00028252561049557645, -9.532271104650825e-05]
[-0.00015021918801305656, -0.00012406533581488244]
[-7.397489405130964e-05, 3.634475476665955e-05]
[-0.0002284442646995899, 0.00010041133666116586]
[-0.0002962274681207744, -1.953568641654968e-05]
[-9.711359098685257e-05, -0.0001227557444407612]
[-5.610884433532998e-05, 1.9048484092176743e-05]
[-0.0002274641062005589, 5.0865889318574276e-05]
[-0.00028249890318068904, 4.609812903910715e-05]
[-2.465102846627154e-05, -8.84928238761018e-05]
[-1.9162843095554827e-05, -5.66713905386651e-06]
[-0.00022620904751391446, 4.253252354189524e-05]
[-0.00024737287184325996, 6.709324103532088e-05]
[1.4294098404615818e-05, -3.403249506346573e-05]
[-8.09367403084571e-06, -4.597627655359565e-05]
[-0.00023478342629519589, 5.253406545252526e-05]
[-0.00020932554581507, 5.96520459881858e-05]
[-4.351715015504798e-06, 2.0503102495322834e-05]
[-4.419178240344657e-05, -9.621415077343612e-05]
[-0.0002505296500661669, 3.342105846743104e-05]
[-0.00018833122812134118, 6.332247754442522e-05]
[-4.902702232967293e-05, 5.714668203926632e-05]
[-0.00010276828860811271, -0.00013135207323639042]
[-0.00025998272948049225, -2.7168731090876364e-05]
[-0.00018284514145361364, 9.148864121721889e-05]
[-7.219838767533182e-05, 6.821267384093943e-05]
[-0.00014586186091447573, -0.0001279017773011537]
[-0.00024393728456345576, -9.194785036992226e-05]
[-0.00016602602681017875, 0.00012115658146261143]
[-6.460238446437394e-05, 6.550602952271056e-05]
[-0.00016208235581068736, -9.371511833966562e-05]
[-0.00019465044308553114, -0.00011864361909497134]
[-0.00011702971642696403, 0.00012511580611762607]
[-5.843467258753732e-05, 7.411798520148838e-05]
[-0.00016769385617110277, -6.474906822440119e-05]
[-0.00013213352388391497, -0.00010453725194735537]
[-5.255819518107385e-05, 9.957092278545243e-05]
[-8.336564116059875e-05, 0.00010469996142152202]
[-0.00017997421299330296, -6.419365710979424e-05]
[-9.168021061939369e-05, -8.019395118093187e-05]
[-1.3797183840480454e-05, 5.965819058911803e-05]
[-0.00013414203424838567, 0.0001341977046929177]
[-0.0002011726637349276, -7.350955698993272e-05]
[-8.653943927838803e-05, -7.038115389867983e-05]
[-1.963757076428596e-05, 2.127996586079317e-05]
[-0.00018252690077949496, 0.00012692568282868244]
[-0.00022328371568169914, -5.538854268738458e-05]
[-9.046527224382435e-05, -7.287442806069855e-05]
[-4.491637227632683e-05, -6.46348480393133e-06]
[-0.00020786860573224208, 7.761950299800535e-05]
[-0.00023556954082143422, -1.4286233739335685e-06]
[-6.834221667034734e-05, -7.059380324103692e-05]
[-5.232793972431704e-05, -2.1203130052827035e-05]
[-0.0002092715422130631, 2.2178146472762172e-05]
[-0.0002270901652958457, 5.6209228918024934e-05]
[-2.0855693393939667e-05, -5.1203220164275365e-05]
[-3.6954099020519715e-05, -3.0166075863036212e-05]
[-0.000197484479797283, -1.853758997666377e-06]
[-0.00019405383715087599, 8.253848738876135e-05]
[1.37867289884408e-05, -1.3564356142780828e-05]
[-2.791730130508041e-05, -4.808644283385566e-05]
[-0.00018552707380051214, 2.549508840349324e-06]
[-0.00015000899752777574, 7.719174552243968e-05]
[4.726224231199616e-06, 3.330284799808736e-05]
[-4.9696959744105484e-05, -8.072929390997435e-05]
[-0.0001828781732014506, -3.4327676290413223e-07]
[-0.00011933138993808212, 6.73022544381563e-05]
[-3.638179229925598e-05, 7.177711786421348e-05]
[-9.466117303402743e-05, -0.00011082149214119985]
[-0.0001871282503917715, -3.299147368074351e-05]
[-0.00011161496755107692, 7.184706972179766e-05]
[-7.199397697497771e-05, 8.508313188204664e-05]
[-0.00013626499414359783, -0.00011164451473577586]
[-0.00018070266332367857, -7.881206958093578e-05]
[-0.00010770069745114075, 8.409310949020199e-05]
[-8.217861268033921e-05, 7.459548368127233e-05]
[-0.00015833155615521677, -7.894598058333369e-05]
[-0.00014657559585107283, -0.00010454296458284329]
[-8.157825317955947e-05, 8.626981744308537e-05]
[-8.087750456930998e-05, 6.342330497993709e-05]
[-0.00016422737671992205, -4.025388963002641e-05]
[-9.1996873583855e-05, -9.72125194718676e-05]
[-3.506041896478296e-05, 6.971717359277596e-05]
[-9.206782322457308e-05, 7.243011162012206e-05]
[-0.0001647415766186655, -2.4579373256616854e-05]
[-4.810584305166288e-05, -7.164493177077257e-05]
[2.545248719981741e-07, 3.809117522977912e-05]
[-0.00012183151226388689, 9.292740649963216e-05]
[-0.0001672010324980655, -2.848848322879044e-05]
[-3.781573985314757e-05, -4.863002610280831e-05]
[-8.207704126350635e-07, 7.002904748865113e-07]
[-0.00015691110695165156, 9.340920299683031e-05]
[-0.00017404355691030826, -2.232328391302274e-05]
[-4.886173963999929e-05, -3.600178619322936e-05]
[-2.7999864363970062e-05, -3.087069347368354e-05]
[-0.00018105081665443015, 5.727182349013482e-05]
[-0.000181535854055892, 1.1333110443545458e-05]
[-4.845178239937242e-05, -2.904853960206122e-05]
[-4.990596444670592e-05, -4.6487707944020684e-05]
[-0.00018588487636828077, 5.241382980081255e-06]
[-0.00017792327769527994, 5.622420205209089e-05]
[-2.3718677506334718e-05, -1.8803463820049604e-05]
[-5.155732008687436e-05, -4.707174648010959e-05]
[-0.0001721167191273687, -2.725457905522477e-05]
[-0.0001520831406171541, 8.283323472701998e-05]
[2.6639851808396564e-06, 2.7933946175895397e-06]
[-4.7581125381862543e-05, -4.798041966441735e-05]
[-0.0001492964890159043, -2.9855086478507153e-05]
[-0.0001096135608180393, 8.126594121626862e-05]
[6.846566632731643e-07, 3.713575713875511e-05]
[-5.9417389371471674e-05, -6.33192957880356e-05]
[-0.00013240028431781015, -2.4945210474094925e-05]
[-7.370550962929046e-05, 6.650201800589145e-05]
[-3.186772226118628e-05, 7.232155730604872e-05]
[-8.984016251273319e-05, -8.566538437565496e-05]
[-0.00012901029292575195, -3.687881814118388e-05]
[-6.184787060403707e-05, 5.638925009490703e-05]
[-6.977168422478419e-05, 8.831205109760543e-05]
[-0.0001238656609558464, -9.020219191563372e-05]
[-0.0001278621164531495, -6.379617616292244e-05]
[-6.45735841547368e-05, 5.409331104688775e-05]
[-9.067722685293655e-05, 7.699319744325361e-05]
[-0.00014682221579426225, -6.383722444192053e-05]
[-0.00010832488917716931, -8.387355770489435e-05]
[-5.628590588015181e-05, 5.1632277072055643e-05]
[-9.555859199184003e-05, 5.482629799191674e-05]
[-0.00015450486468224917, -2.3555870863778416e-05]
[-6.628851899065369e-05, -8.153167846031151e-05]
[-2.778807956263507e-05, 4.126449925351272e-05]
[-9.971056964402925e-05, 4.680125286554704e-05]
[-0.0001502266135436081, 1.738788606764352e-06]
[-2.4497982930499207e-05, -6.012770468070364e-05]
[7.502347133536702e-07, 1.9805168233577586e-05]
[-0.00011306043193299448, 5.663034579106441e-05]
[-0.00014072052129544127, 4.3417102475115654e-06]
[-9.568713608076873e-06, -3.30403205318075e-05]
[3.6677697120290897e-06, -1.0993534699629132e-05]
[-0.00013337609800304073, 6.1033614367655975e-05]
[-0.0001343795053472263, 4.0255118385831845e-06]
[-2.146611191836123e-05, -1.1073817555828924e-05]
[-2.0087614712060997e-05, -4.202787794052587e-05]
[-0.0001518608639582697, 3.812935189895228e-05]
[-0.00013497999651218562, 2.1005797138318183e-05]
[-3.4310270232359996e-05, 1.5991897016620626e-06]
[-4.794280594588862e-05, -5.93241824127233e-05]
[-0.0001588007752396925, -4.828048897231874e-06]
[-0.00013418752856020344, 5.140062417785529e-05]
[-2.8234517493841427e-05, 7.656137931744134e-06]
[-6.130232853757134e-05, -5.697328580223093e-05]
[-0.00014765997485927107, -3.929050383971733e-05]
[-0.0001172111798423553, 7.409146436754277e-05]
[-1.2165313752809936e-05, 1.6371711770490904e-05]
[-6.350043993166854e-05, -4.67695115379807e-05]
[-0.00012163173363904933, -4.793431723702779e-05]
[-8.145527458369717e-05, 7.564357223271978e-05]
[-1.0477281839921249e-05, 3.666547799126979e-05]
[-6.971550451570496e-05, -4.710933390997263e-05]
[-9.57078445599363e-05, -4.095924071653885e-05]
[-4.500255417022592e-05, 6.126822990113259e-05]
[-3.32124606325368e-05, 6.458854704338712e-05]
[-8.733765773594193e-05, -6.006072361609133e-05]
[-8.440932196360218e-05, -3.9308659797232526e-05]
[-2.916165713739982e-05, 4.4016425123659386e-05]
[-6.684498269357575e-05, 8.172105698850407e-05]
[-0.0001108597826303126, -6.63233725825274e-05]
[-8.463032929326153e-05, -4.980540698928948e-05]
[-3.3826669046388425e-05, 3.133713132458249e-05]
[-9.199937652433487e-05, 7.333472657566897e-05]
[-0.00013053032587623248, -4.8032775557538265e-05]
[-7.694736477295572e-05, -6.156053732808697e-05]
[-3.779853332741556e-05, 2.317652198746689e-05]
[-0.00010220354638507123, 4.7331315290666254e-05]
[-0.0001394379263776474, -1.186940566366701e-05]
[-4.9075316522539936e-05, -6.142938558667543e-05]
[-2.5391311121031324e-05, 1.5873807060251544e-05]
[-0.00010405129848140016, 2.772017823216011e-05]
[-0.000134725068399566, 1.7599502378784493e-05]
[-1.3746340700060422e-05, -4.610327906545697e-05]
[-5.7655943977719115e-06, 3.815464440282135e-06]
[-0.00010626362293414404, 2.7077003848223306e-05]
[-0.00011935477745611545, 2.6071340095745743e-05]
[3.713275067866728e-06, -2.113745741812341e-05]
[-8.848934954716614e-07, -1.7517131439274275e-05]
[-0.00011304305244098922, 3.189185063505462e-05]
[-0.00010337121042494624, 2.3494192644211986e-05]
[-5.568132073474619e-06, 4.505506677715543e-06]
[-1.8908402275363834e-05, -4.419434971321412e-05]
[-0.00012326281836749775, 2.011425788661647e-05]
[-9.652067315257806e-05, 2.8346342022200766e-05]
[-2.462556896058732e-05, 2.19634825944226e-05]
[-4.650281076734597e-05, -6.224892141543092e-05]
[-0.00013001813606753135, -1.1173381025297857e-05]
[-9.611742816012514e-05, 4.485938625370389e-05]
[-3.209784755511813e-05, 2.7394434169103477e-05]
[-6.619435951707442e-05, -6.037331679675795e-05]
[-0.00012319724752068995, -4.2445400502133523e-05]
[-8.736359815535166e-05, 6.081252901746215e-05]
[-2.650633646200662e-05, 2.7348354284029153e-05]
[-7.401527226305604e-05, -4.454338868509211e-05]
[-9.935694071611101e-05, -5.478719628762563e-05]
[-6.108593022563502e-05, 6.366063532470267e-05]
[-2.4356567747851887e-05, 3.454893271921666e-05]
[-7.807305696636013e-05, -3.3504001142103945e-05]
[-6.971116725806858e-05, -4.904043289751664e-05]
[-2.8203401616244683e-05, 5.221760421902921e-05]
[-3.83377732295527e-05, 5.283788206892487e-05]
[-8.600045034531933e-05, -3.679100386321833e-05]
[-5.1936322206513896e-05, -4.0033511122195e-05]
[-9.930392855878045e-06, 3.3534253908548695e-05]
[-6.418783425041208e-05, 6.876919878062715e-05]
[-9.860252494980903e-05, -4.2478651624829056e-05]
[-5.0724304188703995e-05, -3.802723532891905e-05]
[-1.3583946757655951e-05, 1.5063569460738169e-05]
[-8.831434784949133e-05, 6.460869688817983e-05]
[-0.00011210226604119189, -3.185279432083021e-05]
[-5.121776748518575e-05, -4.075569345729502e-05]
[-2.454934544077192e-05, 1.7313515598971208e-06]
[-0.00010165596583730507, 3.996456678401206e-05]
[-0.00012061538501420555, -3.1600140490972706e-06]
[-3.681000313177085e-05, -4.013290320092899e-05]
[-2.4938258760043297e-05, -5.079951514774805e-06]
[-0.00010394762162285742, 1.4273808568221469e-05]
[-0.00011759527189490748, 2.5735037499363678e-05]
[-1.0701702340909502e-05, -3.054096828222774e-05]
[-1.4901975503384124e-05, -9.95813822501912e-06]
[-9.996975279458198e-05, 4.887089476574014e-06]
[-0.00010119274259381972, 3.821464245709616e-05]
[6.57169635370769e-06, -1.1227080377793769e-05]
[-1.0348211225502668e-05, -2.123143000314076e-05]
[-9.612134200437383e-05, 7.584255257864908e-06]
[-7.971601215017374e-05, 3.607774403939154e-05]
[1.1361401152931716e-06, 1.3281301814854762e-05]
[-2.2467373432144555e-05, -4.084327454824399e-05]
[-9.731812568627984e-05, 3.797359140689238e-06]
[-6.627984497109551e-05, 3.335803242979912e-05]
[-1.8867919244297537e-05, 3.3345530405071155e-05]
[-4.58738491960764e-05, -5.785428857316144e-05]
[-0.00010161504808658961, -1.5642582794350712e-05]
[-6.425972417412051e-05, 3.8256123806312825e-05]
[-3.457437531556931e-05, 4.012863682667511e-05]
[-6.709821144473826e-05, -5.80208094958512e-05]
[-9.883613831043747e-05, -4.025090789105956e-05]
[-6.176464861290532e-05, 4.621769091361916e-05]
[-3.8047561999210444e-05, 3.539041888683814e-05]
[-7.879723724041332e-05, -4.1018620546062756e-05]
[-8.03514578376352e-05, -5.342297640076321e-05]
[-4.565068769823988e-05, 4.827942795332385e-05]
[-3.7778177291614146e-05, 3.208070652599426e-05]
[-8.293128418138118e-05, -2.2803068560672823e-05]
[-5.162565367855532e-05, -5.017388407419637e-05]
[-1.934984612056434e-05, 4.032199025161276e-05]
[-4.5274343901363645e-05, 4.006507136586346e-05]
[-8.464238928870826e-05, -1.748335021635461e-05]
[-2.98996574750153e-05, -3.864322432563325e-05]
[-8.900864579032552e-07, 2.398206672512681e-05]
[-6.228317496716207e-05, 5.25236275998181e-05]
[-8.770890824624789e-05, -2.071663442576241e-05]
[-2.580950160041562e-05, -2.8598785225875112e-05]
[-2.220675612008005e-06, 4.024928012415219e-06]
[-8.167113308277241e-05, 5.216378580807923e-05]
[-9.365158441237975e-05, -1.6071907089659776e-05]
[-3.077741638554676e-05, -2.3246178160407638e-05]
[-1.581564279412584e-05, -1.2787961953808491e-05]
[-9.54314959378047e-05, 3.205941945116919e-05]
[-9.990877226695449e-05, 3.877883913705471e-06]
[-2.754355127243535e-05, -2.0157646377083616e-05]
[-2.5030695980171602e-05, -2.0701871881190215e-05]
[-9.918227191363371e-05, 5.170283807587328e-06]
[-9.900856445108769e-05, 2.8609038283500254e-05]
[-1.1709569443685286e-05, -1.4717006052988868e-05]
[-2.3868350450872988e-05, -2.1134630212193972e-05]
[-9.299849809984995e-05, -1.0215191165507953e-05]
[-8.485513354547503e-05, 4.262578257702154e-05]
[2.822174055727711e-06, -2.351891985587218e-06]
[-2.1513268433359656e-05, -2.3459880850396075e-05]
[-8.221170376326858e-05, -1.0915612988752002e-05]
[-6.191321478636602e-05, 4.215280206117111e-05]
[8.706899484265535e-07, 1.7524990767580056e-05]
[-2.886768378806276e-05, -3.4672244399337054e-05]
[-7.522450957865578e-05, -9.995911145227465e-06]
[-4.3825662472074534e-05, 3.577844265397964e-05]
[-1.668377476751748e-05, 3.749896904928218e-05]
[-4.620442805342018e-05, -4.8678905297819264e-05]
[-7.543361014364369e-05, -1.9119180042603823e-05]
[-3.903855314996152e-05, 3.2250124929911195e-05]
[-3.5786704224702315e-05, 4.615498124105333e-05]
[-6.52111138661482e-05, -5.10036442230577e-05]
[-7.530925728044952e-05, -3.5353558142103836e-05]
[-4.0345002084274384e-05, 3.244060673424087e-05]
[-4.582962625235276e-05, 4.008112295150745e-05]
[-7.841924648807619e-05, -3.5928100139026586e-05]
[-6.338484226453556e-05, -4.666884621645773e-05]
[-3.346944535174978e-05, 3.201355074500256e-05]
[-4.8631130825704805e-05, 2.965959494699577e-05]
[-8.35904225927886e-05, -1.4653198475544915e-05]
[-3.906021306365748e-05, -4.570986021132373e-05]
[-1.5398586175524587e-05, 2.6832444208091388e-05]
[-5.2239768316864055e-05, 2.8186707347825635e-05]
[-8.222602479002195e-05, -2.808390750064227e-06]
[-1.6356243968673745e-05, -3.489192442301253e-05]
[9.444232106081696e-07, 1.4791411279163613e-05]
[-6.113177431470163e-05, 3.5551662169469415e-05]
[-7.821995970804223e-05, -2.5339745451050805e-06]
[-9.235504972573971e-06, -2.1082778647735223e-05]
[1.9323556335881786e-06, -3.1703681556694008e-06]
[-7.375465773462597e-05, 3.7587127330596104e-05]
[-7.665843251480897e-05, -1.675683208871015e-06]
[-1.5581461480507208e-05, -9.759926890617887e-06]
[-1.1160017111766507e-05, -2.114383189999458e-05]
[-8.535173762830306e-05, 2.3377319204764824e-05]
[-7.915452776052767e-05, 9.90175265025428e-06]
[-2.0379149095466065e-05, -3.268166971215347e-06]
[-2.5204878646045703e-05, -3.067252635285955e-05]
[-9.027689129134653e-05, -9.320694210890323e-07]
[-7.970054457134834e-05, 2.8272335237222723e-05]
[-1.432931838246665e-05, 1.737231686282925e-08]
[-3.110815134210049e-05, -2.921322161092421e-05]
[-8.45984958813828e-05, -1.91425994113259e-05]
[-6.952087312132871e-05, 4.132877317358785e-05]
[-4.40465824652625e-06, 5.816828217236614e-06]
[-3.20201005946652e-05, -2.4768112141693166e-05]
[-7.058773235113502e-05, -2.3305673053045095e-05]
[-4.8465044849926864e-05, 4.2530821919017914e-05]
[-4.160062093250261e-06, 1.9074475674745253e-05]
[-3.6332062018501476e-05, -2.7612344672744982e-05]
[-5.741594177046446e-05, -2.0489832636372664e-05]
[-2.8247149600100878e-05, 3.539914686973792e-05]
[-1.7598898627554926e-05, 3.6379270610870096e-05]
[-4.736537314109501e-05, -3.70437770530075e-05]
[-5.286510100296904e-05, -2.1816097841714788e-05]
[-2.0520226368642147e-05, 2.6877648360873474e-05]
[-3.6228638005314506e-05, 4.631024248685778e-05]
[-6.171257026982291e-05, -4.0693914100858875e-05]
[-5.3632770383671424e-05, -2.957089554245229e-05]
[-2.3315027119052978e-05, 2.0690817190638366e-05]
[-4.983599427513946e-05, 4.119289722775976e-05]
[-7.399642787436767e-05, -2.923414069994079e-05]
[-4.794675873015519e-05, -3.7023841750361e-05]
[-2.370516353686347e-05, 1.6827550242071165e-05]
[-5.5753226684385204e-05, 2.7162947646486302e-05]
[-8.009079810756409e-05, -8.399666377056914e-06]
[-3.0108122555716488e-05, -3.726851920854424e-05]
[-1.4142751637816198e-05, 1.3120910453801038e-05]
[-5.776892961606439e-05, 1.8217344695814486e-05]
[-7.801725836326101e-05, 7.307574563797381e-06]
[-9.258446417609312e-06, -2.885898106502055e-05]
[-1.7766671923102884e-06, 5.8188797130154235e-06]
[-6.036185425487006e-05, 1.981689213243626e-05]
[-6.980567593856124e-05, 1.1196895800397177e-05]
[3.6649049736398737e-08, -1.4824148885673842e-05]
[6.554135376091175e-07, -7.80493668664354e-06]
[-6.576074535349918e-05, 2.252041255070003e-05]
[-6.196392946222762e-05, 1.0372223372264941e-05]
[-5.547001264982754e-06, -2.4535735687614135e-07]
[-1.0113593538446652e-05, -2.4527804887097826e-05]
[-7.324123839366758e-05, 1.4106181215944869e-05]
[-5.99129369436846e-05, 1.5057400216150763e-05]
[-1.5051927466258608e-05, 9.52701569972847e-06]
[-2.549438379612079e-05, -3.5245772508796236e-05]
[-7.82754732864821e-05, -5.191770849566346e-06]
[-6.071755342762497e-05, 2.6271890889273397e-05]
[-1.7108053167097514e-05, 1.2455925209597929e-05]
[-3.5996772040580716e-05, -3.3822709807507234e-05]
[-7.450754008980764e-05, -2.3181411640260663e-05]
[-5.489170914563246e-05, 3.631813085830382e-05]
[-1.2686034410958058e-05, 1.3141627087431829e-05]
[-4.031984829776236e-05, -2.522894973616685e-05]
[-6.044408222743991e-05, -2.9909579562142907e-05]
[-3.8052783511294264e-05, 3.839301783831184e-05]
[-1.184826353098356e-05, 1.9250734462468444e-05]
[-4.3308577619638466e-05, -2.0878277801728018e-05]
[-4.372038062191996e-05, -2.717338503075567e-05]
[-1.830762406100639e-05, 3.225239486043252e-05]
[-2.091139023178718e-05, 3.190486626738001e-05]
[-4.895473890721182e-05, -2.4895273032434807e-05]
[-3.473676284372618e-05, -2.3549722563159792e-05]
[-8.327960441867344e-06, 2.1860400046288912e-05]
[-3.643638660605353e-05, 4.184483098451652e-05]
[-5.754880123859385e-05, -2.8608723340387e-05]
[-3.4820405544505606e-05, -2.3982000696087802e-05]
[-1.0862005832668054e-05, 1.143406624762311e-05]
[-5.0643391475049815e-05, 3.88324926637873e-05]
[-6.687704942265338e-05, -2.120731242799545e-05]
[-3.405268737766837e-05, -2.652351280651999e-05]
[-1.6071401292450105e-05, 4.069649628568595e-06]
[-5.879806554118239e-05, 2.4250839320894002e-05]
[-7.30528255882823e-05, -3.3530010748461514e-06]
[-2.339610881452181e-05, -2.657432183783559e-05]
[-1.4127713324846303e-05, 4.95191480487378e-07]
[-6.083141945661952e-05, 1.0467362764138288e-05]
[-7.16808351218512e-05, 1.3452831549409794e-05]
[-6.6334566279357965e-06, -2.0982662097046578e-05]
[-6.835286922912687e-06, -2.7148616084105015e-06]
[-5.939312521749396e-05, 6.624334720324587e-06]
[-6.197356565890155e-05, 2.022469456580689e-05]
[3.3780255533494286e-06, -9.207231446737435e-06]
[-4.224950082717949e-06, -1.0888307127483732e-05]
[-5.837384878506699e-05, 8.46472704095231e-06]
[-4.984553775164678e-05, 1.9322449615785144e-05]
[-3.550941585495071e-07, 5.857306695097875e-06]
[-1.2030127234607946e-05, -2.431604308692284e-05]
[-6.0695053000353605e-05, 4.7699413172064276e-06]
[-4.33122094283811e-05, 1.9153399549359795e-05]
[-1.159634127731457e-05, 1.791957942282041e-05]
[-2.6110572974691326e-05, -3.51623186309602e-05]
[-6.450823169153186e-05, -8.445427796710536e-06]
[-4.3174826617753403e-05, 2.3628979533119043e-05]
[-1.935840782038567e-05, 2.1711971943227937e-05]
[-3.856222134968057e-05, -3.487751890557389e-05]
[-6.293147924268938e-05, -2.3742198544729476e-05]
[-4.1095417336545204e-05, 2.9374322046249457e-05]
[-2.0319518232336797e-05, 1.9212296519688365e-05]
[-4.5612200873467595e-05, -2.466682753216043e-05]
[-5.1092059759672015e-05, -3.1554701100222626e-05]
[-2.9659702441661717e-05, 3.115043718626698e-05]
[-2.0314878058425023e-05, 1.8854334738860334e-05]
[-4.8589597600429135e-05, -1.507080777851666e-05]
[-3.3555207530427955e-05, -2.992177514027014e-05]
[-1.2631629705800451e-05, 2.6684599081922e-05]
[-2.5712516914661032e-05, 2.5758997909047787e-05]
[-5.0390099135794175e-05, -1.3693667585315539e-05]
[-2.1296120999492185e-05, -2.3985057434230787e-05]
[-1.6704541775033888e-06, 1.684970817280012e-05]
[-3.6787146763014866e-05, 3.424219209799406e-05]
[-5.3330433960829815e-05, -1.623651190605334e-05]
[-1.9664874449543124e-05, -1.9062837329664184e-05]
[-2.957424124344632e-06, 4.594711870670176e-06]
[-4.912030666601175e-05, 3.3476178531999246e-05]
[-5.838926099255293e-05, -1.2402702170677404e-05]
[-2.2033111924356363e-05, -1.6653831746482606e-05]
[-1.0572438690403807e-05, -5.534875167578779e-06]
[-5.8064821354307516e-05, 2.059804125820186e-05]
[-6.348225147248532e-05, 1.0298606232250762e-06]
[-1.807257017039099e-05, -1.5269041715781917e-05]
[-1.4533794769927555e-05, -9.970305007711566e-06]
[-6.089847107282331e-05, 4.759293492362371e-06]
[-6.330290011256207e-05, 1.6498680843413105e-05]
[-6.748462110794939e-06, -1.1998595825457592e-05]
[-1.2525559563672517e-05, -1.034823932782869e-05]
[-5.761465771925156e-05, -3.366356660983172e-06]
[-5.425293988564617e-05, 2.4842604073038732e-05]
[2.3565360077748565e-06, -3.81767003848274e-06]
[-1.0964067242519304e-05, -1.3080593454090073e-05]
[-5.182812235847434e-05, -3.3863522645258964e-06]
[-4.015103494220407e-05, 2.4769481371970936e-05]
[6.218971016300895e-07, 9.362734151158875e-06]
[-1.6064623860754385e-05, -2.185323969848118e-05]
[-4.89273887716718e-05, -3.9165299552390564e-06]
[-2.9981360991526707e-05, 2.184750621060487e-05]
[-1.0094678904698506e-05, 2.2183389677660204e-05]
[-2.7226024357895895e-05, -3.150269099141956e-05]
[-5.0359950975756296e-05, -1.1159283410389076e-05]
[-2.8049634681726054e-05, 2.0886066492947775e-05]
[-2.0930884012053397e-05, 2.7325225464891467e-05]
[-3.92249046404225e-05, -3.264158783566895e-05]
[-5.04522481664868e-05, -2.2149085532718882e-05]
[-2.8543180336626506e-05, 2.1925533123523522e-05]
[-2.628987960739959e-05, 2.3541687682870904e-05]
[-4.773729960780293e-05, -2.28646267377286e-05]
[-4.208681530357139e-05, -2.9398898300336818e-05]
[-2.262643108564069e-05, 2.2269683240982996e-05]
[-2.8040912730398215e-05, 1.823300664566263e-05]
[-5.139965685399539e-05, -1.0322709748267211e-05]
[-2.613232118320319e-05, -2.9026338199372725e-05]
[-9.886637752476446e-06, 1.9336568549577215e-05]
[-3.0986445834962906e-05, 1.925432919598971e-05]
[-5.104266693281567e-05, -4.367341696731586e-06]
[-1.2279051131838803e-05, -2.2834299515559278e-05]
[5.503324620459438e-07, 1.1598705538247434e-05]
[-3.7407020578208994e-05, 2.5020839817023813e-05]
[-4.932420138055796e-05, -4.86996256849042e-06]
[-8.598627421932403e-06, -1.4855913666678155e-05]
[7.340167676728182e-07, -2.3412280849774425e-07]
[-4.618158949040718e-05, 2.5916289373345558e-05]
[-4.965584345512086e-05, -3.56519942996264e-06]
[-1.2326873308432518e-05, -8.332173708769375e-06]
[-7.286412569140754e-06, -1.1824102562896233e-05]
[-5.429745891782911e-05, 1.604693467882612e-05]
[-5.256172996009889e-05, 5.050075752244254e-06]
[-1.3735107598035479e-05, -4.742965282911182e-06]
[-1.5025574362365068e-05, -1.7557672123857948e-05]
[-5.794291166322241e-05, 6.443546202161698e-07]
[-5.334250347212299e-05, 1.7389284507840497e-05]
[-8.229836605339047e-06, -2.816178920395096e-06]
[-1.7685579314969183e-05, -1.653113940403017e-05]
[-5.4542242714450406e-05, -1.0060273871154157e-05]
[-4.6331228652218837e-05, 2.5753925677995948e-05]
[-1.4326651910367971e-06, 1.4865038337474878e-06]
[-1.8039774967143485e-05, -1.469585779464988e-05]
[-4.602625103461433e-05, -1.2258156622049765e-05]
[-3.246280666072132e-05, 2.670699382162356e-05]
[-1.706001674636748e-06, 1.1124215923023761e-05]
[-2.1237319587377734e-05, -1.8287145469919608e-05]
[-3.8705228629580535e-05, -1.1212352239192702e-05]
[-2.0065887090383455e-05, 2.281737000293764e-05]
[-1.050918603104356e-05, 2.300988437364815e-05]
[-2.8853413906515524e-05, -2.5509470838844424e-05]
[-3.706957124660626e-05, -1.345919267670137e-05]
[-1.603033552535771e-05, 1.8208615475245882e-05]
[-2.199207522485258e-05, 2.9291615925963743e-05]
[-3.856926673007077e-05, -2.770927454812111e-05]
[-3.7886344968318664e-05, -1.9487701788334366e-05]
[-1.7765618147869144e-05, 1.4973712097743341e-05]
[-3.0181313619780104e-05, 2.5735733878540223e-05]
[-4.702514147125747e-05, -1.971580537235562e-05]
[-3.327957071491694e-05, -2.4736874995601177e-05]
[-1.6638256241693905e-05, 1.3100941983978931e-05]
[-3.3960533564886264e-05, 1.7400877235007606e-05]
[-5.142820483403088e-05, -6.467686621436375e-06]
[-2.0644161972338537e-05, -2.5144224724826802e-05]
[-8.929400789822739e-06, 1.1055235797086116e-05]
[-3.574603307474056e-05, 1.3271128449190983e-05]
[-5.037481068846661e-05, 2.6636500363164117e-06]
[-7.038721701241313e-06, -1.9992987673578266e-05]
[-4.123568094482888e-07, 6.057704915948814e-06]
[-3.81691730712147e-05, 1.55526802306568e-05]
[-4.551532821851084e-05, 4.523401116576786e-06]
[-1.6384106034730839e-06, -1.1152579965131859e-05]
[8.560597310955376e-07, -3.5947659967078965e-06]
[-4.261080739044465e-05, 1.7145984801236747e-05]
[-4.148509614093632e-05, 4.5031209494339475e-06]
[-5.302799319567564e-06, -1.955994177793574e-06]
[-6.205354810495667e-06, -1.5084062435742618e-05]
[-4.8473793683917465e-05, 1.0679248365619287e-05]
[-4.145496108615143e-05, 8.750336363383404e-06]
[-1.0311538512434992e-05, 3.986971632730096e-06]
[-1.5582886565945753e-05, -2.19651100875351e-05]
[-5.237277548410246e-05, -2.404092896590715e-06]
[-4.252652177602623e-05, 1.697485060897508e-05]
[-1.0119517874801476e-05, 5.632824265966452e-06]
[-2.167021912227729e-05, -2.0774673182510917e-05]
[-4.992982080873065e-05, -1.3794154625657029e-05]
[-3.8128329652172e-05, 2.3904910370298182e-05]
[-6.532758912547454e-06, 6.583417997363394e-06]
[-2.4268326744000812e-05, -1.5768388860415428e-05]
[-4.068640600735085e-05, -1.7837076436072463e-05]
[-2.6262907726309903e-05, 2.5509804064072217e-05]
[-6.242309665616119e-06, 1.1872366055046962e-05]
[-2.654585802706888e-05, -1.4467856497030196e-05]
[-3.0360686675182103e-05, -1.650321536342432e-05]
[-1.331022491679601e-05, 2.189180041083788e-05]
[-1.2597944887230567e-05, 2.1321730790625423e-05]
[-3.08093491569357e-05, -1.840988094209406e-05]
[-2.5583237138401826e-05, -1.5218790257912063e-05]
[-7.434238516623726e-06, 1.551935605191958e-05]
[-2.282811689015285e-05, 2.8019973639908935e-05]
[-3.716355276159322e-05, -2.0921261687040227e-05]
[-2.6121353261535085e-05, -1.6522838670762763e-05]
[-9.254696133442764e-06, 9.089048642718645e-06]
[-3.204375529441625e-05, 2.5615241431964364e-05]
[-4.4119640204010047e-05, -1.5311010554880378e-05]
[-2.4799449399717788e-05, -1.8816977332858364e-05]
[-1.1655868815380055e-05, 4.738049718122639e-06]
[-3.749595366242531e-05, 1.6183471980069086e-05]
[-4.880021422595804e-05, -3.2071487635620954e-06]
[-1.6407043571309288e-05, -1.9188381679968725e-05]
[-8.897855397467166e-06, 2.7658449961442955e-06]
[-3.9167683648200224e-05, 8.26739866927051e-06]
[-4.805083842296387e-05, 7.404482432082915e-06]
[-4.706816513211365e-06, -1.5605572786611677e-05]
[-3.3111610899527744e-06, 3.9589253442162686e-07]
[-3.875832256627909e-05, 6.924265028143695e-06]
[-4.1713127804904326e-05, 1.1373579728676808e-05]
[1.5922019263869824e-06, -7.662889603644515e-06]
[-1.7075063213703445e-06, -6.005217116578088e-06]
[-3.8957087763275e-05, 8.212858363812817e-06]
[-3.43372145826179e-05, 1.1081312542748217e-05]
[-1.1301893543397279e-06, 2.4935846067997147e-06]
[-7.141581485126114e-06, -1.589829594751029e-05]
[-4.160941253802952e-05, 4.813221011340518e-06]
[-3.114762112643721e-05, 1.1962118898103946e-05]
[-7.917062341253334e-06, 1.0335916416692736e-05]
[-1.6335410332163347e-05, -2.3299003830273834e-05]
[-4.491242025108852e-05, -4.840924659632595e-06]
[-3.171089528952731e-05, 1.590309882121277e-05]
[-1.1866060565746128e-05, 1.254115264415212e-05]
[-2.427011544023361e-05, -2.2771595407145018e-05]
[-4.382082357218264e-05, -1.517446383286769e-05]
[-2.9806387003075696e-05, 2.0312876244932276e-05]
[-1.1756992929878862e-05, 1.1156526947220247e-05]
[-2.88720854083541e-05, -1.6158460025783583e-05]
[-3.548774290515477e-05, -2.024322229920994e-05]
[-2.107287362496102e-05, 2.1854544731136905e-05]
[-1.1837733333991407e-05, 1.2119588598188957e-05]
[-3.109099562674522e-05, -1.0915289741675327e-05]
[-2.3866028729890854e-05, -1.9415950587063982e-05]
[-9.183528476869318e-06, 1.912701861749022e-05]
[-1.590727064362113e-05, 1.809232415179475e-05]
[-3.2746292217916695e-05, -1.1266050016753987e-05]
[-1.6473972227117745e-05, -1.6179944571790422e-05]
[-2.1965024204692596e-06, 1.2639050940619831e-05]
[-2.36920628047671e-05, 2.4230713032979967e-05]
[-3.543977883446736e-05, -1.3240107048863563e-05]
[-1.595919279691327e-05, -1.3685645997740803e-05]
[-3.335982429880646e-06, 4.464712375105984e-06]
[-3.223293827502027e-05, 2.327646011063278e-05]
[-3.980087575000679e-05, -9.957889441913892e-06]
[-1.6979673025940833e-05, -1.2694344720898254e-05]
[-7.809646822315441e-06, -2.069516085667633e-06]
[-3.852937184412042e-05, 1.4361087678493867e-05]
[-4.39915955916248e-05, -2.5127156227933156e-07]
[-1.294724006634107e-05, -1.2184417407856696e-05]
[-9.241665637857444e-06, -4.665401721171136e-06]
[-4.069636360695683e-05, 4.3481878816420405e-06]
[-4.4001272258918644e-05, 1.0162351494036326e-05]
[-4.357349919020814e-06, -1.0062455041676133e-05]
[-7.045811865766249e-06, -5.038517242816898e-06]
[-3.8773744823583645e-05, -1.4262902900408214e-07]
[-3.7671057294297317e-05, 1.551673066046977e-05]
[1.778021260084861e-06, -4.150765846859528e-06]
[-5.946205862999987e-06, -7.850960873426183e-06]
[-3.550436248211941e-05, 7.199257783668811e-08]
[-2.8355813285370346e-05, 1.5645862078986217e-05]
[2.8939767311719766e-07, 5.314853411562959e-06]
[-9.701433750397559e-06, -1.4987835273112121e-05]
[-3.459925458165758e-05, -1.058271132184374e-06]
[-2.234232207851128e-05, 1.4394851654137876e-05]
[-6.713056817903018e-06, 1.4143528624194213e-05]
[-1.742265871174098e-05, -2.2006531720825118e-05]
[-3.645355033517206e-05, -6.95677753548285e-06]
[-2.1734635776954336e-05, 1.457404896618164e-05]
[-1.3260092722275352e-05, 1.734178603873815e-05]
[-2.559298755860917e-05, -2.246908358694011e-05]
[-3.6537379780890444e-05, -1.4913356460144467e-05]
[-2.1723325771855206e-05, 1.5915682753664395e-05]
[-1.62676545491236e-05, 1.4799695016221026e-05]
[-3.1489128587566806e-05, -1.5671292517727142e-05]
[-3.0189309403905185e-05, -1.9945132236243168e-05]
[-1.6549752921064288e-05, 1.6599581678877762e-05]
[-1.7430049178923657e-05, 1.2131186173491848e-05]
[-3.418636147499432e-05, -7.847497201285414e-06]
[-1.894825323420224e-05, -1.9879066952194213e-05]
[-7.021886618052697e-06, 1.4822751993076588e-05]
