[695.4495220114591, 578.3522615692978]
[-12.324059702405357, 38.535750543922525]
[4.261334231486117, 30.58483761073166]
[-0.9564256592181124, 1.4156288287836816]
[-1.1195038937365922, -2.544734423608343]
[-3.4888599044223714, 3.5562703383990595]
[1.022475122912624, 1.7639471739233588]
[-0.4490705007852984, 0.20472414353586288]
[-1.1779556975860999, -0.9222600349321066]
[-1.6341645081410903, 0.5513989698397239]
[0.12429463927026774, 0.22413456974673096]
[-0.08533098049830912, -0.03410522734356647]
[-0.9711898485864268, -0.18121411112345243]
[-0.7251054547427671, -0.09214552738915316]
[-0.09937897805072993, 0.09909288290656093]
[0.10827118740352404, 0.02443121259321046]
[-0.6424506372124537, 0.18495978601080054]
[-0.25867284235268784, -0.1517866633907099]
[-0.07310243795343441, 0.1124121380419183]
[0.13403519794216479, 0.14824707789260616]
[-0.3222669748701614, 0.2940031574275359]
[-0.06972773553061629, -0.06813430202718074]
[1.144174062250869e-05, 0.07668076608117147]
[0.051798618633851934, 0.21993441972947503]
[-0.1003968734001095, 0.2463584186198604]
[-0.031040056852164488, -0.0010768293816876273]
[0.026324549100231076, 0.004092394802545529]
[-0.05395084389107563, 0.20604078799371806]
[0.0005611513270569191, 0.14346368317416758]
[-0.03858139296771901, 0.012260685826460005]
[-0.004881154516587216, -0.05243780756872374]
[-0.11864563752012636, 0.13289105994884132]
[0.013964505105496627, 0.060317195786453004]
[-0.03344256239779542, -0.005021511166640735]
[-0.05815716377841973, -0.06031658422249642]
[-0.12297362372481935, 0.05039502604120294]
[-0.006029967052148422, 0.02516996544753347]
[-0.0062036938127150165, -0.01649157455769945]
[-0.09289842090433709, -0.02565239947117348]
[-0.08713958636116104, -0.0027513717826970208]
[-0.018248530571977284, 0.024856159437320002]
[0.022927821502806367, -0.003618929418561123]
[-0.09060788378618989, 0.020507254214727766]
[-0.045258363764997256, -0.017171902813446716]
[-0.010383489641837329, 0.030421931499839516]
[0.032185509883267294, 0.026093943165681477]
[-0.060274137750401025, 0.04890022699349039]
[-0.02052451649864384, -0.008454021130391842]
[0.0059604898872653855, 0.022866654699643885]
[0.01648756630643544, 0.05148779896997713]
[-0.025433634059111476, 0.04996886217960783]
[-0.015264025218354793, 0.001428443091036402]
[0.013036514947258437, 0.0029554993354907744]
[-0.011597689555455926, 0.05669729978555216]
[-0.005080416805596233, 0.03374195990971174]
[-0.01726265478136879, 0.001024014705630627]
[0.003474036619106613, -0.015782446001859185]
[-0.03369280241800693, 0.04164788271085662]
[-0.002445619979956959, 0.0172512564599836]
[-0.013834496200291202, -0.006349476993936065]
[-0.015546950280489469, -0.020929088736923784]
[-0.039157163575201714, 0.01881225410242493]
[-0.007784187103482942, 0.011044224724923168]
[-0.0021814899508534324, -0.010299963707992355]
[-0.030483730500995954, -0.010861689188288892]
[-0.03043146529991958, 0.0019849481693103854]
[-0.00961739876539447, 0.013744019201210378]
[0.010537339652938016, -0.0042032280596502325]
[-0.03268738683722483, 0.005500603748555655]
[-0.017965775357025926, -0.003161521239862186]
[-0.0039687043077710205, 0.01661352049630871]
[0.015174527460339426, 0.009436921769007789]
[-0.023605558800088966, 0.016892331664711158]
[-0.010669928717287114, -0.0005848956295102514]
[0.004502629945012826, 0.012725322018326768]
[0.008683272648216667, 0.02188416113401881]
[-0.011636688158002617, 0.018216798779691346]
[-0.009966032252534673, 0.0018845242449823107]
[0.008235806727422412, 0.002655585161719376]
[-0.004012181169573026, 0.025615357508531833]
[-0.00466586476317854, 0.01269257679183422]
[-0.011006101389822054, -0.00018764054427222732]
[0.0037138032032775214, -0.007135339468528068]
[-0.014602090749560426, 0.01981362124551822]
[-0.004470264530139545, 0.007297524412770873]
[-0.00846384388856336, -0.0049471457482273]
[-0.005894158061661159, -0.010401525260462563]
[-0.017782255422484905, 0.009908541336805854]
[-0.006894239623896681, 0.006486221058937147]
[-0.0014837960391300697, -0.007180758273563015]
[-0.013901875769060545, -0.006021313601586087]
[-0.014348992276567607, 0.0024944044378010233]
[-0.0067029985876385645, 0.009269404138461113]
[0.005948101650957938, -0.003594628154570012]
[-0.015697990421829622, 0.0017871208898423419]
[-0.009212561820278076, 0.0003816437941718681]
[-0.0023499098084862613, 0.011163867414934359]
[0.008813140451870094, 0.004286390304539256]
[-0.011830212260777406, 0.007356532566134]
[-0.006690280646696634, 0.0015488250932957914]
[0.003233807947471856, 0.008689834783372818]
[0.005371988192310148, 0.011571597681666712]
[-0.006565371685125606, 0.008014572760556365]
[-0.007239974706909624, 0.0020378018140321252]
[0.005716110725099144, 0.0024396525068342]
[-0.001643656187408693, 0.014027598965861365]
[-0.003897101329946917, 0.005479879703388368]
[-0.008011626913083547, -0.00019468374789299858]
[0.0031734725663286056, -0.0036825420006940113]
[-0.007541829598535221, 0.011157813083314316]
[-0.004519854111705968, 0.0034984607719906746]
[-0.006095793567668206, -0.003709520785514897]
[-0.002479538918136015, -0.005940968303867589]
[-0.009358441445816545, 0.006020142340330992]
[-0.005944572480637511, 0.00426801812890254]
[-0.00132796326156992, -0.005270414924904099]
[-0.007293743296887811, -0.00368902745754518]
[-0.007644105888856778, 0.0023310676132719532]
[-0.005234872542157376, 0.00680144485396994]
[0.003616460380383657, -0.0029563718488738733]
[-0.008543585090034611, 0.0005546006647820789]
[-0.005255325177855763, 0.001542461802209516]
[-0.0017764970990396534, 0.008224538980161178]
[0.005580062017811027, 0.002118607326141775]
[-0.006606264972051301, 0.0034920672158993415]
[-0.004561820775621062, 0.0022569542615378246]
[0.002300630089331235, 0.006507151303221326]
[0.003534752780457534, 0.006791121144840873]
[-0.00406806600359752, 0.0036804064491199606]
[-0.005540953708460861, 0.002081791095328356]
[0.0041369335875156565, 0.0022375481462559854]
[-0.0007328376556715588, 0.008423878149898645]
[-0.0032025197720306764, 0.002305369018948178]
[-0.006213923620571327, 5.232997803972239e-06]
[0.002578960571925304, -0.0019409494479486755]
[-0.00425532624268421, 0.006799824452609737]
[-0.004144798577033093, 0.0016750425632661159]
[-0.0047605173027778225, -0.002755426160624186]
[-0.0010221129201339885, -0.0035823202654423625]
[-0.005258833254479622, 0.003906259415643376]
[-0.005129381606303607, 0.002957124959728663]
[-0.0012895409242350553, -0.0039618607977480735]
[-0.00408627324983124, -0.002327129520685922]
[-0.004250032487333577, 0.00203296646250517]
[-0.004315352920745585, 0.005203521591225169]
[0.0022324708073355737, -0.0023987465037350053]
[-0.004914608769550438, 0.00012348884259916204]
[-0.0031125623738246233, 0.00191816968891928]
[-0.0015207355712861803, 0.006351708562896796]
[0.003652531277724691, 0.0010591132047876872]
[-0.0038512614032097936, 0.0016751819314924088]
[-0.003238159683937758, 0.002463529549501353]
[0.0016079864832322377, 0.005106629712461064]
[0.002357792997351893, 0.004203073327585682]
[-0.0026239744948228783, 0.0015593202594880728]
[-0.004360822652039076, 0.002064718954266853]
[0.0030394221095428886, 0.0020351508034079924]
[-0.0003656690815141417, 0.005288991597636183]
[-0.002614739102705599, 0.00071512591560835]
[-0.004983900347163395, 0.0002174045350105125]
[0.002041098329154334, -0.0009487456425663066]
[-0.0025183199433790326, 0.004282870655726523]
[-0.0036755686337670568, 0.0006855357353683367]
[-0.0038793137939330258, -0.0020221448597554925]
[-0.00035479935604021406, -0.0021657446608844833]
[-0.003009235987205372, 0.0025979323280842515]
[-0.0044359384941032864, 0.0020950223788709366]
[-0.0012676937125206678, -0.0030020831352490784]
[-0.002350869893206209, -0.0014372641503861416]
[-0.0023299496576445478, 0.0017208572559381796]
[-0.00365551900386063, 0.00406576832671135]
[0.001336550548679316, -0.001920446905841769]
[-0.0028631285024059427, 5.699504631362373e-06]
[-0.0018232634033097384, 0.001979337876505949]
[-0.0013754554685522224, 0.00502811136751502]
[0.0023908501460050413, 0.0005057349403582156]
[-0.0022383000025851807, 0.0007601264430462384]
[-0.002336924444702154, 0.0024555192763611455]
[0.0010848111848937858, 0.004105910480325797]
[0.0015379803317569496, 0.002665920874022676]
[-0.0017027757036108815, 0.0004474523572312039]
[-0.003483043479718062, 0.0020049751136488325]
[0.002225528040686209, 0.0018310132207938201]
[-0.0002364587071799762, 0.0033708106922689662]
[-0.002120607275369668, -0.00013253610317615072]
[-0.004069870814931265, 0.00039555092233944933]
[0.0015713801531407334, -0.000347356924228881]
[-0.0015315465991514454, 0.002700476999995871]
[-0.003202756549712138, 0.000112174395410225]
[-0.0032313736572031626, -0.001451625808743806]
[-5.6920515491665213e-05, -0.0012468578054112278]
[-0.0016836114644274147, 0.0017199738476434412]
[-0.0038350972070526623, 0.0014916174412507033]
[-0.0012334344050199952, -0.0022667227423180947]
[-0.001354435535445564, -0.0008134726184452212]
[-0.0011709240255495246, 0.0014266182676820893]
[-0.0031377153152644666, 0.0032066051062278333]
[0.0007279160870288237, -0.0015089282830095321]
[-0.001626783079590799, 2.2367154307811887e-05]
[-0.0009983321592503813, 0.0018995345735555724]
[-0.0012693726353825152, 0.004026191288835745]
[0.0015162654274409881, 0.00021602488538469133]
[-0.0012306975988444768, 0.00029362965504231564]
[-0.0016882873251181096, 0.002344471840757742]
[0.0006859091627326244, 0.0033372767831559395]
[0.0009380406054306234, 0.0017010336972113071]
[-0.001076979953817614, -0.00014413256968986987]
[-0.0027996453550155342, 0.0019129326004028169]
[0.0015972920790332523, 0.0016271490696842528]
[-0.00022000967187749132, 0.00212876576946619]
[-0.0017042538600253732, -0.0005874357500881278]
[-0.003352465513445535, 0.0005295732398447051]
[0.001163304528725817, 2.5596492592094844e-05]
[-0.0009505073725792901, 0.001651220188909619]
[-0.0027552808099384762, -0.0002283223148771274]
[-0.0027183518514790617, -0.0010035348703349989]
[5.2005283716738404e-05, -0.0006236705742128645]
[-0.0008714525050916855, 0.0011009402851371863]
[-0.0033045395164084113, 0.001053288260051577]
[-0.0011791250204922221, -0.0016869888342092576]
[-0.0007669040411639738, -0.00035708435434189667]
[-0.0004472333966729636, 0.001159242334766275]
[-0.0027059191277521155, 0.002533855146740649]
[0.00030550750119195946, -0.0011534430503897797]
[-0.0008559448336429298, 9.766801853006157e-05]
[-0.00045364847393103425, 0.0017529976024350802]
[-0.0011756464392913002, 0.0032325085226401207]
[0.0008886650061553092, 7.551482364659412e-05]
[-0.0005776962977828703, 6.776041324429993e-05]
[-0.0012064110711685755, 0.002180784559624907]
[0.0003813573610213228, 0.0027167763185885763]
[0.00048644959560589784, 0.0010775037954364741]
[-0.0006347289730417316, -0.0004452737138584961]
[-0.0022512149331216924, 0.0017964055138748325]
[0.0011014351841265313, 0.0014259404913532503]
[-0.000257254632944931, 0.0012968677017501928]
[-0.0013524592238594035, -0.0008160464840852172]
[-0.0027678968894731537, 0.0006200425404605525]
[0.0008091268363163984, 0.0002548068004422088]
[-0.0006059446175039618, 0.0009329672222078145]
[-0.0023431863451364165, -0.0004267518299609918]
[-0.002291616798880014, -0.0006509234810774256]
[5.919692768907581e-05, -0.00019198350268823106]
[-0.0003677088578970533, 0.000652199100208195]
[-0.0028300066645359223, 0.0007280177128539123]
[-0.0011050000186139108, -0.0012216179326471899]
[-0.00042091572065272587, -1.6037677679658913e-05]
[8.147067692254595e-06, 0.0009213158649304942]
[-0.0023305793172636174, 0.001995321830025043]
[1.266466240923414e-05, -0.0008457439975726733]
[-0.00037018436920760456, 0.00019574908178188188]
[-9.111666898975468e-05, 0.0015755179933768515]
[-0.0010837233085940756, 0.0025855414460830284]
[0.0004302951748151873, 2.3284197785411465e-05]
[-0.0001489131688101053, -2.313415006258146e-05]
[-0.0008431888393954368, 0.001989786155573825]
[0.0001500427693823525, 0.002198922305998774]
[0.00014176368666873884, 0.0006712202431458092]
[-0.00031575476012613013, -0.000576374070140051]
[-0.0018029215143544608, 0.0016618722121932716]
[0.0007062904794201685, 0.0012293006636635573]
[-0.0003176435081301693, 0.0007309697237016799]
[-0.0010548852306691003, -0.0009067238130996969]
[-0.002279187701392016, 0.0006712930366699066]
[0.0005031715723609054, 0.00038913333915946424]
[-0.000405797668506791, 0.00043387017156959473]
[-0.0019695925423337535, -0.0005323681080058318]
[-0.0019250103783587935, -0.00037534191548171947]
[1.0963834369714931e-05, 0.00010795227851323475]
[-5.9920374409605515e-05, 0.0003230262441911158]
[-0.002403160687367567, 0.00048458618617730487]
[-0.0010144136558554173, -0.0008445793397979795]
[-0.00022408432039189297, 0.00023943193600617363]
[0.0002885494234026176, 0.0007132921371962725]
[-0.0019954643068844993, 0.0015585628569896315]
[-0.00018566664639396713, -0.0005794914607858137]
[-6.748518377786006e-05, 0.0002977719227781339]
[0.00014656342496477404, 0.0013864904193047756]
[-0.0009893860233530227, 0.0020494111020314953]
[9.46411775801792e-05, 2.4026842563307227e-05]
[0.00012985276741919738, -3.693596418408163e-05]
[-0.000568913717122671, 0.0017855087067336628]
[-2.3486255561089298e-05, 0.001758057198391727]
[-0.00012188035849469703, 0.00040927056011497154]
[-8.530214623903021e-05, -0.0006056449951528098]
[-0.0014332157463944895, 0.0015146440320077392]
[0.0003911474682114502, 0.0010388841171003471]
[-0.000384589698128851, 0.00034651121086604064]
[-0.000803824330936731, -0.0009109464797416589]
[-0.001863873385648307, 0.0006890186319457037]
[0.00024165511757923142, 0.0004586834198745393]
[-0.0002959525186840839, 8.746576403173556e-05]
[-0.0016345864116271702, -0.0005742877828107673]
[-0.0016034718634923006, -0.00016329797782854705]
[-6.579970277931224e-05, 0.0003135140776129308]
[0.00011873415004748367, 8.192512510252214e-05]
[-0.0020191991741275173, 0.0003033393231632875]
[-0.0009116453202671071, -0.0005388191127596587]
[-0.00012202963567770064, 0.00042799000650095564]
[0.0004499385078511331, 0.0005345086332648116]
[-0.0016919097913099257, 0.0012020002706709665]
[-0.00031325423539052544, -0.00034992428605096215]
[0.00011388001453321861, 0.000392811970407303]
[0.00029523669967496113, 0.0011975757075063376]
[-0.0008912161352878645, 0.0016014825749361972]
[-0.00014814283157135733, 5.610341558820453e-05]
[0.00030438791624363276, -7.503304652142773e-06]
[-0.0003635660805990648, 0.001576741137091553]
[-0.00015059569895792269, 0.0013793081231492366]
[-0.0003214328589422055, 0.0002456795738827733]
[7.813035923276423e-05, -0.0005738815764924077]
[-0.0011278148233861002, 0.001359036190363927]
[0.00014125820722532545, 0.0008565429355053139]
[-0.00044885376061845617, 9.020583966878881e-05]
[-0.000593804745541382, -0.0008609610708041893]
[-0.0015079504957580259, 0.0006790828174214614]
[2.1705892250922787e-05, 0.0004829044030868479]
[-0.00024284910361616063, -0.00014818424365370397]
[-0.0013369414566672955, -0.0005714255686992686]
[-0.0013180310884632895, -4.106953297666749e-06]
[-0.00015411099400597372, 0.0004495538505011609]
[0.00021076435352984646, -9.183864202921832e-05]
[-0.0016750201398311182, 0.00017129308235963592]
[-0.000800842854069117, -0.00029256526224646917]
[-8.085064099266903e-05, 0.0005626359874557618]
[0.0005281898718787481, 0.00038354386935879337]
[-0.001415669303614281, 0.0009107411573452406]
[-0.00038738154469442065, -0.0001536524123837979]
[0.00021309183717044267, 0.0004742550348124652]
[0.00037855561914545977, 0.0010161837609539148]
[-0.0007894415783737674, 0.0012263048774747154]
[-0.0003187006747250101, 0.00010566286561780602]
[0.00040486736850828264, 4.403542257588877e-05]
[-0.000212781913541793, 0.001369786107236981]
[-0.00023966552520426898, 0.0010535764044535267]
[-0.0004685269953891291, 0.0001499565579536899]
[0.0001890787412728301, -0.0005065300567765052]
[-0.0008763985763080295, 0.0011987399816855149]
[-5.4414038179739777e-05, 0.0006845090685044172]
[-0.0005051140137808385, -7.37353957189768e-05]
[-0.0004209344785510716, -0.0007778873313073476]
[-0.0012023892336672226, 0.0006468877391114791]
[-0.0001594202936603395, 0.00047504446857948857]
[-0.0002249310669968363, -0.0003011853501924122]
[-0.0010751012147678374, -0.0005371934645139742]
[-0.0010634372990823149, 0.00011115858481958174]
[-0.00024267312465586777, 0.0005332074601933634]
[0.0002446313882893403, -0.0002125181947465471]
[-0.0013681842659544197, 7.917065063201001e-05]
[-0.0006856969052988493, -9.7008194971826e-05]
[-7.813776750088819e-05, 0.0006532155839282794]
[0.0005478578828019831, 0.00025857956012473315]
[-0.0011648295896452832, 0.0006742700232247323]
[-0.00042111367579800163, 1.1688064485482208e-05]
[0.00025598964910872324, 0.0005383785122904383]
[0.00041298337565570664, 0.0008469720087674049]
[-0.0006854703095162951, 0.000912707438812943]
[-0.00043237412078139803, 0.00016337785909698033]
[0.00045205778486248627, 0.00010377368448111213]
[-0.00010587806330153438, 0.0011695581033288605]
[-0.0002971157670392799, 0.0007746756959149947]
[-0.0005717150356493172, 0.00010116782384939071]
[0.0002583182139093143, -0.00042018075560412704]
[-0.0006709236397863666, 0.0010372111685261753]
[-0.00020427060980532374, 0.0005251683824419456]
[-0.0005501566716001327, -0.00017056008712934556]
[-0.0002821014107496911, -0.0006758718985547252]
[-0.0009409290556026129, 0.000597201939024572]
[-0.0003046222392444342, 0.0004447998220770133]
[-0.00022793627757700108, -0.00039159758841189607]
[-0.0008476437738846876, -0.00048161120360901144]
[-0.0008367847706012288, 0.00019006148379097088]
[-0.00032400391906572956, 0.0005766486401741489]
[0.0002400007238034796, -0.0002903986493181798]
[-0.0010965657394318429, 1.963224865120239e-05]
[-0.0005695305808879336, 5.5041617239751095e-05]
[-9.828629811463579e-05, 0.0007074789556789085]
[0.0005266916919606235, 0.0001577449468519454]
[-0.0009384359708007328, 0.0004848430258495018]
[-0.0004245084701851032, 0.00014793225884740524]
[0.0002603423052291165, 0.0005836177820242594]
[0.00041072510533170237, 0.000692697961040184]
[-0.000581435081883297, 0.0006523772596429]
[-0.0005011518303829066, 0.00022258721835288764]
[0.0004606188513487375, 0.00016240093021654967]
[-3.467906946119648e-05, 0.000979883885306343]
[-0.00032830077661316626, 0.000537859066748636]
[-0.0006378772662407883, 8.449414626143792e-05]
[0.0002943409979482281, -0.0003261908263806901]
[-0.0005048691564284169, 0.0008778478516922039]
[-0.00031481606838723586, 0.00038062106853670175]
[-0.0005820506035202344, -0.00021864386978664996]
[-0.00017431319972982529, -0.0005645850493929405]
[-0.000718749141746855, 0.0005343057823714581]
[-0.00041685212240349934, 0.0003997767041036271]
[-0.0002420924953081549, -0.00043455061501718184]
[-0.0006532785511923489, -0.00041224259601069235]
[-0.0006364972901260479, 0.0002389732169036929]
[-0.00039345954095793, 0.0005889383282899896]
[0.0002107255360894733, -0.0003334277983670919]
[-0.0008583521499021807, -1.3592769034342922e-05]
[-0.00045547089123743056, 0.0001697734602163735]
[-0.00013013869485407892, 0.0007315858435763545]
[0.0004779434981697639, 7.927617261077602e-05]
[-0.0007357698332667306, 0.00033626490047966584]
[-0.00040546537987329323, 0.00025685641013567517]
[0.00023898047550385826, 0.0006099292047667682]
[0.00038141408396571985, 0.0005548809282302503]
[-0.00047965955982343794, 0.0004389793675760728]
[-0.0005346191269244849, 0.0002783532854761517]
[0.00044116612273642497, 0.00021391912946180924]
[7.35968345272342e-06, 0.0008035652460813836]
[-0.000338078748875259, 0.0003392157810495344]
[-0.0006729768693150701, 8.905761144795132e-05]
[0.000303974213402447, -0.0002326017848121864]
[-0.0003728840112400267, 0.0007238982884247847]
[-0.0003913573929954506, 0.0002523325108998442]
[-0.0005998734972271214, -0.0002316327334441759]
[-9.438871768230328e-05, -0.0004508872928458141]
[-0.0005318063181048993, 0.000462213511330134]
[-0.0004989327921567366, 0.00034612742387651885]
[-0.0002604697800308031, -0.00044185404514418547]
[-0.0004905668504344707, -0.00033475683423911384]
[-0.00046155021073479574, 0.00026329420675319515]
[-0.0004484864141330869, 0.0005772870797426943]
[0.00016676440979157547, -0.00034822434134648694]
[-0.0006520441945219724, -2.596948580424474e-05]
[-0.000346474835559496, 0.0002525791355545287]
[-0.00016580457765275058, 0.0007305352383465413]
[0.0004116160839374716, 2.1445290937061046e-05]
[-0.000556139694634139, 0.00022307741043814389]
[-0.000370413680053, 0.00034043694343111053]
[0.0002015591740231748, 0.0006181821331675552]
[0.0003329605754262832, 0.00043430468954712073]
[-0.00038221989672941603, 0.00026741439278482604]
[-0.0005405137412965999, 0.0003270844696113828]
[0.00040172090364082313, 0.0002548422934598449]
[2.5817519066745342e-05, 0.0006425012879472947]
[-0.0003309865188884098, 0.00017546308308724612]
[-0.0006823356597175506, 0.00010657334101993321]
[0.00029272298141813646, -0.00014505167354059156]
[-0.0002704984690458101, 0.0005782268689391579]
[-0.0004386138482714852, 0.00014105698930250155]
[-0.0006036209002644455, -0.00021988135502803985]
[-3.899415639296855e-05, -0.0003398846361257757]
[-0.00037659348061436226, 0.0003847654753434959]
[-0.00055352814234777, 0.0002887329756028345]
[-0.00027811117726428414, -0.000422850172475453]
[-0.0003576457834280067, -0.00025345176601621056]
[-0.00031098652387662185, 0.00026775552303959227]
[-0.00048794133542562346, 0.0005477802772275719]
[0.00011547480044171721, -0.0003405745141493999]
[-0.00047628761319645774, -2.2170813605892903e-05]
[-0.0002451795605251661, 0.00030813915568146666]
[-0.0001999386991412555, 0.0007086295665050812]
[0.0003352843421756124, -1.7622626815538833e-05]
[-0.00039891944345829544, 0.00014019220619782002]
[-0.00032480101277998497, 0.0004008592103030284]
[0.00015543715786249523, 0.0006097174396507143]
[0.00027190245888002174, 0.00033128763560935637]
[-0.00029076033440977866, 0.00013317778285658333]
[-0.0005251886357025282, 0.00036639369334956484]
[0.00034868665554077527, 0.0002835050596338984]
[2.5704344570082194e-05, 0.0004979137246954313]
[-0.0003111474232094791, 4.378256275433534e-05]
[-0.0006706743630990816, 0.00013061282828952248]
[0.0002651237645024951, -6.722171137396593e-05]
[-0.00019379825951382212, 0.0004431303418817034]
[-0.0004610872874570848, 4.699850210226897e-05]
[-0.0005940627560523382, -0.00019147852049372638]
[-4.834211856596937e-06, -0.00023546155557596649]
[-0.0002500486013985448, 0.0003055369244286954]
[-0.000583297939925842, 0.0002312808095555896]
[-0.00029162298372442663, -0.00038497661343350753]
[-0.0002521539240859516, -0.0001717465012553987]
[-0.00018373584754027839, 0.00025668525519917385]
[-0.0005115655337070146, 0.0005056547940149869]
[6.241684749652698e-05, -0.00031558068932894395]
[-0.00032959347129403623, -6.122034520883446e-06]
[-0.00015370116886692653, 0.0003405678353429753]
[-0.00022912062378935283, 0.0006698627726181572]
[0.00025474967519284464, -4.0070795317953545e-05]
[-0.0002635714948231449, 8.285652107675734e-05]
[-0.00027332580220540414, 0.00044038911728098984]
[0.00010610045950863733, 0.0005861642835845379]
[0.0002035660241190007, 0.00024572884128298833]
[-0.00020655547497400173, 3.193662280376319e-05]
[-0.000494030143392804, 0.0003949520147191743]
[0.0002873766716643411, 0.0002994425778182208]
[1.1581524530651643e-05, 0.00037056583822026035]
[-0.00028213826746648074, -5.843067521989209e-05]
[-0.0006421390037208152, 0.00015626418563807754]
[0.00022512177978861736, -1.1868061640107896e-06]
[-0.00013913213206484532, 0.00032031410074440103]
[-0.00046314069497777055, -2.9971608838996744e-05]
[-0.0005724985178388042, -0.00015291536420813934]
[1.1215927958163618e-05, -0.0001404565087684828]
[-0.0001494316840365828, 0.00022766042787514262]
[-0.0005910990940252159, 0.00017643813827639132]
[-0.0002989361825145309, -0.00033424420263716836]
[-0.0001713720706738031, -9.25188990639203e-05]
[-7.862792911816907e-05, 0.00023412245352597005]
[-0.0005197048350510103, 0.00045532745740561875]
[1.1766656801359687e-05, -0.00027767568842308743]
[-0.00021011653728919555, 1.8826815241679284e-05]
[-7.352952822847758e-05, 0.0003536219254922368]
[-0.00025127596524202045, 0.000618101055467335]
[0.00017454840419883766, -4.8276203049896216e-05]
[-0.0001495359881806546, 4.673737979210557e-05]
[-0.00021996000505758104, 0.0004612673579315746]
[5.746418753933835e-05, 0.0005494545088231724]
[0.00013223570730452883, 0.00017704979268112764]
[-0.00013066692915794653, -4.061033338961795e-05]
[-0.0004517544014918662, 0.0004122567930048282]
[0.00022219583068738835, 0.0003029410449038594]
[-1.2485888862490135e-05, 0.00026086325286978074]
[-0.00024697984831645314, -0.0001338407241005743]
[-0.0006004113840632763, 0.00017995519518732017]
[0.00017635007101224343, 5.2185543246346944e-05]
[-0.00010295971332896503, 0.00021099779532329777]
[-0.00044888678405974325, -9.020690820876753e-05]
[-0.0005404995820134095, -0.00010943277193919965]
[1.2130972071311419e-05, -5.671043172483792e-05]
[-7.213842780684487e-05, 0.00015370437265405101]
[-0.0005800694751195712, 0.00012612474532058826]
[-0.0002990563743247021, -0.00027563697179905366]
[-0.0001124440414951855, -1.8217139671206084e-05]
[5.560314899621943e-06, 0.0002037679305434692]
[-0.0005132437850773192, 0.0004003983890971119]
[-3.3502538156260364e-05, -0.0002306686779316447]
[-0.00011561543716165357, 4.967799188893007e-05]
[-5.572507748630162e-06, 0.00035087242816023156]
[-0.0002652279014668246, 0.0005570434348083908]
[9.826433589063543e-05, -4.4696578296171685e-05]
[-5.603884890043043e-05, 2.7942391458785076e-05]
[-0.00016789791403779356, 0.00046571193001429534]
[1.2211561945432714e-05, 0.0005018723159417315]
[6.137495331329235e-05, 0.00012417735023739773]
[-6.402687196871426e-05, -8.866010501679122e-05]
[-0.0004025244809048867, 0.00041837385613208156]
[0.00015666728917340667, 0.0002948144219165616]
[-4.299197335191213e-05, 0.00016882470417167728]
[-0.0002082630433759558, -0.00018533106732605137]
[-0.0005488641560308649, 0.00019926715139517714]
[0.00012221671548318103, 9.28327784681382e-05]
[-8.18666731932649e-05, 0.000116034015518518]
[-0.0004220606967896279, -0.0001343256063910392]
[-0.0004997472395761315, -6.515645167615158e-05]
[8.478996744720746e-07, 1.482919944961747e-05]
[-1.553177140745099e-05, 8.56801494504289e-05]
[-0.0005535352043412045, 8.176668188653036e-05]
[-0.0002917680413617729, -0.00021336815428596445]
[-7.252399906576557e-05, 4.919433435734977e-05]
[7.012990993471302e-05, 0.00016886692523504498]
[-0.0004936133574333854, 0.00034375330040281593]
[-7.149541595719011e-05, -0.0001778671130547721]
[-4.3582481533258055e-05, 8.364723652720674e-05]
[4.971284203197923e-05, 0.00033575177411906965]
[-0.0002704509485694506, 0.0004900761427505951]
[2.8650927644480184e-05, -3.171363810765271e-05]
[1.804714696562737e-05, 2.2927957970472757e-05]
[-0.00011956082472627805, 0.0004559972517481359]
[-2.7847702462072133e-05, 0.0004460019321331776]
[-6.1713568240695515e-06, 8.563836352004639e-05]
[-7.385247378866033e-06, -0.0001161775625244943]
[-0.000349925672382706, 0.00041375426300349627]
[9.34825124309091e-05, 0.00027634405987018995]
[-7.696937736968029e-05, 9.400928408709319e-05]
[-0.00016830266453560228, -0.0002159853194765235]
[-0.0004906615752275634, 0.0002126914865361318]
[6.582617371952981e-05, 0.00012120227966522235]
[-7.267201992122718e-05, 3.594488832836529e-05]
[-0.00038599630956315245, -0.00016330765344074738]
[-0.00045199566403830715, -2.3170061613564386e-05]
[-1.96605152841256e-05, 7.390055012457264e-05]
[2.3118536279675972e-05, 2.51408652856e-05]
[-0.000514814395359775, 4.442245039593118e-05]
[-0.00027736289065227737, -0.00015097055681906335]
[-4.8793560367438316e-05, 0.00010831298034497117]
[0.00011655275259525588, 0.0001321401517302631]
[-0.00046273142009757963, 0.0002877455439327381]
[-0.00010121826666953382, -0.00012221287296257377]
[8.575184911319145e-06, 0.00011817532209745796]
[9.221081531990416e-05, 0.00031147902359768276]
[-0.0002669928156092405, 0.0004201665587742487]
[-3.234789078888911e-05, -1.1563824793114907e-05]
[7.419895194735876e-05, 2.8371236192564764e-05]
[-7.669891460003464e-05, 0.00043451278843804897]
[-6.15000990116521e-05, 0.0003845514920468446]
[-6.807249470644483e-05, 5.972910989388014e-05]
[3.881623990537042e-05, -0.00012684133281040677]
[-0.0002969065495987133, 0.00039916796716110703]
[3.4644608675415967e-05, 0.0002492460104366184]
[-0.0001118921834612277, 3.550446287925446e-05]
[-0.00012920240068248212, -0.00022894078191172673]
[-0.000428748087616837, 0.00021938524477516097]
[9.854352964411284e-06, 0.0001381161801636277]
[-7.251558937682034e-05, -2.9127969595643677e-05]
[-0.00034370380494352926, -0.00017852628661330083]
[-0.0003990968010983975, 1.4365145725059314e-05]
[-4.643501445023013e-05, 0.0001206894487620902]
[4.657306925448523e-05, -2.672474013426518e-05]
[-0.00046704622431620324, 1.4774427350872088e-05]
[-0.0002564686922541526, -9.128424304893912e-05]
[-3.8409302387409916e-05, 0.0001582868592726605]
[0.00014655185271439386, 9.581369183927352e-05]
[-0.00042283074637401025, 0.0002343548964096609]
[-0.00012235179974146027, -6.63479001210554e-05]
[4.342374463098264e-05, 0.0001510419456228762]
[0.00012212226017360717, 0.00028094639431988644]
[-0.00025544757653431227, 0.0003498685112217903]
[-8.356409933726189e-05, 1.3639989000280295e-05]
[0.00011411835549282601, 4.1114274400349746e-05]
[-4.0537316194660944e-05, 0.0004037298980122672]
[-8.799644273807528e-05, 0.0003201380436958501]
[-0.00012251517329531225, 4.4667259736119735e-05]
[7.452835687848935e-05, -0.0001240863763928568]
[-0.00024578132069889846, 0.0003757083275083284]
[-1.834433939440494e-05, 0.00021556140766817306]
[-0.00014557997075050066, -7.985065648918876e-06]
[-9.279979497933688e-05, -0.00022723452257453203]
[-0.0003657541255646102, 0.00021900321563905756]
[-4.350660956697894e-05, 0.00014474485067150766]
[-7.886248110045013e-05, -7.948723824702242e-05]
[-0.00029795731775161816, -0.00018165983652140838]
[-0.0003429942279222775, 4.602997797620301e-05]
[-7.667994509730214e-05, 0.0001556648707553565]
[5.750336857934801e-05, -6.907220399093861e-05]
[-0.00041312580809721444, -6.927234657894132e-06]
[-0.0002299870347995947, -3.644469254196481e-05]
[-3.848725751431914e-05, 0.0001987013498712109]
[0.00016209545692591476, 6.170910188432743e-05]
[-0.0003762364522138517, 0.00018524109741013817]
[-0.00013504355165411264, -1.258222554800792e-05]
[6.349569329772153e-05, 0.00018047133692766781]
[0.00014000164512195656, 0.0002466581349580832]
[-0.0002368718611948234, 0.0002814030992685512]
[-0.00012449782069159573, 4.186523829751744e-05]
[0.0001395853109945576, 5.82239691411246e-05]
[-1.1883109617721876e-05, 0.0003660858411445589]
[-0.00010703490073504796, 0.00025513995609657836]
[-0.0001682488264572457, 3.866183870265827e-05]
[0.00010006906264176108, -0.0001111718276224638]
[-0.00019831334961138009, 0.0003447803017084805]
[-6.434754909778739e-05, 0.00017746290691924606]
[-0.00017617206551553966, -3.7991504935774856e-05]
[-6.055712403385538e-05, -0.00021373296007465292]
[-0.00030390350884612616, 0.00021162961812659642]
[-9.250191791942974e-05, 0.0001425832306578001]
[-8.944513841968593e-05, -0.00011587828078796214]
[-0.00025130460985933745, -0.0001745293195634101]
[-0.00028564006253173346, 7.096606315348808e-05]
[-0.0001079185466416055, 0.00017952916199792668]
[5.84047920457742e-05, -0.00010144692352714868]
[-0.0003557276601961479, -2.086644669374582e-05]
[-0.00019907738665403407, 1.2060550607345677e-05]
[-4.61836704962193e-05, 0.0002294387813950305]
[0.00016530030728689749, 3.131473842031551e-05]
[-0.00032519281168710834, 0.00014169748001335858]
[-0.00013978206455239617, 3.718682757822278e-05]
[7.133014231869295e-05, 0.00020514822566686242]
[0.00014678099813779377, 0.00021075219089311537]
[-0.0002126183470748666, 0.0002167235737181028]
[-0.000155156661604261, 7.116829196120167e-05]
[0.00015238095960964926, 7.711858635789381e-05]
[8.845948703040118e-06, 0.00032385631751413735]
[-0.00011876401852128904, 0.0001916590049552136]
[-0.00020458989420406304, 3.991070866166124e-05]
[0.00011601334482069792, -9.118760099348366e-05]
[-0.00015582700537790026, 0.00030801763834897855]
[-0.00010256077775738781, 0.0001370521372426603]
[-0.00020217485269757862, -5.616046988143886e-05]
[-3.349538539931807e-05, -0.00019114790768723355]
[-0.00024499025336804925, 0.00019776128654591663]
[-0.00013572275541673395, 0.00013335577858408776]
[-0.00010221313026426149, -0.00013940128407030627]
[-0.00020598591645026865, -0.0001589562995718552]
[-0.00022886426792168013, 8.875861705714971e-05]
[-0.00013806806487765, 0.00019323659669068238]
[5.158320851550435e-05, -0.00012382924369216952]
[-0.00029733635824263915, -2.757140134268532e-05]
[-0.00016511044328804125, 5.327392283232396e-05]
[-5.8843320209173676e-05, 0.00025059698241058914]
[0.0001583044800043676, 5.79021502004895e-06]
[-0.0002717927296987943, 0.0001045827814444289]
[-0.00013735230948780375, 8.152602538677445e-05]
[6.947411256105762e-05, 0.00022414698648492992]
[0.00014372277388560728, 0.00017506365262351387]
[-0.00018414477238137134, 0.00015750164235520114]
[-0.00017591007076440957, 9.97718976939177e-05]
[0.00015429696366517365, 9.566833842045153e-05]
[2.1640067613681868e-05, 0.00027908594380354756]
[-0.00012372508594715725, 0.0001315493777107879]
[-0.0002313496296575679, 4.658907691201808e-05]
[0.00012308122205351157, -6.697365858468474e-05]
[-0.00011927973451248547, 0.00026714434294394795]
[-0.00013255160702108082, 9.623099799521695e-05]
[-0.00022252433348579626, -6.419705409355103e-05]
[-1.2220629370451874e-05, -0.00016207124676326234]
[-0.00019042766648341702, 0.00017826883417237926]
[-0.00017205231794747977, 0.00011885721427778995]
[-0.0001153432962296419, -0.00015138310517404108]
[-0.00016382506021583865, -0.00013670424266254422]
[-0.00017426587319557818, 9.93950347171757e-05]
[-0.0001654219078763286, 0.00019799477549276023]
[3.918813716563552e-05, -0.00013661707613993324]
[-0.00024021596727624717, -2.7777244953286484e-05]
[-0.00012956048907897255, 8.66483304819126e-05]
[-7.41333145616585e-05, 0.0002624928156700346]
[0.00014318027887838536, -1.4078400446190797e-05]
[-0.000217982763042468, 7.431191842394158e-05]
[-0.00012881570517050966, 0.00011944445212618005]
[6.040496707275522e-05, 0.00023684246290564537]
[0.00013230573267607876, 0.00014116386020649255]
[-0.00015287866785598445, 0.00010504851263047621]
[-0.0001874085574140455, 0.00012616578200266848]
[0.00014717469904093616, 0.00011221045431152044]
[2.6897082760990454e-05, 0.00023359098622288688]
[-0.00012272455415607286, 7.643437210866355e-05]
[-0.0002487162132967166, 5.688655108171403e-05]
[0.00012209144258412685, -4.100105207233834e-05]
[-8.92701053092082e-05, 0.00022384268911612715]
[-0.00015429167274561006, 5.667049107035971e-05]
[-0.00023659916412421822, -6.386481565012758e-05]
[2.9857002814548395e-06, -0.00012895804358170615]
[-0.00014131733742017705, 0.00015429736408856254]
[-0.00020068560277697323, 0.00010079736607326861]
[-0.0001273037278827216, -0.0001532759599757183]
[-0.00012617248540042203, -0.00010949223273970521]
[-0.00012317442686526903, 0.00010325333157090721]
[-0.00018859491798750572, 0.0001951966241483527]
[2.3231249524857667e-05, -0.00014053793949772575]
[-0.00018631670442463555, -2.231815714481833e-05]
[-9.386920197007598e-05, 0.00011197949960901205]
[-9.009799987395872e-05, 0.0002657047914451649]
[0.00012191241185649515, -2.7912690303666388e-05]
[-0.00016557095626149043, 5.0927191690974816e-05]
[-0.00011545392377135255, 0.00015031729050751785]
[4.6407004195059276e-05, 0.00024287052112911822]
[0.00011409885624780527, 0.00011034246232278534]
[-0.00012017185199368965, 6.023934871159792e-05]
[-0.00019056060914784956, 0.0001491670957252944]
[0.00013290294646053913, 0.00012549137778952724]
[2.5359755598280964e-05, 0.00018899190598298254]
[-0.00011669226726968018, 2.7664398213222974e-05]
[-0.00025715254596547776, 6.909796685528047e-05]
[0.00011398267793227834, -1.5291538554279907e-05]
[-6.601568384773104e-05, 0.00017968048037353412]
[-0.00016812236235164146, 1.9832020395821326e-05]
[-0.00024416454113612707, -5.6981431110658676e-05]
[1.2082887738462667e-05, -9.40442265688346e-05]
[-9.84819298345263e-05, 0.00012712817906301854]
[-0.00022118991299269197, 8.071524954966769e-05]
[-0.0001369182234179922, -0.00014661562821549623]
[-9.393255459855254e-05, -7.901730171577803e-05]
[-7.66734200526864e-05, 0.00010106039616591955]
[-0.00020650002844407878, 0.00018629961231464431]
[5.5518654878961016e-06, -0.0001365357428942532]
[-0.00013717672901968764, -1.2092215739056833e-05]
[-5.9340272369701186e-05, 0.00012939346683298047]
[-0.00010513504716654076, 0.00026108381023820515]
[9.640999610388556e-05, -3.57173004401079e-05]
[-0.00011618443443425774, 3.42055056230528e-05]
[-9.866033775632332e-05, 0.00017381102886981914]
[2.9472497811253162e-05, 0.0002421509171732783]
[9.067907155110161e-05, 8.355579622551512e-05]
[-8.731186879093467e-05, 2.350346885104243e-05]
[-0.00018651654529452943, 0.00016791262566390186]
[0.0001133483860578377, 0.00013459809294999459]
[1.8002398350147608e-05, 0.00014672019943912096]
[-0.00010659061275059001, -1.3764735042082199e-05]
[-0.0002573474521174457, 8.172327470967744e-05]
[9.984751523850477e-05, 8.58282440162339e-06]
[-4.9357547981132566e-05, 0.00013610014947385007]
[-0.00017465704380104086, -1.302643814760085e-05]
[-0.00024528145284652414, -4.536762663176486e-05]
[1.5243202416637125e-05, -5.924577745386461e-05]
[-6.244852613135343e-05, 9.805678428431719e-05]
[-0.00023353929405822704, 5.9972558535070775e-05]
[-0.00014337977432343774, -0.0001330173981744509]
[-6.764261830366491e-05, -4.692877708611931e-05]
[-3.563582186039138e-05, 9.379580221557937e-05]
[-0.00021837954033562812, 0.00017271382317685102]
[-1.2256638604490888e-05, -0.00012568798991698105]
[-9.388234754665291e-05, 1.9208090076272555e-06]
[-2.7099193786683795e-05, 0.00013934603018958547]
[-0.00011794645169191376, 0.0002496961720229729]
[6.849963208305221e-05, -3.77980752667012e-05]
[-7.118315739026992e-05, 2.3737314157890044e-05]
[-7.981428661760909e-05, 0.00018985221343681413]
[1.1274377031918192e-05, 0.00023492725395679592]
[6.360554209336455e-05, 6.139484607367574e-05]
[-5.552632974306637e-05, -5.11189136179202e-06]
[-0.00017661225178308704, 0.00018180734848527447]
[9.025386958128045e-05, 0.00013893204660028746]
[5.917232519719873e-06, 0.00010797867991196863]
[-9.339470436081632e-05, -4.727343051146027e-05]
[-0.000250207341546925, 9.352421779407205e-05]
[8.092075371346485e-05, 2.944062062777697e-05]
[-3.8821839857344775e-05, 9.442767046929923e-05]
[-0.00017467303367169063, -4.089218627412183e-05]
[-0.00024023459616628884, -3.075361517723696e-05]
[1.2872337018743352e-05, -2.610206665515369e-05]
[-3.341718889393608e-05, 6.832703283465857e-05]
[-0.00023808028451283159, 3.978134896021057e-05]
[-0.0001462045515371324, -0.00011416021600207937]
[-4.754251797839393e-05, -1.4750285287634668e-05]
[-7.265869189643226e-07, 8.256751685664643e-05]
[-0.0002238567200922026, 0.0001557494739873322]
[-2.891047828379456e-05, -0.00010917405512210487]
[-5.7104256798320985e-05, 1.8646681885337024e-05]
[1.8969262296497647e-06, 0.0001425859055347728]
[-0.0001275204601843688, 0.00023272186581052567]
[3.9872897837633925e-05, -3.466650053858544e-05]
[-3.158207471505581e-05, 1.8947860498469415e-05]
[-6.018933621965844e-05, 0.00019863572147401157]
[-6.79916780097628e-06, 0.0002217655298265772]
[3.441716266786021e-05, 4.410869225704439e-05]
[-2.594041586637119e-05, -2.5849270093122878e-05]
[-0.00016226778074847348, 0.0001904793654840531]
[6.516423583446951e-05, 0.00013822845949107432]
[-9.755612423244242e-06, 7.368192129503237e-05]
[-7.810840507216366e-05, -7.269323262230898e-05]
[-0.00023684270637389093, 0.00010352097828780771]
[5.850794831874229e-05, 4.642904771140488e-05]
[-3.372058161926761e-05, 5.5855447550712256e-05]
[-0.00016904646079651808, -6.306471922751244e-05]
[-0.00022950558051354486, -1.4686282407971873e-05]
[5.627235572513989e-06, 4.210286635053517e-06]
[-1.1262476380724529e-05, 3.911587922061921e-05]
[-0.00023544147611970212, 2.1209146825351688e-05]
[-0.00014516194174551966, -9.172731525269873e-05]
[-3.3597756493419784e-05, 1.6206051481004735e-05]
[2.763218569035164e-05, 6.850871027208605e-05]
[-0.00022295171925117152, 0.00013662418951065902]
[-4.344882615892054e-05, -8.826929434472414e-05]
[-2.7173856061581125e-05, 3.695276910853362e-05]
[2.6845268916442233e-05, 0.0001400687651372523]
[-0.00013315722810477992, 0.00021136355847178878]
[1.2007369541405799e-05, -2.697598571245463e-05]
[1.9690522310156222e-06, 1.9084911658556747e-05]
[-4.091919166724321e-05, 0.00020063213287123405]
[-2.3598735607833002e-05, 0.0002034889251641553]
[4.6084090703640834e-06, 3.1674691309824254e-05]
[4.996199705065152e-07, -3.9174695211086075e-05]
[-0.000144877244022526, 0.0001937727018002655]
[3.941312519933904e-05, 0.00013257807167650626]
[-2.7850959315192658e-05, 4.442338731158735e-05]
[-6.176141516262001e-05, -9.019819712742169e-05]
[-0.00021851364547890995, 0.00011095623937773524]
[3.389051329971693e-05, 5.900079128026703e-05]
[-3.324570735552257e-05, 2.1388000510103033e-05]
[-0.00015874024245943197, -7.919582352872157e-05]
[-0.00021377379671294605, 1.5200298715267735e-06]
[-5.614809365339646e-06, 3.08191405349878e-05]
[4.412575657086748e-06, 1.152874510190749e-05]
[-0.00022643740548689006, 5.140154259897223e-06]
[-0.000140225781123271, -6.731450922051185e-05]
[-2.549001855095545e-05, 4.4882253723232957e-05]
[4.929892993577045e-05, 5.2725213151513795e-05]
[-0.0002160330697268259, 0.00011648655668028418]
[-5.5196744115137975e-05, -6.432178938110822e-05]
[-4.145814704370476e-06, 5.572877378878793e-05]
[4.711391367334672e-05, 0.00013285155992065478]
[-0.00013450373609151522, 0.0001868053182128293]
[-1.3894430142477598e-05, -1.5500979708593654e-05]
[2.9142064192910766e-05, 2.322354474981747e-05]
[-2.3001904799618833e-05, 0.00019655585216029475]
[-3.820150058243821e-05, 0.00018107664586297645]
[-2.4433349564687012e-05, 2.387419614277575e-05]
[2.3089498736139635e-05, -4.5756821696094074e-05]
[-0.00012573366085071036, 0.00019176786085861597]
[1.415463944659523e-05, 0.0001224043001465669]
[-4.7187808423326295e-05, 2.0494864077957864e-05]
[-4.535994746512895e-05, -0.000100217451633966]
[-0.00019653769808386512, 0.00011527021885748834]
[8.258592806065224e-06, 6.69255592478657e-05]
[-3.652227665507102e-05, -8.220934452851658e-06]
[-0.0001448102338029722, -8.926905531347895e-05]
[-0.00019390406287039808, 1.6781051833669736e-05]
[-1.983951516443261e-05, 5.310492763832553e-05]
[1.4192065880158644e-05, -1.3431276566555628e-05]
[-0.00021201018723776555, -7.78133406975634e-06]
[-0.00013156380395273892, -4.234699343411141e-05]
[-2.2620425486369333e-05, 7.045885590084566e-05]
[6.441348097097066e-05, 3.628246515981898e-05]
[-0.00020372419259242873, 9.640974932878521e-05]
[-6.371280131672874e-05, -3.8689679542930344e-05]
[1.2179743286294675e-05, 7.39693187060686e-05]
[6.228612001188405e-05, 0.0001220103727092442]
[-0.00013155136879401674, 0.0001602147161353651]
[-3.691739600105576e-05, -1.1317829365850574e-06]
[4.98604710790565e-05, 3.0319575686610367e-05]
[-7.301527302105981e-06, 0.0001872899628986846]
[-4.993679122460015e-05, 0.00015557673149864393]
[-5.150647983555301e-05, 2.0337234734935095e-05]
[4.137823028318999e-05, -4.646564725691027e-05]
[-0.00010600371190526425, 0.00018479249808939224]
[-9.606225510161437e-06, 0.00010838473547863936]
[-6.660220182182208e-05, 1.9440108779411602e-06]
[-2.98096155558758e-05, -0.00010337496593866569]
[-0.00017219610405719288, 0.00011610867254763235]
[-1.7305148954926963e-05, 7.029633375793543e-05]
[-4.262426285955856e-05, -3.2499760434623326e-05]
[-0.00012838435965289996, -9.35294675672993e-05]
[-0.00017089452116036963, 3.0217047690239696e-05]
[-3.5994005313455535e-05, 7.068671866949927e-05]
[1.877390977178539e-05, -3.492356493317583e-05]
[-0.00019321193399418624, -1.717993751382263e-05]
[-0.00011954433481875526, -1.803902834451865e-05]
[-2.416017488479638e-05, 9.230975810226028e-05]
[7.335039036276969e-05, 2.0194967752216325e-05]
[-0.00018681207733659, 7.73442693859927e-05]
[-6.875882217621809e-05, -1.265516379062026e-05]
[2.225803937583315e-05, 9.081638929892e-05]
[7.21985806826364e-05, 0.00010860265585846407]
[-0.000124578329802158, 0.00013274820802514076]
[-5.6403766059066884e-05, 1.5152038177916605e-05]
[6.424933969453872e-05, 3.92998714035496e-05]
[5.478666751990158e-06, 0.00017379849019778792]
[-5.84150916395354e-05, 0.00012806258854572428]
[-7.56500681984712e-05, 2.0552819800290223e-05]
[5.512950015207352e-05, -4.2348012485884934e-05]
[-8.673046977084042e-05, 0.00017339223749401889]
[-3.101898221585797e-05, 9.134795720432132e-05]
[-8.501247230861819e-05, -1.1368147813328733e-05]
[-1.585426409966839e-05, -0.00010046777664256268]
[-0.00014667492545786254, 0.00011334905268378659]
[-4.181045551576723e-05, 6.949322693255988e-05]
[-5.058536391866486e-05, -5.1241825346326486e-05]
[-0.00011059835917948124, -9.240627163314974e-05]
[-0.00014579408027787233, 4.1141341201866855e-05]
[-5.305610262956728e-05, 8.343616776451679e-05]
[1.8933094167783437e-05, -5.233004118671003e-05]
[-0.00017119463772727328, -2.2926491304087193e-05]
[-0.00010472396726213251, 4.602412886078877e-06]
[-2.9143761001729218e-05, 0.0001099715908153831]
[7.664928856460085e-05, 5.389725397698247e-06]
[-0.00016619276302926034, 6.0058652771588505e-05]
[-7.030077637298904e-05, 1.2647136344121068e-05]
[2.678338998436669e-05, 0.00010555441190446269]
[7.694119595244575e-05, 9.365872474320636e-05]
[-0.00011406051183815435, 0.00010552375806598124]
[-7.191435289920049e-05, 3.2343590044649206e-05]
[7.262247927681577e-05, 4.9148238539971356e-05]
[1.484256344752577e-05, 0.00015706326542427873]
[-6.352150396340961e-05, 9.962240698263569e-05]
[-9.615280814470606e-05, 2.3872651362111252e-05]
[6.426952652865969e-05, -3.455900625475017e-05]
[-6.882829130265902e-05, 0.00015826427046822245]
[-4.942517304601379e-05, 7.21899829853375e-05]
[-0.00010149218177955832, -1.973840204261279e-05]
[-4.060671093486512e-06, -9.245607503213793e-05]
[-0.00012104865298301348, 0.00010711023526921437]
[-6.435356360245947e-05, 6.510244479523974e-05]
[-5.943501951838348e-05, -6.445760884188356e-05]
[-9.251150378392081e-05, -8.646580347143606e-05]
[-0.00011962397459408525, 4.907681801080699e-05]
[-7.00592896217267e-05, 9.148207265563535e-05]
[1.5512910198967056e-05, -6.528109202272314e-05]
[-0.00014717120884069623, -2.5079097699998165e-05]
[-8.779753190912842e-05, 2.4758768681423793e-05]
[-3.656734440483922e-05, 0.00012314938448027002]
[7.495891406561483e-05, -7.35310484911017e-06]
[-0.00014285072664285692, 4.5108215409483954e-05]
[-6.85178122991903e-05, 3.626080793202313e-05]
[2.6630747901310037e-05, 0.00011758692475605237]
[7.681461490723074e-05, 7.816896677982632e-05]
[-0.00010059330412572065, 7.95587203632625e-05]
[-8.321144389881324e-05, 4.9486586824767226e-05]
[7.548634276057647e-05, 5.895229848380812e-05]
[2.0535023289053322e-05, 0.00013805872801680996]
[-6.536382471383773e-05, 7.134532330733967e-05]
[-0.0001125268731573259, 2.9539409393430915e-05]
[6.885926586930324e-05, -2.4266731867117475e-05]
[-5.305186673112207e-05, 0.00014018428806711336]
[-6.439377350697661e-05, 5.183188636293315e-05]
[-0.00011531608185644249, -2.3618512839274075e-05]
[5.157736700400761e-06, -8.04291256415457e-05]
[-9.628288411078767e-05, 9.772312832723173e-05]
[-8.414526297273461e-05, 5.7822305708221666e-05]
[-6.826170639956386e-05, -7.23309865456323e-05]
[-7.504248573964034e-05, -7.639851372909234e-05]
[-9.333296420455106e-05, 5.378234378566882e-05]
[-8.609474288484575e-05, 9.517628821520407e-05]
[9.413555132065099e-06, -7.363753741479462e-05]
[-0.00012234037023189925, -2.3826740412791203e-05]
[-6.952394559495145e-05, 4.179687344404992e-05]
[-4.545493166773981e-05, 0.00013174327481874082]
[6.901284147214914e-05, -1.7453156285443527e-05]
[-0.00011784052071102391, 3.28486622643287e-05]
[-6.378788998062657e-05, 5.740181054665616e-05]
[2.2765764027682378e-05, 0.00012643157321512444]
[7.227132063777203e-05, 6.304554979655319e-05]
[-8.485029675946165e-05, 5.570359522397844e-05]
[-9.026592038807735e-05, 6.573525145402159e-05]
[7.352500237323145e-05, 6.791001532506502e-05]
[2.2537250421769683e-05, 0.0001177467803792076]
[-6.420047069252699e-05, 4.427720046626393e-05]
[-0.00012447849708512038, 3.674680149762244e-05]
[6.909983029657063e-05, -1.25692650345538e-05]
