[-45.00158194674061, -836.4629789017065]
[23.672593779485602, 6.014587313961073]
[-5.358564124160903, -7.4861444113246876]
[-8.068411460109463, -4.63871064204821]
[-1.170274009395671, -3.0699954306026314]
[2.8281250343813795, -5.627892786733582]
[-4.793910278030445, -1.0081505171324494]
[3.8191601850295527, -5.4544204064693425]
[-3.1502119063258114, -7.936714554435095]
[-0.4528557943603957, 6.325078891703836]
[-3.286269639190163, 3.592163916404356]
[-2.9159551316346537, -0.052954606232642476]
[1.8967388873176958, -1.970731098360119]
[0.5664116213328612, 0.05440487337500599]
[-3.35799536836684, -3.8726586050187173]
[-2.3815540003283004, 0.8102345014340191]
[-0.5824217154383895, -0.8098582133879386]
[1.8817766507478133, 2.1331108658763505]
[-2.6545184105172446, 2.8349522052660134]
[1.016334540311739, -0.002931088554126937]
[-2.2199376356280602, 0.4081803585275221]
[0.8105542053425019, 1.2092511530010919]
[0.6932279938811732, -0.8759162555727779]
[0.08830035907867995, 0.7810710609970934]
[1.2170847289476932, 0.7719565529519752]
[-0.8805861534796477, 0.2132480448781653]
[0.9610314431011133, -0.7762398183453767]
[0.5076656648538957, 1.2577865035774805]
[0.32436664124469416, 0.4725946599151607]
[0.5094450194355105, -0.449267358709303]
[-0.7144593746356271, -0.4275376647052145]
[-1.158494278189865, 0.1346377640690326]
[0.5091362175953495, 0.3005881116041209]
[-0.12683037315910717, -0.3015586393099099]
[0.04207299031445633, 0.020383879842315267]
[0.32105647061123577, -0.010994956881178908]
[-0.5035880946406346, -0.12858825536496354]
[0.695241009049612, -0.5243504161394741]
[0.1340611645695886, 0.051399015423474914]
[0.4767724838361844, -0.6345217904771561]
[0.08052793473017417, -0.2790050201471477]
[-0.010143809048165697, 0.031986677977410505]
[0.3380686628045919, -0.06204147421177186]
[-0.15944815742330462, 0.04933342531340079]
[0.3889820332966515, -0.32751478693092295]
[-0.4770117340974205, 0.10488986277130907]
[0.6856062122334303, 0.05964785283976032]
[-0.011358345025566846, 0.029039198498014063]
[-0.07082962917272781, 0.42533539467698867]
[0.1735567121480831, 0.019330462631307554]
[-0.3589095956475359, -0.23473236959118893]
[0.3562341769451369, 0.13864316767543094]
[-0.004532902854304854, 0.032025281975219144]
[0.15832739931893336, -0.5136942909278934]
[0.33688902086019734, -0.26782877907828695]
[0.11215574959204133, -0.08866885236657307]
[0.0009401121106886734, 0.10222188382558794]
[-0.11267114732853045, -0.1823900819829607]
[-0.12285906412174352, 0.34542702533860403]
[-0.01780267501865307, -0.1158894478857615]
[-0.2367086970811796, -0.1699626031318826]
[-0.024184582909188457, 0.2934039816528773]
[-0.06187273891147527, 0.2753277103893321]
[0.09083296498184179, -0.09806249691219016]
[-0.16288067723095878, -0.10691922798699016]
[-0.18962905362358562, 0.08208072824023627]
[-0.06006710907333712, -0.04370394739208494]
[-0.1759568558421165, -0.1010694048632067]
[0.27393660119482277, -0.03139002468692037]
[0.03360973754921748, 0.06450397531812169]
[-0.03228146929357667, 0.13749910714606606]
[-0.17457370263559024, 0.18402211994400686]
[0.0785524771739885, 0.23907292676980285]
[0.054306865466080545, 0.1151980671278281]
[0.11070627567395963, 0.02777260595076747]
[0.09560559762621423, -0.000906810810240799]
[-0.1309461039939679, 0.062152214418222496]
[-0.1731302378128312, -0.15354559639733711]
[-0.080816355968099, -0.03522134791934306]
[-0.08512766992849752, -0.052688054329269374]
[-0.1031082180854197, -0.03540904756006347]
[-0.016808666691869867, 0.058053993442991114]
[-0.08175122730305695, 0.09586272866054513]
[0.08817153589150006, -0.06506460762961197]
[-0.017416098219592113, -0.026050194921595438]
[-0.01734604591294786, 0.01597835246730428]
[-0.03980523916862777, 0.021050370864008627]
[-0.11407765953968155, -0.030426787260946275]
[0.15131263275973214, -0.08342505772645148]
[0.12135586944045257, 0.04379951955717565]
[-0.037434459232825304, -0.10021213322429989]
[-0.10452704473256615, 0.05357932738811472]
[0.09833376960441595, 0.038369927023644335]
[-0.03470851029345329, 0.014840462289944734]
[0.012698696235577123, -0.05153521930146909]
[-0.0435547618888914, 0.14548778113675565]
[-0.04552881933903086, -0.021349130075540845]
[0.07776850816892389, 0.005041481619853183]
[-0.019496720704152537, -0.0625440248101854]
[0.0987727066929891, -0.052998357966628884]
[-0.07530884830788609, -0.007625550045388341]
[0.07397726117251269, -0.023082919360111198]
[0.025169478362112585, 0.04356381247078911]
[0.17627751101388078, -0.050573138984935095]
[-0.1444886998748962, 0.04074821778194515]
[-0.07046176927505376, -0.0282848582389863]
[-0.013668541695913472, -0.10657385762219729]
[-0.06895448420519923, 0.07109103626092983]
[0.11289863670771183, -0.041264858860020626]
[0.029292606684323985, 0.027284724997078014]
[-0.02674502334486739, -0.0022449218710756114]
[-0.03068707556270045, 0.06495754398402342]
[-0.00920789428381763, 0.009109602240477965]
[0.021810105941154845, 0.002867364849073295]
[0.01722297555704344, 0.009796615842926293]
[0.000994302761862187, 0.01600532559812451]
[0.031270145516855585, -0.007199857083444727]
[0.0001618737043802554, -0.01457685135421749]
[0.035514093220745835, -0.005498569937964604]
[0.002268788615812589, -0.017834127480035766]
[0.03192143933748248, -0.0014647053460201676]
[0.0015063511052857415, -0.010402770420476326]
[0.06653426551621067, 0.05229983737131194]
[0.06424903296781981, -0.026510041309103727]
[-0.06498114349728601, 0.0524446341048721]
[-0.036423292219581516, 0.014466669396449028]
[-0.008210436663712573, 0.022479001313902902]
[0.014436446418090165, -0.022450571013055587]
[-0.026288468137374066, -0.02393315703761756]
[-0.001250463102694388, -0.054584207900731485]
[0.021671432466026208, -0.039245746380558666]
[-0.004272575883369267, -0.058357245336903674]
[0.02770831905653648, -0.009165464560972003]
[-0.0510756660985941, -0.011025784293638874]
[0.03656977584001722, 0.028343743315527692]
[-0.005521333449930367, 0.03158629472717664]
[0.0866531485040807, -0.0043291302393644315]
[0.03346278880758674, 0.0032800049386690344]
[-0.009630077929077802, 0.03991602214703599]
[-0.059210582064843725, -0.03703392392360383]
[-0.004753109637114478, -0.016689794274484138]
[-0.022181711617207722, 0.027077342912760205]
[-0.0299665348157373, -0.014936460013177388]
[0.04156051245927117, -0.004583267155204851]
[-0.03554871214663413, -0.00791300512070503]
[0.019412148355492764, -0.00619388601770976]
[-0.007759702065821328, 0.0014285639911597592]
[0.0038393515645906984, -1.972793438720366e-05]
[0.002176690392945657, 0.04400003241324679]
[0.0355004781580992, -0.019552804379765032]
[-0.0338405674995661, 0.018196929118550864]
[-0.0030486918478755953, -0.03370771323401045]
[-0.028006349688648235, -0.025633992198054623]
[-0.03450254680597986, 0.02668839770867204]
[0.022032793784197313, 0.0247924282487062]
[-0.02491080708924409, 0.03440058799789003]
[0.005244196948023472, 0.018502402666556783]
[-0.004147328547602136, 0.040174315365874846]
[-0.03710555243043423, -0.021195510903582265]
[-0.03655590519954188, 0.011947968486652118]
[0.010848426896927332, -0.017414489993131]
[-0.02405367631053057, -0.007789607110895269]
[-0.008271865304985138, -0.013141781976769962]
[0.005656037791481161, 0.01588450218931914]
[-0.007039882946586751, 0.027315581924568066]
[0.02810317348489999, -0.009072549049802259]
[-0.01409797110260369, 0.009633899552706326]
[-0.00464677316327311, 0.014183686164259912]
[0.0062281719862391505, 0.035285631007887064]
[0.0026461053685453706, -0.002060070999933439]
[-0.006894316463455841, -0.008710180149701374]
[0.001132907886794987, 0.011681985387922422]
[-0.016510638479134032, -0.028875632220108693]
[0.0024058171934643324, 0.008348218107670835]
[0.014001972135023744, -0.011082838437434628]
[-0.0037303616447293964, -0.0007469209350399186]
[0.017585568133137386, 0.0025987754555909515]
[0.011225358578451389, -0.004182787916302222]
[0.0019637396536377194, 0.008394059953222732]
[-0.016443826248314072, -0.006976236748340692]
[-0.0171953494735931, -0.019439069290373978]
[-0.015577092438040362, -3.374075203330801e-05]
[0.0368639976761274, -0.02980169439224887]
[0.04312014658518696, -0.008415652560726017]
[-0.004614627072503458, 0.0011864146407130627]
[-0.01051451617535476, -0.024775715259559128]
[0.0009640845179283986, -0.01766989408503805]
[0.005824962047620563, 0.034326496958933195]
[0.009184316476884447, 0.007660540371179803]
[0.01110950479808992, 0.007702972125251062]
[-0.012736627999816563, -0.0001914978375252563]
[0.01850675044775052, -0.007335393849646321]
[-0.008513804226141453, -0.02673425644203342]
[0.01732789251142486, 0.0040312360000491765]
[-0.009354905171601757, 0.007416039362078131]
[0.011132675550248328, -0.01458588710365416]
[0.006177167257210403, 0.0004878108991601682]
[0.0259182416187147, -0.003934045892752369]
[0.016492837931673332, 0.0015133776115496822]
[-0.010955273458195247, -0.0037741088005527335]
[0.017613308478528378, 0.009796318021023764]
[-0.022576245158152375, 0.007799504751240693]
[0.019343872492067593, 0.023271230187840664]
[0.005943887244847623, 0.0007458818044122073]
[-0.031806028449532064, -0.007410093674200514]
[-0.013909538002868427, -0.006192962913185884]
[-0.005769038559565676, -0.010682845685527687]
[-0.0012090757770182314, 0.0004637780580006856]
[0.0009303782593010901, -0.004049668799044892]
[-0.012384368210442975, 0.012022591221131917]
[0.0033165043504075342, 0.014703853913864529]
[0.017387423907365918, -0.02294901998134402]
[0.013714470354759811, 0.0005361786089170817]
[-0.0011807264850589583, -0.0135538831501274]
[-0.012839037097830408, 0.014034287773630805]
[-0.02880135248459892, -0.006056568410472973]
[0.025914782453192897, 0.021371459083616706]
[0.019772865149657814, 0.0166873378437431]
[-0.00750081124237767, 0.006262257983351338]
[-0.01046767584324615, 0.01290836616448554]
[0.008918671078122387, 0.0031199234988252833]
[-0.0004563011029012909, -0.001207354986892728]
[0.017181393530675715, -0.0021610812694474735]
[-0.004532264412540898, -0.011392872000339227]
[-0.016379373889501392, 0.002449533376760793]
[-0.013044935718470228, -0.029203936698951133]
[-0.008210250408900277, -0.016763570680064954]
[-0.00574096730605967, 3.7808112208798095e-05]
[0.0041575076840538044, -0.0029713103325141946]
[-0.004759387217900916, 0.00014547260356551073]
[0.0011801764153647684, 0.025067624241292163]
[0.00027917714824463036, -0.010272195640255721]
[-0.010098978576783268, -0.0071080793158966316]
[0.0014486318888377037, 0.018723288144215533]
[-0.020308740738145092, -0.008112007250412723]
[-0.0011456852440281384, 0.0034235440235845793]
[0.0008189350134979456, -0.005132524631928925]
[0.013512764581220083, 0.0075270040594037635]
[-0.0012156796646400903, -0.018981444524928115]
[-0.0016849610489240163, 0.0161624991733762]
[0.006196141683398659, 0.015463938724778803]
[-0.0009458147300100972, 0.0019568379332963737]
[0.0018998656271749237, -0.001666821389528117]
[0.0009635446398401637, 0.01383623511213039]
[-0.008583365642838015, 0.010146857755018113]
[0.0051754738066920325, -0.018504949553497685]
[-0.002021674089698333, -0.004767314375240805]
[0.004043367685975241, 0.008769513595909939]
[-0.015395036426395059, 0.004874927479337932]
[-0.0060357920408433685, 0.0027449202599104383]
[-0.0024182490114905697, 0.003707772272703129]
[0.0015371229764697958, -0.00019673684126203517]
[-0.0019231751920911755, -0.01946384736061907]
[-0.011731701991886556, 0.008571688721779713]
[-0.0027288035259505072, -0.0001395841593516689]
[-0.006309608004038125, 0.005033990165167146]
[-0.004513816107228452, -0.005775817194533128]
[0.0138313819654583, 0.006931169910996959]
[-0.0007990281208174466, 0.002034565521970011]
[0.009580293169846765, -0.01329684863917402]
[0.002509880568897893, -0.0011747597667686183]
[-0.011711274292513396, 0.008008234645174861]
[0.021681487679006683, 0.003878171958828336]
[0.004435853993468242, 0.011255051765837298]
[0.008705673943336545, 0.010973713171816168]
[0.0030246514088621557, -0.007365159125590881]
[0.0077488388862972934, -0.013605407531274594]
[0.007747405947111569, 0.0033154144865070734]
[0.004688326185435299, 0.004528515043025205]
[-0.00026787819031798277, -0.008592182621789679]
[-0.008793700447346342, 0.005332432102805096]
[0.0005464922985658101, -0.006079292300799399]
[-0.0030317416989169843, -0.01929541393532566]
[0.005426788807545602, -0.006853582759665633]
[0.004989116199836212, -0.0029584239615509933]
[-0.0005710916711935479, -0.019049684870283967]
[0.0005277803075839083, -0.0017598155269490934]
[-0.0016662006312746502, -0.005087011461141766]
[-0.004530678094355367, 0.007691769047582286]
[0.0037804474942770283, -0.005462449624421661]
[0.001987100120217411, -0.009785905019771612]
[0.0007952776523539873, 0.01821216775060064]
[0.007789498721394339, 0.005972072402833262]
[-0.001083890249626629, 0.008442293485604324]
[0.011511429738135126, 0.0031359251380177477]
[0.00810311348173487, 0.006216468032181677]
[-0.0016507264305323233, -0.004034819021320968]
[0.003602091377514105, -0.005395379071283735]
[-0.0028392223378890247, 0.0033713255027182365]
[0.0001592419243281462, -0.008383139954206253]
[-0.0035823077768173395, -0.0023758464706387095]
[-0.004875345007240739, -0.003174891753329079]
[0.005775236245144644, 0.011554205216781688]
[-0.0010513871922088747, -0.0074319335345949256]
[-0.003379520644812173, 0.006386785307128329]
[-0.005843810896714263, 0.0037371902122339817]
[-0.00859662364519731, 0.009352047479311176]
[-0.0006627177921174621, -0.004126190835313209]
[-0.00982116305881231, 0.003539209867873927]
[-0.0022725417175746276, -0.0031081268192114653]
[-0.006803434420390664, -0.009914734736978348]
[-0.005147198638645989, 0.011042883067258757]
[0.0027158599340026957, -0.00039763827048011624]
[-0.0052888536668700414, 0.005093764982556204]
[0.010800919444527324, 0.0026361861053713076]
[-0.004594782434127698, -0.003223197997450522]
[0.005087633431666516, -0.0005715625715335682]
[-0.010573501504383742, 0.002349478337546951]
[0.006083187272449608, 0.011124722274745924]
[0.0034849303144759425, 0.002762189600778342]
[-0.007433404297898738, 0.007558857580474365]
[0.0011073072442923104, 0.002497943780370715]
[-0.003504529189724215, 0.0012648899817446768]
[0.003597510926007935, -0.0041469832772661475]
[0.007306996322846232, -0.00685077792610711]
[-0.000585139412602402, 0.00048167033377505275]
[-0.010068818122483291, 9.767167199603577e-05]
[-0.008998246332338044, -0.0022986202973313483]
[0.0002958676851931852, -0.009824902223396492]
[0.010683476681548338, -0.0028877996983089627]
[-0.004534284639046086, -0.004844462536758992]
[-0.0006351221273471208, -0.0064564624772229795]
[-0.004599454932029345, 0.004688279684033958]
[-0.003348886774115767, 0.0029211829440065618]
[-0.004613271090852411, 0.0013237854868881627]
[-0.0009169511970043009, 0.004042670997798425]
[-8.85139813194824e-06, -0.007283324456998974]
[0.0015222969827166644, 0.006619009455727909]
[0.007121075564000878, -0.0066794431576812086]
[0.004506600511820724, 0.006988771518026793]
[0.0018973113636505667, 0.0019263035694624397]
[0.004166888084712106, 0.007640585664120514]
[-0.00010531448080053352, -0.0007636636263124164]
[0.00549332322830276, 0.0015743595972612656]
[0.00012056198036525245, -0.0015826076443513637]
[0.000889134004581793, -0.002072342593105958]
[-0.00480200271674347, -0.0070746615236083055]
[-0.004904068380049198, 0.0027632624300161224]
[0.001374508028210153, 0.004517399633058583]
[0.008004850160757693, -0.010239003403689662]
[-0.007472712386478397, -0.0014634503276213379]
[0.0031098402983051887, 3.946415130588049e-05]
[-0.0030812620601705643, 0.0027005886118660893]
[0.0024133996316082484, -0.002140322582912524]
[0.0007021197034815518, 0.005589266325903397]
[-0.0052920055910585795, 0.002397413392211334]
[0.003948318058534239, -0.0051461305979735306]
[-0.002614450075697272, 0.009524746904527426]
[0.010051699012331161, -0.00019019639671125077]
[0.004908193684491691, -0.0005322831942554673]
[-0.0022483766696816954, 0.0007473889897061659]
[-0.0039198451450951355, -0.0015438907258633616]
[0.004126131806232447, -0.0031929417097129598]
[-0.00012963117436193272, -0.0031289913489332966]
[0.005647613016118047, 0.00392733911152543]
[-0.0012077088001300473, -0.004442514813537413]
[0.002719321840755906, -0.0015453415312559615]
[-0.003475681176828116, 0.0013922273515832861]
[0.0032852410333085447, 0.004345526906349262]
[0.0017100608949707358, -0.009534091588244364]
[0.0051719039521146565, 0.0011970206497848301]
[0.005760710960784225, -0.0010895842454281546]
[-0.008990428107190512, 0.002860611863044926]
[-0.0005457196808465389, -0.0010861729631365148]
[-0.0033651983809936496, -0.0009763876970825952]
[0.005960079300821, -0.0005118441665923623]
[0.005045791154729619, -0.008924796154981457]
[-0.0023144715913986508, -0.004293516820879251]
[0.005692448719869958, 0.005317630237547388]
[-0.004293372721265898, -0.007555672671705871]
[-0.0011270151231452807, -0.0006657938568274124]
[-0.004342975751034928, 0.005568498070257721]
[-0.003525165738524405, 0.005172473957963275]
[-0.0003989776110906451, -0.002875693596558815]
[0.0019821793046373992, 0.0018605469792053464]
[0.0022441278548606114, 0.005226218854744724]
[-0.002815252054238826, 0.0004891638427861889]
[-0.002968062876349875, 0.005507737991574224]
[-0.0030090574532973813, 0.0009242173734992365]
[0.0014377307083548452, -0.0013696240151785943]
[0.0011112298301905188, -0.007782703067277463]
[0.0015599039050810948, -0.0009262264920268937]
[-0.0014134492561648226, -0.0013742011287610767]
[-0.0022647788022269744, -0.0008502574789021611]
[-0.002412447920690619, 0.007886428406528811]
[-3.77498162920098e-05, 0.0008116146609634389]
[-0.005239230473702339, 0.002311442539656341]
[-0.002776737081834124, 0.002102873639304087]
[-0.001365185534189406, 0.005233614794192487]
[5.8013896226505324e-05, -0.0027382513570686773]
[-0.00232774391409718, 0.0008591413217332033]
[-0.004666092701071545, 0.006278711558395433]
[-0.0047106741072899805, 7.786379075447325e-05]
[0.0004473221234981839, 0.004805353652508559]
[0.008619600895306556, 0.0009607332156850168]
[0.007881049645118376, 0.00011770498286400866]
[-0.004181402171510418, -0.0010166082079136052]
[-0.011553767347320165, -0.00014272689211647371]
[0.0030255450192920863, -0.0020215868047386287]
[-0.0036145731658254743, 0.0008529950629648786]
[0.0017134240985562932, -0.00453431304684182]
[-0.003278912275310575, -0.0002137226779693746]
[-0.00301606336083321, -0.0009086736249959149]
[0.0032216771023078072, -0.001177463243690502]
[-0.001091555350263007, -0.0007654561971623952]
[0.004375875623364528, 0.0006992809522267662]
[-0.002202765002218582, 0.002828638061546873]
[0.0018323324262658966, -0.0017238603204944858]
[0.002949927722399385, -0.0009356839370711356]
[0.004449013874650753, 0.0012582579561054574]
[-0.0011246536804126253, -0.004784207824287227]
[-0.0005681688777652363, 0.0021937935883402926]
[0.005003221936488982, -0.004151455662357945]
[0.004555020644648272, 0.0007403006617129892]
[0.003803369569323964, 0.0034732256548319906]
[0.0023838247325528583, -0.0027916898705657722]
[-0.00508179685348753, -0.0004064746835399369]
[-0.0012551653575855193, 0.0018579452463185486]
[-0.0013147536939518423, -0.001497998697059244]
[-0.00032791003096932503, -0.002943559107173477]
[-2.0983233436688842e-05, -0.004735186558123994]
[-0.0028227118581225508, -0.0014983932285684842]
[0.0030131124698487, -0.001969867812384729]
[0.003940894858344146, -4.5876321380422524e-05]
[-0.002991769706161218, 0.0006621356111872201]
[0.00109381742178849, 0.0028903761862425492]
[-0.002738933977373792, -0.001815525950569552]
[0.0030335248039068397, 0.002569450776708837]
[0.0075679168191551405, -1.5780496888384565e-05]
[0.004907659268861275, -0.000365917252192427]
[-0.003623618856191557, 0.001227130800612597]
[-0.004721395290329999, -0.0004898081755879274]
[0.003250588989325065, -0.0004359837821539675]
[0.0038962607885024703, -0.00056473141483325]
[0.001138341283980937, 0.0035215760778762595]
[-0.0019756716674739216, -0.0044343334542327195]
[0.00039574286928689695, 0.00714990422575601]
[-0.001500865349791436, 0.0007807685578413714]
[-0.0006639088276318983, 0.0017709667520947603]
[-0.0018440460269325554, 0.005465387527015753]
[0.0010174320617551968, 0.003352592470860949]
[0.0012166662681637463, -0.005384607058430024]
[0.0030373705393301753, -0.002529646232823368]
[-0.0017088851120155013, -0.004122749331318842]
[-0.003650525999051024, -0.0034329191105713086]
[-0.006425142698487207, -0.0008998021483014318]
[0.0028674113739065588, -0.0010350368740779103]
[0.0004560469644734333, -0.00011266126036174606]
[0.0015434661684962658, 0.0010767814157534028]
[-0.0016956794462364977, -0.0018912413876942535]
[-9.20886747082239e-05, 0.0014261763579490605]
[-0.002454308155020485, -0.0009212567120189807]
[0.0011714089531322525, 0.0022473183550323905]
[2.3025760892097027e-05, 0.0011659005229274627]
[-0.0019734388625970677, 0.0018520932573959786]
[0.0025711699521055176, 0.0011524243597031691]
[0.000713730098164703, 0.0015873976411727303]
[0.00557039195799322, 8.806405743055912e-05]
[0.0011787461854155246, -0.0013824223636224875]
[0.0001446736366880197, 0.0025024058531013527]
[0.0006079618769489203, 0.0035378636197583857]
[-0.0026609528940917115, -0.004373046035509032]
[0.001034125255256202, -0.001812576035109259]
[-0.0017480243220791003, -0.0011600125672045491]
[-0.006915108293034378, -0.003767386167404463]
[-0.006079858332254884, -0.000875022506001577]
[-0.0012574892447558828, -0.0008696774777320337]
[0.0005862960249807259, 0.0021283948188083324]
[-0.0021918774086837622, 0.0002737840870731256]
[0.0017947601599594964, 0.0024797411201958885]
[-0.005095410458636707, 0.0037463299322320065]
[0.0007384447576348485, -0.0007620112748845664]
[-0.0027945601421076605, -0.0073302875477900264]
[1.6176327854999784e-05, 0.0062761644014106555]
[0.00420588829309132, -0.000559166128309696]
[0.0023377808385673937, -0.0005461531540197073]
[0.0021622747208540627, 0.002205929263640549]
[0.00017780270521616792, 0.0036463825060982606]
[-0.0002820227385280649, 0.00026759811513329956]
[0.0013540787316730363, 0.005312294122627154]
[0.0008022311963766793, 0.005254450996848958]
[-0.0011649871280479118, -0.002445680667096606]
[-0.0016240673077425605, 0.0016748089904798924]
[-0.0018946833561422904, -0.000813163569259201]
[-0.0036572420074981737, -0.00252486894789522]
[-0.0005180634052293076, 0.00041670024258461114]
[-0.0018203421890478078, -0.0020762188704429585]
[0.0017430985220800999, -0.0018189936777555094]
[0.003220226513935054, -0.0017054196774730634]
[0.001270235241975226, -0.0014894216785117376]
[-0.0001465499479778587, 0.0010660460851416032]
[-0.003700824140932313, -0.0005809801808172033]
[0.0021002622043150287, -0.004054391986023531]
[0.0011145100651169804, 0.004009708476817808]
[0.0006584823074879953, -0.000863642264329445]
[-0.00022552779702646186, -0.003225915663868262]
[0.001594471664705957, -0.0014074453379409047]
[0.0015822485533236105, -0.0009961314811134103]
[0.0008836643357258544, -0.00021296318389016355]
[0.0008746221047038448, 0.0024331790474549364]
[0.00010621901913233228, 0.0026387267037681697]
[0.001649787024576974, 0.0013270130913819594]
[0.004470547064735255, -0.0002795984855064604]
[0.004967739510796654, -0.0014263493940041005]
[0.002146861663402083, 0.000958788872534283]
[0.00017695305113871185, -0.0033216701440267893]
[-0.0016278108011041348, -0.0019101013520131938]
[4.430588130549529e-05, -0.00023892643697021043]
[0.00120922658526601, 0.00026241273052018954]
[0.0026024297042751554, -0.003285281243909144]
[-0.003579684853158127, -0.0019526522119993617]
[-0.0040898979796115675, -0.0016886547735238677]
[0.001087585384012102, -0.0023446604231726065]
[1.1616254918966895e-05, 0.0009688252406969688]
[0.0002821461765366573, 0.0008693220519031541]
[-0.0010410853578864954, -0.0010838575341703405]
[-0.0031380140497750952, 0.0027659723840636197]
[0.0003720281125754177, -0.0025822177644252986]
[-0.00027996330911250755, -0.0023267279728478307]
[0.0012162954776460122, 0.005307609120782708]
[0.0008210739723406579, 0.0023490474286743668]
[0.0005470160031759708, 0.0024938515061963262]
[0.004512106580353059, 0.004499487729036071]
[0.0025573563806620125, 0.0008046026482300579]
[-0.0002814633441738934, -8.460512813672494e-05]
[-0.002250486846574029, -0.0007294833812445112]
[0.0011118638067098008, 0.00047009282096535654]
[-0.0019633512985542945, -0.0028248982686580604]
[-0.0006369881428939239, 0.00187030846020525]
[-0.004090234850997354, -0.0007070422231963414]
[-0.00242786482963131, 0.0016680327591230282]
[-0.0013698042400202004, 0.00023560897384511392]
[-0.0011226357612225124, 0.0011065535768668422]
[0.0005434029487810799, 0.00037813370459638396]
[-0.0013437130276588993, 0.00042725503362450734]
[-0.0009053435585780201, -0.0017120656154376301]
[-0.0013459805531865765, 0.0006613614069517215]
[-0.0007692841382448412, -0.0030947839779884023]
[0.0005025283775080824, -0.0032816404226531093]
[0.00021826548282205538, 0.0024749791289880863]
[0.0006265674147165057, -0.0010861322387244465]
[-0.0016291555570922128, 0.001241054092124716]
[0.004500268177048211, 0.0031452034063162992]
[-0.00046734251111550315, 0.0008407237245279808]
[-0.00021186070383201472, 0.0012181412303798322]
[-0.00286885029606343, 0.0019412048351431883]
[-0.0030387697133102964, 0.000588334043702083]
[0.0009188342590607627, 0.0011878376888444508]
[-0.0008984775764916998, -0.0036180219009122327]
[0.003345905765619661, 0.00022271451689809263]
[-0.0011492450271246568, 0.0009648640749699289]
[0.0009954997866625237, -0.004320853910960876]
[0.0004745563352393234, -0.0030885552913307857]
[0.0007258720816312181, 0.003482330861915295]
[0.0005435509149506745, 0.00011910013244970097]
[0.0004606076840948936, -0.0015535420574604997]
[-0.0008869961606664534, 0.0003344554594549298]
[-0.0012514799901717222, -0.0011051312897529808]
[-0.0017473694739761347, -0.0036749925335988753]
[3.3706548898226885e-05, 0.002547910896530059]
[-0.0017236206240573981, 0.0012190421793543682]
[0.0016555027946570933, 0.0011014575150450345]
[-0.0033260274373533294, 0.00014529574286842317]
[0.00011165593730400047, 0.0018107309504691305]
[0.0007147867649894835, -0.0009691414645432439]
[0.0011323882441302002, 0.0004683269256434419]
[0.0016884403510514234, -0.001062279271513894]
[6.74740797833584e-05, 0.00247137222149911]
[0.002066456275687245, 0.0009265908488289773]
[0.0018820559989365382, 0.0003541101776436406]
[-0.0001622572018790125, 0.0014493227429987349]
[0.00013335058377050846, -0.0013343648922193863]
[0.0012631457762114495, -0.0021444047018111256]
[-0.0006154417379645727, 0.0018224247488666245]
[0.00040903411227455333, 0.001036073900810064]
[-0.0018782090346227687, -0.00030978373602574827]
[-1.8184259800158031e-06, -0.00026379250344449323]
[0.0007020833730357889, -0.0006194990162185499]
[-0.0003740268909855349, -0.001318116936828817]
[0.0011672759582780912, -0.0035536585420868905]
[-0.0005721413265552533, 0.001024310990542343]
[0.0004106521800864016, -0.0017312229551757485]
[0.00032482713910925165, 2.271348994681288e-05]
[-0.00023389865998124648, 0.0012387241095784818]
[0.0017774948552695957, 0.003440330091642352]
[0.0009774969576980541, -0.0013633206381462593]
[0.0026183953529156367, -0.0030785767902755667]
[0.00039112976587912796, 0.0027764424586458614]
[0.0022375565142850884, 0.0015549379673249208]
[-0.0004219496951400111, -0.003825378407778565]
[0.00043236150606086425, 0.0008094868662379684]
[-0.0015279339453453302, -0.0011019232768402984]
[-0.002015550323149748, -0.0029196351471428503]
[-0.0017855229442570886, 0.001067457673837452]
[0.002122758142484483, -2.622575084296197e-05]
[0.0014407359042066387, -0.0003493528411789848]
[0.0005373673156301717, 9.371513564260248e-05]
[-0.000781600201283067, -0.0006660249709755095]
[-0.00014794483974081563, 0.0014191480815285429]
[0.002196163392044481, -0.002020912866048219]
[-0.0008842517108418879, -0.0007597674961136724]
[0.0027829472556026302, -0.00047821570422840187]
[-0.0021080163495625914, 0.00032171157868027267]
[-0.0009472145843139046, -0.0013230949217403198]
[0.0011308652014297982, 0.001247224270769287]
[-0.0006400682478077124, 0.0005452096400056505]
[0.0013417054232706116, 0.0005679557608347929]
[-0.0012804742006107261, 0.002465381406893674]
[-0.002779175552424018, 0.0025643151118383556]
[-0.002192123997882267, -6.684421456842893e-05]
[-0.0009169207272892166, -7.892538662049309e-05]
[0.0004110991310144474, 0.0004982035580867461]
[-0.002479862256647203, -0.0006664365697834906]
[-0.0014374560225309807, 0.0008347595287545861]
[6.242664523137265e-05, 0.000987574484807215]
[0.0014861505787726603, 0.000902141158376224]
[0.00012139120471221787, -0.0014172010605429386]
[-0.0019549736829214126, 0.000413031096709926]
[0.0016245023117366086, 0.001019702822722901]
[-0.0017030422435468928, -0.0017896876100267911]
[0.0017065732402267164, -0.0008459532197528374]
[-0.0005889777538756746, 0.002771662532233876]
[-0.003145877014948617, 0.0014961975819223206]
[-0.0005592570646844042, 0.0008233285762745401]
[0.00012833128025957485, 0.0014365073612633839]
[0.0022473947046111054, -0.0005314812076875342]
[-0.0018791128136142476, -7.823206607432409e-05]
[-0.0016824189703056325, 0.00039366402018126134]
[1.1715216854724098e-05, 0.0003593463377082329]
[0.0009662262055124549, 0.0003721158728546836]
[-1.02241182268481e-05, 0.00014799626272921085]
[0.0004802040013236475, -0.0015140024410902897]
[0.00014317550649610433, -0.00177564235708777]
[5.8004733430712385e-05, -8.973978303147834e-05]
[0.002654603382391124, 0.00010935044410206873]
[0.00019800477095123937, -0.00021078036477883977]
[-0.0011926032871482466, 0.00034847492021347626]
[-0.003393990432783031, 0.001606083965127278]
[-0.00037129246264679117, -0.0028704652453155413]
[-3.816921492861072e-05, 0.0013098078653947243]
[0.001459968743138848, -0.00263997240083208]
[0.0022375126658926853, -0.0003998474251518669]
[-0.0022635516952351914, -0.0017984712343732112]
[0.0005598868019222603, 4.771610573967022e-05]
[0.00047778090224942504, 0.0007163380153218379]
[0.00364112374576947, -0.0014839332990949083]
[-0.00026542235850679496, -0.0005251370799974064]
[0.0009816977297884, 0.0006082800605506922]
[0.0014530359957503625, 0.0007347957025393703]
[0.0012303662857541808, 0.0003347165760313464]
[0.0011135919646316772, 0.001077371689906459]
[0.00040980409262147965, 0.0007550579769031729]
[-0.0002814756704075938, 0.0009873619096713582]
[0.0011387565633675933, -0.00025119014821956]
[-0.0015165479986710695, 0.0001833428002164239]
[-8.691327141807648e-05, -0.0005030902769778689]
[-0.0022913697213198247, -0.0017236797785058766]
[-0.002331025540359799, 0.0006330311420948143]
[0.0018470056312570593, -0.0013917002651001736]
[-0.0009759980244129496, -0.0002944725683211788]
[0.0008013206224639635, 5.447484515824774e-05]
[-0.00016884999242594567, -0.0003713690163723721]
[0.0006774822024799843, -0.0009964014589214365]
[0.0012670502241654003, 0.000356921411458766]
[2.2547883858581308e-05, 0.002303888695576295]
[-7.70001258020292e-05, -0.0021786250868394696]
[0.001099134313272132, 0.00039835656064463043]
[0.00032499759927395733, 0.0018702094095596755]
[0.0008944904545452603, 0.0005856436913717067]
[-2.403897567737623e-05, 0.0004655725463437732]
[0.0011681969631796574, 0.0015647478463556852]
[-6.298753010175462e-05, -0.0011374385729499559]
[0.0006437300627467057, 0.00020966707711761456]
[-0.0009824172452901903, -0.0008923068998039629]
[-0.00016725463302388888, 0.002467069750746953]
[0.000673608550506688, -0.0012693629049618238]
[-0.001967769663214436, 0.00032602289706645804]
[-0.0005531155217598921, 0.0001592683836885156]
[0.00021958550264924298, -0.000323856869351713]
[-0.0006938644400241861, -0.002005877252504229]
[0.0024074046722742347, -0.0005912507442127624]
[-0.0010490950867783986, -0.0014867007014486011]
[-0.00023960822853895739, -0.0006426629474233364]
[-0.002327010680327384, 0.00020935583645616263]
[-0.0008875392877363223, -0.0012702818934304388]
[-0.00010601939560638679, 0.0008633112170241819]
[0.0010400235575438524, -0.00016849997264906103]
[0.0009193575886706218, 3.439229761714735e-05]
[-0.0010795893447829302, 0.000330049105216057]
[-0.0007121056437700002, 0.0014365926677933905]
[-0.0008747570890090817, 0.000819798517094128]
[0.0012940299297615199, 0.0006304944846081129]
[-0.0004886964469082988, -0.00029285672490780845]
[0.001044034879896183, -0.0004899501197683231]
[-0.00039000474269212937, 0.0006680000984497503]
[0.0014276522116828394, -0.0007675556863144251]
[0.0001514187562464686, 0.0006838689195436398]
[0.0003560733861849297, 0.0013311008549846681]
[-0.0011238357475201743, 0.0018891915528305714]
[-0.0011776843102094814, -9.968628945294933e-05]
[0.0001418859317110499, 0.00038337830234916326]
[-0.0013193958827915075, 0.0002848507038576975]
[-0.0022231653537043705, -0.0022955312231039138]
[-0.0030160081668750838, 0.00168559707236976]
[-0.00030377163478034763, -0.0011616164927009329]
[0.0007398623862181486, 0.0009905742884454335]
[-0.0015905463294643152, -0.0005338892801811101]
[0.0003047744399993224, -2.825159206802652e-05]
[-0.0003387870989066677, -0.0006117297953476819]
[0.0015524317870088122, -0.0001375976044550864]
[0.00045270912002759456, 0.0002641340132777392]
[-0.0012544139183142677, 9.881938231370846e-06]
[0.0009108756026621201, 0.0006110508832974371]
[-0.0005253081060901943, 0.0012821012190924463]
[0.0022490718488119565, 0.0007108868110524136]
[0.002153913159889498, 0.0011987713943814038]
[-0.0010273131596558183, 0.0013934325412490178]
[4.719012164627889e-05, 0.0004273874532977895]
[-6.33965885959431e-05, -0.000282873959891905]
[0.0006840912228122664, 0.0007495255354518227]
[0.0002602183508500777, 0.0006185506669195706]
[-0.0004613571488197854, -0.001719818025897435]
[-0.0011092936113712287, -0.002456305203131115]
[-0.000812037527915227, -0.0004153422456388556]
[0.00149007262226436, -0.0022823353629774223]
[0.0007382230193109518, -0.0015707805675058972]
[0.001046295035222692, 0.000395110599895776]
[-0.000437806317912192, -0.0018229167767617278]
[0.0001449845234593808, 0.000908500115316499]
[0.0008023482787024219, 0.0003855314521378217]
[-0.0009137547282544664, -0.0012479376518488572]
[7.956300787786974e-06, 0.0016899468310127286]
[0.0008864356970514214, -0.0008600638910979674]
[0.0009428869226706244, -0.0005730636685735147]
[0.0018746451606281161, -0.000498995762723331]
[0.0008861948888239657, 0.00012355122319834821]
[-0.0017789692242975719, -0.00032744333133860604]
[0.00030970216004050366, 0.000373679910635194]
[0.0012312779496709836, 0.00033098777417273073]
[0.002546818000877027, -0.00015011207045018127]
[-0.0004439895785633974, 0.0010429638209666359]
[-0.0012503579568961531, -0.0010070787607882048]
[0.001250327473316104, 0.0009921107850258126]
[0.0009481548846832499, -0.00018137518832123112]
[-8.0716464588515e-05, -0.0002671676480862084]
[-0.0006178995237698937, 9.861934853516718e-05]
[-0.0009653396352283794, 0.0007125278127002588]
[-0.0005989419786837091, -0.0017490513775161864]
[0.0007866538952207014, -0.0006621265261167325]
[-0.00018832485005892963, 0.0007081824498511025]
[-0.00153158478619142, 9.884241424302706e-05]
[-0.0017154036952168328, 0.0008655053862127449]
[0.00025155144013899733, 0.0003762386330773554]
[0.0003664881490170746, -9.264066350672673e-05]
[0.00031416694445662863, 0.00012018357452148187]
[-0.0004727090092363495, -0.0010398451095389172]
[-0.0008744203429609243, 0.0008166390411371016]
[-0.0008310708281313861, -0.0003592561605724742]
[0.0006765372562939076, 0.0007569067230517867]
[0.0009421290100002921, 0.0016619302323032104]
[0.0004994584316729833, 0.001755354320320257]
[4.0803168758707375e-05, -0.0003896975481081921]
[0.0008377769225183518, 0.001955022052006039]
[-0.0008250001198948365, -0.0008818176359096652]
[0.0003244948735077191, -0.0017231782713066357]
[-0.0019347884010426086, 0.0017494043704716633]
[-0.0001998517648363063, 0.001009236555746973]
[-0.0008904853692291298, -0.0015847211165075648]
[-0.00014158868577722472, -0.0010290079001371577]
[0.000499396057309455, 0.0007733404855785886]
[-0.0014565289298197094, -0.0011554555409210576]
[6.681918175620825e-05, -0.0005704694979950103]
[0.0008767029145599486, 0.001202606676902418]
[0.000679565186150274, -0.0016518962577482775]
[-0.00115284491920393, -0.00028712674139398653]
[-0.0014159901368196448, -0.0005349923132854928]
[-0.0006112478193523313, -0.00025811180529619615]
[0.00023506903245550104, -8.046767345060157e-05]
[0.0005142797707919228, -0.001608057002217722]
[0.000611318611269604, 0.0024661382884897387]
[2.7665238320373486e-05, 0.001879911568833048]
[0.00033947434312997515, 0.00043273725890524695]
[-0.000804152680176945, 0.000380364257533905]
[0.00045903998006496805, 0.001712060190986353]
[-0.0008694366495078376, -0.0020166719276608625]
[0.00042745106242214614, 0.0006994074505392023]
[-0.00031723273571337973, -0.000870173463364099]
[-0.0005969766089621298, -0.0012679852903229039]
[0.0008368831724708259, -0.0011220107660063205]
[0.0007032395157298144, 0.0001816265789646998]
[-0.0003056592807456626, 0.0005145451289332303]
[0.0002811519194400036, 0.00013322749542812873]
[-0.0004998469138984829, 0.0007887349678436517]
[0.0003017122753908863, 0.0006899244055952047]
[0.000486307142562703, 0.00029753639997422143]
[9.832963550371332e-05, 0.00024932686500599155]
[-0.0014046004711482096, 0.0006033737246822525]
[-0.000528614290476237, 0.00015688574014544043]
[-0.0004116156509863522, -0.002380847533292721]
[0.0016528012043135476, 0.0017136050953385773]
[-0.00016812576260183398, 0.0007249890499261002]
[9.354662219407395e-05, -0.0019677464452302895]
[0.0002604113155447729, 0.00016916997412991241]
[-0.0008721580236062954, 0.0003325170067294825]
[0.0008196690019901531, -0.0004072665408910714]
[-0.0002180438026410103, 0.0010162732820310771]
[0.0011995398139292845, 0.0009227985165957686]
[0.00016773730630759154, -0.0007004413136056931]
[0.0007094476026356378, 0.00010228033620668375]
[-0.00030854132042326676, -0.0007655350737645339]
[0.0006036787680250011, -0.00019983504199966307]
[2.3907659144506432e-05, 0.0006050513966629478]
[0.00030874810699094146, -0.0006948308781951629]
[0.000482416229956234, 0.0007608044924968804]
[0.0008152060017790896, 0.0003257309075642145]
[0.0006445536383110038, -0.001462258081170037]
[0.00015055376200881487, -0.0013349423574400554]
[-0.00028571194858915266, -0.0012200348455898985]
[0.000938072889521099, 6.660730841404061e-05]
[0.0008406110139096735, -0.0015417838151559615]
[-0.0009416427157288368, 0.0012544359753897116]
[-0.00039207949308280553, -0.0007343934537933083]
[-0.0006867404222103204, 0.000729482505182566]
[0.0005871876154520742, -0.00020176361168083856]
[0.0008271934648262091, -6.690923630611745e-05]
[0.0004015771182256378, 0.0008155430773733596]
[2.664066987942415e-05, 0.0003871213533504503]
[-0.0006648800885724337, -8.099411586748317e-06]
[0.00021672444040354844, -0.0002233663218708104]
[-0.0002919858133507147, -0.0002586980941237105]
[-0.0004482507818776016, -0.001445007284869959]
[-0.0007293907577329284, 0.00038380066494098086]
[0.0005853910795276529, -0.0010528810968411517]
[-1.6501577865257744e-05, 0.0010167516241005314]
[0.0006868732715049619, 0.0014797460837280285]
[0.00017990684221913522, -0.00028497093116547356]
[-0.0006331290410134249, 0.0011314363192471977]
[9.66631556906794e-05, -0.0007471968799386275]
[-0.001126167611519402, -4.177537801627884e-05]
[0.00018015159240081235, -0.0004070712751712835]
[-2.821161472599254e-05, 0.0005379283984143085]
[0.00013891908211738357, -0.00024515976412627094]
[-0.0011551497706169256, 0.0016259366922870867]
[-0.0009758346011426999, 0.0003976563218749257]
[0.00011293574023352182, 6.147581013878078e-05]
[0.0006855937603923445, 0.001964317797585907]
[-0.00014622564089783463, 0.0005574663635948829]
[-0.0008095423285628955, -0.00043727197785764504]
[-0.0007449508550705364, 0.0006825547630284201]
[-0.0017437142508920922, -0.0004964453029295268]
[-0.0005402074164690962, -0.0016984873434069403]
[-0.0006405541940374126, 0.0007445390013058328]
[0.0002524587198037831, -0.0004663501252429869]
[0.0001791958593359566, -0.0001019401732654801]
[0.0008432017085328591, 6.461370786831067e-05]
[-0.0007576790120179533, 0.00014742713788634676]
[0.0007401861415303745, 0.001119250280009032]
[-0.000687218371477949, -1.075141139911251e-05]
[0.00019172893836280624, -0.000563628710731956]
[0.0005607887304734868, 0.0015760182479951645]
[-0.0005054524589012607, -3.275936903496257e-05]
[0.001242390569324875, -0.000608508373496297]
[-0.0006813569997817844, -0.0005428328605174559]
[0.0006065360597121584, -0.00021830980710906694]
[6.012099446036506e-05, -0.0003431755670335601]
[0.0008418096012153993, -0.00028494796825759283]
[-0.00033591110924917865, 0.00029879784637567436]
[4.2272948584554104e-05, -0.00029125050838194055]
[-0.00048423284844433673, -0.0004918603084486661]
[-0.0005361983843679835, -0.0005268058929724095]
[0.0006713278561901459, -5.4613282250759454e-05]
[-5.075107835372794e-07, -0.0006520530538889902]
[-0.0006329127839333204, -0.0007072673223233461]
[-0.0001998277053554265, 0.001642769804932498]
[2.127282624866944e-05, -0.000229285045506622]
[0.000833992507201009, 0.0007733445447901666]
[-0.0003818139378176655, -0.000573941132003597]
[-0.0002999695391661117, 0.0004040852350662427]
[0.0010227161173962385, -0.0024865450614645623]
[0.0007883097949031304, 0.0012129178456285472]
[0.0008856495586733737, 0.00016293034672193452]
[0.0009081548044137522, -0.0013555101404408854]
[-0.000602439187865067, 0.0004481953681667872]
[0.0001358612501305423, -0.0005994211537347083]
[-0.00039835075916527796, 0.0003218451613649226]
[0.00036000144127878997, -0.0002133032230357268]
[0.0004902567803318769, 0.0015970069786501728]
[0.000794383676321897, 0.0005730275514647439]
[-0.0006725957177388109, 0.0009062981703610307]
[-0.000367018185808754, 0.0006338451277670965]
[-1.30175440893332e-05, 0.0008756594702931664]
[0.0008685385491514763, -0.0009844520657391331]
[0.00038929964296885444, -0.0016949862623393264]
[-0.0002503676814802347, 0.0001679124123396547]
[-0.00015633728503683386, 0.0003626916003015568]
[-0.001721725123110529, -0.0011475771279439995]
[0.0009867527695294198, -0.0006440249285707411]
[-0.0009102423336177501, 0.0010269647353844946]
[0.0009147611036637859, -0.00040637023206735456]
[-0.0004688712858950672, -0.0002758556825190328]
[0.0008780992175503044, 0.0009803419512719458]
[0.00033776003221838713, -0.0010218949903688657]
[-0.00046038178838503363, 0.00013391667142603758]
[-0.0003774791694010904, -0.0002871960927718076]
[-0.00025729467512591864, 0.0008144253050499095]
[0.0007541456497118931, -0.0005261187861263505]
[0.0005290242841221732, -0.00032414215434264926]
[0.0010472017974393916, 0.0007389463243681615]
[0.0005139358452470634, 0.00034333849240839043]
[-0.00036566472330009855, -0.0004264595614984013]
[0.000596304470162734, 0.0013191085626869936]
[-8.35975843667923e-05, -0.0009618034655584917]
[-0.0005340050142118562, -0.0006019352186105859]
[-0.0001532625673290669, 0.0002544904588197283]
[-0.0013525745193158217, 4.9280972200971274e-05]
[-0.00036746458383485336, -0.0010330265614355016]
[0.0003479697529611969, -7.816839369065298e-05]
[-0.00044429048880212374, -0.0001158024053788953]
[-0.0004600265946300419, -0.00038474880660566146]
[-0.001341397778556297, 0.00064559700753819]
[0.0007786782323470354, 0.00039149182605746624]
[0.0009215101179685381, 0.0001686298011747689]
[-0.0010877715129034016, -0.0007838974815481126]
[-0.0011021778148661565, 0.000536769349955557]
[-0.0003569532502136763, -0.00019112554999245468]
[0.0006691636755074559, 0.0004126995817949064]
[0.0006358969656447, -0.000258644491478055]
[0.0012126725767701574, 0.00114024178817701]
[-0.0016741333466239183, 0.0008908362051118501]
[-0.0006685682560624295, -0.0001669970035841073]
[0.00044846480685378776, 0.00015273782276348236]
[0.0004237858821093399, -9.841711707932188e-05]
[-0.0003059067653418124, 0.00029456467370170443]
[-0.0007106035812277645, -4.0227897123056716e-05]
[-0.0006439698326730081, 0.0008152240156353574]
[0.00029057128677645316, 0.0005261693141811602]
[-0.0005704745786901944, 0.0004069518360741986]
[-0.00011632043357678867, 0.00038261194531069576]
[-7.748586899947174e-05, -0.00022287924425415384]
[-0.0006008312268347971, 0.0005110832139103016]
[0.0007576122027234122, -0.0003048571260571009]
[-0.00028545004940716545, 0.0004443416569458458]
[-0.0004076861968751455, -0.0011048666350117475]
[-0.0006534894841494499, 0.0004480533077744764]
[0.0003510176913147922, -0.0007517492455037522]
[0.0006071104776400604, -0.0010756667211372917]
[0.0004046452512398435, -0.0002220482764656584]
[-1.2020210671398468e-05, -0.0005372475467259052]
[-0.0006055623959470846, 0.00012032088784602601]
[-0.0006151166356991311, 0.0005261134933510492]
[0.0006560142397458446, 0.0009714065236435532]
[0.0007002863349006572, 0.00017810264014270216]
[-0.00023727491989782024, -0.0005099566257908972]
[0.0006337112616729701, 0.0007003054209495235]
[0.000980289410239664, -0.00011178698110715646]
[0.0019152468060154026, -0.00040213097487939997]
[-0.0004340159864815573, 0.00013775641133873234]
[-0.00025172543272737775, -0.00047633914108852204]
[1.5967578334523044e-05, -0.000750727558250272]
[9.84961009385249e-05, -6.936872941382122e-05]
[0.0011532851574224123, -0.0010194147608008908]
[-0.00020414497649526298, -0.00032400907668050927]
[0.0001494995076314759, -0.00015721177619559823]
[-0.0009685235619357191, -0.0004031301262046316]
[0.00041876697443096744, 6.477249615688407e-05]
[0.0004773196903470056, -0.00013049843562018548]
[-0.0010006793326523267, 0.0005733933071249142]
[0.0008163175652806665, -0.0005879996562772605]
[-0.0008398759705777192, -0.0005506166849397198]
[0.000544201985301862, 0.00046052374252758543]
[2.5104764470595953e-05, -0.00022644127438473105]
[-8.334840113860542e-05, 0.0001891338221623462]
[0.0012309302573676462, -3.808802782348519e-05]
[0.0006433515290356073, 0.0002978609474009464]
[0.0002067926713424928, 0.0001980280141710422]
[-1.935784419804243e-05, -0.000227159949918454]
[-0.00023325500789705966, 0.0003653892662946884]
[-0.0002983137126870705, -0.0001550735966844019]
[0.00019042183121353862, 0.0008280335661770295]
[-0.00048629262266319806, -3.580884343816482e-05]
[-0.0002042547233215286, 0.0008501371145861192]
[-0.0002630488845203338, 0.00038257626533574896]
[-0.00010674669673216286, 6.05870318273749e-06]
[-0.0001655498492061369, -1.0019759762974756e-05]
[0.0006107551681904244, 0.00029307764757990906]
[-0.00036799532483727804, -0.0008349804152731066]
[-5.1167407995433845e-05, 0.00020031370197959308]
[-0.0004310298445554528, -0.00022651794891770383]
[-5.288606307385368e-06, -9.106546716203257e-05]
[0.00021764930458278986, 0.00029845478124984615]
[-0.0002447602822158168, 2.5627592202981386e-05]
[-0.0005773292530668883, -0.0003798869603843791]
[0.0004283270926284388, 0.0006185417451335384]
[-0.0006314692810690942, -0.0007465726465932243]
[-0.000204203749736509, -0.00023642100351395356]
[-0.0005516013163608807, 0.00043371633627228845]
[-0.000711807706767438, 0.0005533720688372101]
[0.00011981251010265148, -0.00023676813826983834]
[-0.00013309376687383606, -0.00021311902083379075]
[0.00021972254962334976, 0.0004458434185164173]
[0.0005894534231814172, 0.00024412794925116055]
