[34.666054472487374, -848.975117349672]
[6.222612083780689, -6.883435140204668]
[-3.644063088262172, -0.7449273294379282]
[-10.6580332191565, -1.1943576751053087]
[6.0945813504588955, -3.607123325854488]
[-1.5360894841069381, -2.736742723973016]
[3.414878194393708, -6.5188949814126005]
[0.2223391095585896, 0.026308419212115908]
[-1.042730440461881, 0.44826428277364094]
[-1.4182262305717757, -0.05294220726426957]
[-0.5005213212597823, -1.0437267797104433]
[-1.8760203484030455, -0.9421622599370565]
[1.5066304866855411, -0.5491075347944232]
[0.3483051535441195, -0.21549419441574713]
[-0.46296810411908673, 0.36014002768397546]
[-0.367654387282212, -0.05198935932181836]
[0.8332719366545502, 0.07597127775419121]
[-0.9319554103363719, -0.12247685792012764]
[0.9514706622577951, -0.36769623977564203]
[-0.06237151314144995, -0.15601442288377676]
[0.20074835695087412, -0.6225349305189631]
[-0.0997909986323311, 0.33284522401439]
[0.03142343186004304, 0.2368848830859438]
[-0.9153131769629397, -0.004002328485362305]
[0.5656127779526088, -0.19111561773321295]
[-0.4730595251731451, -0.25584345998691727]
[0.3592351577518045, -0.2827604661598909]
[0.1287745396069475, -0.16471064273981817]
[-0.07938657686981898, -0.05852220654572449]
[-0.43422645864734655, 0.16433064412368026]
[0.4298038285539345, 0.13678625151222334]
[-0.3588824651837039, -0.10600297613408571]
[0.3046505163414457, -0.246010969295396]
[-0.04678560465848858, -0.13498549266247095]
[0.08517277913855631, -0.14382066801282134]
[-0.14256446925562494, 0.23471133914242825]
[0.14255702484238708, 0.2286210937612556]
[-0.4809250186872731, -0.016460287091137893]
[0.4594523542274782, -0.12854050645209192]
[-0.17085356219516967, -0.16548454142112234]
[0.16828319960072058, -0.2335474193936573]
[-0.00025664739175645934, 0.03739254824656757]
[0.009986823955388857, -0.006647025096381487]
[-0.33027423550881174, 0.15347458515902268]
[0.26049975405175374, 0.07796476987636392]
[-0.2824422356285172, -0.15558799426048786]
[0.19989387421184013, -0.20462274599868646]
[-0.027817836480559244, -0.06186583828642611]
[0.034372174572760095, -0.009340648686330333]
[-0.1103485064871299, 0.12806314710689515]
[0.14444287303458214, 0.13549865661996474]
[-0.3179806357578946, -0.02950204741449003]
[0.3306612021649667, -0.10354359547077324]
[-0.05914101049492304, -0.09598585447140895]
[0.0727925463448218, -0.15606831137571398]
[-0.03834778448196552, 0.09761866488015691]
[0.04650940573561435, 0.06265906713766256]
[-0.27350985446493237, 0.09497393127441756]
[0.21838638214462502, 0.02715827693496209]
[-0.21612000644138618, -0.1344093549052694]
[0.1767274680790898, -0.16985754725656232]
[0.00787459531035406, -0.014572735202497356]
[-0.0011016292121617255, 0.015467446822303721]
[-0.12837350449447715, 0.08430798531153627]
[0.1349240624991337, 0.06029346926707779]
[-0.24270839078331408, -0.025328590948710872]
[0.2315543584894577, -0.08109214992631664]
[-0.017450359506037738, -0.07587012265025495]
[0.017993549913530416, -0.08597457048786272]
[-0.056364848054184624, 0.09028157389249003]
[0.06612246978479502, 0.08407057503680693]
[-0.2240565412937805, 0.05182560378701018]
[0.21418007482492163, -0.002015348815546325]
[-0.13165696912262703, -0.09916680408029377]
[0.1284237750128634, -0.1311081863008674]
[0.012987082074513268, 0.012745639097164974]
[-0.008379827736901824, 0.006653470765868086]
[-0.15511823758212273, 0.08784908400186953]
[0.14126163494984567, 0.042159528393986845]
[-0.1843288613403482, -0.037309507709172074]
[0.15604166930286922, -0.07506187015086763]
[-0.016385168415089968, -0.07251811485282333]
[0.008585326666445958, -0.05426136269672632]
[-0.06153535364441309, 0.08550564688529416]
[0.07233285370648379, 0.08406077733662709]
[-0.17686629183075403, 0.017389406502912153]
[0.188015529396127, -0.026239352658227633]
[-0.07837122864920976, -0.07596237171740317]
[0.07945349826041714, -0.09610162009458856]
[0.0017738130718667477, 0.03693086776264831]
[0.0010557668562021227, 0.01779652314015001]
[-0.1540934294337699, 0.08147855808512716]
[0.1460805785007615, 0.03943279306240077]
[-0.14377848989233843, -0.05618241825214454]
[0.11791661885056115, -0.08125725814467466]
[-0.014361167628558213, -0.045830785634849214]
[0.011060346128428655, -0.03647711186225644]
[-0.06041643101052374, 0.07960956391583629]
[0.06925484901112444, 0.06816868596988579]
[-0.15741760016223716, -0.004716179714879143]
[0.1542427792869776, -0.04181744992105463]
[-0.04841869412603583, -0.05887335806851279]
[0.04337002995276906, -0.06652682692785494]
[-0.008911978708997376, 0.04208349740181161]
[0.014283086710388054, 0.03722716100592338]
[-0.14153565985324468, 0.06095688864814397]
[0.14277428673620718, 0.026863941965583393]
[-0.10719006988850932, -0.06033658968897315]
[0.09994747406784521, -0.08189300785297693]
[-0.003150701737860473, -0.014855677938867107]
[0.003567200680942406, -0.01719369571178775]
[-0.07147690980712973, 0.07294736684614428]
[0.07307433188606627, 0.04569811672805968]
[-0.1456188797154292, -0.012150651379659871]
[0.13106263872448132, -0.041804475078186076]
[-0.027725339899098422, -0.0534776012657141]
[0.01638013452264797, -0.04985061278505398]
[-0.02282443122108646, 0.041095892509824594]
[0.030794120902534194, 0.042506903567723464]
[-0.12469748214454585, 0.04272358789988406]
[0.1306863812335216, 0.013732049347536579]
[-0.07543406609907055, -0.05884068709386692]
[0.0755205805520156, -0.07572143646403029]
[0.0009552061469522144, 0.00632361730612363]
[-0.00019542798074789758, 0.001043710893601002]
[-0.0834703815966793, 0.0679476164362276]
[0.08387741914500246, 0.036217363214987586]
[-0.12373823242412563, -0.020291659075995505]
[0.11174001144059353, -0.04230999527549795]
[-0.017092067303621228, -0.04843032714307938]
[0.0061651356407006475, -0.04328907500590634]
[-0.03318146432474878, 0.049975706118101426]
[0.041336365002893505, 0.041696540452161646]
[-0.11054887034125072, 0.024407527652196226]
[0.1131677883744624, -0.0011471545596355437]
[-0.05914403036150406, -0.055762086172138625]
[0.05089456823068317, -0.06439630097211535]
[0.0005102952718436804, 0.019161928197310024]
[0.002424831427358394, 0.016241224999220864]
[-0.08661312868200222, 0.055756250327991363]
[0.09229799526275984, 0.03263451732166778]
[-0.09971762942458717, -0.029222480338716883]
[0.09280553839494154, -0.04802290430623435]
[-0.008391776613115187, -0.03290265725995334]
[0.005590127705239922, -0.03399194279362594]
[-0.039101143939766825, 0.05740191797232583]
[0.04414341553930168, 0.04088119499308995]
[-0.10651803536608018, 0.009073515853079028]
[0.10113782062834176, -0.016492699657747023]
[-0.04660003121644074, -0.04915277827132569]
[0.0339087769432429, -0.0500097128362853]
[-0.002279510571637333, 0.02260087439825087]
[0.005851353735473186, 0.02299936196121588]
[-0.08697564767492166, 0.043231047769628494]
[0.09567871579249462, 0.02415647220255346]
[-0.07696961884623432, -0.03462668600335739]
[0.07282944471266908, -0.04957849106826373]
[-0.0020861852121313307, -0.01667035258986127]
[0.0025367640809963454, -0.020387977717302386]
[-0.04588802573088291, 0.057972831766403]
[0.05035418220855603, 0.0390009379590206]
[-0.10160346617844063, -0.0013897831452407416]
[0.09425810362156062, -0.02396742426727938]
[-0.03127081013634392, -0.042926295309771656]
[0.020929967595552768, -0.041733271597726274]
[-0.009817696611403637, 0.026302180023149768]
[0.013935597718942372, 0.023498697830739212]
[-0.08538042459333561, 0.03589951637092592]
[0.09100009319827218, 0.015011646821851743]
[-0.06005875578384878, -0.04004949457927087]
[0.05322833803029359, -0.04917207301236015]
[-0.0021313234645016638, -0.004455496144434634]
[0.0007827193581858016, -0.00538590574314482]
[-0.05031359373115141, 0.05342798737298837]
[0.05831595451901134, 0.03620491655584812]
[-0.08996208527134142, -0.011739330042052742]
[0.08593321721863956, -0.02801124082580242]
[-0.018555421252490767, -0.03502237180703194]
[0.011739315363719527, -0.037191085372656696]
[-0.016931660133703286, 0.03543426830883689]
[0.023546325816798053, 0.025695703673355053]
[-0.08303591448884173, 0.02673015200936646]
[0.08237761448138858, 0.0060381119467454725]
[-0.05147181302840842, -0.04236240347047726]
[0.03991812654018423, -0.04818096186422771]
[-0.0018970451058988314, 0.00528727673722118]
[0.0019161842526869144, 0.007255740412266176]
[-0.05369692206618659, 0.043862987227510475]
[0.06261749926821858, 0.029696476246005243]
[-0.07717326619968724, -0.018878230228196458]
[0.0745022540353405, -0.03230367819556729]
[-0.008607966022455393, -0.025599289723023055]
[0.005095148951164807, -0.02862632105248286]
[-0.023295032862002296, 0.04197500291908951]
[0.030302628528434683, 0.02949911108512393]
[-0.0808383957011114, 0.01590160093500048]
[0.07796024480710573, -0.003213322306619526]
[-0.04251714290496533, -0.0399803883545353]
[0.03118368918117076, -0.043675781933325664]
[-0.0012108300626665347, 0.01261262028961374]
[0.003642788705972677, 0.012517788225334003]
[-0.05890555910729556, 0.036057694009245855]
[0.06566085119094844, 0.021294967751413596]
[-0.06525568742829346, -0.022833945612940942]
[0.059433508835625926, -0.03432254401905799]
[-0.0033905106058651213, -0.018503623363192556]
[0.0006108969223710403, -0.018848087304260464]
[-0.0297245182461551, 0.04333977748892737]
[0.036872745404592316, 0.03251973777232614]
[-0.07544455557122987, 0.005477311227370052]
[0.07449904258218631, -0.010934381542308635]
[-0.03066869517159576, -0.03578841797021992]
[0.022911805708060395, -0.03847696187014016]
[-0.003726956045801977, 0.020263684257781356]
[0.007766332308956958, 0.014853265713479558]
[-0.0626330188286146, 0.03183804469481366]
[0.06669726459178671, 0.015008264339263097]
[-0.055574927109470984, -0.027846602640255957]
[0.04532060920428638, -0.03608862226956078]
[-0.0031575119528250983, -0.011141060446649309]
[0.0002719039684402347, -0.009978796598332895]
[-0.03317961851542983, 0.04123455937535081]
[0.04191644294654079, 0.0322792809083039]
[-0.06908667473237229, -0.004923029921009195]
[0.06800865491510025, -0.018064848817351806]
[-0.0200873826185457, -0.02921898581692095]
[0.014761020315445905, -0.03257010736579469]
[-0.007358243685142041, 0.02692482181988809]
[0.013454943506401085, 0.019501916959821397]
[-0.06433688560664441, 0.025878707441852056]
[0.06565291572906751, 0.009510045243028342]
[-0.0473478749178029, -0.03110554599268578]
[0.036736788340945736, -0.03779686389252557]
[-0.0023140752797412567, -0.0023647042254253403]
[0.0016397773356597867, -0.001637778341116336]
[-0.0366513586717816, 0.03702312253239848]
[0.044509936986250276, 0.02684595554028324]
[-0.06412876283098101, -0.011820736141024968]
[0.060260870447018, -0.023481968667139252]
[-0.01185303421172737, -0.022859466740781986]
[0.006714556281686768, -0.02475195729832902]
[-0.01236885686351609, 0.029813610553010683]
[0.01944950646168119, 0.02370888084683881]
[-0.06364268716495114, 0.017936755014879457]
[0.06455973670750031, 0.0037408347050690294]
[-0.037744811972758585, -0.031303090345711104]
[0.02994662685318783, -0.03714201156637609]
[-0.0007967510255790788, 0.006207662637310207]
[0.0029422450720733018, 0.004516816678265867]
[-0.042138751995214996, 0.033453266700208775]
[0.04763312307290324, 0.020580128199022468]
[-0.05850070439274546, -0.01568466265489421]
[0.05140502053001228, -0.02627447621103418]
[-0.006909591341154764, -0.018775543769687486]
[0.0016127246676558293, -0.018270923726225963]
[-0.018360516455453835, 0.03127297054540745]
[0.025675274295624884, 0.026053467886525183]
[-0.05985388543484858, 0.009341867822573513]
[0.06111266850101424, -0.002918619217014029]
[-0.028779308699361433, -0.029961222228931994]
[0.02255695298714866, -0.03443796140420402]
[-0.0009836915064368457, 0.014323616422972418]
[0.00496620494422495, 0.01028051163717636]
[-0.04649887195145452, 0.029425972674513745]
[0.05089467068502662, 0.016246020266038386]
[-0.05195502224659565, -0.01956834565728638]
[0.04306663201902805, -0.02849096644022331]
[-0.004122553628483905, -0.01328088970653496]
[0.0008617606182568238, -0.013053250293843272]
[-0.022663357078295476, 0.032152055995744666]
[0.03015324754269133, 0.02623529665696056]
[-0.05688813125826986, 0.001044928114930066]
[0.05547731196874128, -0.010665003607572388]
[-0.021783535081235178, -0.026306855489208525]
[0.015638579858100188, -0.02955508372458493]
[-0.002560243627630722, 0.019288441216786092]
[0.007537070849849184, 0.01615505966478043]
[-0.049424653243570926, 0.023521132336382644]
[0.05304762295853227, 0.011736584878663026]
[-0.043897110647321935, -0.022447111184519253]
[0.03646950692837059, -0.030088388397390697]
[-0.0014042253100918778, -0.006012337622183228]
[0.0011563848033842028, -0.0070184580066026125]
[-0.026671792215359424, 0.03198198646899078]
[0.03326355874577569, 0.023607764136198667]
[-0.05529760055813848, -0.005024653106364019]
[0.05067836580050056, -0.016566967086488416]
[-0.015523592426864852, -0.021984660281093693]
[0.009085776910711552, -0.023649646669513635]
[-0.006069298313827742, 0.021044890730463228]
[0.011642781487177567, 0.019213502199324828]
[-0.05073101798799391, 0.017539430104775378]
[0.053445581336575954, 0.0068727075851626185]
[-0.03481225881475378, -0.024086031648293815]
[0.02913259047817053, -0.030616796985814543]
[-1.8031617563529778e-06, 0.001072570264431083]
[0.001688050670575092, -0.0003970587544044335]
[-0.031110613105638008, 0.030810711637039745]
[0.036558594948750134, 0.020715887851937453]
[-0.05203867840025245, -0.009763163825216137]
[0.0463333861869355, -0.020181448455646178]
[-0.010201505450035953, -0.018172138799079057]
[0.0046141864227684515, -0.018838994595541954]
[-0.010633329615326037, 0.023273809205885843]
[0.016849393137541968, 0.020172399340996683]
[-0.05001670993848362, 0.011663231629924109]
[0.05110127290934707, 0.0012968518936060658]
[-0.02806287540141078, -0.024687415981084038]
[0.021636117728130788, -0.02993559006730906]
[-6.272049554321979e-05, 0.007611717062356985]
[0.002903185618717982, 0.006460400616347298]
[-0.034730338550852724, 0.026924789967829266]
[0.039649232241426746, 0.01788164810837739]
[-0.0471028439101967, -0.013839060418985305]
[0.04151684947305012, -0.023015106453761147]
[-0.005208642023325716, -0.013278149442545018]
[0.002638522526596576, -0.014306576070136412]
[-0.014908435873623338, 0.025737711547748232]
[0.02110999741675923, 0.02074722275313884]
[-0.04932422675131476, 0.005981135781895186]
[0.04774684916552596, -0.005227796618043651]
[-0.02306970080622639, -0.023375335620528626]
[0.016042131158689577, -0.02706778874279514]
[-0.0008868698929931362, 0.012107710672077276]
[0.004154334118548819, 0.011858008148270094]
[-0.03804773010177759, 0.021485821087050327]
[0.04239212523127309, 0.013290918017499376]
[-0.0407514278201115, -0.016512672342480383]
[0.03565736852340019, -0.024457890943659702]
[-0.001126166030572251, -0.007962992275625469]
[0.0009600451497129292, -0.009209239389952328]
[-0.01934849600456634, 0.02696608305186643]
[0.025075925305991453, 0.020826997656940738]
[-0.04829897187553933, 0.0008527148538788332]
[0.04499049202829819, -0.010451359290804318]
[-0.01756959099277866, -0.02088859500700245]
[0.01161087178285225, -0.023308805947192257]
[-0.002987641885453307, 0.015038168973811383]
[0.006749074720880488, 0.01452078516314409]
[-0.040798489702225105, 0.01724162383797956]
[0.04378254917989244, 0.008155294694948023]
[-0.03388806612154599, -0.018551418103247008]
[0.028520436273549943, -0.025151538799503936]
[0.0001288314052694528, -0.003081439161317978]
[0.00013433604083999684, -0.003525967521731843]
[-0.023282441273852955, 0.026667693930086278]
[0.028807649369300442, 0.020295186530629616]
[-0.04558179160453679, -0.004663706494071107]
[0.04222266251032525, -0.014374680952973562]
[-0.012012096793497351, -0.017473312080708903]
[0.00781662743040168, -0.019577972958785717]
[-0.005657728699606901, 0.018252319160160846]
[0.010657093789587346, 0.015954709533096967]
[-0.0424760721385915, 0.013398587815084767]
[0.04326506458518353, 0.003463433562438639]
[-0.02847534477700875, -0.019781598177036952]
[0.022073902198414874, -0.025593324152619612]
[-4.0737197963935934e-05, 0.0017433656345958726]
[0.0009156108217691639, 0.00244529971981855]
[-0.02656802770085312, 0.024043817745675322]
[0.031370057360300324, 0.0180235107173784]
[-0.04199705586741939, -0.009353422646927293]
[0.038861475452242805, -0.017948122188517886]
[-0.00666103646715166, -0.013279843787514234]
[0.004329084283690193, -0.014872593982518834]
[-0.009000591207553477, 0.02080468670948854]
[0.014343196797448443, 0.017149282647280106]
[-0.04320606513663039, 0.009212926399947419]
[0.04246603192374887, -0.0010113842576686682]
[-0.023547892772385115, -0.01975807793335156]
[0.017285831006051522, -0.024496108899506486]
[-0.00031180144656306474, 0.006200157835436315]
[0.002272122436125512, 0.006919536011014471]
[-0.030039498046929847, 0.020519277393008073]
[0.03374617655438872, 0.013851093245069057]
[-0.037896314017694055, -0.012078340090226236]
[0.03403003335119503, -0.020176282015068048]
[-0.0025480734509277098, -0.009579644554698952]
[0.0011719448957224488, -0.010044136609077825]
[-0.01347057771157243, 0.021946933299251542]
[0.01825728601866595, 0.018182885153018552]
[-0.04221067042630178, 0.004706829966331982]
[0.041216812270820524, -0.005111154676513019]
[-0.018044762231564038, -0.019032954474762942]
[0.01335671500317559, -0.02230574571043753]
[-0.0013036401070671833, 0.010528769713658626]
[0.004163577553425224, 0.009890451948551815]
[-0.033084460697202944, 0.01768810795906485]
[0.03586689522143316, 0.00946323868663438]
[-0.03348803123723165, -0.014136532323939743]
[0.028256562101286464, -0.021235700425101256]
[-0.0008578823649139089, -0.006029630128273067]
[-0.0003185824143810967, -0.005746405356710449]
[-0.01747790296404389, 0.02202869740153568]
[0.02212610141284449, 0.018481307838692174]
[-0.04004809544706026, -0.0005162301148165238]
[0.038646394198446274, -0.00934976508514443]
[-0.01285547876188331, -0.01693521345606086]
[0.00969633416239224, -0.019433058634255984]
[-0.0027985701331404433, 0.014293306310617315]
[0.006500928029083031, 0.012712402618794916]
[-0.03554209699966371, 0.014597575199893575]
[0.037066716705201896, 0.005530311394546961]
[-0.028860082477290216, -0.015632166758639182]
[0.023390978118757344, -0.021726944793470482]
[-0.000213428630121415, -0.002080567853877613]
[-0.00013016081870143026, -0.0014106163601243782]
[-0.02079635552469561, 0.021173717259948432]
[0.025026683269184113, 0.01673040750838628]
[-0.037853813432648264, -0.005059464336981567]
[0.03558049298725252, -0.013371654124076704]
[-0.008376063406692114, -0.013778592287319535]
[0.005686350973688803, -0.015392955384053164]
[-0.005278271984809131, 0.016406141870609056]
[0.009231528806490308, 0.014737406551634961]
[-0.03715772179175908, 0.010879561186207254]
[0.03781170443762827, 0.0021093424672430916]
[-0.023424345089267162, -0.01638353600074416]
[0.019031009423735812, -0.02142342880153414]
[0.00016378503994296523, 0.0020124277157455572]
[0.0008877848295549828, 0.0024677079583438344]
[-0.02415705215461994, 0.020006009049051664]
[0.02751114562724366, 0.013750130247912523]
[-0.03528113758114615, -0.008096591190724256]
[0.03207509408527165, -0.016143320363450675]
[-0.004975331715796116, -0.01092335682505896]
[0.0021782394031356622, -0.011253384390753407]
[-0.009054415985026876, 0.017544269971426107]
[0.012793321888960874, 0.015631568155062836]
[-0.03694150850072303, 0.006827938210269002]
[0.03738884087497249, -0.0012775413001969993]
[-0.018078042659866914, -0.01677845708747855]
[0.014516550793799474, -0.020515057101324063]
[-0.00023713699734356775, 0.006458881406802508]
[0.002350296109327632, 0.006076092195170579]
[-0.026984288481509244, 0.01818262273330762]
[0.029754565962460844, 0.010914091607544418]
[-0.032224097274981434, -0.010536607505159779]
[0.028221421291898308, -0.017801454352830592]
[-0.002555311418885431, -0.007862417607144845]
[0.000491308214870978, -0.007660572348252001]
[-0.012789447509277907, 0.01833701728292375]
[0.016489529190596208, 0.01573286847380878]
[-0.03581151356391654, 0.0026423312199228555]
[0.035403578572257066, -0.005395277594618331]
[-0.013763789105846441, -0.01602328780020351]
[0.010441260569209215, -0.018668589737816488]
[-0.0013580640930288754, 0.010233198649422834]
[0.003784438173034591, 0.009667577876244005]
[-0.029393018820624617, 0.015118263981855173]
[0.03165441854639102, 0.00781948192323112]
[-0.028308438288212945, -0.01243353369545075]
[0.02451794577869637, -0.018484747004586688]
[-0.0005290928322767563, -0.0043490616544545335]
[-9.551773303095867e-05, -0.0041944610843968055]
[-0.016167994019376408, 0.01878467078791149]
[0.019775931839221883, 0.014793846158872886]
[-0.03460993292730152, -0.0010055180005378306]
[0.03295498621259596, -0.00926518175181612]
[-0.010135615375331475, -0.01414318726835928]
[0.006764781951751342, -0.01577881475816101]
[-0.003394371532870921, 0.012468203196560723]
[0.005777682427849151, 0.012037291608176015]
[-0.031366620612857915, 0.011672070801228007]
[0.03309137748994134, 0.004509977079732719]
[-0.023296803472126426, -0.01377038948115894]
[0.02020197932169447, -0.018544486516938574]
[0.000480725717131425, -0.0008404130484659933]
[-8.035082756463474e-05, -0.0007530392078373138]
[-0.019366612110322867, 0.018934282906464706]
[0.022701075999145726, 0.01349690540227122]
[-0.03270925665436075, -0.004338656496528259]
[0.030412967464205853, -0.01208452151550915]
[-0.007069973235991567, -0.011878487382620987]
[0.003862219501862496, -0.012647094485787477]
[-0.006093490241727784, 0.014216420604141078]
[0.008821701646256175, 0.013001600397926305]
[-0.032209408073492485, 0.008308910373016287]
[0.033288045957278856, 0.0011384371117749703]
[-0.018672643071835415, -0.014621798520007723]
[0.015396211623822653, -0.018422622621369067]
[0.00022262662401851402, 0.0028753211821786195]
[0.0007104275568075302, 0.002937345241433187]
[-0.02202588197307169, 0.017768672620994436]
[0.02499382911646407, 0.012033302626920733]
[-0.030183404300104133, -0.007547445253060003]
[0.02773007582585868, -0.014255518380188792]
[-0.004118890106917239, -0.009048236939628085]
[0.002029007046836395, -0.009403440610751712]
[-0.008896438369739856, 0.01576422747125636]
[0.012067080813527031, 0.013275548291845019]
[-0.03230173827942884, 0.005118981162160391]
[0.03237556358106475, -0.0024757104821999804]
[-0.014995356985620267, -0.014556462419904492]
[0.011276432616369791, -0.017501212053603332]
[-0.0007619753397861695, 0.006283759356704888]
[0.0018838213758519684, 0.00643453756308443]
[-0.024392433822566867, 0.015160267797449445]
[0.026945231680494397, 0.009513329923491742]
[-0.027039133316043438, -0.009979253900975739]
[0.024627002752566015, -0.015584851439167428]
[-0.001350870292292028, -0.005960195446301109]
[0.000477161931094372, -0.006119781963708659]
[-0.012032416835282223, 0.01675072293450397]
[0.015305931689191477, 0.013188736145780977]
[-0.03173707117777236, 0.00214076798478513]
[0.030951113667011088, -0.005592725374948593]
[-0.011562645050974485, -0.013776919646927711]
[0.008026548071165429, -0.015755743998471683]
[-0.00232707691614642, 0.009057356163584551]
[0.003724771968217633, 0.008859985354111893]
[-0.026417259790680103, 0.012416580960646018]
[0.028535032252998915, 0.006269233306952282]
[-0.0232769548916541, -0.011655651503669484]
[0.020609522326728857, -0.016244325748788313]
[1.677740354474877e-05, -0.002981520132793236]
[-0.0005350181292701067, -0.002949517580473515]
[-0.015192619011001163, 0.01716291954941218]
[0.018429196522990646, 0.013017019609321806]
[-0.030178408121958544, -0.0013294702219308063]
[0.02901962626402524, -0.008191723828145647]
[-0.008377216335440862, -0.01231911396846097]
[0.005513020973828331, -0.013602121774845988]
[-0.004008959444450566, 0.011652471653478325]
[0.006250241769558573, 0.010420104763308513]
[-0.02785357306221692, 0.009748304119699097]
[0.029252253988494736, 0.0030249089869709804]
[-0.019707846886098834, -0.012621629870057605]
[0.01635137354387506, -0.01658818028560277]
[7.808161726152729e-05, 9.227559107538585e-05]
[-0.00034255517895076526, 0.00034450266475033464]
[-0.017933653599668475, 0.016477689760783898]
[0.020870190287717777, 0.012212768116438233]
[-0.028101294915237073, -0.004923466311878802]
[0.026734847333718895, -0.010819304261814863]
[-0.005344700619471343, -0.010006394574690769]
[0.0033599599622866766, -0.010766867547926884]
[-0.005897039685575645, 0.013668813819363301]
[0.008753009924414523, 0.011424724887030557]
[-0.02879623116435015, 0.0069902889533191015]
[0.029427985542743396, 3.279602497385792e-05]
[-0.01626960658915866, -0.012883584666733117]
[0.012632970516645248, -0.016150736347384148]
[-0.00039083417796548225, 0.003131541558777179]
[0.0007376225626705146, 0.003301728358562475]
[-0.02038561847482734, 0.014919812393617504]
[0.02292852845720872, 0.010231485469255175]
[-0.025751021540466323, -0.007617882757846806]
[0.023912732248474566, -0.012947560011509263]
[-0.002719070912051258, -0.007403833712929797]
[0.0012381023895778887, -0.007670081688663566]
[-0.00861785372754275, 0.014763109484694663]
[0.011470902232522694, 0.012020060609326123]
[-0.028807262096447683, 0.004131185097544621]
[0.028981744218891964, -0.0025187012350429416]
[-0.012640121527163317, -0.012894154505594668]
[0.009474718845932484, -0.015132328230809344]
[-0.0013096586951121258, 0.0062229389504614985]
[0.0024298774276378943, 0.0057225505809514465]
[-0.022321928833407, 0.013197402653525151]
[0.024635680642123292, 0.007625580073291879]
[-0.023193651244563296, -0.00954379082680662]
[0.020531159782746666, -0.01426198716275015]
[-0.001217604350270629, -0.00468945663600967]
[-0.00017435449414870963, -0.0047791135917630845]
[-0.011597430992646734, 0.01516741377795039]
[0.014476271083181336, 0.012259209425543927]
[-0.027861411847264247, 0.0007954988636362237]
[0.027504769916477753, -0.0050995393890228835]
[-0.00930659465834071, -0.012243405865202783]
[0.0068135739298175665, -0.01380004543527652]
[-0.0023948687454943274, 0.009214000067422123]
[0.004343122918959885, 0.00804556595629885]
[-0.02388791008284674, 0.011027472712546671]
[0.0256740575298805, 0.004893992658781932]
[-0.02046768410130151, -0.010792855589144557]
[0.017311546716484827, -0.014869927134073813]
[-0.0004642949292614773, -0.0018553952785086703]
[-0.0004551061629153308, -0.001873799934542883]
[-0.014314832182602433, 0.014981435086627914]
[0.017175895767805427, 0.01159715045450177]
[-0.026491047485201813, -0.0024928861540112757]
[0.025474921698390607, -0.007903634045947572]
[-0.006499414789349595, -0.010605676805828412]
[0.004297106399103717, -0.011711335522806843]
[-0.003854331500415793, 0.011378823388732424]
[0.006232431256925332, 0.009853481293925923]
[-0.025270903581848733, 0.008313004381488687]
[0.026391460281139964, 0.002327612988623662]
[-0.017178406763003695, -0.011438118920433282]
[0.01417710165945113, -0.014761524833204975]
[-7.42046839710131e-05, 0.0008803887353068252]
[0.00016507660764253362, 0.0007894028433476086]
[-0.01682923763174704, 0.014507263603641615]
[0.019472265699096436, 0.010193252200347058]
[-0.02475108195439324, -0.005098338025923355]
[0.023092287958314084, -0.010355571503740002]
[-0.00431310936566931, -0.00853876999658948]
[0.00208431810366827, -0.009106489518551253]
[-0.006100621401117945, 0.012715854323502196]
[0.008505066313446052, 0.010830004644869273]
[-0.02586399224333527, 0.005367805185254232]
[0.026569105116749536, -0.00011039826480341297]
[-0.0136348004140232, -0.011868153428322717]
[0.01086460792282079, -0.014302751668262254]
[-0.00030841328209380015, 0.003814540563232549]
[0.001383253073966001, 0.0032546014653834776]
[-0.018825741983001354, 0.013573720968095448]
[0.02125940260443826, 0.008635294086751344]
[-0.022821072251579477, -0.007285903498889801]
[0.020453584310006434, -0.012152306888545794]
[-0.0026358740764884647, -0.006093215729761115]
[0.0008164497070036747, -0.0064153175020483025]
[-0.008587502118995838, 0.013458929215555193]
[0.011133218294329894, 0.01117347314453021]
[-0.02570481623442622, 0.0024053617290885065]
[0.025761319613256117, -0.0028808278457713166]
[-0.01048641749549567, -0.01168844881667469]
[0.007838469359422479, -0.013506875286203313]
[-0.0011358045669701833, 0.0066980757893163045]
[0.0026989380191236173, 0.005848023576323719]
[-0.020482230609631905, 0.011699213912889]
[0.02252159249354345, 0.00666089506604578]
[-0.020614010530851157, -0.009040143573170789]
[0.017953813878073266, -0.013120287436737432]
[-0.001082250174726851, -0.003390632751502254]
[0.00021091932997874263, -0.0036982007854837184]
[-0.011013841597512064, 0.013723407632835721]
[0.013802768782607, 0.010783571626809346]
[-0.025128226798386555, -0.00021390761191114605]
[0.024299209204394767, -0.005623484172371879]
[-0.007809931654031987, -0.010668434727053089]
[0.005224566828285981, -0.012096329361883373]
[-0.0025340123377009527, 0.00889595706414803]
[0.004232163105568343, 0.008016569411829544]
[-0.02202793877277029, 0.009215846061766564]
[0.023486530389175447, 0.004247915773301192]
[-0.01772558140704436, -0.010226647037207322]
[0.015222238925337068, -0.013427625657407178]
[-5.1765659742908365e-06, -0.0008354757027833615]
[7.876121715183482e-06, -0.00113094177574935]
[-0.013444635319532383, 0.013800818590256503]
[0.016275356087374238, 0.010034017657993777]
[-0.023915779840374518, -0.0026514175472275303]
[0.02244978857461788, -0.00785410929052105]
[-0.005661341962487243, -0.009164492527714986]
[0.003199414309402293, -0.010188018306549196]
[-0.0042864166313356655, 0.010627549667259706]
[0.006332051603965216, 0.009357481094387443]
[-0.02306109840369075, 0.006538660495838844]
[0.023938794334062097, 0.0016432514608893944]
[-0.01467627607656688, -0.010851558448177867]
[0.012053192662674073, -0.013500194104626329]
[0.00020309211669412852, 0.0017529832422794878]
[0.00043148156624600587, 0.0014039266973361886]
[-0.01565169373095765, 0.013259690365159088]
[0.018167302618062053, 0.009205217775584987]
[-0.02226851737873775, -0.005141367724353141]
[0.020405663074230695, -0.009780343700004412]
[-0.0037260890382317946, -0.007170055630583483]
[0.001954406441574519, -0.0078101587091577995]
[-0.006061173957976007, 0.01193577628374537]
[0.00858585909401266, 0.009996030372113773]
[-0.02357935652302312, 0.0039650212809598795]
[0.02379783372998201, -0.0011310040289950682]
[-0.011903975077174, -0.010772031838794771]
[0.009013691966954895, -0.013075331771036813]
[-0.00032264347822580364, 0.0042867431604031725]
[0.0013281489898649412, 0.00388985860213098]
[-0.017626383862099082, 0.01176005281233311]
[0.019630016037214704, 0.007763620102057667]
[-0.020349715167320308, -0.007275688075082942]
[0.01824893734241985, -0.011267264428016621]
[-0.0017618937305716176, -0.004838809567421359]
[0.0009590352861868767, -0.005196485638901072]
[-0.008104344735822777, 0.012615358229204232]
[0.010841662034763389, 0.010074077385152314]
[-0.02360719599287764, 0.0017233226567640036]
[0.023153003003999584, -0.0035894903361591846]
[-0.009211317920769013, -0.010235686620510609]
[0.006436044026153276, -0.012033404147724192]
[-0.0014556820743856225, 0.006516124898371306]
[0.002747541897417438, 0.005962616442491325]
[-0.01926648264464781, 0.009864579431321574]
[0.0208426279747832, 0.0056087547209050514]
[-0.018044287224948385, -0.008825211412147815]
[0.015715107976183862, -0.012203087711965988]
[-0.00041430829906746736, -0.0024443718036883944]
[0.00012975512402628453, -0.0026965412699468116]
[-0.010440335608542052, 0.012824596720681987]
[0.013149584620974361, 0.009894539249336406]
[-0.022919334199802494, -0.0006480180522781542]
[0.021898718905717568, -0.00559410968361751]
[-0.006736404798886042, -0.0093660321984545]
[0.004459067957145402, -0.010644965987244681]
[-0.0027455452714388873, 0.008583651014367422]
[0.004646751063511978, 0.0076147600963166195]
[-0.020449744589075447, 0.00779167423819052]
[0.021533256054216188, 0.0030964416509134812]
[-0.015649665726577666, -0.009657637615641701]
[0.012980841473504867, -0.01269644796614855]
[8.838423498885861e-05, -1.6032472729188285e-05]
[-7.010699825166222e-05, -0.00020359243293799345]
[-0.012781786413857466, 0.012432610772099173]
[0.015187649860167851, 0.009348530597231508]
[-0.021693814380918594, -0.0032188036926301677]
[0.02025150829949989, -0.007578660077344104]
[-0.004511954010906455, -0.007936499324506296]
[0.0029300394224422363, -0.008762528362905087]
[-0.004037722831177232, 0.010260471765986046]
[0.006490724717725743, 0.008791025351738369]
[-0.02136718797278314, 0.0055518191676902084]
[0.021840420873396327, 0.0005639274561714536]
[-0.01317166854447993, -0.009770182670138405]
[0.01036157582083752, -0.012477123708725696]
[5.574424794951849e-05, 0.0022526550091205577]
[0.0004477685348581728, 0.0021130180142588384]
[-0.015004428085588217, 0.011489264998065796]
[0.016983216202171914, 0.00812227681052713]
[-0.020082610813804413, -0.005392498738263807]
[0.018307064937172934, -0.009425364134386272]
[-0.0025667839484617982, -0.006093850836019932]
[0.0015114391853658649, -0.006505783616227556]
[-0.005818593080229794, 0.01127743429509339]
[0.008315392564368678, 0.009406434819400001]
[-0.021840345352404478, 0.0032984486498356114]
[0.02179898536953627, -0.0016350851474961903]
[-0.010443825016932473, -0.009652171802092213]
[0.007888037931540304, -0.01168684085758498]
[-0.00048364422384783445, 0.004412084906852964]
[0.0016241151099352091, 0.004065781423607029]
[-0.01676283773056475, 0.01034604442617576]
[0.018479768626897264, 0.00641152491898675]
[-0.018221102321476335, -0.007057306273243746]
[0.016023597675117296, -0.01083724424311222]
[-0.001251301931444071, -0.003946442334595401]
[0.0004423222672782501, -0.004175507954947144]
[-0.00799705587459848, 0.0116911887944941]
[0.010357703443250377, 0.009579808977968896]
[-0.02168473831500395, 0.0008880865408373018]
[0.021114492376703833, -0.003671462049518154]
[-0.007773071352390672, -0.009281382261464355]
[0.005698670210447402, -0.01068669147657364]
[-0.001339414043709658, 0.006554974929366686]
[0.0031235108155274194, 0.005904274680401056]
[-0.01805654972977383, 0.008844824894546133]
[0.019398660256462974, 0.004410591225352811]
[-0.01627674550834657, -0.00819333463187033]
[0.013778265652464539, -0.011634465553966744]
[-0.0004187399400912284, -0.0016252642642408457]
[-9.143169250491745e-06, -0.0017444833781028145]
[-0.010227577441576097, 0.011553044781604405]
[0.012455740075805521, 0.009119677857928221]
[-0.021025449023976406, -0.0014644001571051946]
[0.019932419286436742, -0.005772075728713688]
[-0.005410824199784947, -0.008329478195370166]
[0.003733645144054526, -0.009312745560211111]
[-0.002503159812736834, 0.008338232258511769]
[0.004591615270823489, 0.00745354384429138]
[-0.01919982955698807, 0.0068744600778769815]
[0.019972593745604117, 0.0022893893952102284]
[-0.014012445776001359, -0.008789286371483851]
[0.011578131839662081, -0.01167068560492962]
[0.00013680926331127718, 0.0005089776040338445]
[0.00011628961000875737, 0.0005115155287244155]
[-0.012421589518078702, 0.011148934973896962]
[0.01449291275323572, 0.008102106249537888]
[-0.019819008128657112, -0.0034076074233456433]
[0.018336334877676164, -0.00768494145131686]
[-0.0035407409963582603, -0.0069519362181575395]
[0.0020363264071008302, -0.007544638698857131]
[-0.00418559819343195, 0.009646071801045597]
[0.006216697029261142, 0.00844974742603588]
[-0.01996865585444249, 0.004624691142666615]
[0.02027199387756029, 0.00018857265633265285]
[-0.011446317574087296, -0.009111552515693885]
[0.009192960147933535, -0.011250459514601966]
[0.00019793231300295477, 0.002568420712104086]
[0.0007680721422850673, 0.002452999434598091]
[-0.014286824569343493, 0.010540666593633674]
[0.016197944117060603, 0.006934558670178836]
[-0.018263624716169713, -0.005114564855444065]
[0.01638365944418907, -0.00921798520347844]
[-0.0021745559375687673, -0.005181717979090221]
[0.0009728904858611331, -0.005496383765766888]
[-0.006078859074843845, 0.01046768342237872]
[0.008098203638648993, 0.008917115207305176]
[-0.0202420078681535, 0.002302428961090286]
[0.02006682896274936, -0.0020564992139231464]
[-0.008921167152344561, -0.009012641772690011]
[0.0068399294438465374, -0.010593736657147135]
[-0.0003186266391230208, 0.004615836921404104]
[0.0016919551888559883, 0.004323390734228411]
[-0.015826791010417104, 0.009403965765305597]
[0.017378750571237285, 0.005510601599057946]
[-0.016549552970502507, -0.006618205903203778]
[0.014445192865443018, -0.0102058342515155]
[-0.0009857786899318266, -0.003127502118904113]
[0.0003958941530722293, -0.0032231500585753747]
[-0.00796765889270834, 0.010753943852880976]
[0.010118392245561991, 0.008718367439141061]
[-0.020095644655938827, 0.0002542734709048283]
[0.019400983157418894, -0.004225891288710155]
[-0.006576428456470551, -0.008348460629169607]
[0.004649911817901531, -0.009587318920739135]
[-0.0014261720561343783, 0.006370422129144682]
[0.0028821683326267222, 0.005966870566332716]
[-0.017194043305437917, 0.007777067427790885]
[0.01821875675974982, 0.00373764933346149]
[-0.01448349093273675, -0.00776980841867507]
[0.012447958157041287, -0.01064495789619943]
[-5.085003267087107e-05, -0.0011265373639713083]
[7.294317951642842e-05, -0.0010238516591404567]
[-0.009935607467895846, 0.01076116649327541]
[0.01214376919727389, 0.008064350959425759]
[-0.019343617768355914, -0.0015462251993606513]
[0.018266831027506203, -0.00596867390616318]
[-0.004621964617279262, -0.007364380389282235]
[0.002822749439250205, -0.008237441385637062]
[-0.0029257449997692753, 0.007897010730433723]
[0.004528211606960597, 0.00717501676165172]
[-0.018147656697100667, 0.005831852934581383]
[0.01873067531862288, 0.0017228065978606155]
[-0.012246287975851283, -0.008461215186314874]
[0.010193490634801461, -0.01078160870470013]
[0.00033967807102924796, 0.0008760009651329892]
[0.00014861522565152996, 0.0009901406105096433]
[-0.011879874519968747, 0.010418338371495826]
[0.013873550312652234, 0.007306010081977558]
[-0.01811722332043797, -0.003370419032645955]
[0.01672870937653001, -0.00743491828766063]
[-0.003021027601873505, -0.006073677842542591]
[0.001640144942216204, -0.006505744171767303]
[-0.004439180191504799, 0.009143676513245852]
[0.006332750807039544, 0.007932971516849296]
[-0.018664445839092325, 0.0037731999750812272]
[0.018883373913093693, -0.0005229767284072109]
[-0.01006658781819858, -0.008522453328719093]
[0.007899970804677858, -0.010480523227065164]
[0.00013677058014821553, 0.0028536538222196928]
[0.0006191959393068713, 0.002843187813126258]
[-0.013722602087271801, 0.009514426514324326]
[0.015307364688597613, 0.006247274093176769]
[-0.016619453571899895, -0.0050947847168071325]
[0.014984812373205779, -0.008642145940070137]
[-0.0015535568851300918, -0.004472216172997923]
[0.0008194182374620662, -0.004514640422112942]
[-0.006028953164499334, 0.009881845146326895]
[0.00810957893458844, 0.008175453627733031]
[-0.01883112695515954, 0.0019003554116065469]
[0.01867094552170978, -0.0026115173161976313]
[-0.00784044415356322, -0.008140012280050402]
[0.005744527374848096, -0.009656596004359225]
[-0.0006804297406345361, 0.004614198360374119]
[0.0015962192710041734, 0.0044208860647867235]
[-0.015270706417800484, 0.008307341284586156]
[0.01653030445224124, 0.004756688761805433]
[-0.014814334404132323, -0.00654434390547326]
[0.013021598329590378, -0.009527727910084272]
[-0.0004980673423608667, -0.0026536279085435377]
[0.00015277688974135728, -0.002536513824207859]
[-0.007814043344637636, 0.010194959745510622]
[0.0099252280349421, 0.008030382046309823]
[-0.0185252101553698, 3.8881471479401686e-05]
[0.017942505448145615, -0.004268078803284864]
[-0.005726895692023282, -0.007549267992858821]
[0.0038949505689843122, -0.00857055648611188]
[-0.0018104029449854675, 0.006245727028994175]
[0.003125404201401505, 0.005766378804423322]
[-0.016321543800388416, 0.006876745200469159]
[0.017300524839721665, 0.0029529531943692094]
[-0.012907268715476206, -0.007510107867443772]
[0.010949915694316803, -0.010121181461747009]
[-4.575311837951013e-06, -0.0006523154396637088]
[-0.00014269208171002745, -0.0005313215625383783]
[-0.009714312018596044, 0.010045933843466026]
[0.011640812149100066, 0.007542380871328025]
[-0.017772939867468168, -0.00193022115998423]
[0.016804389455060742, -0.005756871623820936]
[-0.003862437353222059, -0.006658568870475293]
[0.002424226718162722, -0.007214523868318737]
[-0.0029829138514511355, 0.007685517797390268]
[0.0047638607873046745, 0.006820366473535011]
[-0.017027513966079322, 0.005170954199670008]
[0.01765510605429943, 0.0009895625568280275]
[-0.01098296962460743, -0.007839417634725399]
[0.008913053017148509, -0.010142565683872645]
[0.00010849259873990658, 0.0012880620137038015]
[5.6504636719467705e-05, 0.0013845085414468591]
[-0.011651011199086292, 0.009442675649466797]
[0.013283900408230798, 0.0066214471316150825]
[-0.01659133741344082, -0.0036789000050384546]
[0.01534945373193769, -0.007158959897403061]
[-0.0022767018016122964, -0.005458126161876131]
[0.0012017810067368462, -0.005618705399196594]
[-0.004428206839932822, 0.008761008602774241]
[0.0063292607867475245, 0.007456967770080265]
[-0.01742835559966493, 0.003332546051479035]
[0.017707553860783112, -0.0008640787411245132]
[-0.00892034323117949, -0.007844004025176599]
[0.006889281831666955, -0.009570414789601467]
[-0.00018898811821038697, 0.003060187403868153]
[0.0008099937773998755, 0.0029889141285822096]
[-0.013281754395298995, 0.008638649291575803]
[0.014791040208345763, 0.005411993634536455]
[-0.015063258796018109, -0.005128869793356333]
[0.013529471702768192, -0.008353429619398847]
[-0.0011922576387050077, -0.0038950957811237363]
[0.0003367168328745618, -0.003916080254405041]
[-0.006134038833298688, 0.009411674516063673]
[0.007960240957137987, 0.007743772967647611]
[-0.017467781361009294, 0.0013494742725556064]
[0.017323815961179614, -0.002597547626634361]
[-0.006833427075837086, -0.007632450266185229]
[0.00500617714044322, -0.008744044387400052]
[-0.0008377442177469052, 0.004743123023626117]
[0.001968310599336026, 0.004417569082577705]
[-0.01445210686801085, 0.007595838661343501]
[0.015817229998458415, 0.003989353405291496]
[-0.013427308200813448, -0.006272479864895153]
[0.01162884714741469, -0.009185136799530008]
[-0.0005374561820991053, -0.002003923012157592]
[-6.022731843835505e-05, -0.002012740166265764]
[-0.007876641509300342, 0.009542811759336717]
[0.009658572640907304, 0.00754380279516173]
[-0.017174366288400744, -0.0006205776164049381]
[0.0165777762760963, -0.00430348357912419]
[-0.004866780599398518, -0.007000433675168283]
[0.0032908383643250882, -0.007724851281273704]
[-0.001796073434544982, 0.006218653382150108]
[0.003256749157368538, 0.005647568314339685]
[-0.015394429292011506, 0.006198685691106598]
[0.01637821668226914, 0.002400023547584687]
[-0.01165932133461503, -0.007025924835737163]
[0.009790498584787588, -0.009459540167242264]
[-0.00010559093741491221, -0.0001430782318881385]
[-5.2308118502153444e-05, -7.71890622495719e-05]
[-0.00962162146659451, 0.009295264691640631]
[0.011401232406288653, 0.006831122603152356]
[-0.01639383103320513, -0.0022861664789908046]
[0.015480509232773665, -0.005827765822235244]
[-0.0032134891421783385, -0.006019885003550746]
[0.0017746547142657443, -0.006496021175093486]
[-0.0031689292649428324, 0.007462876985696587]
[0.0047055248021351526, 0.00654764891476628]
[-0.016056245194968177, 0.0044828670317213215]
[0.016613494916357094, 0.0007494151011516459]
[-0.009757949881510835, -0.007488655913104585]
[0.007890797917223172, -0.00930333325345378]
[3.0478912864589924e-05, 0.0016161101359483399]
[0.0003607614476831694, 0.0016326840797024622]
[-0.01120569162954363, 0.008811373076596685]
[0.012973474316695405, 0.005916481513912719]
[-0.015189206751265782, -0.003722812465251968]
[0.013964448071573321, -0.0070891360361908795]
[-0.0020109158569621144, -0.004723575077557093]
[0.000766552179562785, -0.005031392924510797]
[-0.004726065248255251, 0.008424337258508052]
[0.00631983307479389, 0.007141274303814574]
[-0.016353096308845405, 0.0025467521139642124]
[0.016508547662006656, -0.0010704085081280068]
[-0.007867143743077343, -0.007548342567762545]
[0.006023448331742259, -0.008876887100692898]
[-0.0002196500967099127, 0.0033355132637751805]
[0.0010449006349170717, 0.003162048805544937]
[-0.012583001860666458, 0.007968021977761787]
[0.014143182778934145, 0.004835224207152128]
[-0.0138017536673338, -0.005017142989763662]
[0.012277056182718751, -0.00801299972172137]
[-0.0010737603219511116, -0.003143579786813233]
[0.00025933760209068124, -0.0032816805491228673]
[-0.006239132277196691, 0.008912190893925587]
[0.007988223178368614, 0.007269671452098947]
[-0.016346771268712312, 0.0007018146664189689]
[0.016115942723841203, -0.002931825515813488]
[-0.005992423712446071, -0.00707924615235675]
[0.004237103764348493, -0.0081335965410404]
[-0.0009622835375201477, 0.004852985882067118]
[0.0019795924845175117, 0.004471875556032179]
[-0.013822092629593316, 0.006794285920643378]
[0.014974692162769115, 0.003528522084669944]
[-0.01219696433374317, -0.006118928748080926]
[0.010535943824340935, -0.008562313054901668]
[-0.0003636106884360099, -0.0014905845235558823]
[3.7781245064670566e-05, -0.0014596663562898154]
[-0.007748688425395417, 0.00901753682965184]
[0.009644776136270017, 0.006927978483725505]
[-0.015920299413533512, -0.0009222966963845503]
[0.015359596146224508, -0.004497414819343126]
[-0.004286755562536215, -0.006282898895753494]
[0.0026314857298624927, -0.0071106902144656425]
[-0.0021338468733099747, 0.006188284910028055]
[0.0033324960383663838, 0.005521518473781448]
[-0.014720248225086663, 0.00534863732908461]
[0.015479197688413715, 0.0020277874617757596]
[-0.010471293510992852, -0.006917416887848693]
[0.00871266650157071, -0.00888520780824098]
[-5.9314233906843095e-06, 0.00024288896653840153]
[0.00010586867511194753, 0.0002762767810967903]
[-0.009265683001447363, 0.008774675303316621]
[0.011104967330622233, 0.006337740963121407]
