[312.8737343361634, 180.78140245411518]
[33.54045157653933, -10.585891596883487]
[15.623054361855234, 4.1753515205870775]
[0.008363046651133521, 0.05815615312588529]
[-0.02311046995255217, 0.051153219263621486]
[2.459433000096147, -3.358844580134026]
[-0.20737510330320563, -1.203892266377113]
[0.02972518568622462, -0.0125386846010348]
[-0.04202531976337176, 0.026008386473908685]
[0.03329861437275494, -0.8583637977513747]
[0.38058241920862756, -1.2048591383584633]
[0.00035489338231253775, -0.025300927843288523]
[-0.0200983793050038, -0.004358071385784479]
[0.12655056228775186, 0.032952698129603775]
[0.6050947056907541, -0.4441960185836433]
[-0.014680503879543005, -0.0036650390304597824]
[0.004180010479544194, 0.002207886550483096]
[0.37081536491049816, 0.006216953658723989]
[0.29844534993885086, -0.006308369375560008]
[-0.0009965725540592718, 0.012674418855241898]
[0.000925596089151659, 0.01951953865189071]
[0.27142201876625127, -0.18850154833798505]
[0.01741194965495474, -0.01829838291300534]
[0.014087126167920516, 0.004561286345068805]
[-0.015272124857300229, 0.017061870309028004]
[0.060726119430293046, -0.1708225925076592]
[-0.0009481433203357703, -0.14016217814823445]
[0.009438146482781296, -0.009270517628763963]
[-0.016424833945401618, 0.0008665896070308432]
[0.002890043272093079, -0.03132750359374681]
[0.08875871457980855, -0.12869323820717737]
[-0.0032407649618588774, -0.007624852255872838]
[-0.0028832186039280394, -0.004185686242883457]
[0.07148159116786923, 0.022272101635910424]
[0.0964360660591701, -0.03404235499070979]
[-0.003989560069584952, 0.0032663913188208937]
[0.003497008471562424, 0.005769597214920152]
[0.1030211842947637, -0.029550131135907654]
[0.028047967097388327, 0.0034808162615079796]
[0.00505860531705804, 0.005269096804172868]
[-0.0044176327896636725, 0.012040061855620371]
[0.05210967361052776, -0.06640263055075679]
[-0.008778424567321697, -0.031347289145875284]
[0.0078070644858398985, -0.002553079018247084]
[-0.011219226102024749, 0.005184901991821866]
[0.004349860580039611, -0.033770420912754284]
[0.01542610636551034, -0.055580279132110666]
[0.001031051552192297, -0.00620369816576094]
[-0.006035222422444697, -0.002541020727999374]
[0.016193453452222784, 0.007637317098038832]
[0.039730313826638275, -0.03165390390255475]
[-0.0033472447476463607, -0.0007940905321857095]
[0.0017614442037356959, 0.0005386962230888581]
[0.04606545608660095, 0.0016492021656879796]
[0.024452664459645446, -0.00223294110989513]
[0.0007277842399475709, 0.0037408622825478854]
[0.00013317477053309545, 0.007689488944433534]
[0.04023005674993119, -0.02616514230220801]
[-0.001460590827657482, -0.005982994207561321]
[0.005195256544414439, 0.0005746734502714013]
[-0.006614731297498011, 0.006895606044078094]
[0.011467440696926179, -0.026696174300302467]
[-0.0013771602619145895, -0.0245100991316866]
[0.0027860680345126454, -0.003978266585173529]
[-0.006833626509517465, 0.0002707116534750309]
[0.003295866531666025, -0.0032196762230820575]
[0.014960493613682457, -0.02401489816502808]
[-0.001785980389710451, -0.0024801456720029424]
[-0.0007149914243909095, -0.0011743493919908754]
[0.019541635767480248, 0.006374373558122093]
[0.017463021046417948, -0.0073656331081835]
[-0.0011335013623305912, 0.0017970926882027172]
[0.0015648791192377498, 0.0040278748673188425]
[0.02795036561549047, -0.007195869898984242]
[0.00394376632394855, -0.0005620546571986629]
[0.0027546635958728416, 0.0016880976685458293]
[-0.0028732376248397085, 0.006690060168436873]
[0.015297161791748115, -0.017380866913009774]
[-0.0035813688480805794, -0.009431229524731133]
[0.0030722999808228124, -0.00194622015352941]
[-0.005953873097720663, 0.002768757642972741]
[0.002636283828988839, -0.008462077810531765]
[0.0033709414047540243, -0.015781217440174133]
[-0.00029274603904438923, -0.0027664613579045927]
[-0.0027198061766076087, -0.0008527908159076114]
[0.007051684287140869, 0.003534402249623758]
[0.010324876107576486, -0.009333430023134082]
[-0.00154510999772417, 0.0001599742547060412]
[0.0011745891251881968, 0.0014574133014420565]
[0.01707883591624626, 0.0009748363666257642]
[0.00602436708884202, -0.0010747515572318567]
[0.0009241744297273646, 0.0016317148266502546]
[-0.0003567067241108113, 0.005279144518714085]
[0.01523559749186898, -0.008817924362296337]
[-0.0016669671199280867, -0.0025968908156844828]
[0.002537431449365357, -0.0005030721248795444]
[-0.004108283655695821, 0.004279487285736905]
[0.005191968988865536, -0.009140236776512767]
[-0.0012702689068677664, -0.008793846547275885]
[0.0007247992973291595, -0.0023033863338031146]
[-0.003694402696420962, 0.0004953857417643315]
[0.0024102722746884853, -0.0005685240795476609]
[0.004544738980735374, -0.008664569820446055]
[-0.001205802471140105, -0.0008970495346305452]
[-5.59068795591422e-05, 0.00019111823830242347]
[0.008876154819745685, 0.0029744048682773805]
[0.005574918229190429, -0.002782949947263469]
[-0.000183517930854471, 0.001023171543133472]
[0.0008151083396661374, 0.0034310177380938445]
[0.012421661814635332, -0.0025799501362278043]
[0.0006702500427067104, -0.0003267696762437877]
[0.0016863145436991633, 0.0002785821934845334]
[-0.002046848343787655, 0.004624310292593137]
[0.0073687503991382575, -0.0069750259104710555]
[-0.0021443636666735877, -0.0038215853912012543]
[0.0011969501614222389, -0.001578086148820379]
[-0.00356065967060637, 0.0020204648002031256]
[0.0019988492925637202, -0.0033932191871965944]
[0.0007277432695380615, -0.006471672064108591]
[-0.0006100971324578541, -0.0013813589919406954]
[-0.0013166844832346314, 0.00010597732226658163]
[0.003846262219084351, 0.0018322929227658769]
[0.00376641502734687, -0.0038978184138455108]
[-0.0006685043842828975, 0.00029204281582728697]
[0.0008537795265499692, 0.001819293887049156]
[0.00845045284169571, 0.0008137725503098991]
[0.0020903250490347247, -0.0003468957701272535]
[0.0008612383118938305, 0.0005216525407483186]
[-0.0003862203035971401, 0.004022700426878689]
[0.00789670203668974, -0.0037533785922596596]
[-0.0012740132462305542, -0.0009544622267919634]
[0.0012418813411982088, -0.000899315142171897]
[-0.0026106133654610897, 0.00310922440954009]
[0.003267130839184479, -0.004220681577188579]
[-0.0011428391345986721, -0.003836169325822869]
[-5.150889292832028e-05, -0.001445964415644596]
[-0.0020669098744767744, 0.0007953373948137443]
[0.0017038891350009688, -0.0002490487493074234]
[0.0016512343888093195, -0.003939306410274512]
[-0.000727308879593852, -0.0003237916812550701]
[0.00021697027750322562, 0.0008621371821837531]
[0.004759738258078641, 0.0017081721046823262]
[0.002344883071884185, -0.0011550933991198997]
[0.0002321071137388192, 0.0004222328473173498]
[0.000537841281734952, 0.0029331056751706885]
[0.00680974791393562, -0.0009044994880342827]
[1.8106350716973196e-05, 0.00016903253401578944]
[0.001035925980345631, -0.0004051239215216995]
[-0.0013286649526111916, 0.003477993116645317]
[0.004514499498440143, -0.003392665223100444]
[-0.0014887211072152073, -0.00156267978776925]
[0.00034816723896695725, -0.0012719371434981586]
[-0.002107722550193092, 0.001733648234871099]
[0.0015808101541297803, -0.0018558781464439456]
[-3.669881992474089e-05, -0.0030826148998270853]
[-0.0005523132695152005, -0.0007416421449115695]
[-0.0005689107687323336, 0.0006511167478060464]
[0.00225802077070765, 0.0009993435788346883]
[0.0017247125679504816, -0.00184199329170176]
[-0.0001631625190808006, 0.00015619337813643774]
[0.0007138103848394195, 0.0018502194341283307]
[0.00482011971081181, 0.0007686259687604835]
[0.0009704971793809136, 0.0001486444614440252]
[0.0007268043613388175, -0.00011529918536412609]
[-0.00018735909111788907, 0.0031725527342865156]
[0.004885897798750843, -0.0017567805001970083]
[-0.0009234758912007868, -8.635667267364866e-05]
[0.0005745311185032798, -0.0009975013874472527]
[-0.0015536182886309868, 0.0024652177608355252]
[0.0023848205829119506, -0.0023798689239338255]
[-0.0009437193490460238, -0.0017838894215491674]
[-0.0002790178386402331, -0.000966833072169937]
[-0.001089190140035723, 0.0009975573154403783]
[0.001193648135590586, -0.00026523274409284703]
[0.000724537396636804, -0.0019950304065536884]
[-0.0003524905662339317, -0.00016086120017577699]
[0.0003824111060766189, 0.001129053623433185]
[0.002801578380396741, 0.0011385678537516597]
[0.001289302281850646, -0.00037613851769013884]
[0.00040467882207007033, 1.2108257403387057e-06]
[0.0005120954161711433, 0.0024662870494209788]
[0.004271563640015685, -0.00019249373414642612]
[-5.982245582392132e-05, 0.0005156195132622887]
[0.0006530809527329207, -0.0007033702096479466]
[-0.0007104808097004867, 0.0027381533825439064]
[0.0031705866036775276, -0.0018927534352832787]
[-0.001061769328324913, -0.0005273695379353072]
[1.4590091715116493e-05, -0.0010306057545459435]
[-0.0011520618652048897, 0.0015660648197957094]
[0.0012591424495732584, -0.0012494786562222693]
[-0.0001847414303884909, -0.0015872242799317426]
[-0.00037558698542189406, -0.00046464177356075886]
[-0.00010890779728556232, 0.0008944501592209608]
[0.0014041286302801104, 0.0005901396050034258]
[0.001030769915057017, -0.0008844246111474607]
[0.00011805684681082118, -2.072705780475914e-05]
[0.0007046947062643305, 0.0017034193809704057]
[0.0030588283180189024, 0.0007223437289505252]
[0.0006361668262161446, 0.00043749510948232206]
[0.0006095261087787351, -0.0004356378283414397]
[8.48778830763175e-05, 0.0025401686161816706]
[0.0033910041557452253, -0.0008760010316428701]
[-0.0006266407839443655, 0.00033756891544634016]
[0.0002796869015552206, -0.0009601075735641285]
[-0.0007983602050216643, 0.002031804814834892]
[0.0018555563570077371, -0.001541726100261931]
[-0.0006962612764338516, -0.000836454971166134]
[-0.00026427901331893544, -0.0007120433737972665]
[-0.0004582962270490709, 0.0010540697616092665]
[0.0008639081079179212, -0.00027050408119522196]
[0.0004561427287744779, -0.001069853828174816]
[-9.684652813379824e-05, -0.00015339300772332365]
[0.0005255748574166663, 0.0011534725594386508]
[0.0018070592023960996, 0.0008438360042628545]
[0.0009240518473289105, 1.5017633747893555e-05]
[0.000466384060008318, -0.0002336160891895922]
[0.0005983864587283394, 0.002039983860294692]
[0.002958675131386812, 0.00010227044526067708]
[1.8127018379832105e-05, 0.0006732875027526397]
[0.00047154448648845104, -0.0007824742275077678]
[-0.0002246401636762374, 0.0021979326565007007]
[0.0023948120369303716, -0.0011705163283551867]
[-0.0007222551295853474, -5.25007307499159e-05]
[-5.3115515071922026e-05, -0.0008610340797204907]
[-0.0005096740873393735, 0.001389225071960043]
[0.001021212950484629, -0.0009105687087211933]
[-0.00011931510920881738, -0.000863243114086254]
[-0.00020229097512469707, -0.00036136037498435414]
[0.00020748783259061376, 0.0009289281758431134]
[0.0009592629959773724, 0.00039616662253316726]
[0.0007939904938119025, -0.0004121975828652591]
[0.0002600981661661228, -0.00013737061853713595]
[0.0007611133972553474, 0.0014756162373505965]
[0.0021296343376842053, 0.0006482662334480471]
[0.0005556620838539361, 0.000549757662094752]
[0.0005482192992530832, -0.0005430387978062612]
[0.00033325687459168085, 0.0020366748197853113]
[0.0025219560409145414, -0.00045620243596922183]
[-0.00037125961093323334, 0.000498891711712135]
[0.00020275236483391357, -0.0008758969485258561]
[-0.0002734279744888435, 0.0016717402670525239]
[0.0014897333779135824, -0.0010611348026533518]
[-0.00045275543854603195, -0.0003864511764195555]
[-0.0001705471984239093, -0.0005859383797345297]
[-3.38685831640928e-05, 0.0009834986400810708]
[0.000681821538628169, -0.00022167084238144952]
[0.00040648210040256094, -0.0006107154667667203]
[5.263491496010353e-05, -0.00017108871315396623]
[0.0006526037958254904, 0.0010443427556661167]
[0.0012888090074790748, 0.0006621459997264711]
[0.0007945048284160872, 0.00017621438450055038]
[0.0004909424975587662, -0.0003121281351419203]
[0.0007022759508442111, 0.001655391873991996]
[0.0021898375844016105, 0.0002106579411532694]
[0.00013232419841727877, 0.0006857931012714813]
[0.0004262269415616915, -0.0007503264293753364]
[0.00012220074552492244, 0.0017552104743681074]
[0.0018753803454374385, -0.0007536394115472689]
[-0.0004482468644514924, 0.0001414184775714311]
[-8.42963863412205e-06, -0.0007500609285349125]
[-7.888885826741812e-05, 0.001172603634792324]
[0.0008620482456496159, -0.0006510872922608213]
[-8.12330602725027e-06, -0.0005086536313513301]
[-8.00273816842223e-05, -0.0003188703294024764]
[0.0004306536803800054, 0.0008369029064101419]
[0.0007419809890920614, 0.0003039253989391977]
[0.0007081054784301537, -0.00020115705723866562]
[0.0003262700851203171, -0.00016727290160112318]
[0.0008233555873075338, 0.00121892840157245]
[0.001589652093788585, 0.0005604659750596541]
[0.0005533674490709808, 0.0005356353520196144]
[0.0005416531404428548, -0.0005262133647525591]
[0.0005130878820330254, 0.0016108535268954949]
[0.0019440787703661755, -0.00022297883091554338]
[-0.00016540869142359083, 0.0005115094572902823]
[0.00022843262258975816, -0.0007866097339152001]
[7.505387717231249e-05, 0.0013367172730869292]
[0.0012261494591419009, -0.0007179842020893501]
[-0.0002544371019789077, -0.00018605470938937163]
[-8.024202417455939e-05, -0.0005162193110064273]
[0.00024877621794228144, 0.0008308535872677547]
[0.0005966933759616877, -0.00014344939328481132]
[0.00040997936318797057, -0.0003974877747418004]
[0.00012780335950490773, -0.00015826855753042768]
[0.0007443789270819984, 0.0008699915168944861]
[0.0009990627981379951, 0.0005341687561085662]
[0.0007375778579428449, 0.00019758494022681372]
[0.000510717700800245, -0.0002881222773217784]
[0.0007735692109690218, 0.0013077749167894615]
[0.00167976560838079, 0.00025147564983757364]
[0.00023140824302123053, 0.0006092821243308677]
[0.00044843437431496547, -0.0006737994589181562]
[0.00034425508493340917, 0.0013684926856398771]
[0.0014988310586664388, -0.00046139365326575144]
[-0.00024524725570804207, 0.00018853467074553265]
[5.7873439352595923e-05, -0.0006701764904304963]
[0.00019745277375946002, 0.0009302654338844141]
[0.0007609617589613427, -0.00043110422242675916]
[8.101596708481873e-05, -0.0003491265634556484]
[-1.0946684122159489e-05, -0.00027732369127486667]
[0.0005730310055460652, 0.0006797106570335387]
[0.0006316384621631865, 0.000257321379502351]
[0.0006581675041636148, -0.00013641580047396573]
[0.0003571359397283036, -0.0001299932102507284]
[0.0008556268834500058, 0.0009601994816336168]
[0.001232964593692376, 0.0004842346273129794]
[0.0005571740503139966, 0.0004479231437968245]
[0.0005622516393056776, -0.0004535143268302455]
[0.0006148919982769119, 0.001241251267488197]
[0.0015250913551976275, -6.112816143302724e-05]
[-2.025226713395223e-05, 0.0004455527869915432]
[0.00027732589280971, -0.0007012986325957427]
[0.0002861241186872532, 0.0010233954293378256]
[0.0010322037305207088, -0.00044781389462067445]
[-0.00011817725390844691, -0.00011700127276426109]
[-2.0903207739508822e-05, -0.0004559753581342696]
[0.0004192568788512485, 0.0006397287282909891]
[0.0005530071105356305, -6.255807172478312e-05]
[0.0004049528051749962, -0.00031651982407304713]
[0.00016114945994744057, -0.00011012623277403821]
[0.0007870920618888444, 0.000671654697464219]
[0.0008080355601770006, 0.00044541849108764575]
[0.0006866900171721146, 0.0001444374473478227]
[0.000526695019758272, -0.00021719604729777964]
[0.0007954668988517377, 0.0009982713395926268]
[0.0013087224902593175, 0.0002799034804935596]
[0.0002903962042463959, 0.0004889627981539135]
[0.00048057322552558235, -0.0005847161709464088]
[0.0004616073161710921, 0.001030491586069049]
[0.0012152163416388473, -0.00023631564205418842]
[-0.00011341380336818419, 0.00016144649739319172]
[0.00010580307478263995, -0.0005950903638666516]
[0.00035291749046539866, 0.0006871370389432974]
[0.0006853742266890173, -0.00025110934661706774]
[0.0001268480619193435, -0.0002906782017670917]
[2.2638805326768985e-05, -0.00022023156409910205]
[0.0006412912779160396, 0.0004988261101964153]
[0.0005540806066121617, 0.000236240676805978]
[0.0005989899934441267, -0.00014499594216466072]
[0.0003684336401797994, -6.333138559526386e-05]
[0.000846100050319265, 0.0007183321856434333]
[0.0009695074810278648, 0.0004349511909556847]
[0.0005361750434778878, 0.00032876528199299315]
[0.0005761012665618792, -0.00036567112090871157]
[0.0006451886014975095, 0.000925998546217055]
[0.0012085853078110942, 6.461654205165354e-05]
[6.337445281279219e-05, 0.0003459191742358203]
[0.0003090860026829789, -0.0006139486758087592]
[0.00038854657697007244, 0.0007429529046109051]
[0.0008773253802916159, -0.00023917915493048766]
[-4.280751595103771e-05, -0.00011100927013779627]
[1.1158219123452717e-05, -0.00038792984379209215]
[0.0004982449009477141, 0.00044311783204503685]
[0.0005084015850065904, 9.949852101490478e-06]
[0.0003708539591369686, -0.00029818074883547485]
[0.00017208717608646618, -4.84643772305348e-05]
[0.000780406387071525, 0.000477717525542265]
[0.0006578611265071199, 0.0003931416257831025]
[0.0006159380063227304, 6.251051000846775e-05]
[0.0005245479206635872, -0.00013857412892934878]
[0.0007687305975395409, 0.0007344386201942887]
[0.0010270781756331337, 0.00030814313752941004]
[0.0003039306662455943, 0.0003578801332185244]
[0.0004901281429054438, -0.0004918829003216565]
[0.0004947072031090682, 0.0007455740832532365]
[0.0009910220312717988, -6.866528927362489e-05]
[-4.3744809474083324e-05, 0.00010631719680984086]
[0.00013021613380567731, -0.0005133621278391662]
[0.00041441481610438036, 0.0004645753433013544]
[0.0006060652387245846, -0.00011206154024778758]
[0.00012807287402091805, -0.0002755023755474928]
[3.738054641019839e-05, -0.0001587957699211058]
[0.0006476874451811776, 0.00032372745217018606]
[0.0004766360117006707, 0.0002355148582271517]
[0.0005165611159844152, -0.00018007599980349176]
[0.00035862676696596374, 5.152774365801971e-07]
[0.0007969585352056163, 0.0005095944563928978]
[0.0007648490016734233, 0.000409266065972462]
[0.00048392959936829905, 0.00020858174284894837]
[0.0005618166544791581, -0.0002790437023765767]
[0.0006169255277327368, 0.0006687437442346872]
[0.0009618046500791955, 0.00015469542701901373]
[9.450059512290665e-05, 0.00024442279237359144]
[0.0003160037272169902, -0.0005208356673655212]
[0.00040903412163796615, 0.0005062374731400615]
[0.0007350329030395841, -8.850539365211699e-05]
[-1.8796148248650946e-05, -0.00012498771903320105]
[2.8039602109161677e-05, -0.00031855807065056876]
[0.000507813429477838, 0.00026531877896854295]
[0.00044493344524303147, 7.413189587348462e-05]
[0.00030664203198531303, -0.00030000683816881757]
[0.0001653076459708358, 2.553702451273121e-06]
[0.0007326095980565439, 0.00030937476900960714]
[0.0005311044537227722, 0.0003682895014649225]
[0.0005227326627373768, -1.7852378571041327e-05]
[0.0004931648992524962, -6.984423300326545e-05]
[0.000702189437133266, 0.0005228321501005162]
[0.0008088483198007562, 0.000326410897589665]
[0.0002793580199976428, 0.00024072108031730072]
[0.00047167124627194024, -0.0003975099257219339]
[0.00046631766351038634, 0.0005175830069459007]
[0.0007995608275880792, 4.3194864982370323e-05]
[-2.2991532325253305e-05, 5.334306937307062e-05]
[0.00014014048060599638, -0.0004308704033194784]
[0.00040920244545991635, 0.000278535722014632]
[0.0005105211107489169, -7.79445053456472e-06]
[9.347498584350022e-05, -0.00026963777145509044]
[3.978695395534873e-05, -0.00011106327726472139]
[0.0006081338656949778, 0.0001756553452483267]
[0.0003954661672999141, 0.000248373957183262]
[0.00041507894651973166, -0.0002130485736831951]
[0.0003236465294251614, 4.65080601112684e-05]
[0.0007169483023443669, 0.0003441754352738924]
[0.0006040707970624238, 0.00039091460204069596]
[0.0004077844476118638, 0.00010913444021636628]
[0.0005184135831599098, -0.00019825853038783411]
[0.0005480457969225389, 0.00047028265897717907]
[0.0007596655172927048, 0.00020474198285540084]
[8.619747300698741e-05, 0.00016232886409793534]
[0.0003067974473657739, -0.000428709770426465]
[0.00037541455754971226, 0.00032071713731368114]
[0.0005925124827618061, 1.343724345239869e-05]
[-3.216980056799934e-05, -0.00013473024980619613]
[3.6394806067235885e-05, -0.00026260629486999157]
[0.0004702269635223841, 0.00012338650241404056]
[0.00036644447646917017, 0.0001296782215260417]
[0.00022329950167139512, -0.00029801700152256444]
[0.0001401961969413404, 3.140706398119253e-05]
[0.000655460202749078, 0.00017880836549108783]
[0.0004248560007330676, 0.00035370597198974146]
[0.00041669951029628394, -7.680882454549204e-05]
[0.0004355504553585354, -1.474657029477272e-05]
[0.0006102913508872765, 0.000364120484126991]
[0.0006340867995297816, 0.0003237263242880581]
[0.0002286720726472069, 0.00015351721647056255]
[0.00043581791763232236, -0.0003083856592789175]
[0.00040160755498820644, 0.00034747582953129075]
[0.0006259449031171677, 0.00010747151974417612]
[-3.589223715738665e-05, 1.8168157880499303e-05]
[0.00014283116077483393, -0.00036109360550880265]
[0.0003628879376274541, 0.00013945499161144986]
[0.00040441006305591554, 6.820574911481359e-05]
[3.871400714505757e-05, -0.00025575313252568926]
[3.0261508318030206e-05, -8.603054351334627e-05]
[0.0005386245977317405, 6.59215524664615e-05]
[0.0003174559706061314, 0.00026175331307468075]
[0.00030759754488285385, -0.0002269529440808403]
[0.0002684674999258313, 7.358861354699042e-05]
[0.0006193356617853474, 0.00022372438170499206]
[0.00047523774621471837, 0.0003645877209229875]
[0.000319390125831126, 4.338624442195432e-05]
[0.00045901646793974904, -0.0001282051359363795]
[0.0004598125353256488, 0.0003278567435416428]
[0.00058642305109044, 0.00021892885534663398]
[5.282709693638088e-05, 0.00010899328807622427]
[0.00029061614630099264, -0.00035023121024801984]
[0.0003132615124100957, 0.00018993055041286594]
[0.00045321971811754236, 7.769796991086153e-05]
[-6.535019797315744e-05, -0.0001299705585346561]
[3.692112858302843e-05, -0.00022813735417426262]
[0.0004049415190787442, 2.5003147330131606e-05]
[0.00028549358476684383, 0.00017048059193428]
[0.0001369380673424403, -0.0002795404535112251]
[0.00010151371812938681, 3.971741267877471e-05]
[0.0005630684524328133, 8.79837394179607e-05]
[0.00033607565448559584, 0.0003335218787091365]
[0.00031009534274728523, -0.00010387238673910826]
[0.0003663288485528382, 2.5407945702771162e-05]
[0.0005109191820500958, 0.000254181956387675]
[0.0004888092675716105, 0.0002993307261774658]
[0.00016468775607381136, 0.00010144107783033925]
[0.00039445879705787834, -0.00023541182691855234]
[0.0003235677195267128, 0.0002333391546584353]
[0.0004698875439163863, 0.00013644621432851167]
[-6.52172506437898e-05, 4.859741308191334e-06]
[0.00013987360758652145, -0.0003121531034990521]
[0.0002962261622426188, 4.978574142995573e-05]
[0.00030153291422060913, 0.00011709628840309017]
[-1.840947622522293e-05, -0.00022630082951437258]
[1.2078775820101306e-05, -8.059776889840498e-05]
[0.00045493893148940145, -4.915893699566909e-06]
[0.0002471147178374211, 0.00026288912183344837]
[0.00020733080889423494, -0.00021407715085084225]
[0.00020735014256353934, 8.45488026722796e-05]
[0.0005201018271063784, 0.0001438640795087473]
[0.00036855130841215167, 0.0003258077990590802]
[0.00023016941736575536, 1.366435061924548e-05]
[0.0003979549627172174, -7.656658576157827e-05]
[0.00037156953597899944, 0.00023632210097578737]
[0.00043875145840699403, 0.00020796993703495192]
[9.929237941685987e-06, 8.367656093334619e-05]
[0.0002709024678780869, -0.0002934427486908642]
[0.0002421061328417018, 0.00011110885417853211]
[0.00032882695967628717, 0.00011093816783674937]
[-0.00010043591188141354, -0.00010826435018921471]
[3.138526378496098e-05, -0.00021196394018657694]
[0.00032876934204584263, -3.243070760780564e-05]
[0.0002111960117807954, 0.000189199802404727]
[6.138161420976562e-05, -0.00024006302349123543]
[6.146928858827283e-05, 3.3630213089941297e-05]
[0.00047091227617473974, 3.20128923191193e-05]
[0.00026025122526679434, 0.00030207625802364246]
[0.00021321307934113465, -9.893698810711782e-05]
[0.00030090090875167785, 4.715351805939516e-05]
[0.000420137966891998, 0.00018658946142878496]
[0.0003686317046982801, 0.00026105100168016815]
[0.00010068068318841439, 8.025279362651461e-05]
[0.0003533253015660376, -0.00018552995079995638]
[0.00024863035800110067, 0.00016854260086344997]
[0.0003393937937477831, 0.00013952716923604225]
[-9.42398499946262e-05, 1.1382180355345994e-05]
[0.000132357007478906, -0.00028151003328474866]
[0.0002253809666064588, 2.891376110064625e-06]
[0.0002121961167336761, 0.00013736491549370955]
[-6.418028519916685e-05, -0.00018008113118898883]
[-5.383995178076528e-06, -8.672761236477866e-05]
[0.00037257325571987687, -4.335346518061223e-05]
[0.00018458898595122286, 0.00024763092873164583]
[0.00012349013902773764, -0.00017625878172614073]
[0.00015500949958725807, 8.010818554138321e-05]
[0.00043319488240262105, 9.784562848391687e-05]
[0.00028061629766520935, 0.0002798973240970559]
[0.000150945685111592, 1.3225705954994504e-05]
[0.00034273116276908877, -4.800747837896413e-05]
[0.0002959964858598174, 0.000187129766227645]
[0.0003212845593897756, 0.00018148517756039206]
[-2.777675297194193e-05, 8.070615437311135e-05]
[0.00024897213027752496, -0.00025626114862187244]
[0.0001755730084888607, 7.396092947170585e-05]
[0.00022810412383469925, 0.00011615846023366183]
[-0.00012454771892728145, -7.149949083798401e-05]
[2.657019582363862e-05, -0.0002055131617504924]
[0.0002566305304940175, -5.8115284895382535e-05]
[0.00014635768375866054, 0.00018497119378668714]
[4.629300029312944e-06, -0.00018311845288182527]
[3.2747728895221595e-05, 1.7061920663530294e-05]
[0.0003919136157747305, 3.687534848084706e-06]
[0.0001960823397566258, 0.00026376892981266886]
[0.00013435043001730484, -7.04789653702409e-05]
[0.0002472954944001404, 4.8700015377600714e-05]
[0.00034739190264870823, 0.00015251943072705498]
[0.0002762785516607913, 0.0002173164006016859]
[4.8845274598641186e-05, 8.147782700440587e-05]
[0.0003142772740990507, -0.00015632659851683162]
[0.00018661238181699735, 0.00014055366341364506]
[0.00024041146958767717, 0.00012200849246102319]
[-0.00011148900795260319, 3.316520536861267e-05]
[0.00012527004131480252, -0.0002607194431179516]
[0.0001633447964418666, -1.3489751530676442e-05]
[0.00013938418893156418, 0.00013170394985195788]
[-9.195426535041351e-05, -0.00012201308471895822]
[-1.19364834466687e-05, -9.86793222575999e-05]
[0.000303785614550911, -5.784280853166068e-05]
[0.0001303966009725925, 0.00022129161805628517]
[6.183981940183214e-05, -0.00012301560383246035]
[0.00011866523487979314, 6.105500400893638e-05]
[0.0003659432828984066, 7.733796578579533e-05]
[0.00021386557394436657, 0.00023411246634891247]
[9.104269661713849e-05, 3.1604527438555685e-05]
[0.0002952946736150038, -3.905549091537397e-05]
[0.00023889739968346868, 0.00016727414328826518]
[0.0002373959653871843, 0.00014498053436456937]
[-5.067895535804112e-05, 9.328234171657179e-05]
[0.00022871277896755176, -0.00023027112476814438]
[0.00012333438958955778, 6.382418229466946e-05]
[0.0001522603821946123, 9.847642340721219e-05]
[-0.0001324671177220238, -2.568031474414756e-05]
[3.051166961006574e-05, -0.0002023021805155345]
[0.0001995955359860302, -6.245655322895116e-05]
[9.190407208088669e-05, 0.0001651636334755735]
[-2.9955150435412303e-05, -0.00011861809062779782]
[2.0953349548873124e-05, -7.585617332050987e-06]
[0.0003322677001728058, -4.981887262944795e-06]
[0.00014658740274216264, 0.00022573282028831576]
[7.977410300596954e-05, -3.0102607976589812e-05]
[0.00020665387231159904, 3.471556640416429e-05]
[0.0002952162181080742, 0.0001398761062040843]
[0.00021378075375669964, 0.00017271872430196789]
[1.6528167242180203e-05, 9.65979198642164e-05]
[0.0002802276914780841, -0.00013896084966669164]
[0.00014310618251150986, 0.00013372347859125222]
[0.00017162607464182855, 8.958620985333177e-05]
[-0.00011322975917105182, 6.333580261186356e-05]
[0.00012514439676518385, -0.00024297077804463774]
[0.00011894965837994098, -1.1771625921697115e-05]
[8.265015453050306e-05, 0.00010946178569720688]
[-0.00010046553499681865, -6.189302587361611e-05]
[-3.615998023884237e-06, -0.00011350560852668723]
[0.0002539657312586874, -5.666306862894821e-05]
[8.787945758186033e-05, 0.00019214208284840106]
[2.5653504473199806e-05, -6.620744564644898e-05]
[9.788742915713133e-05, 3.268623057300912e-05]
[0.0003187675531603207, 7.17203120350618e-05]
[0.00017031559089565607, 0.00019221521708573386]
[5.5204517849544166e-05, 5.922047748457837e-05]
[0.0002571370713408544, -4.019682998912533e-05]
[0.00020195286106083898, 0.00016167522630966547]
[0.0001837745726453177, 0.00010308503711825567]
[-5.667737835696185e-05, 0.00011384571767114604]
[0.00021555310734359956, -0.00020817595117855747]
[9.103017927980517e-05, 6.703771744764886e-05]
[9.820656019200735e-05, 6.802922176651904e-05]
[-0.0001246579753707011, 1.9778891350463734e-05]
[4.606356053285521e-05, -0.00019947835074313192]
[0.00016186385719960117, -5.451420174124033e-05]
[5.0336326708338985e-05, 0.00013983374345627464]
[-4.17190003735024e-05, -5.7905258835644347e-05]
[2.3907198834050014e-05, -3.532590751659237e-05]
[0.0002912129581842393, -3.342674657069722e-06]
[0.00011441415664656396, 0.00019182646689491767]
[5.1497751714701945e-05, 1.2373632846895966e-05]
[0.0001784197909870111, 1.5071101969132972e-05]
[0.00026228416352361283, 0.00013523679759291918]
[0.0001771141958964717, 0.00013007322483049588]
[3.9382005666277475e-06, 0.0001176656194463721]
[0.0002553750575489955, -0.00012536017802888821]
[0.00012022840363545839, 0.00013441430153932066]
[0.0001271073793067956, 5.1517424604075046e-05]
[-0.00010140380761530787, 9.291033568720186e-05]
[0.00013431691207257956, -0.00022553148595222394]
[9.447793809624905e-05, -1.7029374601573721e-06]
[4.22845422771434e-05, 8.20935038805537e-05]
[-9.109065201245992e-05, -1.0068685270481215e-05]
[1.6115703930397185e-05, -0.00012731466172966055]
[0.00022150153143907225, -4.8420288305761616e-05]
[5.9976244411868995e-05, 0.00016515939939704127]
[1.444001047895549e-05, -1.5030394218629173e-05]
[8.976806752192257e-05, 4.409186683818067e-06]
[0.00028845888324180446, 6.956322264023429e-05]
[0.00014646848668520285, 0.00015552157706361092]
[4.153055313427245e-05, 8.82727294442276e-05]
[0.00023071202017527215, -4.2629194509258284e-05]
[0.00018420085498824235, 0.0001579445835068749]
[0.00015250998229032753, 6.283868680601046e-05]
[-4.9170456073513447e-05, 0.0001338477804511129]
[0.00021152365527976613, -0.00018700167871243956]
[7.849442321460065e-05, 7.387908229106177e-05]
[6.320819016297774e-05, 3.64109046754324e-05]
[-0.00010393954940710048, 5.5636968620709215e-05]
[6.926209766194846e-05, -0.00019449242376395892]
[0.00014074337937471093, -4.2489923700317345e-05]
[2.38344543078417e-05, 0.00011548909159819765]
[-3.307363457225043e-05, -8.895052743096432e-06]
[3.6649315445863584e-05, -5.814129656411815e-05]
[0.0002644828268024285, -1.106525686578319e-06]
[9.713188966475883e-05, 0.0001628443301323057]
[4.555019479277056e-05, 5.002790915731303e-05]
[0.00016282584795690447, -1.2705013209268756e-06]
[0.0002455163103989716, 0.00012817272439336058]
[0.00015778025295248854, 9.375744063333524e-05]
[6.072996916781093e-06, 0.00013674733839907915]
[0.0002411616273733097, -0.00011201106522379378]
[0.00011541059156244815, 0.00013393263084171547]
[0.000101260062296743, 1.801935059669857e-05]
[-7.992079169806543e-05, 0.00011361313682578533]
[0.00014893972025256663, -0.00020689225084469243]
[8.574180345652382e-05, 9.084446826068682e-06]
[1.8605013665629055e-05, 5.7142534669762934e-05]
[-6.74025802140446e-05, 2.7085508348623222e-05]
[4.104653395997637e-05, -0.00013404604758249228]
[0.0002013477066802674, -4.1568784634127276e-05]
[4.498101965400014e-05, 0.00014156416928201576]
[2.259170852938336e-05, 2.5186691965273234e-05]
[9.229056607101827e-05, -1.555059681751514e-05]
[0.0002708193939705214, 6.244751440204199e-05]
[0.00013443394875800596, 0.00012623832113861644]
[4.332251201362436e-05, 0.00011190194321197833]
[0.00021635446164663952, -4.2424698788956494e-05]
[0.000181318321471214, 0.00014922766859670755]
[0.0001361762773909314, 3.2017761453256854e-05]
[-3.3118336383246294e-05, 0.0001458408047342874]
[0.0002130338346352234, -0.00016575267391757964]
[7.98882610478285e-05, 7.789377812250642e-05]
[4.520854189082879e-05, 1.1036766691868705e-05]
[-7.440337111570404e-05, 7.690735816517913e-05]
[9.354349542234353e-05, -0.00018321875271667953]
[0.00013026985811867044, -3.379797170671717e-05]
[1.0524865100003389e-05, 9.410727188033374e-05]
[-1.0497627838300383e-05, 2.5094769198763522e-05]
[5.545909076831723e-05, -6.934051396667584e-05]
[0.0002473924001076648, -5.076772177370348e-06]
[8.793627155279093e-05, 0.0001398102716454186]
[5.3745314287517026e-05, 7.770819637692439e-05]
[0.00015877051518214946, -1.0554874094209632e-05]
[0.0002397788820441213, 0.00011395101480937697]
[0.00014787479919037283, 6.891000242170708e-05]
[1.678669641229022e-05, 0.00014732534205824654]
[0.00023395326826602947, -9.811208518820114e-05]
[0.00012151193906251301, 0.00012770382153554083]
[9.001482343767853e-05, -4.856779074802198e-06]
[-5.308586801404391e-05, 0.00012147938114975831]
[0.0001626720030552531, -0.00018438046831761867]
[8.566434406315215e-05, 1.4421842190526224e-05]
[8.743887803919215e-06, 3.68887047849098e-05]
[-3.5911395738462415e-05, 4.822107426405431e-05]
[6.664053713489881e-05, -0.0001288603046901704]
[0.00018848052931430548, -4.173164313919786e-05]
[3.6872611258231824e-05, 0.00012204275627236694]
[4.103860273598631e-05, 5.153495297993693e-05]
[0.00010308396232777683, -2.437118305059771e-05]
[0.0002607206431287437, 4.7501536831140445e-05]
[0.0001268591038786071, 0.00010746424777077768]
[5.321186469559036e-05, 0.00012491944961728896]
[0.00020997694929580923, -3.9111558682497494e-05]
[0.0001856330917412441, 0.00013323252401231667]
[0.00012971904344277752, 1.4600957573801532e-05]
[-1.308750451214924e-05, 0.0001466014034629537]
[0.00021402924126023848, -0.00014265451786404926]
[8.712493855020376e-05, 7.464503713544568e-05]
[4.011211259077885e-05, -6.446801852300066e-06]
[-4.1987563167034114e-05, 8.377300488410233e-05]
[0.00011436281078647248, -0.00016241859180114726]
[0.00012494066060592113, -3.3033380976543736e-05]
[4.469479806007426e-06, 7.62765626829559e-05]
[1.691898003740311e-05, 4.3563050854456e-05]
[7.734727165148447e-05, -6.75436217209141e-05]
[0.00023522245575294254, -1.6797118932321276e-05]
[8.034535726783587e-05, 0.00012470282869343763]
[6.778618735214792e-05, 9.208117876843835e-05]
[0.00016159011941116463, -1.3144745485985099e-05]
[0.00023773353694805932, 9.246459240788707e-05]
[0.00014250830704931605, 5.752605541278766e-05]
[3.105614361043063e-05, 0.00014693807443044715]
[0.00022768878710086038, -8.253960083234868e-05]
[0.00012995391689256397, 0.0001134536834972999]
[8.85534119536846e-05, -1.69507773701838e-05]
[-2.607600786898312e-05, 0.00011765395810875434]
[0.00017133632430071932, -0.00015578034995034074]
[8.817568657243369e-05, 1.0938344601696404e-05]
[6.312940494884733e-06, 2.140924096812047e-05]
[-4.90593711145737e-06, 5.49351854713942e-05]
[9.011046762855135e-05, -0.00011180513778606682]
[0.00017858154656896774, -4.957152425064115e-05]
[2.9705580449207458e-05, 0.00010812592556282835]
[6.121560042395002e-05, 6.2892163129602e-05]
[0.00011726738113124191, -2.3775614243409793e-05]
[0.0002517667216673236, 2.6296482373566743e-05]
[0.00011974481966581241, 9.991861595348012e-05]
[6.56705933450713e-05, 0.00012594147111175125]
[0.00020523407759073797, -3.240977151141439e-05]
[0.00018884395356835726, 0.00010992250955005334]
[0.00012855512590995155, 8.971703160887134e-06]
[6.341346981200702e-06, 0.00013784401570096638]
[0.00021058793604558645, -0.00011601420185650829]
[9.37826126889002e-05, 6.23307023377151e-05]
[4.111578222065759e-05, -1.7184242949316864e-05]
[-1.3694742069733645e-05, 7.92870079110719e-05]
[0.0001297140055558088, -0.00013306967661466662]
[0.00012065852121742604, -4.01171821768076e-05]
[-3.1313853016134985e-07, 6.317105060773404e-05]
[4.1170774955301415e-05, 4.754405456219857e-05]
[9.792901229177531e-05, -5.600488474275661e-05]
[0.00022270654214016916, -3.3636806665349184e-05]
[7.130523640580533e-05, 0.00011780903448158422]
[8.193396332475955e-05, 9.323022511029122e-05]
[0.00016472964869376772, -1.0050658724825717e-05]
[0.0002320567202279411, 6.555471728336704e-05]
[0.00013822525518364381, 5.661207519033762e-05]
[4.463502373842909e-05, 0.0001378211407398744]
[0.00021834889604921415, -6.400495687142183e-05]
[0.00013449281744562502, 9.113697604626325e-05]
[9.028131840818632e-05, -2.1126607054527957e-05]
[-4.569699235734692e-06, 0.00010597528947989265]
[0.00017379913819912107, -0.0001223372464153917]
[8.934678411098851e-05, -4.101459153277309e-07]
[4.979580679853601e-06, 1.1097005014180754e-05]
[1.8845398677580505e-05, 4.9925252244953366e-05]
[0.00010827374274316459, -8.732216847330944e-05]
[0.00016737458174780062, -6.183008783604282e-05]
[2.0915503607055186e-05, 0.00010016707834058659]
[7.777716748379182e-05, 6.097376313760061e-05]
[0.00012858455172712335, -1.6396638838114905e-05]
[0.00023797866833775994, 1.9289633334668155e-06]
[0.00011115713175036124, 0.00010005652322556038]
[7.671726572056059e-05, 0.00011794855896141154]
[0.00019779262335935244, -2.171710071715953e-05]
[0.00018551489727614, 8.083940341488405e-05]
[0.00012717007225222787, 1.061296163368513e-05]
[2.0537837047307494e-05, 0.00012378082868547136]
[0.00020211290713341434, -8.690303990117193e-05]
[9.632952500603087e-05, 4.296216176635781e-05]
[4.175207759390953e-05, -2.2120564195725334e-05]
[5.2224096358660654e-06, 6.708326479053228e-05]
[0.00013795554944320831, -0.00010009478086046332]
[0.00011393371525827978, -5.128943590937407e-05]
[-6.436950335197977e-06, 5.5160584476746793e-05]
[5.7976703990852974e-05, 4.014170169042153e-05]
[0.00011196993850347281, -3.889012077374146e-05]
[0.00020519010644194646, -5.183574282784098e-05]
[6.0190098007728565e-05, 0.0001158165509908965]
[9.273432456853581e-05, 8.511961259507345e-05]
[0.00016371830213615657, -1.7775535866501602e-06]
[0.00021856302148868384, 3.5847392588647664e-05]
[0.000131241363394069, 6.062711674095257e-05]
[5.363872695143823e-05, 0.00012450925236377752]
[0.000205422035308378, -4.339447642477852e-05]
[0.00013243059941125263, 6.378734129412755e-05]
[8.92538043423402e-05, -1.991625180690869e-05]
[7.544066350111123e-06, 9.037059028485506e-05]
[0.0001697960918374264, -8.874655457700997e-05]
[8.644603536048928e-05, -1.5291924657684364e-05]
[1.8703132636035957e-06, 5.901246318792616e-06]
[3.255882603192539e-05, 3.7078608582426925e-05]
[0.00011748369534309022, -6.0554982996617254e-05]
[0.00015128836114479405, -7.442167536626104e-05]
[1.0608132873374254e-05, 9.544974078931623e-05]
[8.82941541632265e-05, 5.070746234891316e-05]
[0.0001329712921122328, -4.0464309958160305e-06]
[0.00021650802965904326, -2.2505958941005516e-05]
[9.915980779541533e-05, 0.00010218125252508398]
[8.314414560276276e-05, 0.00010597259824860622]
[0.0001870124956302177, -8.068643108342585e-06]
[0.00017418885527475253, 4.968908854036114e-05]
[0.0001208732010747858, 1.5688331622590312e-05]
[2.6589028114122615e-05, 0.00010831222937082025]
[0.00018921394348699744, -5.941502515453313e-05]
[9.300366075013985e-05, 2.1471331522708928e-05]
[3.915804762513915e-05, -2.216239725883959e-05]
[1.3489971053029862e-05, 5.111634477965744e-05]
[0.00013715069811742406, -6.883250814347045e-05]
[0.00010207204491069315, -6.219884885960963e-05]
[-1.3589897260113913e-05, 4.998833622524984e-05]
[6.639956693656798e-05, 2.685213164105825e-05]
[0.00011644267681670123, -1.9078190079688164e-05]
[0.00018093501397998255, -6.829444143804518e-05]
[4.651308814874458e-05, 0.00011355347077402888]
[9.789396016936756e-05, 7.340627708321394e-05]
[0.00015797679760507985, 1.0121842585275077e-05]
[0.00019718335498215313, 7.160976917730717e-06]
[0.00011852534723799137, 6.513446225248423e-05]
[5.5801538201569537e-05, 0.00011090531832639097]
[0.00018989521979465365, -2.4269129383629184e-05]
[0.000123288501074844, 3.673194808816692e-05]
[8.319188802605529e-05, -1.516037378263349e-05]
[1.0141364267971659e-05, 7.433550059865977e-05]
[0.00015875446715587008, -5.989831745237088e-05]
[7.765601702255237e-05, -2.90368037036276e-05]
[-2.652142468063945e-06, 3.62295877299329e-06]
[3.6955826207080156e-05, 2.1805099651956567e-05]
[0.0001161146381516813, -3.4826442832185805e-05]
[0.00012936546315433367, -8.441826270770211e-05]
[-8.685599281327283e-07, 8.955161090273486e-05]
[9.17810509924108e-05, 3.8225027893714486e-05]
[0.00013038447093276923, 1.112374966799265e-05]
[0.00018848603721072915, -4.360824070542314e-05]
[8.22724637626962e-05, 0.00010202995515422655]
[8.327314918244594e-05, 9.411130103827853e-05]
[0.00017406913866652163, 5.170273088200145e-06]
[0.00015585502095181308, 2.1739535465666385e-05]
[0.00010848000723591433, 2.180670313611799e-05]
[2.502810834432989e-05, 9.431174547073692e-05]
[0.0001721100788625446, -3.775179896184366e-05]
[8.305250350509885e-05, 2.7915923619791644e-06]
[3.399985280190532e-05, -1.9748834727668918e-05]
[1.3250306783382793e-05, 3.606779114813559e-05]
[0.00012697835976218513, -4.233903212660928e-05]
[8.469123594218031e-05, -7.003560265591777e-05]
[-2.1042953184294277e-05, 4.3782739982414776e-05]
[6.70406640908422e-05, 1.3810469504783526e-05]
[0.00011228733649363415, 1.0154648761515062e-06]
[0.00015187169131361533, -8.032262048173269e-05]
[2.9841297394347932e-05, 0.00010741335723751105]
[9.653571393211657e-05, 6.246931116819267e-05]
[0.00014906053043872713, 2.2199446883468255e-05]
[0.00017026818208586147, -1.583577682391646e-05]
[0.00010012116186833286, 6.784642759807141e-05]
[5.196586893832511e-05, 9.941214184047177e-05]
[0.00017232661586348563, -1.031273374343944e-05]
[0.00010757826903505519, 1.4881272291641934e-05]
[7.349001881998274e-05, -9.470511618342448e-06]
[6.262007639604161e-06, 6.145581128527179e-05]
[0.00014117470289534695, -3.8123689063154775e-05]
[6.318414590777977e-05, -3.886751009930193e-05]
[-7.553553544176195e-06, 5.98107517207902e-07]
[3.4174229443781345e-05, 9.619079401479956e-06]
[0.00010620530896710001, -1.2211197897876724e-05]
[0.00010394745235077496, -8.984005071414197e-05]
[-1.3472291010618864e-05, 7.955893958341842e-05]
[8.845630130002724e-05, 2.799218182320852e-05]
[0.00012314123514683972, 2.5628605524574688e-05]
[0.00015723967759508073, -5.770464318833864e-05]
[6.145375109833928e-05, 9.799538126081808e-05]
[7.820073428055352e-05, 8.453974869130948e-05]
[0.0001597582482998211, 1.4491091364213227e-05]
[0.0001322956874513781, 1.421061384473607e-06]
[9.237218620626597e-05, 2.6615666512963543e-05]
[1.924505529038445e-05, 8.427302200074167e-05]
[0.00015154525295894838, -2.348969255415445e-05]
[6.742236036308413e-05, -1.0402737150264074e-05]
[2.7860678869881528e-05, -1.849691194488745e-05]
[7.77216010747206e-06, 2.6325295912487875e-05]
[0.00011025930991231947, -2.1790300584426103e-05]
[6.434861703308314e-05, -7.336651577412312e-05]
[-2.8603811340247032e-05, 3.403701418536187e-05]
[6.133626200133246e-05, 5.118455421662324e-06]
[0.0001028373625991813, 1.8272590190465676e-05]
[0.00012181548010276044, -8.535167989026995e-05]
[1.1482622310168833e-05, 9.669145954724345e-05]
[9.018608618302504e-05, 5.434459707512676e-05]
[0.00013823306333339558, 3.09257130898799e-05]
[0.00014059510469494052, -2.962649904377293e-05]
[7.92733680357871e-05, 6.722168051645494e-05]
[4.554143704857405e-05, 9.169116948438277e-05]
[0.00015334769291240613, -2.659249660669216e-06]
[8.707506421085087e-05, 5.294819169360254e-07]
[6.257497720914273e-05, -6.2307981931186696e-06]
[-2.81717778799484e-07, 5.480961902770004e-05]
[0.00012007046864971616, -2.3476160576435534e-05]
[4.582253672710812e-05, -4.3774430898813055e-05]
[-1.2455379936562871e-05, -5.583747497706071e-06]
[2.666718312308025e-05, 3.755085828172078e-06]
[9.19967903657698e-05, 5.0933811603648405e-06]
[7.896323719586151e-05, -8.907423670613535e-05]
[-2.6041912182750426e-05, 6.549131789274076e-05]
[8.04684095200292e-05, 2.1726959810869362e-05]
[0.00011329443850781329, 3.605937816281157e-05]
[0.00012607128479316665, -6.240635885281648e-05]
[4.033553500122633e-05, 8.970480490083643e-05]
[7.132088865613451e-05, 7.836376825361147e-05]
[0.00014461246105068604, 1.8826039030528374e-05]
[0.00010598433100486582, -9.71960813664352e-06]
[7.587765447743255e-05, 2.740626666702939e-05]
[1.3086688574331928e-05, 8.012344226419887e-05]
[0.00013017487588758148, -1.5751095713806285e-05]
[4.923748641239012e-05, -1.7584476289037032e-05]
[2.156616466485184e-05, -2.0790155084438044e-05]
[4.67271234483313e-08, 2.3947637463217486e-05]
[9.166416612457762e-05, -8.071422408606477e-06]
[4.494439702648623e-05, -7.129904453177793e-05]
[-3.544626190499223e-05, 2.1110095068471724e-05]
[5.204431320907088e-05, 1.814829408863794e-06]
[9.105163194003674e-05, 2.983443948073594e-05]
[9.412896073895949e-05, -8.204389771430953e-05]
[-5.125912115183651e-06, 8.216289116314002e-05]
[8.236608292128134e-05, 4.9668538822961183e-05]
[0.00012621052330086951, 3.5143687759947584e-05]
[0.0001109685312284392, -3.366923186437498e-05]
[5.9911938830606304e-05, 6.165805429658722e-05]
[4.016535867010229e-05, 8.885403558785143e-05]
[0.00013500649731310044, 5.724703441845058e-08]
[6.522177913784177e-05, -6.50417794355318e-06]
[5.192967392455422e-05, -7.557548990927421e-06]
[-6.5102122147886465e-06, 5.530243627209497e-05]
[9.991466126067078e-05, -1.55150353986222e-05]
[2.948647619122058e-05, -4.345494098938196e-05]
[-1.6729963354597532e-05, -1.4527436940081628e-05]
[1.750246381768128e-05, 4.245609643724335e-06]
[7.710838004673648e-05, 1.5245656649093275e-05]
[5.7561430450103757e-05, -8.156454827394632e-05]
[-3.573447012023695e-05, 4.892433934838847e-05]
[7.156590575316257e-05, 1.944455164053227e-05]
[0.00010202641538782642, 4.1346581461015885e-05]
[9.765148547977165e-05, -5.8176603019266526e-05]
[2.2909889913179382e-05, 7.682301415293247e-05]
[6.608938285346255e-05, 7.615486802754756e-05]
[0.00013018478916648757, 1.9627565272878345e-05]
[8.04504118229743e-05, -1.2808918623638532e-05]
[6.107299115827927e-05, 2.2722693967802687e-05]
[9.136200874837463e-06, 8.191642260282905e-05]
[0.0001117993613011202, -1.3122793395631271e-05]
[3.2490597874718086e-05, -1.9100469605543013e-05]
[1.5813612138978334e-05, -2.6225409170493874e-05]
[-7.0313946825273366e-06, 2.7874181161541278e-05]
[7.494149420342322e-05, -1.7834593324106418e-06]
[2.9381094196950786e-05, -6.378866300177366e-05]
[-3.9386239502281484e-05, 6.9400638982586305e-06]
[4.302509444872871e-05, 3.0336942132835887e-06]
[7.860796407690475e-05, 3.510542921369986e-05]
[7.098940588945446e-05, -7.161378863107526e-05]
[-1.6447381434652256e-05, 6.45597569360612e-05]
[7.64931780845024e-05, 4.8533858758831316e-05]
[0.00011435782003887691, 3.626320634714242e-05]
[8.460188740447294e-05, -3.0102400609105517e-05]
[4.4341807492641805e-05, 5.064284300995703e-05]
[3.792531243676511e-05, 9.048451651652578e-05]
[0.00012030289732867672, -2.784579380965546e-07]
[4.600314530164851e-05, -7.393024801460868e-06]
[4.246255316782063e-05, -1.2810473947078016e-05]
[-1.0150312883872026e-05, 6.0997936127404895e-05]
[8.40233137731107e-05, -1.3755106771123904e-05]
[1.693867591026632e-05, -3.826594849865028e-05]
[-1.8650742322596017e-05, -2.4204246524744955e-05]
[1.0303608395906272e-05, 9.187612250188826e-06]
[6.341255106625393e-05, 1.8455258542438013e-05]
[4.1305907116956364e-05, -6.891563661137745e-05]
[-3.972659081594512e-05, 3.122711810873979e-05]
[6.517751128909399e-05, 2.06206168889278e-05]
[9.074377334384459e-05, 4.303164005534099e-05]
[7.44758946908397e-05, -4.7973240040410925e-05]
[1.121789874177978e-05, 5.976023649692519e-05]
[6.422813279610695e-05, 7.727945195079577e-05]
[0.0001188684152381575, 1.888372142386241e-05]
[5.938778987171767e-05, -9.96863820590388e-06]
[4.894298613654369e-05, 1.372983799963201e-05]
[8.824461982276377e-06, 8.725084634855773e-05]
[9.897712482166005e-05, -1.4474283691390255e-05]
[1.986982848903307e-05, -1.5782905302796912e-05]
[1.211562775407099e-05, -3.267533566844727e-05]
[-1.0511175905947301e-05, 3.5264306055826644e-05]
[6.166991870207306e-05, -1.8666182151905186e-06]
[1.8713414374038617e-05, -5.255385411764846e-05]
