[637.743087397062, 373.88791716769487]
[11.57329759111272, -0.12470141325452744]
[9.275031192342027, -1.3178702241090345]
[-0.22941679014859417, 1.4330529953834912]
[-0.20371452156319947, 1.3322557471922742]
[1.1923714112312638, 0.7247377473316021]
[0.42244246321624246, 0.21312087670848712]
[-0.15341720689828264, 0.5697314704890317]
[-0.317064458543701, 0.4710946638982705]
[0.40893279602481414, 0.4672402191024183]
[-0.04483121046035554, 0.10453068692743983]
[-0.05065376268906974, 0.22173210939619192]
[-0.21800936894051404, 0.17289542368782662]
[0.2721415171521686, 0.23456280254268203]
[-0.021799191209127322, -0.02851577734095212]
[0.028030533994633622, 0.03297302619625686]
[-0.1001195754619344, 0.0477045944216703]
[0.2135737342071291, 0.1074384369554835]
[0.04530806664659792, -0.08109906242547194]
[0.04336761920364618, -0.03522322872107253]
[-0.02165245834695284, 0.019644352552035116]
[0.13196050622102717, 0.05923085866052347]
[0.06471726239046838, -0.069413461633836]
[0.018331740238846095, -0.04342253122986506]
[0.0075138084935901794, 0.027976811872328256]
[0.054661187541261924, 0.039949558250381934]
[0.047616998481051276, -0.03732916416159604]
[-0.0003120656940271971, -0.03574599627287112]
[0.01345255717137439, 0.03582278329686339]
[0.017274765909928713, 0.030318128495608554]
[0.02900347999010633, -0.014865575540555453]
[0.0020621931941451344, -0.024223223291347296]
[0.016504575263792454, 0.034381418755551146]
[0.011196495716339516, 0.02990569161043055]
[0.019097057450611743, -0.0075842535096466435]
[0.008323852935162357, -0.01266029008661107]
[0.01604378274783258, 0.029792609881408083]
[0.009731028972395528, 0.03218611074353639]
[0.009786111026183875, -0.007134317758865194]
[0.008145174147752954, -0.00705564209402354]
[0.010112423473577214, 0.026528295644910216]
[0.005150975936031976, 0.02899477392277039]
[0.00016759210555772341, -0.007000913548653287]
[0.008760014665152305, -0.006740664073365654]
[0.00592904480043388, 0.0220505980517971]
[0.0034845769508331514, 0.021831220813579577]
[-0.003562232977506241, -0.006945204278104633]
[0.013977548966335185, -0.005722134106860288]
[0.00772738623506708, 0.014407542570160636]
[0.004147750495536839, 0.015738737804939618]
[-0.0020226039058757195, -0.0070155536480092096]
[0.01681442100746633, -0.003326509966361968]
[0.010686269789008662, 0.007588392133392574]
[0.001971908711389858, 0.01102264129612962]
[-0.0011280930957289215, -0.005402970736124502]
[0.013795710537308992, -0.0030393760787597035]
[0.010897949953837971, 0.005524184943301869]
[-0.0018183953257495666, 0.00693491197771412]
[-0.0020467019407381937, -0.002489406289062135]
[0.010149002801704277, -0.004013540691537809]
[0.010488329364797044, 0.006139929113801901]
[-0.003114052244541865, 0.005106047737922115]
[-0.0021816300907899766, -0.000734423964471459]
[0.009373955936711753, -0.002672179040265732]
[0.010945818864908752, 0.005604379111187718]
[-0.0027249487462808197, 0.005295630674558183]
[-0.0016714703011606602, -0.00010999408788414655]
[0.009077381912856453, 0.0004476994696407388]
[0.010172585839805404, 0.003969886734505046]
[-0.0031822752692924894, 0.004483984354367809]
[-0.0021902803971003415, 0.0013931594185132568]
[0.0077467209476509424, 0.002357221253121239]
[0.007605492541520986, 0.0028509979995758883]
[-0.0034941099950248633, 0.0021895361715577044]
[-0.002967187348580369, 0.0033080986749964847]
[0.007083908605009626, 0.0029219141915419744]
[0.005691271714738821, 0.0017352344490971228]
[-0.0022027032931692947, 0.0009410318255653749]
[-0.002628719158082049, 0.0034944018822022915]
[0.007420002321423813, 0.0034761159048199985]
[0.005477324805217343, -2.3377118690159904e-05]
[-0.0008260627306149182, 0.0010698558747304077]
[-0.001917011646095812, 0.002428164359302265]
[0.007005936569986382, 0.0035549912736678735]
[0.005460165963615982, -0.0011688692643430088]
[-0.0008024735058094201, 0.000397291172044012]
[-0.0017041151876606708, 0.002335733245279581]
[0.0055780702889347555, 0.002775476535129162]
[0.004789466226886363, -0.0010592024767275277]
[-0.0010121959578054396, -0.001241901117442823]
[-0.0012055841804932133, 0.003219827978810985]
[0.004375640362220823, 0.0026020349842590385]
[0.004062990136254996, -0.001021638814438619]
[-0.0004397030297595417, -0.0019655058841090423]
[1.5262507961910643e-05, 0.0035279065484479233]
[0.0035523211419608014, 0.0035882267631546227]
[0.0034380215601088615, -0.0016290787462627243]
[0.00010536855456377836, -0.0015940365952733515]
[0.0008863495502586805, 0.0033419941089229965]
[0.0025721905467590567, 0.004118302635904847]
[0.002583423487911851, -0.0017424124896652238]
[9.764333744000098e-05, -0.0014492519285003724]
[0.0007923518219312697, 0.0036288746359312007]
[0.001826407687172446, 0.0035125551607589]
[0.0017931572449557502, -0.0011377979257026771]
[0.0002808643040208558, -0.0015346214127354152]
[0.0005295615390210617, 0.0038891688592461726]
[0.0017115718077496123, 0.003124386056605033]
[0.0013956380454334116, -0.00102819049621794]
[0.0009820083226382836, -0.0011448634107935618]
[0.000757032595841256, 0.0032865854077646084]
[0.0015616336609958203, 0.003448020695256293]
[0.000983391851854698, -0.0015459611697994369]
[0.0016250673735451748, -0.0008379165187750726]
[0.0012282413392435548, 0.0025002887207001834]
[0.0008981886890429003, 0.003326448901340151]
[0.00030627711708419714, -0.0015503750970022878]
[0.001955576710458873, -0.001235590752862753]
[0.0016615685615688491, 0.0023522599013288126]
[0.00027784139271047614, 0.002492612558695817]
[-0.00015305942763610414, -0.0009709317620928137]
[0.002149941291242352, -0.0015077889042078851]
[0.0020341244913941736, 0.0023028249115423782]
[9.536299636261902e-05, 0.001990054427939647]
[-0.00013470317995700753, -0.00077169401916799]
[0.002119123405996959, -0.0009741826803097986]
[0.0021922493880248695, 0.0018355919004551247]
[-4.516198991488807e-05, 0.001989732990298698]
[-6.286579000358561e-05, -0.0008922038589629366]
[0.0018599805074659415, -0.00040865866803496687]
[0.002092734121354023, 0.0015148213993465554]
[-0.00038236531160773524, 0.0017064600158966936]
[-0.00024030284833742588, -0.0005138506713853186]
[0.0018174470243832175, -0.00038264088580360067]
[0.0020354048657870716, 0.001580361324583432]
[-0.000650744626983113, 0.0011911139659850356]
[-0.0005043428489095447, 0.00016681918656717698]
[0.002126101056191265, -0.00023540837069724319]
[0.002126903737609709, 0.0013341741673618124]
[-0.0007379230290058825, 0.001066561845715075]
[-0.0007131887281230931, 0.0003842974011578626]
[0.0023075345489673715, 0.0003496622403704741]
[0.002095184299945485, 0.0006420483504099295]
[-0.0007351243465616442, 0.0010743112643076813]
[-0.0008379784986595473, 0.00029725266687252727]
[0.0021383862690322886, 0.0006628025655873171]
[0.0018807161830887154, 0.00027269957004549816]
[-0.0005767523847232114, 0.0006503215096416715]
[-0.0007633406411865495, 0.0004596649023599908]
[0.001937381882792244, 0.0004852444348124596]
[0.0017367619378138022, 0.0003641175832408694]
[-0.0003172688261463552, 0.0001331003517583973]
[-0.0005203091979906205, 0.0006893155758790348]
[0.001847482004490919, 0.0005021750638718459]
[0.0016949204157707953, 0.0002224994838344596]
[-0.0002792499861816733, 7.166995395824216e-06]
[-0.00036431509160572695, 0.0006938183722424718]
[0.0016915757741564619, 0.000889469150659794]
[0.0015770550001490968, -0.0002495656398004975]
[-0.0004673235100280948, -6.413063210691794e-05]
[-0.0003321512589473663, 0.0008139741558221836]
[0.0014793950215921114, 0.0010880695529671969]
[0.0014107884411102, -0.00045557556436148783]
[-0.0004730178111290173, -0.00039041670403183737]
[-0.00020908248995854528, 0.0012121510048960782]
[0.0013254883142809204, 0.0010142902039551593]
[0.001285888374385813, -0.00033075871723813044]
[-0.00020267636411766543, -0.0005516811336034877]
[-1.864280418972797e-05, 0.0013858068834685655]
[0.0011163759994218259, 0.0010936478219298884]
[0.0010842949249401101, -0.000333214432269191]
[2.044329560635383e-05, -0.00033539826720696553]
[3.757836061690778e-05, 0.0011447176043302143]
[0.0008167459222674367, 0.0012863276745007646]
[0.0007733500782760028, -0.00047999314755564626]
[0.00012263368709164446, -0.00024254597014326112]
[5.760199812865352e-05, 0.0009992145956223553]
[0.0006679200927104112, 0.0012569587860618847]
[0.0005581038823832263, -0.0004911502314280669]
[0.00030293219145627326, -0.0005059694633368084]
[0.0002563216093166565, 0.0011651124893074793]
[0.0006895909441517745, 0.0011375081356463923]
[0.0004721439008976702, -0.0004781621717540041]
[0.0005026012904076893, -0.0006837621736575095]
[0.000501678171899389, 0.0012303768773072044]
[0.0005633147401231664, 0.0011766767742429352]
[0.0003183192814979474, -0.0006125970370298717]
[0.000546332733568633, -0.0005540898791116522]
[0.0005816667282301236, 0.0010309588705115225]
[0.00024981096778908807, 0.0011567931292720823]
[0.0001256393522183208, -0.0006381998685784929]
[0.0005694445486771338, -0.00042230532190001835]
[0.0006197307011935882, 0.0008852014500192462]
[6.041230536568687e-05, 0.0008960221665916812]
[9.186997449217582e-05, -0.00038365818682301045]
[0.0007227377452072581, -0.000411564485963245]
[0.000761118930502569, 0.0008873263188767244]
[2.719772425964495e-05, 0.0007054737993756888]
[0.0001023149903611742, -0.0001633688736726313]
[0.0008301017639912311, -0.0003242139613917061]
[0.0008605162041734893, 0.0008125614988869767]
[-9.855138636294392e-05, 0.0007882144559072657]
[-8.63672152927597e-05, -0.0001871367178947203]
[0.0007911691735074111, -0.0001737345711886329]
[0.0008392291966192178, 0.0006590175153484701]
[-0.00026872575779823826, 0.0008406874100245418]
[-0.000327331807323028, -0.00020242622210342454]
[0.0008235901210319613, -0.00012440459824984186]
[0.0008650474830537574, 0.0005887083593049958]
[-0.00025013590789679796, 0.0006430613191701351]
[-0.0003390590528078441, -4.224177553267816e-05]
[0.0009774992061412635, -7.713358301209006e-05]
[0.0009456460417556212, 0.0005171561086950716]
[-0.00015061313157144207, 0.0004057736835880732]
[-0.0002320546984335703, 9.913371378922342e-05]
[0.0009948603434239978, 0.00010632951446809535]
[0.0008864804886222766, 0.00031167845923274484]
[-0.00020439764813673378, 0.00029374289383443664]
[-0.00024445942008445923, 0.00012565715640322495]
[0.0008549803034161307, 0.00026035715745129084]
[0.000753390149172084, 0.00011848386659596422]
[-0.00030119899851510645, 0.0001967387827201822]
[-0.00028985182992463665, 0.0001962470121152915]
[0.0008271400113230021, 0.00024124473740760877]
[0.0007940169750869641, 7.937925034530446e-05]
[-0.0002620833471569939, 7.404723799320223e-05]
[-0.00022822413739298497, 0.0003443188724681634]
[0.0009001072406779748, 0.00022752583339880061]
[0.0009135938119726461, 6.099273844228925e-05]
[-0.00021131500968252226, 1.7059573484079493e-05]
[-0.00017969358656655388, 0.0004315009208866183]
[0.0008084019319938296, 0.0003682027714457803]
[0.0008222058510622965, -4.767317560938622e-05]
[-0.0002441769396470672, -1.5950744495951685e-05]
[-0.00020587690689438665, 0.00045639910858397137]
[0.0005977866614224059, 0.0005233900671085812]
[0.0005913905780932649, -0.00013568667092289655]
[-0.00018421689590238793, -0.00011877433443265722]
[-0.0001381223737014492, 0.000517459261760278]
[0.0005352276968133562, 0.0005693992073941834]
[0.0004951862831844567, -0.00014639060922195385]
[4.54473237970765e-06, -0.00021292163923414265]
[2.8627945654724485e-05, 0.0005805863935506306]
[0.0005789021656840143, 0.000582014381787177]
[0.000496048326446008, -0.00018927233951937517]
[8.124541018150744e-05, -0.00021276008940263047]
[7.219045641337907e-05, 0.000579184401799715]
[0.0005092882024761991, 0.0006071472034296921]
[0.00040736076740720273, -0.0002852406066393698]
[1.7752016966854356e-05, -0.00021020953794381736]
[7.650073494958054e-06, 0.0005704798648348275]
[0.0003743742635824443, 0.0005904763544313935]
[0.0002955816075608797, -0.0003234273624746764]
[7.275917552640454e-05, -0.00027309048374529743]
[8.591054670148424e-05, 0.0005913477791811839]
[0.00031270959268037135, 0.0005522523057801543]
[0.00027289243047112777, -0.00028386930560744816]
[0.0002671325257572743, -0.00030868867710065473]
[0.00029137503080112204, 0.00057246044495185]
[0.00023082131408813655, 0.0005535876603273149]
[0.00021791836710627344, -0.0002425471783853439]
[0.00034722437227352465, -0.00026840872026356877]
[0.000373518986031357, 0.00050944872069425]
[6.137171649034379e-05, 0.0005550478043020446]
[6.0529004612230874e-05, -0.00021445559324750896]
[0.00029223035202896597, -0.00022921286031171717]
[0.00033311389043022555, 0.0004890732752740878]
[-2.212453878833176e-05, 0.00051294885045651]
[-2.943626797982657e-05, -0.00018307205290818418]
[0.00031738497577132874, -0.0002112932540080381]
[0.0003686736042074479, 0.0005044498435722456]
[3.931921914601677e-05, 0.00047660569986374135]
[4.620004309785486e-06, -0.0001697919567895667]
[0.00043019769555863174, -0.00015868660272655433]
[0.00045816438983203867, 0.00046427138507376675]
[3.2714256776200656e-05, 0.0004554708457180645]
[-2.2759671381433755e-05, -0.00015402166608735612]
[0.000473833911937227, -8.815822560115372e-05]
[0.00045726437769799677, 0.00036566539058124903]
[-0.0001105355585309109, 0.0003804488995276731]
[-0.00015101342536971707, -7.808332810765872e-05]
[0.00047741815169580204, -4.9449114408677e-05]
[0.0004331501172980534, 0.0002734208357232232]
[-0.00018327484660751736, 0.00026806222608721786]
[-0.00019265296084747252, 2.0015416603014202e-05]
[0.0005390744942990189, -1.4400315905715999e-05]
[0.0005004763569627091, 0.00020149737968050419]
[-0.00012127200519643222, 0.00021005300045517927]
[-0.00012328646105319585, 5.4687922076523954e-05]
[0.0005647542613674839, 4.030026701928868e-05]
[0.0005558842712656276, 0.0001489578951838766]
[-0.00010314882554762761, 0.0001915194724838587]
[-0.00011667145802786438, 5.7499042883435436e-05]
[0.00047493041035995276, 7.491710215565273e-05]
[0.000498295618943323, 0.00013349675638063552]
[-0.00017053183547222073, 0.0001306984519112292]
[-0.00017825262931187025, 0.00011358912563902424]
[0.0004111468652589212, 0.000105198080083857]
[0.0004401259032967564, 0.00011238661124891858]
[-0.00017787997492563212, 4.779839762469873e-05]
[-0.00015801910556911825, 0.00020108665422298444]
[0.000461893829001761, 0.00019643029550242552]
[0.00045767438855426334, 2.363358768253665e-05]
[-0.00011609625101860477, 2.609742929760017e-06]
[-7.838551478944744e-05, 0.0002569769602818184]
[0.0004840647120250008, 0.0003015162303050545]
[0.00043838128291362466, -7.769806770285825e-05]
[-9.944093064118142e-05, -3.210036423395568e-05]
[-7.304659366372257e-05, 0.00029382487885776243]
[0.00039735090041514987, 0.0003158687609408489]
[0.00034362721246344874, -9.896457136737702e-05]
[-9.976846592047589e-05, -8.101295345936538e-05]
[-0.00010168182476618867, 0.0003243272138668818]
[0.0003295363907839244, 0.00027828780798216934]
[0.0002985464238367541, -8.344475290873038e-05]
[-2.708751475605231e-05, -9.95631832969579e-05]
[-4.895893938527962e-05, 0.0003151999126099758]
[0.00033472305054638163, 0.00029893205522957267]
[0.0003193462470987285, -0.00012020398283929534]
[5.242188030041284e-05, -9.990644924418035e-05]
[3.814646978994585e-05, 0.00029537603180607164]
[0.0002977213414228075, 0.0003542123206488057]
[0.0002750834909081741, -0.00017176267757368358]
[5.345353363339633e-05, -0.00015410733898302276]
[7.226066866000691e-05, 0.00033548149474549316]
[0.00019434949937791046, 0.0003623278730386509]
[0.00016188114752460625, -0.00017006192425519928]
[5.303822380134382e-05, -0.0002218330283059733]
[0.00010162171055921876, 0.0003929350348939875]
[0.0001350399458063256, 0.0003499378532159092]
[0.00010820569607938868, -0.00015543494924873114]
[0.00012205122912176819, -0.00019476754705993748]
[0.00016821949264889113, 0.0003719290107406792]
[0.0001301020191151192, 0.00035960652790034686]
[0.00011781078229444741, -0.00016600758451335018]
[0.00018233759663210947, -0.00011250723806577323]
[0.00019994579481491526, 0.0003105041855040458]
[8.900915864484826e-05, 0.0003430098947354021]
[8.392371422399902e-05, -0.00014876007028985505]
[0.00018681903499129238, -9.938124649731817e-05]
[0.00018124849825346123, 0.00030244072758395246]
[1.9379791635854016e-05, 0.0002899716912849945]
[6.5931334333260705e-06, -9.592166942223868e-05]
[0.00021654052704872528, -0.000133758187192079]
[0.0002089791600345947, 0.00030901204504289737]
[-8.925307055818177e-06, 0.00027778658232557873]
[-3.774194373462603e-05, -8.313420465472232e-05]
[0.00029466392112170725, -0.00011413397704229666]
[0.00029495088067321706, 0.00025436018288893525]
[-1.9042321824147557e-05, 0.000297551344123681]
[-5.582404016829523e-05, -0.00010269553837449763]
[0.00032943311300748235, -6.354816580123046e-05]
[0.00033389175793174797, 0.00019244960456687998]
[-5.79573441601422e-05, 0.0002477467704381578]
[-8.383983945092766e-05, -6.549955730772439e-05]
[0.0002992091385140838, -4.9111196063253426e-05]
[0.0003037114870643176, 0.0001873854005997322]
[-8.644485815662017e-05, 0.00014609932911657797]
[-9.061766824230988e-05, 1.1194195718128297e-05]
[0.00028585772635103535, -2.6802048350149654e-05]
[0.000290177715907447, 0.0001748698926487824]
[-7.752288981784095e-05, 0.00011052894635232846]
[-6.638986636520183e-05, 3.6865614806758096e-05]
[0.00031189692743993636, 4.369807562132344e-05]
[0.00031566716732345235, 0.00010540931981828372]
[-8.574359974766743e-05, 0.00012943274694321438]
[-7.220805327556867e-05, 3.90699325845123e-05]
[0.0003249389490953547, 9.045063982168755e-05]
[0.0003253276341825262, 5.138427745421392e-05]
[-0.0001243316486613244, 9.539837815394914e-05]
[-0.00011604677876120295, 9.858130115047992e-05]
[0.00031615055534219005, 8.371438786008989e-05]
[0.0003093192243466131, 4.7664675852029936e-05]
[-0.0001244276520325771, 2.450342478210743e-05]
[-0.00012409592517415025, 0.00016574193898277224]
[0.00030813875551313763, 0.00010854054874642749]
[0.0002931921004887261, 2.1146527352966515e-05]
[-7.093500764537852e-05, 3.351070798407463e-06]
[-7.817389796915819e-05, 0.00015886039723100875]
[0.00028541377283863856, 0.00018099395492277015]
[0.00026654466176512237, -4.0882860044000324e-05]
[-3.1120816331164924e-05, -7.083317312139847e-07]
[-3.971009730342756e-05, 0.00013883409547776893]
[0.00024359544258589771, 0.00020658559592263287]
[0.00022515976831871676, -6.24002546436575e-05]
[-3.0010876213792947e-05, -5.602507086807651e-05]
[-2.9656952510059842e-05, 0.00018677099203813496]
[0.00022220960563862358, 0.00017996091325983565]
[0.0002034752809563778, -5.23094490552517e-05]
[-2.8627137063697017e-05, -0.00010836932073532424]
[-1.34319547023809e-05, 0.0002430663753145712]
[0.00022177545721402403, 0.000196907608337904]
[0.00020199717718116794, -8.846620276214967e-05]
[-1.0636084959325665e-05, -9.615117915307003e-05]
[1.5103756463741291e-05, 0.0002379840413639922]
[0.00019108224291120024, 0.0002509270830778343]
[0.0001760995884138028, -0.00013873020774513023]
[1.5737861137177234e-05, -8.040707205597686e-05]
[3.9663548171697816e-05, 0.00022349460962467482]
[0.00012808734040498093, 0.00024973441139619634]
[0.0001231368310131431, -0.00011651199885095997]
[5.80013073036012e-05, -0.00010874946427683052]
[6.896385422605622e-05, 0.00024179118667238403]
[8.482961128852828e-05, 0.00021203321116347595]
[8.326842572903281e-05, -6.596162178741649e-05]
[0.00010625640706559553, -0.00011848671621783602]
[0.00010556593080679466, 0.00023920688088291397]
[7.130814057360046e-05, 0.00022387621753106046]
[5.9524196717841704e-05, -8.165513885194375e-05]
[0.0001265784550490423, -8.540941199464136e-05]
[0.00012767992150880536, 0.00020390754283816648]
[5.565935942086764e-05, 0.0002556017802847199]
[2.8825993132225447e-05, -0.0001240492345883082]
[0.00012820170247096474, -8.061511218265122e-05]
[0.00013956824315336513, 0.0002013727990071157]
[3.3007403528434454e-05, 0.00022771642828978145]
[8.772630920271529e-07, -0.00010634564446035735]
[0.00015352427658815726, -0.00010853548358158438]
[0.00016668245356454836, 0.00022205219409961868]
[1.0645706420925327e-05, 0.00017355572339405878]
[-1.0735908568482166e-05, -5.909830435846253e-05]
[0.00019357278125309296, -8.720066079459521e-05]
[0.00019627680070766207, 0.0001872535799805064]
[-2.3885779280363728e-05, 0.0001594521406792504]
[-2.5101882913158846e-05, -4.411880936761037e-05]
[0.0002071571118923421, -2.270138428328572e-05]
[0.000202392116654862, 0.00011757512546750615]
[-6.113752664516081e-05, 0.0001539075535881007]
[-4.891617839614115e-05, -3.086584486666766e-05]
[0.0002036679346751058, -3.5449630242379015e-06]
[0.00020471210998834755, 0.00010230645451325682]
[-6.761905896374154e-05, 0.00011833510002168257]
[-6.0844202049464835e-05, 1.031038499325898e-05]
[0.00021391675031967594, -2.2973820907656872e-05]
[0.00022484667231559285, 0.00012419449311765196]
[-5.4528131680525727e-05, 9.503294313006894e-05]
[-6.409618999614342e-05, 3.2818108676002655e-05]
[0.0002231792418396772, 1.2621735957507596e-06]
[0.00023421768036835378, 9.917964197447837e-05]
[-6.199923598038115e-05, 9.86125381506886e-05]
[-7.743712295177341e-05, 2.569537159291535e-05]
[0.00021442281621286696, 6.14211901891204e-05]
[0.0002137036870636655, 3.995062937323102e-05]
[-7.65797141079605e-05, 6.861260521764945e-05]
[-8.092920330979303e-05, 5.0203034832663196e-05]
[0.0002120274407015517, 8.851051866440654e-05]
[0.0001959459534718877, 1.2828624281451505e-05]
[-6.160555667111822e-05, 1.4546966046746768e-06]
[-5.411941167138279e-05, 0.00010826488848912283]
[0.00022091120153391874, 8.990808940456674e-05]
[0.00019730381254845497, 4.538827390543343e-06]
[-3.989986268790324e-05, -2.7090928200079745e-05]
[-3.272893653472053e-05, 0.00012972206536032704]
[0.00020647530175099682, 0.0001097549854642832]
[0.00019042287312326378, -2.553883523004341e-05]
[-4.574304511895111e-05, -9.04026318127027e-06]
[-4.380444417449725e-05, 0.00011314831000708292]
[0.0001717403019851904, 0.00012994236889932176]
[0.0001713851392728949, -5.016777359689861e-05]
[-4.801314247634969e-05, -1.6751569672533717e-05]
[-4.511424657832608e-05, 0.00012499266679899534]
[0.00015617637971904186, 0.00012880671695081336]
[0.00016185179124122984, -4.415430103612422e-05]
[-1.5214409165437148e-05, -5.994719013380223e-05]
[-6.342751459942342e-06, 0.00016438387579835456]
[0.00014956612852033008, 0.00014272239964563393]
[0.00014521884417784126, -4.741408869246566e-05]
[1.6997599174506384e-05, -7.964680292749104e-05]
[3.0512021531370337e-05, 0.0001746718684428883]
[0.0001152592117300566, 0.00018197782325601874]
[9.878310198851992e-05, -7.774231948665111e-05]
[2.226275809058542e-05, -6.956255735060535e-05]
[3.637940535727857e-05, 0.0001608959978924851]
[7.881916847579662e-05, 0.00019336777396755656]
[6.071903839993675e-05, -9.028982953990239e-05]
[3.544792682848297e-05, -7.043903678625313e-05]
[4.48057893276399e-05, 0.0001659019762526026]
[7.99381575871394e-05, 0.0001638795971409257]
[6.573911634877305e-05, -7.27096537152935e-05]
[7.002471567385538e-05, -7.856328931765688e-05]
[7.1008835163755e-05, 0.00017623988450266026]
[8.164160912432772e-05, 0.00014776997516641188]
[6.873664118944856e-05, -6.739942910560792e-05]
[8.940348959840527e-05, -6.972804741300909e-05]
[8.671165540746761e-05, 0.00015995759328457648]
[3.914562889628659e-05, 0.00016057790184342835]
[2.7725102161216264e-05, -7.819586012636215e-05]
[9.387463895815795e-05, -6.159445425214446e-05]
[9.700372438042892e-05, 0.0001379697551224246]
[-7.850324831124023e-06, 0.0001593607047371201]
[-1.4371124058776275e-05, -6.621854233912483e-05]
[0.00012063009715443385, -6.858011554694565e-05]
[0.00013119259143390405, 0.00013536268554398961]
[-1.3428506167922905e-05, 0.00013514588121288362]
[-1.6805050553569956e-05, -3.6556993936814886e-05]
[0.0001515432550806689, -6.13922336878403e-05]
[0.0001625083710690145, 0.0001308603681425824]
[-1.0288573625560904e-05, 0.00011998165987325837]
[-1.5139988364332169e-05, -2.6517691568583857e-05]
[0.000142771662000718, -2.885504284677598e-05]
[0.00015026429410402997, 0.00010971133567871938]
[-3.0968444531542794e-05, 0.00011385000506389242]
[-3.680084259696792e-05, -2.7795709761857523e-05]
[0.00012513780117823226, -4.459398512117463e-06]
[0.00013018870273814875, 9.20852148051654e-05]
[-4.4912692356582906e-05, 9.381429484349446e-05]
[-4.8766827473678553e-05, -8.208009255716853e-06]
[0.00015137304729065382, 1.1172296357497835e-06]
[0.00015131319202676963, 8.003554606266297e-05]
[-3.854087980340731e-05, 6.819457370621507e-05]
[-4.107760665883475e-05, 2.3155018352483125e-05]
[0.00018779530133167244, 1.5121831933861962e-05]
[0.00017889670990567375, 5.2549466528439837e-05]
[-4.681833112862854e-05, 5.3256782458488416e-05]
[-4.937093088278055e-05, 4.117216801102774e-05]
[0.00017757943215690464, 4.0257209522831516e-05]
[0.00016563119755637346, 1.9743333964705734e-05]
[-6.557455135086654e-05, 3.712579366649954e-05]
[-6.690081126795033e-05, 5.135196258099217e-05]
[0.00014773621042483281, 5.341131380272139e-05]
[0.00014336406224375875, 9.235838779056427e-06]
[-5.0944007150943715e-05, 1.275406299050541e-05]
[-5.098363831212982e-05, 6.484620781578576e-05]
[0.00014525597771442023, 5.9215421635339105e-05]
[0.0001488750337312883, 1.0182459861313164e-05]
[-1.9026958722800913e-05, -4.048619019814126e-06]
[-1.86778054944714e-05, 7.614726872817723e-05]
[0.00014738172256290039, 7.800600385099443e-05]
[0.0001492321136441488, -5.527363760582382e-06]
[-2.3154109508927156e-05, -1.3088420170448423e-05]
[-1.870002507718682e-05, 8.896836657534823e-05]
[0.00012673901582038738, 0.00010197012640679459]
[0.000120594343361341, -3.1732001165019064e-05]
[-4.38471491842618e-05, -3.0424341286014456e-05]
[-3.123765318335803e-05, 0.00011265777483351891]
[0.00011245915669715056, 0.00011464182880084606]
[0.00010074386818592629, -4.748339815743852e-05]
[-2.4346881950410015e-05, -4.7787167324730984e-05]
[-9.859712010618082e-06, 0.00013107228180896102]
[0.00011612919626302967, 0.00012084506682918938]
[0.00010399624186818723, -5.311979721933646e-05]
[1.7574877950343737e-05, -4.744549036694856e-05]
[2.21663122625948e-05, 0.00012568844598848106]
[9.91548566167122e-05, 0.0001248282452259719]
[9.030703142848262e-05, -5.4346313082986875e-05]
[3.0239057497105648e-05, -4.280545213364295e-05]
[2.456671522577114e-05, 0.00011360546441852026]
[5.9943742661494603e-05, 0.00012088817530032589]
[5.487372404225366e-05, -5.041313188169916e-05]
[2.8820282954358442e-05, -5.303477536041171e-05]
[2.5423909870678912e-05, 0.00011730098504244635]
[4.50823213427598e-05, 0.00011833599222688118]
[3.9121709956457806e-05, -5.093860290831739e-05]
[5.0130571229184406e-05, -6.549835121016923e-05]
[5.77894710450666e-05, 0.00012641325980561335]
[5.2270010555549584e-05, 0.0001282114380456445]
[4.055293447779995e-05, -6.231007840251657e-05]
[7.283212774256143e-05, -6.39128887279794e-05]
[8.741744004986396e-05, 0.00012511328726794169]
[3.394271029288909e-05, 0.0001320373663323826]
[2.056986352979434e-05, -6.46827080997836e-05]
[7.21000909273406e-05, -5.5319993870456274e-05]
[8.43799860121286e-05, 0.00011814591604997204]
[-3.3181201569698615e-06, 0.00011273573066386544]
[-8.649752947606504e-06, -4.4326588201692996e-05]
[7.718217501415103e-05, -4.404758415837984e-05]
[8.208122188937961e-05, 0.00010761667440971345]
[-1.3714134265457867e-05, 9.204731400375143e-05]
[-1.0229236276249054e-05, -2.357410722621245e-05]
[0.00010515049814651539, -2.5338511556394216e-05]
[0.00010360666915509853, 8.850137833465999e-05]
[-6.359189100635376e-06, 9.07061835052625e-05]
[-4.647028681470378e-06, -2.02457222661101e-05]
[0.00012158815774299114, -1.20406846434995e-05]
[0.00011898124852631475, 7.267574871505644e-05]
[-2.027400096804577e-05, 9.01382429031039e-05]
[-2.774119862183899e-05, -1.6822019129447696e-05]
[0.00011430924649225016, -1.6024982777099184e-05]
[0.00011581983842312571, 7.095839728404885e-05]
[-4.1269753231619466e-05, 7.317119687913487e-05]
[-5.320232524864271e-05, -1.0866191340608289e-06]
[0.00011668064314962479, -1.4285879529118972e-05]
[0.00012090350582749654, 6.418819459774825e-05]
[-3.687252797895946e-05, 5.3802989912865584e-05]
[-4.4261908444420683e-05, 1.2349068527373053e-05]
[0.00013231595309470823, 1.3143240887081298e-05]
[0.00013275798038336895, 3.799069368948249e-05]
[-2.5957424901190684e-05, 3.916761990352402e-05]
[-2.5339324397022356e-05, 2.1276135293679665e-05]
[0.00012838350403354681, 4.058983016508311e-05]
[0.00012323683785776113, 1.5477655878948227e-05]
[-3.555466938487406e-05, 1.826837727684355e-05]
[-2.94117121015236e-05, 4.0669404706483725e-05]
[0.00010984646261101572, 4.3835145437928075e-05]
[0.0001048230368328601, 1.236681576471943e-05]
[-4.534553729754198e-05, 4.136300280066507e-08]
[-3.835155650463995e-05, 6.209428933832278e-05]
[0.00011059510566846509, 4.5158315838400576e-05]
[0.00010985275271235828, 5.611238926755968e-06]
[-3.489924039282166e-05, 1.2767980027694747e-06]
[-3.0982667092782634e-05, 6.651209692831728e-05]
[0.00012107545568190714, 6.43146332965916e-05]
[0.00012135992091788506, -1.6094807856359417e-05]
[-2.287156939184687e-05, 2.5841725695974205e-06]
[-2.2385377791825367e-05, 6.740887076206459e-05]
[0.00010794079914921983, 8.073964305725656e-05]
[0.00010434717787841108, -2.825478129386827e-05]
[-1.917456539246576e-05, -2.0135994744735486e-05]
[-1.886423564356754e-05, 8.36510565775106e-05]
[8.192919803472198e-05, 8.270038101118593e-05]
[7.417246890417672e-05, -2.5044519457721737e-05]
[-5.416814746556087e-06, -4.399531363347142e-05]
[-2.7743947887404197e-06, 9.687150016552196e-05]
[7.334021415664194e-05, 9.005275418327852e-05]
[6.39948902499965e-05, -3.235973366172429e-05]
[1.5769600314241572e-05, -4.156908702335205e-05]
[2.0100659648025765e-05, 9.073103504697588e-05]
[7.37367832175373e-05, 0.00010329425554422844]
[6.465399382446502e-05, -5.029548549839724e-05]
[2.01788588313212e-05, -3.470895976553923e-05]
[2.527168322563611e-05, 8.90194448113224e-05]
[6.112890840043184e-05, 9.935038738343588e-05]
[5.356953080973281e-05, -5.184360758386797e-05]
[1.554415750378013e-05, -4.659334424494087e-05]
[2.1883667530857298e-05, 0.0001047121308992878]
[4.2611264602893106e-05, 8.678129454303685e-05]
[3.776989931014718e-05, -4.0752964089292576e-05]
[3.0280793943765483e-05, -5.389953805068348e-05]
[3.720452746724945e-05, 0.00010800388620274548]
[2.925316778097653e-05, 9.284785029695097e-05]
[2.6996962019243398e-05, -4.111094377906577e-05]
[5.769245784675858e-05, -3.967199962384704e-05]
[6.279933504382829e-05, 8.747924192720191e-05]
[1.3546742234193943e-05, 0.00010402394106401314]
[1.1866215055014728e-05, -4.363902667470221e-05]
[7.02106182812745e-05, -3.031909455042392e-05]
[7.289380467939699e-05, 7.631563013849041e-05]
[-2.649090475786986e-06, 9.20190997500403e-05]
[-6.503348086328575e-06, -2.9784166142604596e-05]
[6.986065523245655e-05, -3.7569858916342014e-05]
[7.240400482569354e-05, 8.533521200550231e-05]
[-5.049702768739062e-06, 7.3683079093112e-05]
[-1.2614743541417006e-05, -1.853793757815303e-05]
[7.542485320299191e-05, -3.370999527718688e-05]
[7.924746510679093e-05, 8.292367416717905e-05]
[-1.3886323426692826e-06, 7.451713927186798e-05]
[-1.0823407934790197e-05, -2.59707125770392e-05]
[8.586310180414003e-05, -1.2995759678946506e-05]
[8.900601572209288e-05, 6.135005102114732e-05]
[-1.2131134179638181e-05, 7.31690062740209e-05]
[-1.8450617458407037e-05, -2.3701393104036406e-05]
[9.295011100640682e-05, -3.4003881244533407e-06]
[9.264820871671131e-05, 4.770157689490406e-05]
[-3.0763654581191825e-05, 4.814680488013281e-05]
[-3.0515417204804614e-05, 5.302770460327046e-06]
[9.949972771161608e-05, -4.688370187105884e-06]
[9.623756839000075e-05, 4.353148301100909e-05]
[-3.6358838290395656e-05, 2.7015270183672335e-05]
[-3.195878923045736e-05, 2.7218555179064907e-05]
[0.00010338271099644136, 9.194521843891579e-06]
[0.00010127895576772517, 2.821171643707654e-05]
[-3.097016547115583e-05, 3.089145416301786e-05]
[-2.8255961010137387e-05, 2.1988625310664922e-05]
[9.667428792692334e-05, 3.0036281477574533e-05]
[9.903075056427735e-05, 1.1883065066831122e-05]
[-2.817472015670397e-05, 3.1370427352871155e-05]
[-2.97648683151297e-05, 2.089446383007898e-05]
[8.744771027091591e-05, 3.2862226711047327e-05]
[9.186226360616279e-05, 1.3514142826034914e-05]
[-2.6721561303080787e-05, 9.685215287824622e-06]
[-2.9522299486939296e-05, 4.176739924596773e-05]
[8.867560955461151e-05, 3.330926111239085e-05]
[8.849446476177913e-05, 1.2191748776285705e-05]
[-2.24226488447464e-05, -8.499118691607244e-06]
[-2.1656671436609543e-05, 5.8249891523143305e-05]
[9.198447543873334e-05, 5.534731257583747e-05]
[8.402898294024297e-05, -1.3106085545611101e-05]
[-1.9525009517185055e-05, -1.0386030017961456e-05]
[-1.4214730350153859e-05, 5.917507314756598e-05]
[8.40776906849694e-05, 7.590234005339092e-05]
[7.297325372435104e-05, -3.4927409768459317e-05]
[-1.55543763309951e-05, -1.7409233274402747e-05]
[-9.763176150895392e-06, 6.568209879961873e-05]
[7.175940739900105e-05, 6.864604935599358e-05]
[6.467130557815531e-05, -2.8266994370758358e-05]
[-3.7062369208085144e-06, -3.147552509119578e-05]
[-1.8348439765336622e-06, 7.772519227353114e-05]
[6.377878262184278e-05, 5.8028938839105315e-05]
[6.263239238935014e-05, -1.9185017170297858e-05]
[8.524689739664026e-06, -3.132068569333679e-05]
[7.694548828263148e-06, 7.499042250291854e-05]
[5.347366471397663e-05, 7.07945942952648e-05]
[5.414049787588748e-05, -3.1379848989265824e-05]
[1.248238278206415e-05, -2.4946961998895123e-05]
[1.4854200291895825e-05, 6.762395468129512e-05]
[3.902583609066701e-05, 8.626839346347753e-05]
[3.6481639330065985e-05, -4.26962209695847e-05]
[1.8207911166731594e-05, -3.5763541627962386e-05]
[2.638500045781811e-05, 7.80198642565677e-05]
[3.0262786511775497e-05, 8.286288275136111e-05]
[2.3158544680018656e-05, -3.595919143413451e-05]
[3.326450809990056e-05, -4.8791629881361764e-05]
[4.253602919124244e-05, 8.988026901497748e-05]
[2.5530916041870133e-05, 7.653045192224095e-05]
[1.703043466216858e-05, -3.0777803945059024e-05]
[4.4836818393900746e-05, -3.736335596205009e-05]
[4.9235350655041366e-05, 7.840358601785002e-05]
[1.4694883016364013e-05, 7.793555578466949e-05]
[9.223367222421786e-06, -3.5510336474309234e-05]
[4.712331328804442e-05, -1.851296476892972e-05]
[4.6424774556408366e-05, 6.0997416424624085e-05]
[3.0367389755869834e-06, 7.13326185584201e-05]
[1.1923068950758786e-06, -3.056079447166793e-05]
[5.4618861136015995e-05, -2.0387633314897236e-05]
[5.298222634511629e-05, 6.155089816909515e-05]
[-1.0238997497080682e-06, 5.704782496224192e-05]
[-3.0688819103730225e-06, -1.541488624760487e-05]
[6.989850767954997e-05, -2.881388603559465e-05]
[7.055133665456736e-05, 6.405937213541102e-05]
[-7.39182735384758e-06, 5.4933606570939375e-05]
[-1.2009170429205795e-05, -1.106437764109014e-05]
[7.621364019178012e-05, -1.979137232960282e-05]
[7.9654965108783e-05, 5.0088981183638026e-05]
[-2.1642601140459128e-05, 5.882375197552303e-05]
[-2.6064527713323682e-05, -1.3381884618302031e-05]
[7.23423033640036e-05, -4.411578808377267e-06]
[7.69892723420651e-05, 3.621406339165967e-05]
[-2.7165484422178587e-05, 4.586094249555035e-05]
[-2.8111716932788244e-05, -1.859194032713396e-06]
[7.37634984870339e-05, 1.7696974309588942e-06]
[7.66797505221406e-05, 3.5448230480857046e-05]
[-1.8560337804479632e-05, 2.463420813225703e-05]
[-1.7165315174316742e-05, 1.5772517387269147e-05]
[7.914270691078418e-05, 9.433291897287255e-06]
[7.845229317604563e-05, 3.0495125406759804e-05]
[-1.6908950875194062e-05, 1.894473555674736e-05]
[-1.594747599659163e-05, 2.050071234371842e-05]
[7.72212570291364e-05, 2.4382233320074942e-05]
[7.428296542487389e-05, 1.304996970408201e-05]
[-2.8295043559445343e-05, 2.0906143329210702e-05]
[-2.7938629122092884e-05, 2.215686177464704e-05]
[7.540787446957964e-05, 3.198255186704496e-05]
[7.250033194894367e-05, 6.197004258495786e-07]
[-3.047754981951034e-05, 1.0063886991387716e-05]
[-2.9931088728923916e-05, 3.607535115427579e-05]
[8.114332151096249e-05, 3.121974558756291e-05]
[7.824182881344122e-05, -1.3983349374871445e-06]
[-1.7429052639260367e-05, -5.7819621555044165e-06]
[-1.7311140979470174e-05, 4.910151952963737e-05]
[7.819596966626707e-05, 3.871000034305627e-05]
[7.473505074850895e-05, -7.337690292152921e-06]
[-9.218447328596113e-06, -1.110131449355567e-05]
[-9.38805389649744e-06, 4.79120689377277e-05]
[5.90798741686438e-05, 5.284001039623787e-05]
[5.6431225261735496e-05, -1.7542474116505336e-05]
[-9.675391962560287e-06, -1.3811839792231273e-05]
[-7.924130650815986e-06, 4.702024850256059e-05]
[4.707123169294704e-05, 5.7470650894238685e-05]
[4.574355052042872e-05, -2.0538582561738933e-05]
[-3.7389359649753207e-06, -2.3193887532801938e-05]
[1.0414081758058913e-06, 5.827323964096784e-05]
[5.291744334014192e-05, 5.608899448694693e-05]
[5.02222367069205e-05, -2.1530367023098185e-05]
[5.6428437417987976e-06, -2.9363807959814636e-05]
[1.1736363738967803e-05, 6.83782276319489e-05]
[5.243807573357406e-05, 6.210889945890141e-05]
[4.678914733788342e-05, -3.0156739885156547e-05]
[6.861705568239618e-06, -2.691189970632779e-05]
[1.2097066788688271e-05, 6.721492709316212e-05]
[3.413997163786986e-05, 6.908404297877035e-05]
[2.8515589513361528e-05, -3.599101158791029e-05]
[1.1693064898954386e-05, -2.6013959526602348e-05]
[1.4807579425346606e-05, 6.341050548361316e-05]
[1.990843953288135e-05, 6.547516875118897e-05]
[1.721488479350386e-05, -2.882458013717809e-05]
[3.140801895545886e-05, -2.9069877014398227e-05]
[3.170355472159603e-05, 6.181957706864749e-05]
[1.8863583661540145e-05, 5.926292868962957e-05]
[1.7128461309245946e-05, -2.0970239111017808e-05]
[4.620407597827336e-05, -2.792611042368165e-05]
[4.520721156681118e-05, 5.800089120022722e-05]
[1.3249743277210513e-05, 6.019835152826225e-05]
[9.078722404867734e-06, -2.3703950220554937e-05]
[4.127906869005882e-05, -2.4453099804089273e-05]
[4.311622300109952e-05, 5.485440845409695e-05]
[6.033581047004688e-07, 6.081355853737244e-05]
[-5.553185040196862e-06, -2.7136631026630775e-05]
[3.819506934511427e-05, -2.4746500209553435e-05]
[4.437089660053878e-05, 5.6234283914042074e-05]
[-3.324744439175964e-06, 5.41141443849702e-05]
[-8.28158318960659e-06, -2.1326552256438827e-05]
[5.273143127040858e-05, -2.1890913896260855e-05]
[5.864496654889306e-05, 5.319169745998664e-05]
[-3.42270282130408e-06, 4.575845963639136e-05]
[-5.058875532593099e-06, -1.1394074415915778e-05]
[6.473338477880342e-05, -9.804283236825029e-06]
[6.552328304051946e-05, 4.0055744609746036e-05]
[-1.5024927101370267e-05, 3.911384428509357e-05]
[-1.3454814849128693e-05, -2.5491474809347103e-06]
[6.105981153553541e-05, 1.4716696903824267e-06]
[5.842916971626755e-05, 2.8013093593404204e-05]
[-2.637177605518959e-05, 3.171602583251776e-05]
[-2.4036476496493153e-05, 5.74922299101388e-06]
[5.9855577453471476e-05, 4.088865738521852e-06]
[5.8879569670572396e-05, 2.4980214466036044e-05]
[-2.0372502891274902e-05, 2.6277811622898994e-05]
[-2.1106169727891366e-05, 1.0689821597478777e-05]
[6.863443401489838e-05, 6.059603506858302e-06]
[7.034155390145402e-05, 2.2572928360331534e-05]
[-1.1867037671142722e-05, 2.395761061624313e-05]
[-1.6585102281641007e-05, 1.1943400692771e-05]
[6.944027416788678e-05, 1.384648926899823e-05]
[7.064299396461471e-05, 1.4355454297176884e-05]
[-1.8284219037656424e-05, 1.6127124445236563e-05]
[-2.230749293959111e-05, 1.8110750278577115e-05]
[6.0012526472835725e-05, 2.3070059169336132e-05]
[5.8362639870329636e-05, 4.888036612915592e-06]
[-2.429618567487829e-05, 8.22962911754821e-07]
[-2.2681827902652774e-05, 3.1183531245277535e-05]
[5.840018110678247e-05, 3.143281397915976e-05]
[5.437196160562596e-05, -3.458922246132347e-06]
[-1.518466406182084e-05, -9.378015162653242e-06]
[-9.458667957318312e-06, 4.025324825457366e-05]
[6.261797945597558e-05, 3.958689681338168e-05]
[5.8304408941944885e-05, -1.1596816883008287e-05]
[-7.072767202354058e-06, -9.404759028275311e-06]
[-2.720763120717118e-06, 4.1588881975473946e-05]
[5.539646371932605e-05, 4.287941097191883e-05]
[5.319123641286949e-05, -1.5417279030482955e-05]
[-1.0878646838630157e-05, -9.892018958996326e-06]
[-9.786993033750191e-06, 4.4105395957477755e-05]
[4.261905082194456e-05, 4.136074487912263e-05]
[4.297185729857517e-05, -1.4512514868617737e-05]
[-9.078579380900065e-06, -1.568466550913583e-05]
[-8.603111436022992e-06, 4.971185294899705e-05]
[4.037442488959153e-05, 4.5563800531556176e-05]
[4.0176436672645366e-05, -1.7615759153877253e-05]
[6.181160904686345e-06, -2.0446703666299193e-05]
[8.182954953472876e-06, 5.173452892121011e-05]
[3.989146533411869e-05, 5.647203707020987e-05]
[3.5748425605108824e-05, -2.5585050041465607e-05]
[1.6612428809015256e-05, -2.358002472929721e-05]
[1.9766196139137104e-05, 5.180418606076653e-05]
[2.7684818334983152e-05, 5.9930921376710744e-05]
[2.073438720989751e-05, -2.763174375847166e-05]
[1.5875295189371474e-05, -2.7979832298824503e-05]
[1.9192239541943046e-05, 5.488148238567969e-05]
[1.6155807342613238e-05, 5.276596578344256e-05]
[1.0607813437327196e-05, -2.3088753431006054e-05]
[1.9581530284723536e-05, -2.762975507625276e-05]
[2.2371049738900695e-05, 5.538577033566139e-05]
[1.712659317917517e-05, 4.8486369353062386e-05]
[1.4617412999795576e-05, -2.2574340096864765e-05]
[3.035641929263755e-05, -2.012305131282588e-05]
[3.218723850639815e-05, 4.933268566731375e-05]
[1.5605784092098673e-05, 5.032754825218255e-05]
[1.4319281443464504e-05, -2.4535648220358475e-05]
[3.559346581949452e-05, -1.6773379160756052e-05]
[3.708957732884155e-05, 4.52210418861454e-05]
[7.446572261871065e-07, 4.80802989838193e-05]
[-7.250412076553747e-07, -1.862731581531163e-05]
[3.7598442935507514e-05, -2.0869304432173663e-05]
[3.996905186254458e-05, 4.5802625449432866e-05]
[-1.1463398961020221e-05, 4.2282910775154336e-05]
[-1.291654634980044e-05, -9.453052812267992e-06]
[4.652823730118272e-05, -1.8512170207762857e-05]
[4.950860530222867e-05, 4.096696757135976e-05]
[-9.9790804679728e-06, 4.0898915026232885e-05]
[-1.1653172474090923e-05, -7.83044510427322e-06]
[5.431084717766321e-05, -6.378703431675348e-06]
[5.6319490694928254e-05, 3.067694223601869e-05]
[-7.557093400500925e-06, 3.8276608987586336e-05]
[-1.0141578893162976e-05, -7.688241620618097e-06]
[5.0737686963342465e-05, 6.755375538541886e-07]
[5.125108819151181e-05, 2.7024976997136463e-05]
[-1.2423130932470716e-05, 2.704455359604438e-05]
[-1.5226640293769522e-05, 6.023899610796413e-07]
[4.734017200866414e-05, 1.0844892917027948e-07]
[4.705692605390388e-05, 2.7322184612588868e-05]
[-1.6048082534220187e-05, 1.711088036993047e-05]
[-1.7407049610285164e-05, 9.812504934550437e-06]
[5.514534038434868e-05, 5.881699206067292e-06]
[5.410929151583588e-05, 1.7594102591833582e-05]
[-1.608140354344978e-05, 1.6095891917866645e-05]
[-1.541272146227124e-05, 1.3081829632666242e-05]
[6.195765891320315e-05, 1.7548525737098863e-05]
[5.9912650861249084e-05, 2.9382489045159943e-06]
[-1.8791518691441134e-05, 1.2429959344265051e-05]
[-1.701774326816341e-05, 1.888727712873184e-05]
[5.618349536956613e-05, 2.144807363277032e-05]
[5.4373849184441436e-05, -4.831762672463658e-07]
[-1.994219198115689e-05, 5.815443615674737e-07]
[-1.83924948187926e-05, 2.9321921842591532e-05]
[4.73642319570311e-05, 2.0964392278138844e-05]
[4.741519940495986e-05, 2.4369466542009666e-06]
[-1.2488624961101702e-05, -5.705103725495153e-06]
[-1.18700331541155e-05, 3.226213667548161e-05]
[4.5166166525806295e-05, 2.9137142630419888e-05]
[4.622104529478088e-05, -3.501959024598822e-06]
[-4.661116194182302e-06, -3.218068385546502e-06]
[-4.315235070245782e-06, 2.8941873607968294e-05]
[4.420647720426718e-05, 3.986455841548109e-05]
[4.331980881288125e-05, -1.357580729050012e-05]
[-5.37316462362325e-06, -7.713364139388251e-06]
[-3.6370355265546994e-06, 3.534530279875048e-05]
[4.032432458350721e-05, 4.100162966368809e-05]
[3.600366431483898e-05, -1.6263622147329182e-05]
[-6.203196954476797e-06, -2.016167763516097e-05]
[-2.5848668903649674e-06, 4.860350429551977e-05]
[3.7009253076591975e-05, 4.002093281135766e-05]
[3.11025058639669e-05, -1.7502563304655494e-05]
[1.803160976553142e-06, -2.2913663772883286e-05]
[5.303973202919199e-06, 4.964807669127769e-05]
[3.253116617712992e-05, 4.56645964145852e-05]
[2.832501954341815e-05, -2.327454568706866e-05]
[1.1759742612305057e-05, -1.5870287368602298e-05]
[1.2933712621253368e-05, 4.054919466445206e-05]
[2.2930542694699074e-05, 4.758616137584548e-05]
[2.181612556727275e-05, -2.3315380500599225e-05]
[1.6324732316108648e-05, -1.6487089265850713e-05]
[1.592239634062853e-05, 3.997839342678722e-05]
[1.3894064834270303e-05, 4.072897149865612e-05]
[1.3987884628252623e-05, -1.5407904430452674e-05]
[1.9617282064648967e-05, -2.3985405498166967e-05]
[2.0721650123955992e-05, 4.6575435315173754e-05]
[1.1068791086310537e-05, 3.9807056302965105e-05]
[9.325571572793567e-06, -1.4932436126186e-05]
[2.479229347632228e-05, -2.3075012364259795e-05]
[2.90210976622296e-05, 4.537170448654093e-05]
[8.586100349206038e-06, 4.8157998745523845e-05]
[4.372605773517169e-06, -2.3114841992022406e-05]
[2.8950090155965835e-05, -1.6138027077727823e-05]
[3.4323260550847556e-05, 3.928175713963089e-05]
[1.5886693252031847e-06, 4.741675484339807e-05]
[-2.5905513298118965e-06, -2.1373916050587694e-05]
[3.2987541029344536e-05, -1.4657573061122378e-05]
[3.59069755701269e-05, 3.844921076469332e-05]
[-4.397024118654724e-06, 3.384084910276752e-05]
[-6.1055560787726115e-06, -8.015132785161444e-06]
[3.941777184181261e-05, -1.29762380594034e-05]
[3.851383595487867e-05, 3.5903568286241305e-05]
[-6.398551976469213e-06, 2.6487076814629695e-05]
[-6.159242092573791e-06, -1.8777576080708513e-06]
[4.4214459125835326e-05, -3.7515350163053185e-06]
[4.1879165581709676e-05, 2.513193873843189e-05]
[-9.320904000409413e-06, 2.9773852155745573e-05]
[-9.592487827975171e-06, -5.008473499101829e-06]
[4.466276920783718e-05, 1.8561741362971285e-06]
[4.432754874654499e-05, 1.8277842413150225e-05]
[-1.3574386078657463e-05, 2.749966708578966e-05]
[-1.5647879461025416e-05, -1.3798060543301904e-06]
[4.562754493699778e-05, -2.1147069909077665e-06]
[4.78125279069902e-05, 2.109877968948029e-05]
[-1.4558299391079221e-05, 1.7115118994381895e-05]
[-1.7166723891237634e-05, 8.970483313157362e-06]
[4.820214302677511e-05, -6.746628167242363e-08]
[5.0315794793531765e-05, 1.8680479979354958e-05]
[-1.3719507440501655e-05, 1.1281028632292855e-05]
[-1.4436341594370461e-05, 1.303631690463547e-05]
[4.6683215662146615e-05, 1.4624583131284119e-05]
[4.65616823919629e-05, 5.6944043135276345e-06]
[-1.4504959834849007e-05, 9.008028822310443e-06]
[-1.23877897090785e-05, 1.4100894838831035e-05]
[4.231330840812064e-05, 2.4754320138788838e-05]
[4.0384016730454775e-05, -2.170121349259757e-06]
[-1.3802778796246501e-05, 1.1289761648589948e-06]
[-1.0655500136286591e-05, 2.2491814474872446e-05]
[4.228991883135913e-05, 2.2448840404365455e-05]
[4.0092642283273694e-05, -3.340091579463744e-07]
[-1.0147711883554122e-05, -6.042692339947031e-06]
[-8.57914596441578e-06, 3.095904049554843e-05]
[4.418785433718542e-05, 2.2497630282891645e-05]
[4.24417622807427e-05, -3.2721687674430733e-06]
[-8.449062597448709e-06, -4.438612227097849e-06]
[-8.748374405870285e-06, 3.0143227185364108e-05]
[4.020355472816872e-05, 3.094864111524709e-05]
[3.8732201215654904e-05, -1.3042897914705698e-05]
[-7.720272310718368e-06, -4.506587684929841e-06]
[-7.867440374786927e-06, 2.9316372624543785e-05]
[3.28643437992604e-05, 3.5780268090927075e-05]
[3.112576295161151e-05, -1.599575433035294e-05]
[-9.828803719108548e-07, -1.4478495003286684e-05]
[3.544606678729245e-07, 3.630999994249512e-05]
[2.851786309829296e-05, 3.4503053896739466e-05]
[2.6020221986444714e-05, -1.242103433689995e-05]
[8.233793837494723e-06, -2.186557808220302e-05]
[1.0535861192761953e-05, 4.0800384687483815e-05]
[2.4466515976317993e-05, 3.704093347794979e-05]
[2.149778056592666e-05, -1.4892575755487414e-05]
[9.950125574864632e-06, -1.7909429017637368e-05]
[1.2644758516505705e-05, 3.716548984300516e-05]
[1.8171980666004117e-05, 4.171298786743993e-05]
[1.5699667143639906e-05, -2.1143587588423607e-05]
[8.017479687205675e-06, -1.4184947798739217e-05]
[1.116895156605402e-05, 3.6398635199108575e-05]
[1.4790053575053017e-05, 3.941798487006043e-05]
[1.3044721549490546e-05, -1.9981607111378176e-05]
[1.3674150694073517e-05, -1.78726604514734e-05]
[1.6610028954949785e-05, 4.1435838023691496e-05]
[1.3598465264580417e-05, 3.48887382541907e-05]
[1.1814201717808004e-05, -1.4796747227791007e-05]
