[488.9008765981755, 616.5428923456486]
[-22.154326905134617, 12.91617235563794]
[-6.362422048952709, 4.343401912966591]
[0.08970652891120778, 0.0018778846799989424]
[-0.1831269382582832, -0.08901300782143551]
[-0.9472707293787437, 0.1699674255209347]
[-2.465121826827378, 1.0037794260310164]
[-0.029364656522089305, 0.05494397573589538]
[-0.003573898151001842, -0.015872280867796462]
[-0.8398931876232698, 0.6049014221866607]
[-0.23917738968071234, 0.33231228830813997]
[0.03560061606918907, -0.02211387641590079]
[-0.04310203966883108, -0.031981219882609935]
[-0.2612817982522415, -0.017324249313022122]
[-0.4112900669239927, 0.14702554548030378]
[0.0009525116964166358, 0.025313866095259208]
[-0.006216398095367115, 0.009668272049260906]
[-0.21929553516013778, 0.20863709184806467]
[-0.08414644312492392, 0.1478459436064865]
[-0.0044171363986196255, -0.019505507796321098]
[-0.02256869424834207, -0.02167695799864411]
[-0.13075354843916287, -0.004606331431915578]
[-0.15129598944202272, 0.057201564154420126]
[0.0070942156611231155, 0.023304620320428793]
[-0.012451554370589646, 0.005532386185269189]
[-0.08101507864938906, 0.08860858037506225]
[-0.05499230991181925, 0.08151867411553226]
[-0.011193238049169899, -0.002920097757407092]
[-0.012038807438230492, -0.01762224147167757]
[-0.08233050354141014, 0.0010512100912638545]
[-0.07322671228930311, 0.027488788330058966]
[0.016170760539305107, 0.012117563179167679]
[-0.011690538792686667, 0.0004195860523239503]
[-0.04344569820331756, 0.04049200206050241]
[-0.03653332410505583, 0.048084027777482774]
[-0.011301776009927877, 0.0030421106392131136]
[-0.004968410890977104, -0.013060314098159775]
[-0.054400571992873736, 0.007263709024350362]
[-0.03844584342104618, 0.018263389174535405]
[0.012042232049582324, 0.0015017072425864697]
[-0.009119548732831717, -0.0007236612411993804]
[-0.028655994136563834, 0.020514281066930984]
[-0.02575621781620624, 0.032472301638729384]
[-0.009423231972256252, 0.010239103649452241]
[-0.0026173993953417796, -0.0077509945267772995]
[-0.035590344179707634, 0.0071617756346809]
[-0.02336617307284783, 0.015053626434843204]
[0.007346404302078113, -0.0016570442438244015]
[-0.008867198955407218, -0.001284111689067835]
[-0.02208868089603655, 0.011734810060833212]
[-0.0198090701122684, 0.02241201377751434]
[-0.0026292429369738635, 0.012156258820747112]
[-0.0025824921861035133, -0.005480486221457137]
[-0.024688570084495154, 0.005291204355913237]
[-0.015843356721074286, 0.01215203654636432]
[0.0026537009302023407, -0.0035496098953364807]
[-0.007641159807992182, -0.0029587813056726198]
[-0.01681053072115901, 0.008097289704414035]
[-0.01459855013855238, 0.015378852350750094]
[0.0009641633638901581, 0.009772744281971057]
[-0.0017635746655964013, -0.0038132178087608715]
[-0.018544139675214066, 0.002991021663580451]
[-0.010971279540268775, 0.010151543025830545]
[-0.0015035053942136223, -0.0015061136007545883]
[-0.005873911836817847, -0.0032157647517789822]
[-0.012902852493835937, 0.005343079797814898]
[-0.010299344359673057, 0.011771152605675184]
[0.0028318180867596965, 0.007352617829443631]
[-0.002062404265339525, -0.001982413552813256]
[-0.015528547149904426, 0.0025204649557181436]
[-0.008497623492440154, 0.008957027581565136]
[-0.0020923700431203507, 0.0011104243165425132]
[-0.00483086526815768, -0.003220406902550099]
[-0.009756353875703283, 0.003483756370326496]
[-0.007980518085932253, 0.009583318859105017]
[0.0029611174213135527, 0.004421153545081935]
[-0.002829987649439536, -0.0013945444341070257]
[-0.012235478929276677, 0.002888454530019624]
[-0.0069753553832986315, 0.007038246221661049]
[-0.001612804956716285, 0.002450128970556964]
[-0.003627405408526574, -0.003158119998253328]
[-0.007854697889762896, 0.0010151870710002342]
[-0.006092630674094046, 0.007694477537400157]
[0.0017296778426940662, 0.0029240211323340315]
[-0.003098927103676541, -0.0013918158750900744]
[-0.00960195789512408, 0.0027435278451046763]
[-0.005017892220446352, 0.005672849701560789]
[-0.0007241240632653856, 0.0029103143133173415]
[-0.002600563902914521, -0.0024911736296961973]
[-0.007795488924176475, -0.00012499365601392753]
[-0.00482624560422984, 0.0067490047192484415]
[0.000763543375377651, 0.002519832489668694]
[-0.0030747799947712373, -0.0013933153271605825]
[-0.006993764565724536, 0.002730124702722936]
[-0.0038138406068287944, 0.0051097527241190654]
[-0.00025259377677212206, 0.0026583172631718943]
[-0.0023307798801342075, -0.0016412629061149375]
[-0.007350981199027884, -7.091365673472794e-05]
[-0.004311086259901842, 0.005563079680236616]
[0.00037570557026400664, 0.0025964348908762425]
[-0.002991342473209535, -0.0015010974297671176]
[-0.004754072923184083, 0.00154993833071157]
[-0.0029801205078836546, 0.004482087726267903]
[-0.00010145288285312581, 0.002385466736604114]
[-0.002421174465234377, -0.0013641626338811719]
[-0.006866123693259396, 0.000179517550682462]
[-0.003430202220296108, 0.004320261676817427]
[0.00042954008815510036, 0.0023031697162689824]
[-0.002502452736946381, -0.0015734699199290159]
[-0.003948044353663249, 0.0003476549170891019]
[-0.002348389212888602, 0.004190086522690706]
[-0.00029012767660807626, 0.002202612605739729]
[-0.002237791764404362, -0.0012263357204420622]
[-0.005932464951781069, 0.0008303371241460411]
[-0.0025397554208069772, 0.0036031581225007825]
[0.0001339420299328875, 0.001928020511959616]
[-0.002141823520438013, -0.0011015558798136427]
[-0.0036034243712603775, -0.00029759902592907395]
[-0.0021924738300471702, 0.0038607924170985797]
[-0.00024086170222537007, 0.002512843377838303]
[-0.002217981951860848, -0.0010772821791165121]
[-0.004605867020054499, 0.0009262238793784627]
[-0.001865082669998075, 0.003147322525122037]
[-6.98381773502621e-05, 0.001702691489721797]
[-0.002258025699629407, -0.0008542583910081669]
[-0.003535211060678556, -0.0005551035697544116]
[-0.0020793721577145874, 0.0032542593870221737]
[0.0002612070219250029, 0.0023802177252730816]
[-0.001983002428940006, -0.0011731306977980083]
[-0.0036102828061892467, 0.0006026563705309185]
[-0.0013624091889312684, 0.002851911649536465]
[-0.000545103701433125, 0.001466819306058742]
[-0.0021784929074049053, -0.0008361609987586061]
[-0.0033515439587512574, -0.0004226995608851425]
[-0.0017255187087221735, 0.0026293358055122784]
[0.0003961830887209139, 0.0019776390735524174]
[-0.0016041455468007726, -0.0008917497860805312]
[-0.0030248901421809915, 0.00017912064216152324]
[-0.001039402272900225, 0.0027002065229264627]
[-0.0009163102319099392, 0.0018265093861266624]
[-0.0021408637860010904, -0.0007584576907386231]
[-0.002994373297480535, -0.0002487785961604594]
[-0.001316387651678852, 0.0022988530375421257]
[0.0004774241541900537, 0.0015855176604944177]
[-0.0016022004825391178, -0.0005540168056037409]
[-0.0027137437527389174, -3.917358107785596e-06]
[-0.0010118723357009918, 0.002498825433061569]
[-0.0007227393808248994, 0.002100386394716214]
[-0.002019257905533478, -0.0008682604423406737]
[-0.002489448337352679, -0.00019475699607429675]
[-0.001074701883407192, 0.0020334497984002553]
[0.00021935896109703812, 0.0010814332724513598]
[-0.001655204100532881, -0.0004223303929451472]
[-0.002350156877013454, -0.00010287199190228691]
[-0.0008975800720212312, 0.002043440216063175]
[-0.0004826647293927344, 0.0021137775532503733]
[-0.0016881502748509747, -0.000831532171073901]
[-0.0021997254432170044, -0.00038684790869569774]
[-0.0007908970979990659, 0.0018482441439643393]
[-0.00024259442974505774, 0.0009942057805489846]
[-0.0017049498376162653, -0.0003622217660255722]
[-0.0020870495179550197, -0.00014784349854113366]
[-0.0006025812789158813, 0.0017883007120635952]
[-0.00019492304061152765, 0.001957455711823153]
[-0.0014561717607589515, -0.0005964375473503924]
[-0.0021268362364134513, -0.0003314195258471292]
[-0.0007384045286031315, 0.0017858555585162916]
[-0.0004819404513099479, 0.0011389406052493278]
[-0.001717436549275142, -0.00040206916635016077]
[-0.0016617374351901582, -0.00016523250516997656]
[-0.00046804633967933995, 0.0016274766015211828]
[-8.173945333256327e-05, 0.0016082926757155502]
[-0.0014117236438176972, -0.00035907641961463455]
[-0.0018962361026708119, -0.00021534424708535838]
[-0.000742087081555598, 0.0014763449490919345]
[-0.0005130124283362902, 0.0013048247685476522]
[-0.0016202365262105722, -0.0004883208488770663]
[-0.0013748191421030231, -0.0004705080049660637]
[-0.0002969591029384766, 0.0014746402458830632]
[-0.00016585976184702034, 0.0013079373008927364]
[-0.0014230535918151599, -0.00026119382050193707]
[-0.0017167366022332597, -9.272006844884828e-05]
[-0.0005401453925661104, 0.0012104942446815592]
[-0.00042745585502595995, 0.001330221268538767]
[-0.0013930001902404676, -0.0004662778118192934]
[-0.0013866705510323651, -0.0006210943956728165]
[-0.00025301016429724044, 0.0014566136363122345]
[-0.00035509325406524184, 0.0011672698773597112]
[-0.0013968469016019114, -0.00018377443949035843]
[-0.0013528561532156758, 7.499883369022076e-05]
[-0.00036937964661058753, 0.0010692133741248]
[-0.0003808418293510425, 0.0012927302947070146]
[-0.001292297348311551, -0.0002866527335960156]
[-0.0013749873980264393, -0.0006230135641509538]
[-0.0003428915004830557, 0.0013023963751148115]
[-0.0004050672074644712, 0.0011843219404661376]
[-0.001407072863965908, -0.0001847554032605725]
[-0.000960423139200639, -3.491178332418188e-05]
[-0.00020267935370066326, 0.0009750099826226766]
[-0.00033207618218689117, 0.0011824030389024354]
[-0.001296421540698367, -0.00023230787519123997]
[-0.001391038136249495, -0.0005216847357574217]
[-0.00034071562418214185, 0.0010513836788251796]
[-0.0003716007084786366, 0.0010737178236182032]
[-0.001259206080388875, -0.00021665864677355984]
[-0.0007763108152332165, -0.00022547198918132505]
[-9.598074991967742e-05, 0.0009730916562102898]
[-0.0004385242643143439, 0.0010916855841787143]
[-0.0012302974098728492, -0.00018533321057701002]
[-0.0012706514231975718, -0.00031040320641412267]
[-0.00024202181259541655, 0.0008363762706799505]
[-0.0004191264908226522, 0.000981601488052375]
[-0.0011398526326924507, -7.150635349785495e-05]
[-0.0007292232659130704, -0.00037598588997611593]
[-0.00010388670030203606, 0.0009793524247343477]
[-0.00044972566418777227, 0.0011733254487735767]
[-0.001227554837568673, -0.0001596595279220736]
[-0.001026347668140415, -0.000180187692621403]
[-0.0001279004344947876, 0.0007143872655790973]
[-0.0004202190788151934, 0.0008674936267947242]
[-0.0011552584319867165, 1.04365244559812e-05]
[-0.0007546565070277733, -0.0004123495774064345]
[-0.00018420756410186812, 0.0008847571851681169]
[-0.000336553900529335, 0.0011294569189799486]
[-0.0011238690435585452, -0.0002048043547837608]
[-0.0007664955779519422, -0.0001842652654878152]
[-3.684575346771246e-05, 0.0006248711130555362]
[-0.0005593208755017565, 0.0007476962667539722]
[-0.0011379914757027043, 3.812828548260816e-05]
[-0.0007553084971985147, -0.0003787627120381831]
[-0.0001641222934101183, 0.0007108692874120415]
[-0.0002849419824741961, 0.0010344107256955448]
[-0.0009732300407832017, -0.00012080254284074776]
[-0.0006393420862202959, -0.00026834132590841664]
[4.026589562400318e-05, 0.0006145116402733741]
[-0.0006743608720975736, 0.0008165194710774704]
[-0.001142130778627376, 4.103419440285028e-05]
[-0.0007217300896484313, -0.00028009604868706184]
[-0.00010228475622442446, 0.0006288016752573067]
[-0.00022702284860498523, 0.0008887912236092976]
[-0.0009212024198039792, 5.5735897328546e-06]
[-0.0005700686334819682, -0.00026532808136109365]
[-1.44512667889507e-05, 0.0005946676654626781]
[-0.0006470137176612101, 0.0008890912863444567]
[-0.0010949703250634213, -1.82617837896637e-05]
[-0.0005758082027076811, -0.00022833084935891534]
[-7.583998068216857e-05, 0.0005381220874153825]
[-0.00029069348542920537, 0.0007006422426856229]
[-0.000928721814665634, 9.482219117507018e-05]
[-0.0004875934830819162, -0.00027695537709310214]
[-2.5789114231011823e-05, 0.00046028217719795705]
[-0.0005603077043894178, 0.0009134423604101882]
[-0.0009702413592869163, -4.71576794254247e-05]
[-0.000517669904475826, -0.0002817516224240535]
[-6.538924927412815e-06, 0.0004943661110207165]
[-0.00042907850320561547, 0.000615282893694058]
[-0.0009492031926729982, 0.00012697801347377746]
[-0.00044777680478214066, -0.00023548134113537955]
[2.8612034308705958e-05, 0.000393838951056269]
[-0.0004495021345252148, 0.0008550247303444891]
[-0.0008338412809858725, 1.370906583031406e-05]
[-0.0005147094517374412, -0.00024327616684020198]
[-3.554383144278861e-05, 0.000490280218289757]
[-0.0005415257235462934, 0.00063329086590036]
[-0.0009588368725748087, 0.00012824837430536196]
[-0.00030969188417362403, -0.0001975560903992868]
[4.648098670245737e-05, 0.000344333400233765]
[-0.0003839064724395769, 0.0007431117051312497]
[-0.0007901962579478505, 0.0001114870116460942]
[-0.00047189026174493387, -0.00020320970651965808]
[-7.546377337711019e-05, 0.00038703821883290246]
[-0.0005491680234180896, 0.0006846278405625572]
[-0.0009357584418636655, 7.604456166787621e-05]
[-0.00022475951472278322, -0.0002749173762082169]
[8.596919834502614e-05, 0.00031924919988846057]
[-0.0003816884158778233, 0.00060297249645197]
[-0.0007715535572551113, 0.00014635992664002728]
[-0.0004466800743173627, -0.00012815839267099616]
[-4.4334724515010526e-05, 0.00028491226930293934]
[-0.0005243768026219897, 0.000672283186012812]
[-0.0008225513468981815, 6.680736961095501e-05]
[-0.00023224204516791858, -0.00031361545987396156]
[6.908908896474664e-05, 0.00033767203403142765]
[-0.00045966184919876696, 0.0005353773683163254]
[-0.0007508361399355401, 0.00019043578860267196]
[-0.0003332291080044847, -4.158391465619582e-05]
[7.586842794060633e-06, 0.0002173957853930375]
[-0.0004962022132839307, 0.0006606234184511339]
[-0.0007674565252462811, 0.00013605481789445706]
[-0.0002603951008839367, -0.0003119446398411885]
[-1.1194874893760698e-07, 0.0003120963736343296]
[-0.00046281168117778826, 0.0005390634836059949]
[-0.0007577533540554793, 0.00017821588304700597]
[-0.00019788858461478043, -4.7759772723365845e-05]
[6.155134914820337e-05, 0.00019037594030901772]
[-0.00045791121088728515, 0.0005873568462611001]
[-0.0007469495640807788, 0.00015270728905542041]
[-0.00029573767318877286, -0.00025025783190169015]
[-5.3959884516951995e-05, 0.00022438821107667595]
[-0.00044709642076468104, 0.00048588589741971333]
[-0.000681759208151389, 0.0001548532565365246]
[-0.00011510610603249205, -0.00011252644366327447]
[9.627453360327998e-05, 0.00019408102061735377]
[-0.0005053827349887907, 0.000533332083302418]
[-0.0007091995365906961, 0.00017798514405598098]
[-0.0002830211789298931, -0.0001532308939700966]
[-3.84803738450179e-05, 0.0001325721920082401]
[-0.00044798260288081426, 0.0004541813816956175]
[-0.0006221469401703761, 0.0002070984831740036]
[-0.00011393532811143636, -0.0001740499157599773]
[8.398106322138332e-05, 0.00022691368675920032]
[-0.0005026450082281642, 0.0005529709100383084]
[-0.0006990944349913042, 0.00017725843278126874]
[-0.000212628085653227, -5.9343731208250095e-05]
[-1.4653975353634552e-05, 8.942691766448962e-05]
[-0.00043070996671306164, 0.0003895365025776698]
[-0.0006117639282267051, 0.0002403596408411257]
[-0.00013189123287093985, -0.0001801626264728018]
[1.3344650345192832e-05, 0.00020366862578435896]
[-0.0004567166153544022, 0.0005285452673881585]
[-0.0006390708014110125, 0.00015158261308467758]
[-0.00010564670159807221, -4.2963611368851407e-05]
[1.4493726593234335e-05, 4.866376877993295e-05]
[-0.00048232587634061685, 0.00032996507548199716]
[-0.0006067285296723623, 0.0002542055227177098]
[-0.0001554252284212687, -0.00017067217127197942]
[6.446372502466602e-07, 0.00013333250106281613]
[-0.0004140822537630484, 0.000486904096844043]
[-0.0005557975785470681, 0.00017382613536542912]
[-7.288092595791884e-05, -6.797689927107164e-05]
[4.466460259212185e-05, 6.6048319981582e-05]
[-0.0005278865360092699, 0.00034369892234867305]
[-0.0006060932925935625, 0.00024214811253917]
[-0.00016293644622464298, -0.00010452389655069005]
[1.5429297324232039e-06, 0.00010362117493414869]
[-0.00037413018127252506, 0.0004076374517161252]
[-0.000503466261717378, 0.0002327526195896601]
[-5.173881154241222e-05, -5.460570781183616e-05]
[1.051441217120308e-06, 7.404780112008069e-05]
[-0.0005236884726119162, 0.0003802247242709056]
[-0.0005855444840941054, 0.00020748445072638066]
[-0.00010142705019199061, -7.192752994156226e-05]
[1.638904686407372e-07, 5.99729070619448e-05]
[-0.0003825952402976007, 0.00031429234593094435]
[-0.000500836224006429, 0.000279776790183095]
[-3.934204004196751e-05, -5.96339329262674e-05]
[-1.728331605987954e-05, 2.8189632508945905e-05]
[-0.0004694363848661842, 0.00039726172302112506]
[-0.0005235095574233073, 0.00016818720288680478]
[-8.7572492364546e-05, -8.659650408215924e-05]
[2.0473038631230178e-05, 5.1296954334589806e-05]
[-0.0004343963380455951, 0.00024738935467993883]
[-0.000499799056697503, 0.00029133532492045533]
[-4.260907177022766e-05, -2.3353717468532764e-05]
[-1.0427987817362983e-05, 6.87480863237333e-06]
[-0.0004127045126703921, 0.0003700159097376199]
[-0.00043730355987684627, 0.0001874365786984633]
[-8.992312389931312e-05, -6.538057566699701e-05]
[-7.7623179161046e-06, 5.6383515376706717e-05]
[-0.0004908913578540591, 0.0002499757244461831]
[-0.0005055489352967513, 0.0002936018272892693]
[7.1050022163454685e-06, 2.2956332228485365e-06]
[-5.884426746538551e-06, -8.772154468705828e-06]
[-0.00036165673966315204, 0.00032360607457556506]
[-0.00040898008213069437, 0.00023047518619767615]
[-8.884607369033515e-05, -4.5004336602982864e-05]
[-4.263320759242961e-05, 2.0578678349175705e-05]
[-0.0004815303339935906, 0.0002696518071326759]
[-0.0004940000913038478, 0.0002490308784313111]
[3.4953175347851584e-05, -2.180525739259309e-05]
[4.0691297422679185e-06, -4.5513020529575066e-06]
[-0.0003472015568970477, 0.0002404981609490653]
[-0.00038737156929902206, 0.00024388983468370817]
[-8.830858542951958e-05, 2.1163769141629984e-06]
[-4.885907425408731e-05, -2.9124212734599197e-05]
[-0.0004662703330894358, 0.00026077268674118415]
[-0.00042532416279733587, 0.00023257983483565559]
[2.516354755460748e-05, -4.4308720532626467e-05]
[-8.305559752619374e-06, 1.5979655850970054e-05]
[-0.0003843860327243931, 0.00020579089093708536]
[-0.00037769928240283246, 0.000267917986800148]
[-4.872847427128679e-05, 5.0981752616752196e-05]
[-2.718390882665289e-05, -6.0658938844326826e-05]
[-0.0004334802457389873, 0.0002586347515353832]
[-0.00038912760411487137, 0.00025482404416469345]
[-1.1192812722403411e-05, -4.470059780037339e-05]
[-5.301305685390112e-05, 2.6869501430187848e-05]
[-0.0003780744723631546, 0.0002035763899040921]
[-0.0003810489677340545, 0.0002515441171214716]
[1.2438975627526716e-05, 6.668039926321229e-05]
[-1.030916019900685e-05, -6.666257353327154e-05]
[-0.0004001668087471044, 0.0002113147060781584]
[-0.00036507949069194967, 0.00025681042859559966]
[-4.1979710753897725e-05, -1.2479866409398355e-05]
[-9.922813985274725e-05, -1.0680740433643976e-05]
[-0.0003695939857270014, 0.00017934134746511177]
[-0.00034012087620394205, 0.00023316071604717603]
[5.568190771221282e-05, 3.319973178811386e-05]
[7.640393203001139e-06, -5.9757492646861365e-05]
[-0.00041367142366066645, 0.00018121972466711433]
[-0.0003435072339250528, 0.00026379864673753417]
[-6.019289798184224e-05, 3.5356515643958364e-05]
[-9.648353172977964e-05, -5.1715699658227976e-05]
[-0.00035690604043861485, 0.00016593360627159548]
[-0.0003047470566439614, 0.0002482045463136004]
[4.438483099944435e-05, 4.05522466184749e-06]
[-4.231204950966294e-06, -2.185890720396433e-05]
[-0.00040364867478948074, 0.00018412469903900108]
[-0.0003313848136766995, 0.0002521933878992799]
[-3.778533836597264e-05, 9.773151110542555e-05]
[-9.350692039866715e-05, -6.923982188405259e-05]
[-0.00034167151552777324, 0.00012896460013622768]
[-0.00029141207600935637, 0.00026483521142361965]
[3.094900865829864e-05, 2.544023970374454e-07]
[-5.537703696756324e-05, -2.3152150370409075e-05]
[-0.0003741753125852121, 0.0001769630983098347]
[-0.00029845054809019, 0.00023012523249799077]
[1.2175820395476933e-05, 0.00010535039732284535]
[-7.495550285427366e-05, -8.827648362352836e-05]
[-0.00035819041364684723, 9.705700255963068e-05]
[-0.00029245367170499525, 0.00026740296941119013]
[3.699818558744461e-07, 2.882251752933662e-06]
[-7.176956993015793e-05, -4.891292198727637e-05]
[-0.00033468926955548817, 0.000155854172133707]
[-0.000246199402097802, 0.00022454541150351837]
[1.863472284302503e-05, 9.397813118133813e-05]
[-5.8443067195254605e-05, -6.566458355439231e-05]
[-0.00038101751538993645, 9.576400786626138e-05]
[-0.0002889410244261703, 0.0002543418956651444]
[-1.4854095794186728e-05, 4.768164469781677e-05]
[-8.407368601959231e-05, -5.944466039703444e-05]
[-0.00030436429418068123, 0.00011427836408950398]
[-0.00020692470288841136, 0.0002530852151974017]
[2.4907934661699827e-05, 9.562656324768604e-05]
[-8.329402126527885e-05, -5.175300550441797e-05]
[-0.00037933457829544825, 0.00012277715780645293]
[-0.00028344434560681475, 0.00022992807019760197]
[9.336248692592974e-06, 6.776892357662767e-05]
[-8.73796320760567e-05, -7.735245731890772e-05]
[-0.0002904304609029351, 6.468333424825001e-05]
[-0.00020525233030288526, 0.00027216756501280415]
[1.620889373699086e-05, 8.81908124722719e-05]
[-9.735351792039548e-05, -6.349643392355997e-05]
[-0.00034070440180788975, 0.00013354111338531593]
[-0.0002468547979728175, 0.0001918572503541438]
[1.0244371563550292e-05, 6.613375421216094e-05]
[-8.21949651213516e-05, -7.283715322742301e-05]
[-0.00031200767051769995, 1.898200029215591e-05]
[-0.00020040784969088676, 0.00027369488217585114]
[5.462535067168872e-06, 0.00010748986052855347]
[-9.891862557220854e-05, -7.16066216704947e-05]
[-0.00030648144157041646, 0.00012371335912519932]
[-0.00019169791663207906, 0.00019697869793744438]
[3.6024108286333845e-06, 7.392888018385377e-05]
[-9.848695866746665e-05, -6.159290778211257e-05]
[-0.00033958151724021446, 2.5225113707616487e-05]
[-0.00021025585915868117, 0.00026962155545484645]
[2.071501065636916e-05, 0.00011946692829922778]
[-9.372501089865981e-05, -7.244926731098111e-05]
[-0.00026329482752329714, 0.0001012889319722994]
[-0.00017234874084010032, 0.00021402466227549155]
[-8.942706631709374e-06, 8.652469563469323e-05]
[-0.00012518175007260324, -6.716831821679259e-05]
[-0.00032682547192676437, 3.732950094281762e-05]
[-0.00020541486829361855, 0.00023026193728198363]
[3.282397979653684e-05, 0.00010850879392843016]
[-9.10025887873589e-05, -6.323805310121111e-05]
[-0.00024908717497351685, 4.8892260126276454e-05]
[-0.0001546082653118841, 0.00022050362938341728]
[-1.5542530429957235e-05, 0.00011264928409571162]
[-0.00013549991136854733, -9.237709540960148e-05]
[-0.0003143104649615952, 4.064144349374965e-05]
[-0.00016676937394491387, 0.00021064242179197334]
[2.2967563061027096e-05, 8.578777408341232e-05]
[-9.297016480958042e-05, -4.4363060708083046e-05]
[-0.00026513150195262014, 3.0010563913496213e-05]
[-0.00015226386234812317, 0.00023147680965796003]
[-7.69805319189576e-06, 0.00014167205254822512]
[-0.0001223747479800405, -0.00010220164597340986]
[-0.00028259731883738, 4.526568016802873e-05]
[-0.00014360381899177193, 0.0002107639359631465]
[-7.748874691786145e-06, 8.243429632381893e-05]
[-0.00012216684854604587, -2.4132167174562014e-05]
[-0.0002590269247190191, 2.6455812046299876e-05]
[-0.00015404253994322215, 0.000216515174349452]
[2.401837930965378e-05, 0.00015754700396033994]
[-0.00011552887448817994, -0.00010024541580566648]
[-0.00025626306297935053, 2.0755687532986178e-05]
[-0.00012748348712664226, 0.00020766064342817026]
[-3.035059226283443e-05, 9.35135554189781e-05]
[-0.0001534446480547791, -4.240436639746381e-05]
[-0.00025163170913239385, 1.8720151167994636e-05]
[-0.00013404278270578995, 0.00019977578366206505]
[4.489971271492976e-05, 0.00013306493545756082]
[-9.891720672638993e-05, -8.859934780869327e-05]
[-0.00025420702564060704, 6.5366679881662115e-06]
[-0.00011844976253931605, 0.00020352366867515403]
[-5.463725436553879e-05, 0.00011771110626979109]
[-0.00015293883819031406, -6.039635941340604e-05]
[-0.0002362665723695534, 1.2145237998861802e-05]
[-0.00011020710818321344, 0.00019865360374005797]
[3.148383092477225e-05, 0.0001153601547894123]
[-0.00010614384105633867, -5.241430960911675e-05]
[-0.00024636666373201166, 8.794486967167447e-06]
[-0.00011121822902650236, 0.00019097725429706447]
[-4.5218521917779475e-05, 0.00015656461540339284]
[-0.00015316608344528165, -7.020446582814421e-05]
[-0.00022372657936918505, -6.018831341103592e-06]
[-0.00010103602504685227, 0.00020762488771633447]
[1.8571663847555264e-05, 0.00010574434829091484]
[-0.00013706778871835912, -4.3824392276292645e-05]
[-0.0002244499375692044, 1.461671234767592e-05]
[-9.859261880529324e-05, 0.00017036602454145733]
[-1.937603677842903e-05, 0.0001571756555796]
[-0.00013672589014612768, -7.8183546637689e-05]
[-0.0002238324160195454, -2.442585583417589e-05]
[-0.00010440890433754957, 0.00020257492698919077]
[-1.2227414443621853e-05, 0.00010387693206914683]
[-0.0001498128965374823, -4.8611394211445225e-05]
[-0.00019375072429117512, 5.447466762953379e-06]
[-6.608917669548298e-05, 0.0001557160581308059]
[-1.6439227482178964e-05, 0.0001488954343830673]
[-0.00012484818008825366, -5.907814307926085e-05]
[-0.000237922683968661, -2.7334998012454315e-05]
[-0.00010193272569428147, 0.00019193843190008775]
[-2.8268884173704434e-05, 0.00012946852605633108]
[-0.00015866502602113197, -5.160048775162962e-05]
[-0.00017188338709717144, -1.1223646666058684e-05]
[-4.29762959648361e-05, 0.00017045444411945]
[-1.4469133444716675e-05, 0.00014123080400291893]
[-0.00013523540840465476, -4.4122195848261825e-05]
[-0.00023406944236484262, -4.012608959311215e-06]
[-0.00010526917626102472, 0.000171016563248097]
[-2.2591441922667488e-05, 0.0001402232982611329]
[-0.0001577195710470436, -5.5431625880925095e-05]
[-0.00015319911368416594, -3.7927151381622615e-05]
[-4.475249055102548e-05, 0.0001762409337459636]
[-2.5313592841080812e-05, 0.00013299504852062882]
[-0.00014577697479101204, -4.296512954238274e-05]
[-0.00020668865439082973, 4.607835881270672e-06]
[-8.245934071657302e-05, 0.00013788213914511793]
[-2.3950650872517354e-05, 0.0001387473208850909]
[-0.00015354927123573114, -4.8461343159278414e-05]
[-0.00016584102255856603, -6.531671856635501e-05]
[-4.439899022423699e-05, 0.00017642284690475019]
[-3.4375354660776125e-05, 0.0001388372836477192]
[-0.0001459315153222729, -4.6905997361901264e-05]
[-0.00018238708414697324, 6.547623656927293e-06]
[-4.874469491355756e-05, 0.00013562232442332345]
[-3.332579594335014e-05, 0.00013572183805284424]
[-0.0001568853701472278, -3.424977698236742e-05]
[-0.00018074168620822728, -5.5560548359756545e-05]
[-5.8916985794410515e-05, 0.00016952837857558967]
[-3.175362577556573e-05, 0.0001443869130504094]
[-0.00014023279572905611, -4.139589754853512e-05]
[-0.0001465800283769747, -4.504537567940475e-06]
[-3.4930881202571706e-05, 0.00013988553232591183]
[-4.701971242032643e-05, 0.00014123773802715567]
[-0.00017426763735349515, -2.8782053343501257e-05]
[-0.0001734441891391575, -4.4089526897106435e-05]
[-6.05787916229672e-05, 0.0001393731706943735]
[-2.2014518094415347e-05, 0.0001364494615501144]
[-0.00013788425821181782, -3.423849022016201e-05]
[-0.00013428343430732514, -3.5515150836606946e-05]
[-2.43040924996496e-05, 0.00014346213714300227]
[-5.5249842867644006e-05, 0.00015005432334849744]
[-0.0001781486919279207, -4.2375093209034986e-05]
[-0.00016438751095412818, -3.214283378130678e-05]
[-4.269255899450042e-05, 0.00012061743642621803]
[-3.031319430352175e-05, 0.00011478668577236117]
[-0.00013293630612587481, -1.7003188456723994e-05]
[-0.00013932403985483788, -4.5890795034531084e-05]
[-2.6452586571523717e-05, 0.00014608925044434784]
[-5.915573019621423e-05, 0.00016621356762575035]
[-0.00016665306845116412, -4.2779282025340315e-05]
[-0.00014056813804045123, -2.4235598976879436e-05]
[-2.843957161926744e-05, 0.00011432721508771934]
[-5.109387705953469e-05, 0.00011012569747070877]
[-0.0001520601922170295, 2.637498581370412e-06]
[-0.00013646650646514935, -4.6404077117312426e-05]
[-3.0204584188342487e-05, 0.00013468460692822593]
[-3.919995266155052e-05, 0.00017445299769709016]
[-0.00015872698927912876, -4.052257617181976e-05]
[-0.00012212052610954816, -3.2851981435461086e-05]
[-2.193256439599056e-05, 0.00011188768131481508]
[-6.719966010212963e-05, 0.00010950039973883774]
[-0.0001707505919325003, -6.0761251041985265e-06]
[-0.00012885694519032542, -4.415953101966075e-05]
[-2.4028453963098606e-05, 0.0001180172820589298]
[-2.875627823550886e-05, 0.00015274969007655903]
[-0.00014025294009933909, -2.8004757256616664e-05]
[-0.00011641193535660843, -3.955936596855558e-05]
[-2.007775335311629e-05, 0.00010492271353951255]
[-8.8417529635898e-05, 0.00012316091640357518]
[-0.00017104791887981308, -1.392972421732086e-05]
[-0.00011658343796350223, -4.572706403960236e-05]
[-8.394059650584929e-06, 0.00011118618394256527]
[-3.750242187983144e-05, 0.00013684060066698756]
[-0.00014090054865723012, 5.985301001487642e-07]
[-0.00011473722574351086, -3.48877192061503e-05]
[-1.894006244770874e-05, 9.737779122931389e-05]
[-8.261088057899546e-05, 0.0001465087409461413]
[-0.00016910212149603976, -2.1192619610817254e-05]
[-0.00010620299038426213, -5.010434077518111e-05]
[-6.077810224769387e-06, 0.00011557022417685303]
[-4.842268446614284e-05, 0.00012126336956619355]
[-0.00015572882331371662, 1.1961179523733989e-05]
[-9.928170436535044e-05, -2.3825877859678934e-05]
[-1.8358250542860333e-05, 8.014830138547424e-05]
[-6.752893656825076e-05, 0.0001455719030933611]
[-0.000154262011182571, -2.3526500687487406e-05]
[-0.00010081941814560347, -6.0517346419652895e-05]
[-1.1034981930835297e-05, 0.00010752978989028716]
[-7.251831864224512e-05, 0.00011539568262941557]
[-0.00016377438168568847, 1.3315454983897634e-05]
[-8.008390347036265e-05, -2.657541090306248e-05]
[1.4730596900602855e-06, 6.702622340448716e-05]
[-6.235873216087207e-05, 0.0001378601257747969]
[-0.00014289357169870037, -1.0109755665344e-05]
[-0.00011187743255063748, -5.955228205979657e-05]
[-1.3119771731726071e-05, 0.0001002545876876565]
[-8.542704886371766e-05, 0.00012576838708033833]
[-0.00016548896704737803, 1.1306215214251791e-05]
[-6.532468051834162e-05, -2.9738815424118492e-05]
[1.2687320324555884e-05, 7.612935759904182e-05]
[-6.202839084246126e-05, 0.0001267665848790553]
[-0.00014391826417595177, 4.913174758147676e-06]
[-0.00010766289397506901, -3.862811585236825e-05]
[-2.196850265698963e-05, 8.186951404048903e-05]
[-8.519418315894312e-05, 0.00013082105406858613]
[-0.00016133374477539375, 1.1667857790609304e-05]
[-5.0265862750475954e-05, -4.551131722208002e-05]
[9.62816666916222e-06, 7.872432805572371e-05]
[-6.915454460809656e-05, 0.00011899352913552486]
[-0.0001512402659953338, 9.5509018226414e-06]
[-9.067553642416737e-05, -2.866468122833532e-05]
[-9.907287612159754e-06, 5.5944676516317404e-05]
[-8.303512343973973e-05, 0.00012567029771087812]
[-0.00015410692425119055, 1.4844193020779883e-05]
[-6.076611356709005e-05, -6.0897786862579295e-05]
[5.27606653277779e-06, 8.125579380705017e-05]
[-7.631461101365034e-05, 0.00011683420847075077]
[-0.00014769922054369555, 7.634192244365678e-06]
[-7.273144769143203e-05, -1.9423407761565148e-05]
[8.386617255728718e-06, 5.009114574860973e-05]
[-9.063507110176894e-05, 0.00011703206395866778]
[-0.00014917571791862178, 2.7675238345334363e-05]
[-7.140130364874375e-05, -5.210644162956246e-05]
[-9.916861715808523e-06, 7.549209979998417e-05]
[-7.741198257649184e-05, 0.00012046949908717242]
[-0.0001421594316605157, 1.4509962666497955e-05]
[-4.641035364927326e-05, -2.3420604386432953e-05]
[1.727195142733895e-05, 5.0491255235041166e-05]
[-9.822576493678792e-05, 0.0001169763069531482]
[-0.0001590578836582618, 3.3205737491937004e-05]
[-7.113273079798615e-05, -4.073158314776837e-05]
[-1.59811031863466e-05, 5.574641315767015e-05]
[-6.787988135237288e-05, 0.00011271949535851533]
[-0.00013721028615831798, 1.839069003037319e-05]
[-3.703495093609899e-05, -3.934592478255228e-05]
[2.0007065314187056e-05, 5.353797745633049e-05]
[-0.0001041941763501586, 0.00011525188123701069]
[-0.00015699647927808202, 2.4045624112511987e-05]
[-6.542936607943639e-05, -2.665460806144937e-05]
[-9.46264824797094e-06, 3.970717577467253e-05]
[-7.42866299235645e-05, 9.445781383998764e-05]
[-0.00012868936307108836, 3.339762637225713e-05]
[-3.925542028559992e-05, -4.5287750642719615e-05]
[1.5060756973217515e-05, 5.3623055256690755e-05]
[-0.00010814296256822509, 0.0001242312530627676]
[-0.00014687604131498333, 2.4229474937964568e-05]
[-5.10260801833062e-05, -1.8358759179000483e-05]
[-7.373465793925754e-08, 3.455001831731072e-05]
[-8.630483657357663e-05, 8.859809973355004e-05]
[-0.00013965864885279178, 4.8729733990351964e-05]
[-4.121877928286999e-05, -4.155785258097566e-05]
[7.162229696433542e-06, 4.752989107903449e-05]
[-9.174407790768502e-05, 0.00012606360313301146]
[-0.0001364652528232646, 2.3339708964398298e-05]
[-3.833039823950002e-05, -1.8714076589126938e-05]
[3.511073655149133e-07, 3.3953775776446316e-05]
[-9.843691421433653e-05, 8.271644656671073e-05]
[-0.00014927919505841603, 4.520893312751073e-05]
[-3.572254145067788e-05, -3.477785243322096e-05]
[4.758187485243148e-06, 3.285351242965362e-05]
[-8.316046503042962e-05, 0.000108226950790824]
[-0.00011874195367134188, 3.269307405451283e-05]
[-3.40670902517215e-05, -2.355272975101963e-05]
[1.5771991749430336e-07, 2.8736503165871508e-05]
[-0.00011399342296448262, 9.083994558094222e-05]
[-0.00014924677625746674, 4.0202639256595174e-05]
[-3.0064809361740608e-05, -3.232433595501405e-05]
[1.3345340767911829e-05, 2.721543994556319e-05]
[-8.452675052983416e-05, 9.274647726820184e-05]
[-0.00011456162107748025, 5.157983793702137e-05]
[-3.711890880453428e-05, -1.7576368272778642e-05]
[-2.8004776361501005e-06, 2.661045969176712e-05]
[-0.00011013005420770078, 0.00010415911458300231]
[-0.00014379726485150984, 3.376018482017032e-05]
[-2.2813390432892613e-05, -2.876092894465998e-05]
[9.918485377680142e-06, 3.0129334645939698e-05]
[-9.133730479510271e-05, 7.628586957086902e-05]
[-0.00012055101881891517, 6.185527575680583e-05]
[-2.7114571425901346e-05, -7.208938270109044e-06]
[-6.8458897916068295e-06, 1.3491387498509866e-05]
[-9.935903677033009e-05, 0.00010392537059161766]
[-0.00013067383236115004, 3.257260679437324e-05]
[-1.916092164666594e-05, -3.472535031665003e-05]
[4.0085487789387475e-06, 2.4419503491163175e-05]
[-0.0001056714909427603, 6.907832729463603e-05]
[-0.00012592567246527686, 6.19494019900857e-05]
[-1.744521534252641e-05, -6.778127735307393e-06]
[5.171927640212903e-06, 4.97245015163017e-06]
[-9.186103951835944e-05, 9.547930577546992e-05]
[-0.00011771457513360187, 4.003390021822817e-05]
[-3.0061786714559446e-05, -3.04067577609618e-05]
[-2.6610311072219894e-06, 2.155367661897667e-05]
[-0.00011431891431150365, 7.16358854782051e-05]
[-0.0001234130122810262, 5.874665789465383e-05]
[-7.403021312080149e-06, -4.718157077698848e-06]
[1.0263505722418742e-05, 1.1170330020349173e-05]
[-9.165350675044426e-05, 8.445459929937865e-05]
[-0.00011353025854109189, 5.336812789580314e-05]
[-2.89421759235714e-05, -1.3262749655448824e-05]
[-1.3575324027695346e-05, 8.132322047452178e-06]
[-0.00011269940921444788, 7.56905095947169e-05]
[-0.00011941268348381051, 5.781286979450462e-05]
[2.122066324272698e-06, -1.5326671816473514e-05]
[7.764620443384551e-06, 1.4756810561455946e-05]
[-9.388707397506302e-05, 7.644729969395747e-05]
[-0.00011736051614930076, 5.651121359695477e-05]
[-2.1399923950782274e-05, -2.097073180801212e-06]
[-9.5795461816095e-06, -9.076432564925074e-06]
[-0.00010633985453888106, 6.918594272131706e-05]
[-0.00011035862043279332, 5.618988526737145e-05]
[-6.806798423963922e-06, -2.4230133569447254e-05]
[9.84121892200207e-07, 1.9054131310036748e-05]
[-9.962493705373276e-05, 7.031209254726445e-05]
[-0.00011100306839301188, 5.506050828407716e-05]
[-9.555495815327664e-06, 8.910508450227228e-06]
[-2.8426166723098667e-07, -1.4694626220057572e-05]
[-0.00010984473863007507, 6.118429163860101e-05]
[-0.00010315157765101654, 6.550974242682667e-05]
[-1.6614166022214938e-05, -1.8734450610291553e-05]
[-1.188815856306702e-05, 1.6005018827355832e-05]
[-0.0001000165505402606, 7.305154429004812e-05]
[-0.0001058342171443849, 5.931567893890932e-05]
[6.495913370097028e-06, 8.570476876752775e-06]
[5.163478257658172e-06, -1.2290125763536608e-05]
[-0.00011047560067149742, 5.898217977223785e-05]
[-0.00010855752566155119, 6.758973076499697e-05]
[-2.095117376851169e-05, -7.883092398797142e-06]
[-2.0472501271961985e-05, 4.347328915077497e-06]
[-9.071461093712596e-05, 6.494560779113367e-05]
[-9.820555630679628e-05, 5.9694428925838317e-05]
[1.2580006682916256e-05, 5.513089814945804e-07]
[3.1054365007276985e-06, -7.893628409028075e-06]
[-0.0001135087836198756, 5.447729497751186e-05]
[-0.0001047218937009417, 6.026683508508768e-05]
[-1.7921141045013078e-05, 4.232545421728462e-06]
[-1.8742501222718255e-05, -8.885534437286235e-06]
[-9.395347430507517e-05, 5.073706400626765e-05]
[-8.889414913937355e-05, 7.04425366820742e-05]
[8.395712180142567e-06, -4.616025774339949e-06]
[-1.998993958141071e-06, -5.502845232263631e-06]
[-0.00011383954317040201, 6.103989713525382e-05]
[-9.7143218842001e-05, 5.771263438364427e-05]
[-1.1018593040839318e-05, 1.2151346761708065e-05]
[-1.2285844664648889e-05, -1.1093026306266407e-05]
[-9.914640509666936e-05, 4.3519692789262265e-05]
[-9.351424108805517e-05, 8.003317900147355e-05]
[2.2165030479914805e-06, 7.954696075729295e-07]
[-1.2418280799786352e-05, -5.840336464613127e-06]
[-9.944913998360949e-05, 6.112946173344319e-05]
[-8.650746465066472e-05, 5.429186405969677e-05]
[-1.6273825940160691e-06, 1.4783012510038995e-05]
[-1.4367679454355131e-05, -1.0755308323701085e-05]
[-0.00010764248183165598, 3.646018970770992e-05]
[-9.828074618872806e-05, 7.812094549086712e-05]
[3.813012135700511e-06, 6.8964467516696715e-06]
[-1.7722133065944945e-05, -1.6128853246422103e-05]
[-8.97722983324023e-05, 4.933374148902159e-05]
[-7.231387974943049e-05, 5.925179757731991e-05]
[-1.537428782061312e-07, 1.000000374443144e-05]
[-1.4461059963832845e-05, -1.2764161018419262e-05]
[-0.000116823480253124, 4.088042169038408e-05]
[-9.775562192454457e-05, 7.166904163137533e-05]
[3.0239450049124317e-06, 1.0852683640261152e-05]
[-1.349537295713965e-05, -1.760396770071268e-05]
[-8.609382723345771e-05, 3.60070909228849e-05]
[-6.590220610008801e-05, 7.044577061426915e-05]
[-5.1909243563019736e-06, 1.5869313550923025e-05]
[-1.956663936659997e-05, -1.1492760027376203e-05]
[-0.0001138320700990042, 4.870382192113942e-05]
[-9.063446723658192e-05, 6.483623162105434e-05]
[7.0074303084918105e-06, 1.6002579057095012e-05]
[-1.8385833872980317e-05, -1.4105640987388535e-05]
[-8.931029165021309e-05, 2.3316147780949592e-05]
[-6.902714660983467e-05, 7.873698305443932e-05]
[1.598464739460681e-07, 2.3246800753606855e-05]
[-2.4303182664359158e-05, -2.043469125290187e-05]
[-0.00010326907502652971, 4.9831529983279665e-05]
[-8.004241083561792e-05, 6.126668322881113e-05]
[6.70744877223628e-06, 1.1314476925067263e-05]
[-2.331634665792004e-05, -1.4893405883231736e-05]
[-9.611284477711868e-05, 1.7024623737704747e-05]
[-7.336896942711224e-05, 7.619934886038404e-05]
[3.68495832514526e-06, 2.5391530613122493e-05]
[-1.758837678489389e-05, -2.4893654823388012e-05]
[-9.402043266643068e-05, 4.1270229720211105e-05]
[-6.634615726025875e-05, 6.333752496812117e-05]
[-4.007737905271924e-06, 1.5408851178580485e-05]
[-3.114172632821127e-05, -1.3874066852381794e-05]
[-0.00010234141793649676, 1.8000905141979384e-05]
[-7.029788963652805e-05, 7.243966488780507e-05]
[1.0412699770867562e-05, 2.8118580451486075e-05]
[-1.4725853753283502e-05, -2.0347968670675343e-05]
[-9.190302433875752e-05, 3.260076755776109e-05]
[-6.1011891995282896e-05, 7.297755233071079e-05]
[-6.925860939227535e-06, 2.6973656636397614e-05]
[-4.034018699089481e-05, -2.112048664887345e-05]
[-9.857498632138278e-05, 2.3493236392613248e-05]
[-6.81997135346668e-05, 6.891175921217019e-05]
[1.5103479951150689e-05, 2.0628510289777413e-05]
[-1.6624250739227797e-05, -1.4673634802175872e-05]
[-8.95782247850585e-05, 2.458755084720765e-05]
[-6.25610250871711e-05, 7.27596980211187e-05]
[-5.5715703263514715e-06, 3.70248492591041e-05]
[-4.031648857009268e-05, -3.0953953123247224e-05]
[-9.094154086317086e-05, 1.8459529874559344e-05]
[-5.933240063499268e-05, 6.455727082470275e-05]
[7.984620803452858e-06, 1.4392999660328698e-05]
[-2.3773021088913104e-05, -9.729584392145774e-06]
[-9.332212788293326e-05, 1.82818951801611e-05]
[-5.647600727026747e-05, 7.048857897956617e-05]
[1.243593531652376e-06, 4.5230891957431796e-05]
[-3.3761421119686205e-05, -3.46621081565579e-05]
[-9.116025603769784e-05, 1.4135937356010708e-05]
[-5.32953235253715e-05, 7.027571436215435e-05]
[-2.4354410128463178e-06, 1.6624518240526687e-05]
[-3.369180202467126e-05, -9.378963334860657e-06]
[-9.105267636122516e-05, 2.0883796531701027e-05]
[-5.2665562510934016e-05, 7.03386509284254e-05]
[9.670102918968304e-06, 4.5693252216868346e-05]
[-2.9309734203342153e-05, -2.9134523310936356e-05]
[-8.818114044464864e-05, 1.19437014157453e-05]
[-5.6211566088079645e-05, 6.973144998309588e-05]
[-8.801878396927365e-06, 2.624539686690852e-05]
[-4.342863163325772e-05, -1.5655988002349908e-05]
[-8.20310869311669e-05, 1.425699882950937e-05]
[-4.4965843654987125e-05, 6.784413616334195e-05]
[1.3833715410527248e-05, 3.953170218981561e-05]
[-3.154364751095651e-05, -2.3651754193276808e-05]
[-8.96944154228363e-05, 8.985290610635799e-06]
[-5.359666124457596e-05, 6.370546112793862e-05]
[-8.392257986891694e-06, 3.4856890901477366e-05]
[-4.3000101647747146e-05, -2.5695139250339616e-05]
[-8.1171727913526e-05, 4.697384154817019e-06]
[-3.7547241152680044e-05, 7.325831776807887e-05]
[7.432972888188338e-06, 3.3003648677476516e-05]
[-3.4402568575231385e-05, -1.7949615039147826e-05]
[-8.773771133691044e-05, 1.4821554620361721e-05]
[-4.8458546619695175e-05, 5.862621758012665e-05]
[-6.407328833263511e-06, 4.2231269825235285e-05]
[-3.869716159578696e-05, -2.5168693707038753e-05]
[-8.176986659541412e-05, -2.1950228267786365e-06]
[-3.895409180265652e-05, 7.798648545652431e-05]
[-1.3662890119281457e-07, 3.6955244264946785e-05]
[-4.4093135189826604e-05, -1.4731537789081095e-05]
[-7.644991302357962e-05, 1.6077522325130822e-05]
[-3.958190518171811e-05, 5.444796146325537e-05]
[7.053799003786665e-07, 4.461135458026788e-05]
[-4.0675756861847934e-05, -2.4100682972622023e-05]
[-8.645051108697316e-05, -7.116914754634607e-06]
[-4.315128871729135e-05, 7.571411950368923e-05]
[-1.714393486618171e-06, 3.9610915585908124e-05]
[-4.810613031991373e-05, -2.069355940424733e-05]
[-6.618276045999849e-05, 9.758947619037395e-06]
[-2.9404880748817863e-05, 5.550400389520149e-05]
[-4.1327542277258544e-07, 3.968378513449777e-05]
[-4.024197946669167e-05, -2.2607830090448644e-05]
[-9.047925465768131e-05, -4.309096310800564e-06]
[-4.32539378143193e-05, 6.710455291514261e-05]
[-5.654664540638565e-06, 4.291775247988738e-05]
[-4.5365957831111636e-05, -1.9342443406011878e-05]
[-6.126667891698245e-05, -6.655814306366636e-07]
[-2.2512338676450305e-05, 6.218720531969701e-05]
[-5.7152363656665095e-06, 4.385107586574871e-05]
[-4.549805929869588e-05, -1.9431998933838734e-05]
[-8.787023034804997e-05, 2.5098069924428534e-06]
[-3.775319395812535e-05, 5.9922041786591995e-05]
[-3.5563380672010148e-06, 4.583496352106309e-05]
[-4.799586094350605e-05, -1.5516663456852098e-05]
[-6.235652482577958e-05, -8.652914468498807e-06]
[-2.563626737739355e-05, 6.84821640373201e-05]
[-4.417743166340582e-06, 4.788123766538699e-05]
[-4.9209681049044995e-05, -2.3962031884483537e-05]
[-7.642112328576367e-05, 5.7939558001096625e-06]
[-3.0739345869446044e-05, 5.3332375968356827e-05]
[-6.010076265883235e-06, 4.101085683386185e-05]
[-5.0703127364326583e-05, -1.2723106781006854e-05]
[-6.551321563055823e-05, -1.385865584402346e-05]
[-2.941421190638671e-05, 6.442662124145349e-05]
[-4.1073902043997634e-06, 5.026456065326812e-05]
[-4.566028522040577e-05, -2.558911669403585e-05]
[-6.686787099041691e-05, -5.226826894771941e-07]
[-1.8808011791233287e-05, 5.212163146706139e-05]
[-1.4867972859343437e-05, 4.2336146399271635e-05]
[-5.6465286326704e-05, -1.0193734314545289e-05]
[-7.10814807149962e-05, -1.1944006234776428e-05]
[-2.791295363663293e-05, 6.080714008523114e-05]
[-2.3680051602914531e-07, 5.132749024722161e-05]
[-4.248727289518639e-05, -2.1330324317447857e-05]
[-6.249010364550722e-05, -5.2082867851230286e-06]
[-1.5334329550226178e-05, 5.7957850724932314e-05]
[-2.0120896198842775e-05, 4.8599830247020304e-05]
[-6.227593086626654e-05, -1.2796698091961656e-05]
[-6.661970871818176e-05, -5.546653751908881e-06]
[-2.7578184775223225e-05, 5.520328019853471e-05]
[1.3328958405889324e-06, 4.5694613816926744e-05]
[-4.3696592288366976e-05, -1.3797895671269211e-05]
[-5.787923039057841e-05, -1.1648908586139872e-05]
[-1.660374565726208e-05, 5.569875270017288e-05]
[-2.0761332612806438e-05, 5.604662367519886e-05]
[-6.311070175440969e-05, -1.8829065151104718e-05]
[-6.016593469847231e-05, -8.16567148831382e-06]
[-2.0324512827574193e-05, 5.00866570187497e-05]
[-4.134448051307249e-06, 3.931593404843392e-05]
[-4.906495665679689e-05, -8.547626717564372e-06]
[-6.0006054309391654e-05, -1.5143209754236997e-05]
[-1.3602700619286257e-05, 5.283209675194245e-05]
[-1.6930386081137616e-05, 6.0199779429101485e-05]
[-5.605644263014225e-05, -2.1231829970991267e-05]
[-5.841743160681437e-05, -9.343940316652866e-06]
[-1.63044516617826e-05, 5.262443761969854e-05]
[-1.5127419696309152e-05, 3.883742556171077e-05]
[-5.596979007727043e-05, -4.872568216046647e-06]
[-5.6285963102142844e-05, -1.1688786766161918e-05]
[-1.2001013394546955e-05, 4.963795477880284e-05]
[-1.1939176416508879e-05, 6.0429931616713325e-05]
[-5.141504386035889e-05, -1.477777546154968e-05]
[-5.494046651337292e-05, -1.1044644333380038e-05]
[-1.796943119617561e-05, 5.1138674388023775e-05]
[-2.1614284143392504e-05, 4.590325015435548e-05]
[-6.486326617058391e-05, -7.878540331102135e-06]
[-4.8633898724559366e-05, -1.4615992195321503e-05]
[-6.936081167585595e-06, 4.615905614757665e-05]
[-7.95152479776684e-06, 5.350178063756594e-05]
[-5.1319756267098615e-05, -9.718034638284134e-06]
[-5.569407871700016e-05, -1.1764575561928892e-05]
[-1.7729300001906312e-05, 4.591020744448837e-05]
[-2.3465072862563496e-05, 5.0717108173573e-05]
[-6.368553979911595e-05, -1.4519423910466789e-05]
[-4.5141922239394505e-05, -1.9512180511438437e-05]
[-2.6473875797683455e-06, 4.756502167473607e-05]
[-1.4528449123918374e-05, 4.5900633654172296e-05]
[-5.174944922931024e-05, -2.49018074383045e-06]
[-5.34060820623905e-05, -6.889799176526545e-06]
[-1.4395797519342612e-05, 3.959140037856912e-05]
[-2.3683021490215894e-05, 5.6771133943915586e-05]
[-6.014647609525921e-05, -1.2483885941433695e-05]
[-4.4380631565844875e-05, -2.4084196033002936e-05]
[-3.606060082428364e-06, 5.018775917743634e-05]
[-2.082855531743144e-05, 4.71783501034273e-05]
[-5.897071140242849e-05, 1.3252545039699193e-06]
[-4.5344972715855025e-05, -3.7723010226503595e-06]
[-8.450444499458198e-06, 3.558092849242911e-05]
[-1.8246804711755105e-05, 5.707161832875507e-05]
[-5.990749096734804e-05, -1.0652738032801423e-05]
[-4.6629538895913425e-05, -2.54574605132174e-05]
[-9.45390033527116e-06, 4.772937054682569e-05]
[-2.379644884192844e-05, 4.685483970190418e-05]
[-6.083234689613359e-05, -1.926576243926892e-06]
[-3.536917354030056e-05, -6.742736812836991e-06]
[-1.5604196951235494e-06, 3.3755896222509296e-05]
[-2.04014661579488e-05, 5.182644727577679e-05]
[-5.841169602092966e-05, -6.737279465485191e-06]
[-4.8782035831126946e-05, -2.2688789136832144e-05]
[-1.0917683259226152e-05, 3.902029739687174e-05]
[-2.7545383634489107e-05, 4.896169206325407e-05]
[-5.8372216184932046e-05, -4.938089880612839e-07]
[-3.124051304109754e-05, -1.4316741068609584e-05]
[4.423591875080124e-06, 3.825828201886594e-05]
[-2.481421108385673e-05, 5.2888044987542404e-05]
[-6.156761893554713e-05, -2.8616434122330503e-06]
[-4.7405490366664305e-05, -1.4465035221539191e-05]
[-8.86738795246797e-06, 3.265155129363387e-05]
[-2.603843092328223e-05, 4.930636301342384e-05]
[-5.79775315263098e-05, 2.757102918027332e-06]
[-3.089386661581095e-05, -1.884176112543212e-05]
[4.175944332551751e-07, 4.2647455389205335e-05]
[-2.6023637698657787e-05, 5.3979419753269475e-05]
[-6.334498045984516e-05, -3.8434054662750405e-06]
[-3.687592123871597e-05, -9.230096707002478e-06]
[-5.1858292261855454e-06, 2.492116404231859e-05]
[-2.809338963659369e-05, 4.472238157102182e-05]
[-5.899384831606347e-05, 6.4685430234273644e-06]
[-3.2983788752660725e-05, -2.3244882098760744e-05]
[-3.2687460634894805e-06, 3.857456155077765e-05]
[-2.634462458284137e-05, 5.5062592416388334e-05]
[-6.0513394210204297e-05, -4.449512495341423e-06]
