[-394.59979199001094, -334.42421372396086]
[3.4177723968867237, 1.9640960477994494]
[2.953565534505124, 0.8392829738387473]
[0.14528585265657945, 0.0007362281756257971]
[-0.1319741093571487, -0.1268065380654253]
[0.33352522817059516, 0.2964335272644121]
[0.3051532440468101, -0.012630312420059298]
[0.03746104723397092, 0.01695478596443678]
[-0.06582858608458864, -0.0210314972452883]
[0.09187941509899833, 0.1366985339109128]
[0.08601828999645633, -0.026966163107437158]
[0.013219586627725377, 0.01320639508742616]
[-0.04425072560998444, 0.0028586914938092955]
[0.027570910467216825, 0.07910642188226191]
[0.02945853144665378, -0.01864517309034719]
[0.0040524901860654605, 0.008022918838797466]
[-0.030780812600529117, 0.012508289384921767]
[0.0037519810741115656, 0.04879731985940339]
[0.009675815445470803, -0.010505138885645415]
[0.0005870220601318366, 0.003517831683364392]
[-0.02059722918397533, 0.016676309852853066]
[-0.005610224629901239, 0.03005988030197493]
[0.002414015190657537, -0.004658286772654563]
[-8.26387563943598e-05, 0.00015526580203406581]
[-0.012463544970422902, 0.0178155187000808]
[-0.008553332976052985, 0.01772661758819538]
[0.0002024271641190012, -0.0010079105179112702]
[0.0006761663887395741, -0.0019704491887724274]
[-0.0060115349711411525, 0.01701743192601235]
[-0.008399398934393787, 0.009566600119907953]
[4.4553622867482545e-05, 0.0008863417009674635]
[0.002043345169568056, -0.0029309818617573313]
[-0.0011152935072620274, 0.014974702858770783]
[-0.0068235285061009066, 0.0043686077170188575]
[0.0005457800255166401, 0.0015117568039766383]
[0.0034745129947548747, -0.0029065952324469624]
[0.0023152607469286712, 0.012227124522639521]
[-0.004776171268318308, 0.0013255169190694582]
[0.001030630092264978, 0.0013311081959797022]
[0.004614106115133687, -0.002148921899078518]
[0.0044101061882879655, 0.009222600667754044]
[-0.0028133419771645407, -0.00018540778025266658]
[0.0012078054879847144, 0.0007494746408962527]
[0.005261076978767765, -0.0009439214824495945]
[0.005359342346739293, 0.006322421568173642]
[-0.0012361558270557182, -0.0006782942359484512]
[0.001012847506419945, 9.10853044380211e-05]
[0.005346256914200209, 0.00042516114232638014]
[0.005404927403977244, 0.0037925140904759846]
[-0.00016486906539037172, -0.0005779227092339578]
[0.0005154771802853286, -0.00041539553964364817]
[0.004907892501050212, 0.0017108906927554533]
[0.004817464590620975, 0.0017968739927085031]
[0.0004092709509498915, -0.0002187030295686121]
[-0.00014571444610844697, -0.0006412057281618422]
[0.0040622534541918665, 0.0027266996338930483]
[0.003867052485046152, 0.0003996087266934234]
[0.0005796713695686018, 0.00015962720051398982]
[-0.0008130768428296076, -0.0005506705591031835]
[0.0029707979472322066, 0.00336107938947805]
[0.0027950341276650192, -0.00042292351978479026]
[0.0004840411212670981, 0.0004114595498694307]
[-0.0013470384857257045, -0.0001844157884026698]
[0.001807358548789828, 0.0035798847003740697]
[0.0017917087245824526, -0.0007613662433388901]
[0.00026899761590126053, 0.00047682635834078724]
[-0.0016506379145462269, 0.0003645292808318601]
[0.0007292592200394687, 0.0034176190783199445]
[0.0009831982819452634, -0.0007472795861742654]
[6.193978415058865e-05, 0.00036510093741881633]
[-0.001681385773455002, 0.0009778376675746436]
[-0.000144305368644293, 0.0029601846419304856]
[0.00042869234221631913, -0.0005257981061079775]
[-4.777016696411174e-05, 0.00013310873768235254]
[-0.001451352277794804, 0.0015380293013391722]
[-0.0007445377246928508, 0.0023226685021082716]
[0.00012742085128403247, -0.00023105755035324194]
[-1.737435680126964e-05, -0.00013899362587865838]
[-0.0010176027260113685, 0.0019499543048158152]
[-0.0010554229525601144, 0.0016261584684165165]
[3.316551986509708e-05, 3.2351151585174875e-05]
[0.00015048786923888002, -0.0003704406221705092]
[-0.00046612610115404074, 0.0021549752932084054]
[-0.00110725752533547, 0.0009773150625080884]
[7.311142441279728e-05, 0.00019990639197686733]
[0.000416940021986445, -0.0004980128438409892]
[0.00010705525562926255, 0.002136625752338084]
[-0.0009636170284097467, 0.00045357420807479176]
[0.0001674721528800438, 0.00024915628218424857]
[0.000721169708199465, -0.0004874649646070539]
[0.0006139549899447511, 0.00191802089080495]
[-0.000704841403232237, 9.560779953726381e-05]
[0.0002465932542297655, 0.00019413283586056096]
[0.0009965954351851547, -0.0003373765684615837]
[0.0009888434723238637, 0.001552614081310244]
[-0.0004113147897275571, -9.272681502026092e-05]
[0.0002630439018066477, 7.426213163386208e-05]
[0.0011857373727133247, -7.59211270133231e-05]
[0.0011966323152839964, 0.0011108141137090577]
[-0.00014944515566728267, -0.00013801020551490462]
[0.00019735726859460012, -5.947192411759339e-05]
[0.0012512611164927634, 0.0002478152232213704]
[0.001234695100382932, 0.0006653800918274277]
[3.757976001205615e-05, -8.649393799112573e-05]
[5.734369434875e-05, -0.00015822207166769908]
[0.001181659700351334, 0.0005755905787143134]
[0.001128643106846683, 0.00027836792606719674]
[0.00013328336423235054, 8.503521538472114e-06]
[-0.00012795552927724607, -0.00018632991487199657]
[0.0009911950085592647, 0.0008522137285666975]
[0.0009235929813501409, -8.210429459420965e-06]
[0.00014581298718419067, 9.847555721176349e-05]
[-0.00031777390700526986, -0.000128024419337458]
[0.0007148167397372229, 0.0010358145614099978]
[0.0006730958842064982, -0.00017678419300526382]
[0.00010144334735909255, 0.00014876905787764017]
[-0.0004702845583441917, 1.0933483294624236e-05]
[0.00039962475486702426, 0.0011044368344981237]
[0.0004280691220044375, -0.00023349777379533254]
[3.5511518966191424e-05, 0.00014346239086293622]
[-0.0005521858145374203, 0.00020633094870858848]
[9.490960150060346e-05, 0.0010581046085027523]
[0.00022779565112251987, -0.00020315196876385944]
[-1.7116801578898055e-05, 8.569686765280693e-05]
[-0.0005454384568746029, 0.00042212108870010034]
[-0.0001571530166875057, 0.000916468205390597]
[9.442835190176524e-05, -0.00012132191862312958]
[-3.011136214925436e-05, -6.008396316481424e-06]
[-0.00045013573335461743, 0.0006188478892736882]
[-0.00032843122882386666, 0.000712969260294738]
[3.160555389714048e-05, -2.5521085638136043e-05]
[9.155924326931242e-06, -0.00010421385250580784]
[-0.0002833515989739688, 0.00076198850360365]
[-0.00040831006219854693, 0.00048703307583175537]
[2.692705349427449e-05, 5.275164071827376e-05]
[9.803952338005573e-05, -0.0001801439547546302]
[-7.461712307488266e-05, 0.0008285424254403928]
[-0.00040341307978497554, 0.00027601809987187753]
[5.732048333695339e-05, 9.362458916051253e-05]
[0.00022055320419434032, -0.00021071248082454863]
[0.00014072767309400436, 0.0008107166607900229]
[-0.00033403876094051377, 0.00010851774166503736]
[9.587040486665199e-05, 9.129045613254227e-05]
[0.0003520258295472978, -0.0001835949215758404]
[0.0003287642782147382, 0.0007162480527298509]
[-0.00022837287109744864, 1.784266250581812e-07]
[0.00011855006233379983, 5.315372000902485e-05]
[0.00046523065809844777, -9.94918235533715e-05]
[0.000463302424258627, 0.0005656184386747531]
[-0.00011586674496988358, -4.741892246040713e-05]
[0.00010948345745054322, -3.755117326087465e-06]
[0.0005365645221503401, 2.8617782278944626e-05]
[0.0005300870453713857, 0.0003870139931999028]
[-2.1194089944914785e-05, -4.49313364507542e-05]
[6.38067661202224e-05, -5.8047923219145536e-05]
[0.0005509800393269614, 0.00017880064152086574]
[0.0005282617465676535, 0.00021025081740157908]
[4.0060930626834024e-05, -1.1174867349000861e-05]
[-1.2217188255919664e-05, -8.964348129855693e-05]
[0.0005047497578807292, 0.00032515152380735435]
[0.0004690565098679489, 6.098149217131921e-05]
[6.329704279350867e-05, 3.212737957702938e-05]
[-0.00010357873676491991, -8.458736301106273e-05]
[0.00040566897362576126, 0.0004432562376821547]
[0.000372229479480346, -4.368194403808756e-05]
[5.424338437248766e-05, 6.556109909472418e-05]
[-0.0001906505902209421, -3.807941171682372e-05]
[0.000270864912722768, 0.00051496235422821]
[0.0002611974785802218, -9.738481031417584e-05]
[2.616799464349312e-05, 7.611745527058567e-05]
[-0.0002540259222436614, 4.477883835860008e-05]
[0.000122858213547683, 0.0005315273123855935]
[0.0001579696646138995, -0.0001043498069684956]
[-4.243340195830836e-06, 5.942279197324041e-05]
[-0.0002789685269182218, 0.00015048488061619736]
[-1.5171707534178402e-05, 0.0004946257999070003]
[7.893626153876454e-05, -7.707423707425942e-05]
[-2.1327770952317415e-05, 1.9812296390808726e-05]
[-0.0002585528774901036, 0.00026038365524549967]
[-0.00012388066313562263, 0.0004151823002935817]
[3.2292592425431366e-05, -3.258855678756056e-05]
[-1.4220636249451246e-05, -3.1563271032153395e-05]
[-0.00019492270989873717, 0.0003548373201627264]
[-0.0001911111827959111, 0.00031044590515461046]
[1.747032863352871e-05, 1.1805130258224494e-05]
[2.0792426447258094e-05, -8.001054611272984e-05]
[-9.853756902278299e-05, 0.0004173620784433396]
[-0.00021350926377583512, 0.00020005315864179973]
[2.6497691953508706e-05, 4.237083567848465e-05]
[7.973799501970191e-05, -0.00011111645303618634]
[1.429028870991722e-05, 0.0004378584796940199]
[-0.00019622126880602941, 0.00010197295871688938]
[4.68142067055477e-05, 5.1581338132766774e-05]
[0.00015220505528001915, -0.00011424210260713163]
[0.0001249299653195146, 0.0004143181191136325]
[-0.00015089890187969246, 2.9178855528439254e-05]
[6.48009890255874e-05, 3.911309897097759e-05]
[0.00022397623013337142, -8.494821051607815e-05]
[0.0002162210007072285, 0.00035275542223378586]
[-9.257329582068596e-05, -1.2326325025069362e-05]
[6.919907619690191e-05, 1.1128349829858664e-05]
[0.00028036862447300415, -2.5897136739644333e-05]
[0.00027570810344063057, 0.00026550405420711076]
[-3.614937859991452e-05, -2.3841983272931966e-05]
[5.368080094575456e-05, -2.1850406965617797e-05]
[0.00030950978308547095, 5.3863923089328414e-05]
[0.0002976877166700198, 0.00016835017739016966]
[6.710004500087852e-06, -1.2734286473118153e-05]
[1.8079698090756047e-05, -4.789121399451264e-05]
[0.00030484269015065846, 0.0001409806293156679]
[0.0002837281540410408, 7.718410357411554e-05]
[2.968532640310051e-05, 9.965346739970737e-06]
[-3.188853739816144e-05, -5.671399072662564e-05]
[0.0002663670077489022, 0.00022069851601458357]
[0.00024167012969555923, 4.9029124232491395e-06]
[3.252733548370079e-05, 3.251201697485051e-05]
[-8.624309044413803e-05, -4.217695030353519e-05]
[0.00020042676873982535, 0.0002799260572571294]
[0.0001834332649843784, -4.0810109070241185e-05]
[2.037153056583252e-05, 4.52650706250779e-05]
[-0.00013324454944618758, -3.6761817896052706e-06]
[0.00011817736411524893, 0.00030979146371756805]
[0.00012218144288356214, -5.8434296992510015e-05]
[1.9077438223602528e-06, 4.276938519276463e-05]
[-0.00016218024231506867, 5.37826597525326e-05]
[3.3137360164692264e-05, 0.00030718184681921556]
[6.949417873691743e-05, -5.219169028508608e-05]
[-1.3101028584594498e-05, 2.470223474682065e-05]
[-0.00016579748929990146, 0.00012077756152206742]
[-4.160094320238006e-05, 0.000275003021020348]
[3.3141732078689756e-05, -3.045865416728688e-05]
[-1.635172490821457e-05, -4.43716240994263e-06]
[-0.0001418703827078538, 0.0001855949253790623]
[-9.589305853219265e-05, 0.0002211870873476407]
[1.588876123570504e-05, -3.443179878326319e-06]
[-3.0186322148573197e-06, -3.6735933347520344e-05]
[-9.36051413814587e-05, 0.00023677133515453974]
[-0.00012428350311299852, 0.00015673915494951451]
[1.5499938905594313e-05, 1.9312993016828983e-05]
[2.716110470069033e-05, -6.298529004955533e-05]
[-2.8857989565700404e-05, 0.00026547856529735014]
[-0.00012665372769760097, 9.329953626102672e-05]
[2.5849840562558457e-05, 3.1051463072806484e-05]
[6.991877271644853e-05, -7.498940210770577e-05]
[4.160271750816569e-05, 0.00026724586747284285]
[-0.00010771721539826196, 4.0769162283640914e-05]
[3.880772750752132e-05, 2.9099744530913796e-05]
[0.0001175305339133903, -6.753768252296555e-05]
[0.00010636620251885942, 0.00024268592345488837]
[-7.555187172614275e-05, 5.495780875525158e-06]
[4.642259945461524e-05, 1.5133070146333694e-05]
[0.00016064235408563832, -3.961836093469007e-05]
[0.000155667403866383, 0.00019712444500119553]
[-3.955274055583713e-05, -1.0634913167828497e-05]
[4.290072917753629e-05, -5.5881396202051015e-06]
[0.000190399746162917, 5.35797498793511e-06]
[0.00018320631219945205, 0.0001392744589636119]
[-8.286468066304176e-06, -1.007644246600603e-05]
[2.594690669258104e-05, -2.576515475896657e-05]
[0.0002003966746498033, 6.032642000357996e-05]
[0.0001871405550930242, 7.929267718270565e-05]
[1.2282472002619893e-05, 1.429011571574268e-06]
[-2.79213169604442e-06, -3.7994799159030146e-05]
[0.00018802387834132572, 0.00011611208365736037]
[0.00017009179129323648, 2.6667520944184675e-05]
[1.983581607375995e-05, 1.6531190010882213e-05]
[-3.822960075605675e-05, -3.663173030568623e-05]
[0.00015495017763161867, 0.00016337759105611305]
[0.00013822746573732836, -1.160280597119201e-05]
[1.5840272557576807e-05, 2.8167466814221775e-05]
[-7.312172454909671e-05, -1.916308321016358e-05]
[0.00010667292887171775, 0.00019453255596979524]
[9.967408622280072e-05, -3.2174170414168285e-05]
[4.814717804172775e-06, 3.1238865741967103e-05]
[-9.980419784305639e-05, 1.3189580547190438e-05]
[5.1279090596517696e-05, 0.00020519519390105323]
[6.26460172715726e-05, -3.5658592964837865e-05]
[-7.051273946095948e-06, 2.370746786528599e-05]
[-0.00011197157742970365, 5.574007146263993e-05]
[-2.2781972411345386e-06, 0.00019491473180832664]
[3.371111227390422e-05, -2.6059435708325474e-05]
[-1.3575395512055444e-05, 6.906018347518916e-06]
[-0.00010610075391892515, 0.0001013806496115155]
[-4.5994113841207884e-05, 0.0001670384606426989]
[1.6558449841608258e-05, -9.522499392455863e-06]
[-1.0160218071875171e-05, -1.4962667283069386e-05]
[-8.221793152118906e-05, 0.0001421344685008652]
[-7.432584787492313e-05, 0.00012779813319796496]
[1.1501436699257184e-05, 7.276948521206528e-06]
[5.081490984326642e-06, -3.5977789606511656e-05]
[-4.386743317152941e-05, 0.0001708543887219971]
[-8.5099923566756e-05, 8.485473787955833e-05]
[1.577450068790398e-05, 1.873160175946964e-05]
[3.088590956434878e-05, -5.0009198626577156e-05]
[2.6776517879079087e-06, 0.00018269050988939384]
[-7.96554835323926e-05, 4.5644274568434895e-05]
[2.4503959911506557e-05, 2.1531045939271465e-05]
[6.314948236041396e-05, -5.222360084056188e-05]
[4.975921160594449e-05, 0.00017601733566874334]
[-6.223988455478224e-05, 1.5890785742189804e-05]
[3.2092238440528664e-05, 1.5271597182175967e-05]
[9.58893400364591e-05, -4.0247747836133496e-05]
[8.991742420683124e-05, 0.00015264404868842174]
[-3.8833954471462206e-05, -1.4043195448731893e-06]
[3.3678298457101574e-05, 2.348074808311562e-06]
[0.0001226102990223854, -1.4740511264932366e-05]
[0.00011736196511560881, 0.00011729579419528235]
[-1.5697880418885646e-05, -6.308945029440127e-06]
[2.6339175474371368e-05, -1.2806355187022778e-05]
[0.0001377568012784769, 2.0731648826349813e-05]
[0.00012902106698066407, 7.651270544628552e-05]
[2.0273019019148575e-06, -1.6109391210612778e-06]
[9.773283248819611e-06, -2.4924394731786273e-05]
[0.0001379236837438791, 6.04623572987989e-05]
[0.0001249654785427795, 3.723231434772656e-05]
[1.135923658487914e-05, 8.10515179397453e-06]
[-1.3664716255107345e-05, -2.9256535230129388e-05]
[0.00012256717590619637, 9.782300307759062e-05]
[0.00010815029954985844, 5.3760442713934875e-06]
[1.194777094071231e-05, 1.7713879480574235e-05]
[-3.955625638252247e-05, -2.2755852287739686e-05]
[9.407873644934339e-05, 0.0001266465895034541]
[8.356865512781919e-05, -1.5257155468642591e-05]
[5.912162302390556e-06, 2.2836092468003777e-05]
[-6.247787839452901e-05, -4.83295995035854e-06]
[5.7230129851326e-05, 0.00014246974612197594]
[5.703400180423479e-05, -2.3569839868009534e-05]
[-2.883294584990481e-06, 2.0866034618371998e-05]
[-7.726921151007815e-05, 2.2473764466818258e-05]
[1.813539509323836e-05, 0.00014336940250592178]
[3.387707379287619e-05, -2.1124326465227217e-05]
[-9.919383253065295e-06, 1.1520354107896758e-05]
[-8.021662396928697e-05, 5.4930424832178026e-05]
[-1.7025616390498044e-05, 0.0001302308473334346]
[1.784657248660171e-05, -1.1527497658092578e-05]
[-1.1210300051134325e-05, -3.1908915686384987e-06]
[-6.989017779135409e-05, 8.70251684259582e-05]
[-4.3236579361338734e-05, 0.00010641527618271418]
[1.044223998492022e-05, 5.873183370752599e-07]
[-4.313825784363345e-06, -1.9536687251409113e-05]
[-4.7459116294668036e-05, 0.00011315088657781747]
[-5.756490025765615e-05, 7.692721976360062e-05]
[1.0801291029927107e-05, 1.0731349244785804e-05]
[1.1060103443760738e-05, -3.3026010940073736e-05]
[-1.643351387842218e-05, 0.00012878297352125756]
[-5.959059919902199e-05, 4.728639739326468e-05]
[1.6130253417512286e-05, 1.5613807121561685e-05]
[3.29656721428373e-05, -3.952192186179593e-05]
[1.8091578498177774e-05, 0.0001313939029423672]
[-5.1277678294270324e-05, 2.23629971227296e-05]
[2.2553468984179426e-05, 1.3847623867802028e-05]
[5.7662423291193754e-05, -3.624897317175673e-05]
[5.05067808020121e-05, 0.00012091463887586862]
[-3.63468276708967e-05, 5.430483202187308e-06]
[2.6163097071013608e-05, 6.166718304001506e-06]
[8.046375770415226e-05, -2.2468560305327623e-05]
[7.582949732090616e-05, 9.966006922829118e-05]
[-1.931452058834271e-05, -2.3704310784244953e-06]
[2.4020920554645997e-05, -4.8696382322077625e-06]
[9.678833690687783e-05, 3.2008030149965894e-07]
[9.066593333884043e-05, 7.175645431745092e-05]
[-4.428409706838665e-06, -2.0631917157509783e-06]
[1.4884853491291261e-05, -1.5593410664080376e-05]
[0.00010317237004687368, 2.8684203219747628e-05]
[9.37943005355317e-05, 4.2216135050515344e-05]
[5.259949754685134e-06, 3.615229494380312e-06]
[-4.94769224743119e-07, -2.2182745922555425e-05]
[9.801837140080427e-05, 5.798452218055972e-05]
[8.626107743220368e-05, 1.5875428683267967e-05]
[8.486668599178016e-06, 1.101885366322497e-05]
[-1.956046379281151e-05, -2.1626730155141494e-05]
[8.192264139214589e-05, 8.335131552161812e-05]
[7.099352690892458e-05, -3.5682354812410777e-06]
[5.917585376172263e-06, 1.655066988204279e-05]
[-3.855512574169051e-05, -1.2478428256842977e-05]
[5.752269284653444e-05, 0.00010068738807000877]
[5.203739350001513e-05, -1.4216563522958386e-05]
[-1.670304400399475e-07, 1.7549175872044742e-05]
[-5.3399654804220376e-05, 4.769129068424305e-06]
[2.8913907331326594e-05, 0.00010747791455012479]
[3.360574183652876e-05, -1.620064852009273e-05]
[-6.55007834923782e-06, 1.2905266814300376e-05]
[-6.0633341914861916e-05, 2.7758485699524993e-05]
[7.776083738586514e-07, 0.00010323800007494555]
[1.915749398351263e-05, -1.145453402351393e-05]
[-9.945297954894183e-06, 3.2809458979654593e-06]
[-5.8202909069882125e-05, 5.2765368899976295e-05]
[-2.257943241762428e-05, 8.951492277753381e-05]
[1.0707093467510198e-05, -3.107469732754886e-06]
[-7.84739344261709e-06, -9.103271549237846e-06]
[-4.592730073804674e-05, 7.549549570728953e-05]
[-3.806265384076468e-05, 6.946300831023322e-05]
[8.50577361882765e-06, 5.348924278725242e-06]
[8.30480995417382e-07, -2.1046557518888953e-05]
[-2.5543471831979137e-05, 9.199515071167674e-05]
[-4.4328814985061804e-05, 4.710202030627775e-05]
[1.114550344069598e-05, 1.0919772846285092e-05]
[1.5471265710664817e-05, -2.9165748949011583e-05]
[-3.347287222121853e-07, 9.947109088059847e-05]
[-4.192382494394575e-05, 2.6434616838072467e-05]
[1.6039842108461766e-05, 1.1797003716229604e-05]
[3.387521687803208e-05, -3.072295817195536e-05]
[2.5564412889495652e-05, 9.68423987596223e-05]
[-3.3009191750865696e-05, 1.062166538833096e-05]
[2.0153466424144284e-05, 7.731868264526653e-06]
[5.274867974935926e-05, -2.4292629865536874e-05]
[4.8024725968418e-05, 8.491228837453901e-05]
[-2.0757977609753286e-05, 1.3925644899992484e-06]
[2.0801795626440578e-05, 1.9488229863195983e-08]
[6.843973943362891e-05, -1.0120401412835878e-05]
[6.374827115579462e-05, 6.613562018484287e-05]
[-8.570419679304608e-06, -1.1922123567820186e-06]
[1.6333826678635588e-05, -8.884420221455525e-06]
[7.774845107307027e-05, 9.899827056882027e-06]
[7.088586809380487e-05, 4.404769829931959e-05]
[7.075548393003367e-07, 1.407478397693132e-06]
[6.545204283189485e-06, -1.6012042703043503e-05]
[7.862805372280124e-05, 3.261632394262193e-05]
[6.932067796390495e-05, 2.2491832000405554e-05]
[5.388704662656618e-06, 6.69252592494507e-06]
[-7.264529135769804e-06, -1.863834908671924e-05]
[7.062363715146236e-05, 5.428152792968932e-05]
[6.057089024080753e-05, 4.821888644188088e-06]
[5.24494427864286e-06, 1.1812717803649786e-05]
[-2.2592825796252658e-05, -1.4965071437486599e-05]
[5.495796892776572e-05, 7.133223656097254e-05]
[4.735020062329731e-05, -6.74567524906744e-06]
[1.4508693811712825e-06, 1.4295672605357801e-05]
[-3.6314271564918954e-05, -4.578513704785181e-06]
[3.425534420960653e-05, 8.111325219806176e-05]
[3.28985231100587e-05, -1.1496105479374963e-05]
[-3.800068891376962e-06, 1.264819602209144e-05]
[-4.540043416090267e-05, 1.1417954388248663e-05]
[1.1974697530975353e-05, 8.238796689352679e-05]
[2.0241280613286783e-05, -1.0231191796272743e-05]
[-7.904410265269224e-06, 6.697452814563576e-06]
[-4.761262068952998e-05, 3.0619428851297315e-05]
[-8.315015972593098e-06, 7.553168307317115e-05]
[1.1544544645913923e-05, -4.949173688595376e-06]
[-8.533254488463093e-06, -2.396516037728169e-06]
[-4.201177995311056e-05, 4.9826764862204165e-05]
[-2.3654068923184557e-05, 6.237704109102182e-05]
[7.704667357610884e-06, 1.7219272284707543e-06]
[-4.231599747162029e-06, -1.2448266459519353e-05]
[-2.9175320665875137e-05, 6.572558558770591e-05]
[-3.224987322669737e-05, 4.575865174888394e-05]
[8.2526666397853e-06, 7.197968077132799e-06]
[5.203521994734395e-06, -2.0793351419967632e-05]
[-1.1079308046890723e-05, 7.558207860502986e-05]
[-3.375902647873019e-05, 2.8868497600115228e-05]
[1.1579624526442123e-05, 9.561736819430067e-06]
[1.8647370013558096e-05, -2.4940958361308052e-05]
[9.319767330512319e-06, 7.780147414193639e-05]
[-2.9244271284256662e-05, 1.4571015812842036e-05]
[1.5416829252698494e-05, 7.995744151112483e-06]
[3.3884372775239147e-05, -2.3180084148699542e-05]
[2.8703797031140454e-05, 7.223022646840604e-05]
[-2.083093183558038e-05, 4.8296882697931864e-06]
[1.744949099082016e-05, 2.9336973451088433e-06]
[4.8096546922338224e-05, -1.5001549064558306e-05]
[4.407130012144822e-05, 6.01433731262091e-05]
[-1.1152940818548451e-05, 3.6603349037878097e-07]
[1.5917227310438542e-05, -4.093151051931532e-06]
[5.848731965582554e-05, -1.24363346061529e-06]
[5.3325419073130265e-05, 4.393000323238416e-05]
[-2.721579691958298e-06, 6.152327940711633e-07]
[1.0062847357418525e-05, -1.0868401018354623e-05]
[6.28972851723416e-05, 1.6066105548356857e-05]
[5.564696342161106e-05, 2.6555943797156034e-05]
[2.638245329478206e-06, 3.973785818928155e-06]
[3.302069984667533e-07, -1.5057985630936854e-05]
[6.027410449969961e-05, 3.413134182567168e-05]
[5.157961923085708e-05, 1.0929122284147885e-05]
[4.160472862099751e-06, 8.269381150227684e-06]
[-1.172779322966555e-05, -1.4797088964166316e-05]
[5.089510704614497e-05, 4.997076141677326e-05]
[4.282063935284741e-05, -6.900640743268127e-07]
[2.2433988098868873e-06, 1.1336021547569963e-05]
[-2.380288161202282e-05, -9.160512438318585e-06]
[3.6299073083660705e-05, 6.1032400685390176e-05]
[3.1775674471656856e-05, -7.106387860722485e-06]
[-1.7242257452218177e-06, 1.1558277231760172e-05]
[-3.335992447051073e-05, 1.589170435301046e-06]
[1.894953882024264e-05, 6.570280449846866e-05]
[2.0986361985331214e-05, -8.351497029046584e-06]
[-5.765193894669007e-06, 8.260671906845651e-06]
[-3.821614344967639e-05, 1.6028118150601678e-05]
[1.710815148214806e-06, 6.360259361137821e-05]
[1.256325175813533e-05, -5.565926322337322e-06]
[-7.84263676906205e-06, 1.8578442936290074e-06]
[-3.70386718225868e-05, 3.1861395598187237e-05]
[-1.274316374516582e-05, 5.5610635020131305e-05]
[7.75015923015765e-06, -6.409581037036816e-07]
[-6.388865869844107e-06, -6.261543775032408e-06]
[-2.9649831017442008e-05, 4.64067188311601e-05]
[-2.2456086273714426e-05, 4.3620861689852575e-05]
[6.7115973184095346e-06, 4.287954319504017e-06]
[-7.115316584815901e-07, -1.4082628488232274e-05]
[-1.707546112850178e-05, 5.71599935865752e-05]
[-2.6540085856119333e-05, 3.00947240317595e-05]
[8.581200259066835e-06, 7.3747362577814e-06]
[8.814019740621681e-06, -1.9457557020929883e-05]
[-1.330757473633204e-06, 6.231543886459079e-05]
[-2.5280594804555356e-05, 1.7515227186071236e-05]
[1.1748710049587496e-05, 7.500326110632116e-06]
[2.080606867166379e-05, -2.062702780370601e-05]
[1.5003278470825804e-05, 6.112655499718178e-05]
[-1.9982693124698248e-05, 7.866442051896426e-06]
[1.4309896974026848e-05, 4.517779979118508e-06]
[3.3172658473912264e-05, -1.6649711363031505e-05]
[2.9314578371603117e-05, 5.403267686515667e-05]
[-1.2604272402239047e-05, 2.252087688642268e-06]
[1.4569436918354661e-05, -7.44608950997705e-07]
[4.3570877409054853e-05, -7.642998161777603e-06]
[3.948589610756892e-05, 4.252998940162955e-05]
[-5.267080585541484e-06, 7.314947929881743e-07]
[1.1478382186000391e-05, -6.714856208137054e-06]
[4.992243400430557e-05, 5.2164863101542e-06]
[4.4297371334531266e-05, 2.882309432015312e-05]
[2.394801382026024e-07, 2.399679348417949e-06]
[4.90649495078245e-06, -1.1482865366375938e-05]
[5.086850605248022e-05, 1.9928794901646896e-05]
[4.3622192241979385e-05, 1.5340633366160705e-05]
[2.8496834207913935e-06, 5.682467729223317e-06]
[-4.309662899881772e-06, -1.3281446276713904e-05]
[4.6063244559010896e-05, 3.408618732655966e-05]
[3.838032903216715e-05, 4.2257990100352805e-06]
[2.4236481436790136e-06, 8.77025724976832e-06]
[-1.4549191701296316e-05, -1.0929647380648888e-05]
[3.6243842731417675e-05, 4.537263256554347e-05]
[3.0270111006647227e-05, -3.0856827156582056e-06]
[-2.780853298189889e-07, 1.0085425953654248e-05]
[-2.3773455791409326e-05, -4.13675525434698e-06]
[2.3066462944409775e-05, 5.203529270081386e-05]
[2.134602862652324e-05, -6.110927348285111e-06]
[-3.832993216712488e-06, 8.674448289447412e-06]
[-2.9989636469107683e-05, 6.400544318635459e-06]
[8.749676071645451e-06, 5.322514376870924e-05]
[1.3542883168016218e-05, -5.342009779363277e-06]
[-6.545428158893918e-06, 4.436545154917759e-06]
[-3.170405866204096e-05, 1.9126873043284753e-05]
[-4.391350493793134e-06, 4.913574948295363e-05]
[8.254698056153753e-06, -2.0497826170307043e-06]
[-6.890941969039943e-06, -1.8592317313492757e-06]
[-2.826282020129689e-05, 3.195026838237469e-05]
[-1.4414865902923069e-05, 4.0915993981927024e-05]
[6.060530837292966e-06, 2.076899053959913e-06]
[-3.9112193254697836e-06, -8.766821201156016e-06]
[-2.000491406201066e-05, 4.268237352422766e-05]
[-2.0123962761631198e-05, 3.0383392413235732e-05]
[6.652896995640312e-06, 5.367761635288737e-06]
[2.5310796108457545e-06, -1.4516273444342698e-05]
[-8.196802795901181e-06, 4.949656983455064e-05]
[-2.126175741995473e-05, 1.96079457151499e-05]
[8.976741601926519e-06, 6.58076482662473e-06]
[1.1693961987802037e-05, -1.744218815388776e-05]
[5.23299257622345e-06, 5.1302210310855134e-05]
[-1.8494350593700748e-05, 1.0462911200409541e-05]
[1.1538864923950343e-05, 5.1917407924984005e-06]
[2.2104457125304844e-05, -1.6387312815884826e-05]
[1.8096574073034333e-05, 4.7954271995775954e-05]
[-1.3194022839058128e-05, 4.242910776559861e-06]
[1.2810235972743333e-05, 1.5013237331662488e-06]
[3.187662554998694e-05, -1.0989030396049704e-05]
[2.8394958772187673e-05, 4.025639972460304e-05]
[-7.079230124606983e-06, 1.4312600085525373e-06]
[1.1624848559696477e-05, -3.4598765522864117e-06]
[3.91244477399022e-05, -1.7850164065191798e-06]
[3.4712649064391754e-05, 2.9762313447603828e-05]
[-1.798000993043225e-06, 1.6621042901038274e-06]
[7.482374532151448e-06, -8.20021859986031e-06]
[4.237491480105736e-05, 9.883423716711484e-06]
[3.6473879341273815e-05, 1.8425136251469174e-05]
[1.4490214903795096e-06, 3.877571263508073e-06]
[6.863983544463936e-07, -1.1143353673671863e-05]
[4.088856402129082e-05, 2.2145781110205487e-05]
[3.4009141172242074e-05, 8.17644805777007e-06]
[2.1619645846071567e-06, 6.636160328643559e-06]
[-7.710640945124414e-06, -1.1022293570653319e-05]
[3.481744927796848e-05, 3.2990581625202964e-05]
[2.8424309518104707e-05, 5.299081291057495e-07]
[6.18455398726514e-07, 8.495839270983296e-06]
[-1.6139812326121383e-05, -7.199617809060255e-06]
[2.516844828515108e-05, 4.0679414495037314e-05]
[2.1308826745169984e-05, -3.7042616588441046e-06]
[-2.237491323121496e-06, 8.380856417744553e-06]
[-2.2869259681368437e-05, 1.5893603895478225e-07]
[1.358397969283831e-05, 4.409500211594031e-05]
[1.4354047595921404e-05, -4.535240296948961e-06]
[-5.062435099401075e-06, 5.847834537386909e-06]
[-2.639644551849507e-05, 1.0095386897862602e-05]
[1.992549359119966e-06, 4.294847631003407e-05]
[8.97050292375523e-06, -2.719235291492872e-06]
[-6.46964517281301e-06, 1.1922177584611227e-06]
[-2.578941016395664e-05, 2.1050208809936244e-05]
[-7.790886004277464e-06, 3.780424549443273e-05]
[5.990027987345936e-06, 4.771051482777011e-07]
[-5.389143072520586e-06, -4.625690990578413e-06]
[-2.0900668157630697e-05, 3.118754510994526e-05]
[-1.4425799746475843e-05, 2.9922478816502007e-05]
[5.516646554348803e-06, 3.6172123461519767e-06]
[-1.3476502597198348e-06, -1.0214000561281633e-05]
[-1.2407554500548645e-05, 3.878027097969916e-05]
[-1.729046553572422e-05, 2.095972724933115e-05]
[6.9543129190829944e-06, 5.457285067733686e-06]
[5.395247334116782e-06, -1.408471243521947e-05]
[-1.6727191440857325e-06, 4.25683239980712e-05]
[-1.656031821323234e-05, 1.2598500475857755e-05]
[9.198547902929816e-06, 5.247008235287343e-06]
[1.3884132820607409e-05, -1.5012166642770775e-05]
[9.541171667192677e-06, 4.201154388161488e-05]
[-1.3109333847793891e-05, 6.1901988379440415e-06]
[1.0942067728288152e-05, 2.900900700986142e-06]
[2.2667268832321508e-05, -1.2331568002427185e-05]
[1.9436715901752222e-05, 3.7383564705562033e-05]
[-8.263321818358094e-06, 2.4900742652267382e-06]
[1.1019924055319374e-05, -9.955690052632082e-07]
[3.0111079723005307e-05, -6.109940104859213e-06]
[2.6544999378375067e-05, 2.9689961204920623e-05]
[-3.4662316687195105e-06, 1.539680719572778e-06]
[8.712668706542526e-06, -5.3421415789622895e-06]
[3.47568971697243e-05, 2.8479443354087475e-06]
[3.000727529252345e-05, 2.0433347334390672e-05]
[6.190206930552222e-08, 2.7172798899698786e-06]
[3.9377518352371604e-06, -8.802113064879102e-06]
[3.5639043280626115e-05, 1.3158109851557631e-05]
[2.9715883235276186e-05, 1.1281515154726307e-05]
[1.597456349325399e-06, 4.93808934518003e-06]
[-2.7133751342167667e-06, -1.0135699902227846e-05]
[3.24935466218812e-05, 2.314281928578188e-05]
[2.6288176758509918e-05, 3.714651740503727e-06]
[1.0565097444820148e-06, 6.95289433694235e-06]
[-1.0098705523042817e-05, -8.51009344094572e-06]
[2.5812701972896535e-05, 3.117757571091673e-05]
[2.0885185663843675e-05, -1.2699493471650392e-06]
[-1.0194795897131015e-06, 7.672774107958524e-06]
[-1.6779071481398677e-05, -3.7147702566554808e-06]
[1.6736085385606406e-05, 3.602191104107311e-05]
[1.4921010005941593e-05, -3.3325277843943013e-06]
[-3.627205565737146e-06, 6.443872850481203e-06]
[-2.1341802242558217e-05, 3.766416752981616e-06]
[6.805333083642617e-06, 3.7061494180923304e-05]
[9.73192495584696e-06, -2.8106943654460093e-06]
[-5.5719415380794945e-06, 3.2096955726035326e-06]
[-2.2720041230273047e-05, 1.2841393063511841e-05]
[-2.360302877146836e-06, 3.4410520507677234e-05]
[6.280995020424562e-06, -5.861679406304887e-07]
[-5.77913774668648e-06, -1.4741866980472196e-06]
[-2.0435405048757627e-05, 2.203314964271952e-05]
[-9.394399072326642e-06, 2.885569042038183e-05]
[4.9635533140302e-06, 2.1654416247907093e-06]
[-3.5735816213411375e-06, -6.573427187350767e-06]
[-1.4710247904781149e-05, 2.9788445273459807e-05]
[-1.3447180343018061e-05, 2.165880658228092e-05]
[5.554005553271013e-06, 4.280343393170405e-06]
[1.1384303541528418e-06, -1.082261961071751e-05]
[-6.426106298584866e-06, 3.48019151656942e-05]
[-1.4326940943887312e-05, 1.4266006947122323e-05]
[7.30106979603129e-06, 4.895598289866854e-06]
[7.824925435495622e-06, -1.302830931361465e-05]
[3.060162415566281e-06, 3.6283441696316476e-05]
[-1.2492202490721471e-05, 7.991055999044538e-06]
[9.144513248640629e-06, 3.6552389544586283e-06]
[1.5430762587864688e-05, -1.2356612411739201e-05]
[1.219944447784782e-05, 3.411077492310177e-05]
[-8.901899446633887e-06, 3.7438733770864263e-06]
[9.999417672615363e-06, 7.880518037017836e-07]
[2.260185596847375e-05, -8.539501069264321e-06]
[1.956832919842999e-05, 2.8836233246343212e-05]
[-4.762469645674949e-06, 1.8631380279410248e-06]
[9.039931231510923e-06, -2.957802681169408e-06]
[2.7978876334475156e-05, -1.953421194279825e-06]
[2.41513617851713e-05, 2.1549529610156992e-05]
[-1.2326925384956167e-06, 2.086564260931484e-06]
[5.916221288100598e-06, -6.5049323205203236e-06]
[3.0493302132983055e-05, 6.44638954466932e-06]
[2.5526676021977654e-05, 1.3630740088709653e-05]
[8.452399326910887e-07, 3.6603220454345387e-06]
[8.551485935620606e-07, -8.714967906851834e-06]
[2.9599271925265236e-05, 1.531964565999744e-05]
[2.391719281380489e-05, 6.450990374606835e-06]
[1.1279759140198076e-06, 5.557494014707398e-06]
[-5.377121433974841e-06, -8.671286627411068e-06]
[2.5390281064283093e-05, 2.3218043710471203e-05]
[2.0100571369668918e-05, 1.0884945239666988e-06]
[-1.7235401394977146e-07, 6.7515460436262664e-06]
[-1.1640296964099406e-05, -5.91042097642519e-06]
[1.8576515696637486e-05, 2.8882933558072033e-05]
[1.5202827016058684e-05, -1.8777993759030998e-06]
[-2.3662592104952557e-06, 6.4797546812100926e-06]
[-1.6673596009153524e-05, -5.492367727150116e-07]
[1.0330253240042886e-05, 3.1497584067119444e-05]
[1.0425825988924498e-05, -2.4539258522970897e-06]
[-4.477829357710239e-06, 4.4355620945624175e-06]
[-1.9378970794070582e-05, 6.720402994236929e-06]
[2.036044034314788e-06, 3.083950515314626e-05]
[6.772193181237007e-06, -1.1813448224651246e-06]
[-5.50119461012466e-06, 8.4664825195091e-07]
[-1.906924459765813e-05, 1.476720798421205e-05]
[-4.997217811442134e-06, 2.7301782269562036e-05]
[4.829816731388714e-06, 1.0315907934543844e-06]
[-4.661227258728751e-06, -3.577251261321912e-06]
[-1.5625443935463057e-05, 2.22545217704595e-05]
[-9.798113822401255e-06, 2.1782297792871663e-05]
[4.662772779273627e-06, 3.15441379816761e-06]
[-1.6174987326200707e-06, -7.812480988744763e-06]
[-9.528985785767219e-06, 2.791941796997932e-05]
[-1.1911653507834519e-05, 1.546917399328218e-05]
[5.82994041009588e-06, 4.296774185508223e-06]
[3.435308864097042e-06, -1.0764888782544002e-05]
[-1.7630913073107823e-06, 3.083414397070383e-05]
[-1.1458620211846071e-05, 9.573153757852504e-06]
[7.5228596116798385e-06, 3.927011859250484e-06]
[9.792782417250567e-06, -1.1531305676899112e-05]
[6.392793463490254e-06, 3.059230016599912e-05]
[-9.066341802144162e-06, 5.068062639662987e-06]
[8.78732958554257e-06, 1.9975805202188113e-06]
[1.6385058816320575e-05, -9.618636527958246e-06]
[1.3628329784479143e-05, 2.7380074249960806e-05]
[-5.6909928413950706e-06, 2.4969098020299896e-06]
[8.774925751339757e-06, -1.0495632950802136e-06]
[2.2006101908000897e-05, -5.070699879587692e-06]
[1.8867780565201553e-05, 2.191932020387255e-05]
[-2.3753364683243294e-06, 1.8847224843993038e-06]
[6.964975282672259e-06, -4.3962925944246445e-06]
[2.5575251279868344e-05, 1.5253418120184103e-06]
[2.1477375142110733e-05, 1.5298130505544266e-05]
[9.125708955864953e-10, 2.7739012643905603e-06]
[3.305576658878956e-06, -7.051772237719189e-06]
[2.637179119733407e-05, 9.153439083739445e-06]
[2.137060737381069e-05, 8.729245321630053e-06]
[9.209181163344349e-07, 4.369655536018424e-06]
[-1.7581536900374006e-06, -8.09727999766946e-06]
[2.4190277099628288e-05, 1.6577196717132425e-05]
[1.899141162065021e-05, 3.2917028399068182e-06]
[3.36513684418005e-07, 5.758386044024677e-06]
[-7.373967819079841e-06, -6.914961193781044e-06]
[1.9383016249693852e-05, 2.2594979840417917e-05]
[1.5182978992722695e-05, -2.866082675113957e-07]
[-1.3416044778759295e-06, 6.146230897507987e-06]
[-1.246869875509704e-05, -3.3476883558418435e-06]
[1.2781968916922293e-05, 2.628444938562735e-05]
[1.0975360873577422e-05, -1.7586020281401549e-06]
[-3.363810525042199e-06, 5.0617213088743895e-06]
[-1.5987293047525775e-05, 2.246268153177633e-06]
[5.519440500145745e-06, 2.718282625746582e-05]
[7.342298381673995e-06, -1.3740178591570285e-06]
[-4.840978134745821e-06, 2.476064913214948e-06]
[-1.712973832290743e-05, 9.055568447352558e-06]
[-1.2108709452895994e-06, 2.536461863039685e-05]
[4.983194328844753e-06, 2.1766704155767869e-07]
[-4.975157927411544e-06, -1.185467960795883e-06]
[-1.553220613309536e-05, 1.598021217025236e-05]
[-6.398520471184721e-06, 2.1402252014413037e-05]
[4.178848196756402e-06, 2.1513392308158963e-06]
[-3.267019769659374e-06, -5.141994518842452e-06]
[-1.1352113260254537e-05, 2.1860231952053333e-05]
[-9.412707105416196e-06, 1.6221496715373984e-05]
[4.751450023182668e-06, 3.5722379833069695e-06]
[3.4810562909992626e-07, -8.440957702859908e-06]
[-5.239054850489366e-06, 2.571695275255248e-05]
[-1.0108584793555586e-05, 1.0886769512580274e-05]
[6.134727850673483e-06, 3.850379583336672e-06]
[5.466562941314201e-06, -1.0183959062270986e-05]
[1.800513825762906e-06, 2.695309695721626e-05]
[-8.822911428951752e-06, 6.366141247958479e-06]
[7.5347876733744545e-06, 2.7339885463328883e-06]
[1.1292133555607098e-05, -9.741934353566482e-06]
[8.613310031144183e-06, 2.546815896686816e-05]
[-6.263822130120333e-06, 3.3290689821358077e-06]
[8.141843228157142e-06, 4.0769327477874207e-07]
[1.680315635491092e-05, -6.9102857864836165e-06]
[1.4136326410715827e-05, 2.1665225719280645e-05]
[-3.323186842235648e-06, 2.0210312435126054e-06]
[7.342215381650474e-06, -2.5560977943428487e-06]
[2.0972369354776976e-05, -1.9689225087410334e-06]
[1.7608289207132755e-05, 1.635013277166697e-05]
[-8.566844301761967e-07, 2.2406436023629517e-06]
[4.880940388685834e-06, -5.339400085971335e-06]
[2.298937859680425e-05, 4.365790923568924e-06]
[1.8709639305128367e-05, 1.054784311974033e-05]
[5.1722246683511e-07, 3.4209002910540187e-06]
[9.376076601369521e-07, -7.079890146949319e-06]
[2.243574743225618e-05, 1.10855592372755e-05]
[1.7602237181085778e-05, 5.278821110323018e-06]
[5.53919205240061e-07, 4.792455120944394e-06]
[-3.901376408182999e-06, -7.083618301324812e-06]
[1.9374091794158166e-05, 1.709796582252676e-05]
[1.4863120648217487e-05, 1.3460424134331683e-06]
[-5.747210040998874e-07, 5.5887021845058005e-06]
[-8.766861585851604e-06, -4.999711078970334e-06]
[1.433247582791411e-05, 2.1450678623968766e-05]
[1.1330517062535517e-05, -8.204270202684383e-07]
[-2.33902461470141e-06, 5.24383473599066e-06]
[-1.2698156075630074e-05, -9.169651658466615e-07]
[8.189167215580384e-06, 2.352228119723021e-05]
[7.899524514132228e-06, -1.228545671833059e-06]
[-3.995424214003895e-06, 3.5377950352577514e-06]
[-1.4857196920514681e-05, 4.639408378109833e-06]
[1.984989200620735e-06, 2.3138331580130345e-05]
[5.315188301768803e-06, -2.8761628514950566e-07]
[-4.780202560616953e-06, 6.552205322196691e-07]
[-1.471685725373817e-05, 1.0809634667097168e-05]
[-3.2938725427755777e-06, 2.0588776965424493e-05]
[4.009978539720738e-06, 1.3183399217298053e-06]
[-4.106887064925235e-06, -2.854069343638521e-06]
[-1.218104332459391e-05, 1.65762290387228e-05]
[-6.9140881398532805e-06, 1.6545384770638716e-05]
[4.021317885016806e-06, 2.815199671601931e-06]
[-1.7210586058524768e-06, -6.2026077498889e-06]
[-7.610201676971906e-06, 2.0975635624365108e-05]
[-8.53127152677935e-06, 1.190021180147438e-05]
[5.00562728374121e-06, 3.5370087169139808e-06]
[2.2231496332181244e-06, -8.550303647561486e-06]
[-1.7475208404019171e-06, 2.3297172546177247e-05]
[-8.235742004980562e-06, 7.5632750672488536e-06]
[6.342864856460212e-06, 3.0915536227693607e-06]
[7.182104056757677e-06, -9.20364183781136e-06]
[4.436532379470393e-06, 2.322538663573903e-05]
[-6.500736436210186e-06, 4.2657512676191195e-06]
[7.304907303565256e-06, 1.455467447175618e-06]
[1.2332403858478225e-05, -7.783057361300527e-06]
[9.945717621751005e-06, 2.08953290068703e-05]
[-4.047972371190589e-06, 2.4125616606210376e-06]
[7.247012126551655e-06, -1.0218750958190803e-06]
[1.674578299747098e-05, -4.32030529917693e-06]
[1.396031500300321e-05, 1.685028995883353e-05]
[-1.6637091943272342e-06, 2.0158791991312097e-06]
[5.777080356664244e-06, -3.7049995159910143e-06]
[1.958914490175767e-05, 7.35970505521405e-07]
[1.5995692191954347e-05, 1.1913521928860055e-05]
[-8.777988412533855e-09, 2.7219226601832985e-06]
[2.863353824558712e-06, -5.827981610499397e-06]
[2.03044852749093e-05, 6.607197883673477e-06]
[1.598336641123188e-05, 7.004436855341523e-06]
[5.337201279889681e-07, 3.921866547268449e-06]
[-1.1440148205837941e-06, -6.682018002600321e-06]
[1.8728577024118565e-05, 1.2344191945512506e-05]
[1.4258895985219677e-05, 2.9414649994757847e-06]
[-6.094923329924562e-08, 4.9187269158534885e-06]
[-5.58192185748374e-06, -5.791011428987747e-06]
[1.512639929081988e-05, 1.7022648361064707e-05]
[1.146218675274202e-05, 2.7571202165094233e-07]
[-1.4669453043958391e-06, 5.109939033909328e-06]
[-9.61736676408087e-06, -3.0345771102925634e-06]
[1.0132038091324735e-05, 1.9931065573353113e-05]
[8.375321387921186e-06, -8.084919595682805e-07]
[-3.100148990915763e-06, 4.142636775616992e-06]
[-1.243140722045899e-05, 1.3096056137723577e-06]
[4.611603593135394e-06, 2.0709768785209803e-05]
[5.736436219816454e-06, -5.060690997371609e-07]
[-4.27166611161045e-06, 2.0058105866804787e-06]
[-1.3401871364948637e-05, 6.613458499948877e-06]
[-5.20125273018035e-07, 1.9411393290036383e-05]
[4.072570924718022e-06, 6.831939025064848e-07]
[-4.36556148139533e-06, -9.612652331902893e-07]
[-1.2243447258197815e-05, 1.2024989011760745e-05]
[-4.487913452255743e-06, 1.6471321257038873e-05]
[3.588991720815393e-06, 2.0960761929478267e-06]
[-2.9988741525599494e-06, -4.145296376850682e-06]
[-9.073906015649724e-06, 1.664468868251001e-05]
[-6.807533166952595e-06, 1.2596933823633139e-05]
[4.138668162734227e-06, 3.0797993478270946e-06]
[-1.2666671939109975e-07, -6.801354674651483e-06]
[-4.392268929509502e-06, 1.971204755990552e-05]
[-7.368048398126437e-06, 8.602499918616835e-06]
[5.276679849348931e-06, 3.157173815770964e-06]
[3.9320012898969026e-06, -8.227851285069754e-06]
[1.0252799704339732e-06, 2.0760661526508795e-05]
[-6.428785789325264e-06, 5.228057311516127e-06]
[6.3847309209746905e-06, 2.1447781283212564e-06]
[8.552849511178628e-06, -7.933485068939775e-06]
[6.287580411976079e-06, 1.97080824077267e-05]
[-4.534437500813837e-06, 2.9832766802462274e-06]
[6.835134709733126e-06, 1.975440539481177e-07]
[1.2936123085616202e-05, -5.757843826267872e-06]
[1.0572030607447491e-05, 1.6861732387268846e-05]
[-2.370116471334116e-06, 2.050613802109802e-06]
[6.155119621278904e-06, -2.2294096986008594e-06]
[1.6277499702267717e-05, -1.918315323777564e-06]
[1.3288627298276012e-05, 1.284131153709428e-05]
[-5.912155079980386e-07, 2.267751597138934e-06]
[4.152904521440709e-06, -4.491608022919036e-06]
[1.7941322348896324e-05, 3.0270003928325323e-06]
[1.4188846642993608e-05, 8.436778936251124e-06]
[3.3223694673178983e-07, 3.190807132971707e-06]
[9.763967539697105e-07, -5.912022261772565e-06]
[1.7597240656232194e-05, 8.291564747672786e-06]
[1.3396812877361497e-05, 4.4349822407863115e-06]
[2.2131482615983522e-07, 4.221316535435449e-06]
[-2.9087175729969328e-06, -5.9469238457079965e-06]
[1.529006944323702e-05, 1.3022202855900167e-05]
[1.1358125040550338e-05, 1.454266807351945e-06]
[-7.791278149593683e-07, 4.765804821810216e-06]
[-6.816028246314776e-06, -4.322233596348174e-06]
[1.142809196081826e-05, 1.6473992361598633e-05]
[8.720309960130734e-06, -1.763456047472467e-07]
[-2.246706040577584e-06, 4.389945034988241e-06]
[-9.98796887913267e-06, -1.109003129835806e-06]
[6.693540147491295e-06, 1.8159408559093038e-05]
[6.173916572593807e-06, -4.677659544982671e-07]
[-3.5942557332635516e-06, 2.931319841525948e-06]
[-1.1763502001271853e-05, 3.279098308384132e-06]
[1.8963385491621576e-06, 1.793930164695201e-05]
[4.291427548430704e-06, 2.5789523627750555e-07]
[-4.221553123351374e-06, 5.449973843885125e-07]
[-1.1725754922586873e-05, 8.16548320348165e-06]
[-2.1955020710062723e-06, 1.6036880730485592e-05]
[3.400724326918514e-06, 1.4663066202902364e-06]
[-3.6699184547961394e-06, -2.3279438292056476e-06]
[-9.796388203753281e-06, 1.274922605598583e-05]
[-5.010901415469782e-06, 1.2973468589971837e-05]
[3.5210690625953056e-06, 2.555270754711625e-06]
[-1.7434731813814608e-06, -5.060892359687319e-06]
[-6.255891433687433e-06, 1.6271117619759412e-05]
[-6.282276893032623e-06, 9.442322624730881e-06]
[4.3746150612117285e-06, 3.0098003360179426e-06]
[1.4310401138528661e-06, -6.987338914674068e-06]
[-1.6859378900932476e-06, 1.8169986007399164e-05]
[-6.081434125559948e-06, 6.1503277743249485e-06]
[5.468842443656294e-06, 2.5315743644727107e-06]
[5.419524352373584e-06, -7.5577137510010606e-06]
[3.152514198953571e-06, 1.8194770818741324e-05]
[-4.77896430653435e-06, 3.6638762949958714e-06]
[6.229095790045991e-06, 1.1130762757882717e-06]
[9.567178041597346e-06, -6.471255115474833e-06]
[7.477497079272366e-06, 1.6448275767716458e-05]
[-2.938717996781026e-06, 2.293414738729904e-06]
[6.1492407983573805e-06, -9.599759948075715e-07]
[1.313655582824147e-05, -3.752797146892861e-06]
[1.0645140199785907e-05, 1.335421869565201e-05]
[-1.1733238926003864e-06, 2.0415393427106188e-06]
[4.924814875434391e-06, -3.1774715597843173e-06]
[1.5465561669487926e-05, 2.428046798202965e-07]
[1.2274537395710883e-05, 9.556506279314453e-06]
[5.067816674989012e-09, 2.6244762385500137e-06]
[2.537615586667083e-06, -4.928139549498223e-06]
[1.610969715982319e-05, 4.899311305289755e-06]
[1.2311671680580172e-05, 5.774641923261131e-06]
[3.043679757744333e-07, 3.5598169691175574e-06]
[-7.277202068028954e-07, -5.647967753125149e-06]
[1.4936834032391877e-05, 9.46498990100908e-06]
[1.1019922878025001e-05, 2.6484826987915877e-06]
[-2.844141747462836e-07, 4.298379742445624e-06]
[-4.338709269940955e-06, -4.959140212531382e-06]
[1.2153851877631794e-05, 1.3207245664920153e-05]
[8.901446722081596e-06, 6.071926983691051e-07]
[-1.493989717948202e-06, 4.3684096204810174e-06]
[-7.62867387241184e-06, -2.767364957249191e-06]
[8.260057134610796e-06, 1.5561415144971225e-05]
[6.569169598957814e-06, -2.090338049876017e-07]
[-2.8544295582813572e-06, 3.498117589484373e-06]
[-9.942833442799781e-06, 7.047006465032979e-07]
[3.938783595891504e-06, 1.624097137442604e-05]
[4.5998188903939585e-06, 4.148675730730744e-08]
[-3.815229833253886e-06, 1.6881621179298811e-06]
[-1.0783460200947115e-05, 4.955433356546024e-06]
[-8.77842830648845e-08, 1.5285573648771145e-05]
[3.401966861660277e-06, 9.611184833835384e-07]
[-3.88651932722861e-06, -7.823137224138854e-07]
[-9.921250901240297e-06, 9.304842549795467e-06]
[-3.2077577180600336e-06, 1.3037734856224947e-05]
[3.12883844622025e-06, 2.0251855669672914e-06]
[-2.7661148857549556e-06, -3.416905665992731e-06]
[-7.448044815200339e-06, 1.3034900818942319e-05]
[-5.039621712887854e-06, 1.0055040817885663e-05]
[3.6547198634939715e-06, 2.7199292091939498e-06]
[-4.228028898101144e-07, -5.615723236207515e-06]
[-3.759523491395078e-06, 1.5538010403826075e-05]
[-5.497431395995456e-06, 6.979152494576701e-06]
[4.618811429227265e-06, 2.673443243728091e-06]
[2.8833759427304706e-06, -6.815068340958186e-06]
[5.275834044464467e-07, 1.6440564336472896e-05]
[-4.788224959445531e-06, 4.392050082766691e-06]
[5.524779328035939e-06, 1.7491687305526415e-06]
[6.648411339099658e-06, -6.6206789240391e-06]
[4.704631075491683e-06, 1.5674604212673193e-05]
[-3.344324630949469e-06, 2.6921393516225745e-06]
[5.871638835058812e-06, 8.072187401841902e-08]
[1.0228243119386748e-05, -4.903966051197917e-06]
[8.117289871906186e-06, 1.3482615567855794e-05]
[-1.7078535577141896e-06, 2.0175734884858576e-06]
[5.2847720528811926e-06, -1.95927434080978e-06]
[1.2975564219364077e-05, -1.839380401928714e-06]
[1.029630601167425e-05, 1.0355721415777897e-05]
[-3.9522783796056005e-07, 2.232778732741067e-06]
[3.6163089998566406e-06, -3.848332207959798e-06]
[1.4378500572330769e-05, 2.1253842095256964e-06]
[1.1044298331838384e-05, 6.920434267913833e-06]
[2.2670066943814016e-07, 2.9793988332305066e-06]
[9.915669922505588e-07, -5.039910560777905e-06]
[1.4170037884356224e-05, 6.359362262453594e-06]
[1.0460522708685693e-05, 3.800342188560457e-06]
[2.4551119949534073e-08, 3.77811491278357e-06]
[-2.209057413993243e-06, -5.096372472847277e-06]
[1.2383997241481592e-05, 1.0177978530978571e-05]
[8.899845826526587e-06, 1.48415945851188e-06]
[-8.761653404673608e-07, 4.156405501304361e-06]
[-5.4283979215863365e-06, -3.798215642643668e-06]
[9.345672751123052e-06, 1.298323856299688e-05]
[6.877055594961545e-06, 2.294301316464742e-07]
