[-170.37602300542375, -240.72538362703395]
[6.290005249119417, -16.976552297086172]
[5.851960520045424, -16.076925478032692]
[0.7741054856478327, 0.34270141902417883]
[0.8503687894463212, 0.24915773113223594]
[0.7695970188858503, -1.8207890241846805]
[0.725733916574427, -1.793119803183437]
[0.18956717124452016, 0.0779474844121375]
[0.21658969390555693, 0.069829927155165]
[0.2819561051310462, -0.6513495182281428]
[0.26054290084790566, -0.6478136120813041]
[0.08195016590268933, 0.03308995198131992]
[0.09859236190251996, 0.0324501112075134]
[0.14584051929093889, -0.33121696096632736]
[0.13151182398439332, -0.3312622824598712]
[0.044728698002004075, 0.017992254665059382]
[0.05684880916929003, 0.01876474913489079]
[0.08937120045101032, -0.19987175789081135]
[0.0785370908988039, -0.2007296819825859]
[0.027733395331033917, 0.011176525373051749]
[0.0372945851920079, 0.012258047556467755]
[0.06058461752505373, -0.13351311299413293]
[0.051849879902403195, -0.13455557425807196]
[0.018634114604123786, 0.007543400888527202]
[0.02653979907752335, 0.008654310610923144]
[0.04391677528537752, -0.09540203531143243]
[0.03658974007920701, -0.09644966307846303]
[0.013229537217199772, 0.005386868012218826]
[0.019972997246372914, 0.0064472595031966895]
[0.03339045918340755, -0.07151906943467878]
[0.02707587522788213, -0.07251687199087575]
[0.009775750050311283, 0.004006439042335913]
[0.015656895660525638, 0.00499557030956721]
[0.026309834215306083, -0.05557408533490138]
[0.02075978091252839, -0.05650734556512216]
[0.00744521202713011, 0.003071946044622187]
[0.01266042025779901, 0.003988388454441161]
[0.021313028856672744, -0.04440415395213693]
[0.01636140302866851, -0.04527220036107593]
[0.0058051008372497215, 0.0024114255697188502]
[0.01049014674276083, 0.0032600566577188905]
[0.017651302481453968, -0.03627780576508144]
[0.01318120726750216, -0.03708481772113981]
[0.004611616189566736, 0.001928253321114376]
[0.008864374249502927, 0.0027156518635977345]
[0.01488504294731463, -0.030182594517019545]
[0.010811010361791773, -0.030934150419819062]
[0.0037191574866287658, 0.0015647967236693816]
[0.007612553261012178, 0.0022975686173263288]
[0.01274220066542986, -0.025494457592721842]
[0.008999805025094343, -0.026196209619424593]
[0.0030365515305202373, 0.001284980100670935]
[0.006626401943932492, 0.00196918040729821]
[0.011047009736987246, -0.021811757771382778]
[0.007586458148647779, -0.02246894436010516]
[0.0025044256590040503, 0.0010653030904680394]
[0.005834416512718765, 0.0017062825845471363]
[0.009681754251900987, -0.018866526215696622]
[0.006463752141547818, -0.019483825507010444]
[0.0020828205418109147, 0.0008899356529769031]
[0.00518779268230618, 0.001492350480150062]
[0.008565156738557178, -0.016474434394579962]
[0.00555814130321286, -0.017055956144433226]
[0.0017440757069828172, 0.0007479057049652182]
[0.004652266860358134, 0.0013157845957329495]
[0.007639611018882775, -0.01450532056998921]
[0.004817841976162196, -0.015054651009813957]
[0.0014685737420922218, 0.0006314186486187645]
[0.0042031911378392905, 0.0011682446323683093]
[0.006863350042782379, -0.012865157157813112]
[0.004205556817232559, -0.013385420180968666]
[0.0012421038951267727, 0.0005348169976798767]
[0.003822454260023811, 0.001043606567048161]
[0.006205481830364956, -0.011484651487364994]
[0.0036938829078327906, -0.011978570733416127]
[0.0010541784366634444, 0.00045391613806217146]
[0.0034964971014430635, 0.0009372898313927958]
[0.005642752265216711, -0.010311831178900333]
[0.0032623300339131855, -0.010781786962058337]
[0.0008969283824667718, 0.0003855686226854338]
[0.003214998907208777, 0.0008458116327729193]
[0.005157380300750747, -0.009307098431415639]
[0.0028953353240792623, -0.009755177615683897]
[0.0007643618994748191, 0.000327371460935616]
[0.002969986751923892, 0.0007664847449322387]
[0.004735577636063137, -0.00843985656765689]
[0.002580911506727235, -0.008867895287844929]
[0.0006518556797112385, 0.00027746524168675846]
[0.002755219008656884, 0.000697208260464488]
[0.00436651602989091, -0.007686162553362852]
[0.0023097080325786834, -0.008095782399045959]
[0.0005557994443098346, 0.00023439362121555063]
[0.002565750362478636, 0.0006363199684549237]
[0.004041593829920087, -0.00702706381213325]
[0.002074347152036582, -0.0074197023190969436]
[0.00047334320473485514, 0.00019700332944441734]
[0.0023976196251858095, 0.0005824904316451274]
[0.0037539064838174596, -0.006447400529911107]
[0.001868946740145594, -0.006824336835032474]
[0.0004022147796478026, 0.0001643718900783686]
[0.002247622185808984, 0.0005346458073221261]
[0.0034978586123022293, -0.0059349303141214005]
[0.0016887722400247274, -0.006297306753540344]
[0.00034058616974426414, 0.0001357546258804604]
[0.0021131417948964115, 0.0004919108198879751]
[0.003268875935253268, -0.005479679744828103]
[0.0015299793410297191, -0.005828520071263998]
[0.0002869744404217778, 0.00011054529468162988]
[0.0019920245952542714, 0.00045356607993043974]
[0.003063188684403473, -0.005073458020185662]
[0.0013894213712526415, -0.005409682809943028]
[0.00024016732559668796, 8.824649859041911e-05]
[0.0018824836637900688, 0.00041901576209804614]
[0.0028776668983048204, -0.004709487994712158]
[0.001264503480091328, -0.005033927719228171]
[0.00019916677490136592, 6.844719433439506e-05]
[0.0017830258797059684, 0.00038776286109226676]
[0.002709693847290584, -0.004382123313898756]
[0.0011530710781935127, -0.004695529468050408]
[0.00016314568203454338, 5.080542507582275e-05]
[0.001692395327707874, 0.0003593900571496056]
[0.0025570678095152566, -0.004086629429840727]
[0.0010533236524226108, -0.0043896840398802706]
[0.00013141440513705915, 3.5034935984668e-05]
[0.0016095290853443411, 0.0003335447811138037]
[0.0024179251547900016, -0.003819012529979182]
[0.0009637475792887429, -0.0041123363065657115]
[0.00010339463730033027, 2.0894708999630307e-05]
[0.0015335223824496924, 0.00030992745625341156]
[0.0022906796045862876, -0.0035758847633740043]
[0.0008830633064179638, -0.0038600441181440015]
[7.859884720480548e-05, 8.180712216768193e-06]
[0.0014636009215833745, 0.00028828216530829565]
[0.0021739738872139647, -0.003354357224083615]
[0.0008101835016026682, -0.0036298703297772406]
[5.6613979727171415e-05, -3.2806541872404393e-06]
[0.0013990987201879523, 0.00026838918681551527]
[0.0020666409747045478, -0.0031519543459972432]
[0.0007441796475667894, -0.0034192963888546313]
[3.708844174971082e-05, -1.3637801906829505e-05]
[0.0013394402462048038, 0.0002500589837509948]
[0.001967672786701291, -0.00296654495102211]
[0.0006842551931912633, -0.003226152698646345]
[1.9721641509540255e-05, -2.3018178691575075e-05]
[0.0012841259185901177, 0.00023312732940761194]
[0.0018761947588130656, -0.0027962863486390432]
[0.0006297238343119238, -0.0030485621356864945]
[4.255527903146428e-06, -3.15316921649933e-05]
[0.0012327202650302405, 0.00021745133104750236]
[0.0017914450497023005, -0.0026395787388798775]
[0.0005799918363355028, -0.00288489395592495]
[-9.532293410885462e-06, -3.9273502069392396e-05]
[0.001184842192158364, 0.00020290616620782798]
[0.0017127574428683623, -0.0024950278040604124]
[0.0005345435637476026, -0.0027337259610102915]
[-2.1834192106162664e-05, -4.6326310034705553e-05]
[0.0011401569467784922, 0.0001893823892258062]
[0.0016395472095833696, -0.0023614138515893335]
[0.0004929295698509195, -0.002593813275563406]
[-3.281714526157109e-05, -5.2762247009119356e-05]
[0.0010983694391905052, 0.00017678369691012663]
[0.0015712993600451863, -0.00223766622861421]
[0.000454756743440754, -0.0024640624467372474]
[-4.262656626644046e-05, -5.864443740122294e-05]
[0.0010592186697400696, 0.00016502506531634875]
[0.0015075588313537835, -0.0021228420043064578]
[0.0004196801171491016, -0.0023435098540470767]
[-5.138948468937088e-05, -6.402830130675108e-05]
[0.0010224730542981453, 0.0001540311888245105]
[0.001447922255331413, -0.0020161081247574986]
[0.0003873960260086795, -0.002231303627951209]
[-5.92171987343626e-05, -6.896264313221989e-05]
[0.0009879264862433512, 0.00014373516705160072]
[0.0013920310207712339, -0.001916726409939562]
[0.0003576363679169692, -0.0021266884412336484]
[-6.620749777337676e-05, -7.349056663125131e-05]
[0.0009553950041030213, 0.00013407739446719136]
[0.0013395654026540083, -0.0018240408859938606]
[0.00033016376895278476, -0.002028992661933904]
[-7.24465316038897e-05, -7.765024608699655e-05]
[0.0009247139607905797, 0.0001250046187033227]
[0.001290239574144314, -0.0017374670469789133]
[0.0003047674943905676, -0.0019376174581912098]
[-7.801038890348222e-05, -8.147557923893212e-05]
[0.000895735609339976, 0.00011646913838425643]
[0.001243797352210585, -0.0016564827179622044]
[0.00028125997696948346, -0.001852027523686961]
[-8.296643533477199e-05, -8.4996742694049e-05]
[0.0008683270359181039, 0.0001084281167315071]
[0.0012000085562484664, -0.0015806202514306311]
[0.00025947385900271236, -0.0017717431529996608]
[-8.737445121725917e-05, -8.824066482454596e-05]
[0.0008423683845649732, 0.0001008429934035715]
[0.00115866588032576, -0.0015094598396537817]
[0.00023925946331038173, -0.0016963334472329672]
[-9.128760282588189e-05, -9.12314312233875e-05]
[0.0008177513265352765, 9.367897736065056e-05]
[0.0011195821973885023, -0.0014426237648325069]
[0.00022048262334162239, -0.001625410469825339]
[-9.475327368770048e-05, -9.399063230869364e-05]
[0.0007943777368882854, 8.690460934018818e-05]
[0.0010825882290159683, -0.001379771438573929]
[0.0002030228161924441, -0.0015586242024490105]
[-9.781377848017137e-05, -9.653766268813424e-05]
[0.0007721585464780523, 8.049138278787282e-05]
[0.0010475305242539923, -0.0013205951106274871]
[0.0001867715505939893, -0.0014956581795388946]
[-0.00010050697818669851, -9.888998023829809e-05]
[0.0007510127428627666, 7.441341396688395e-05]
[0.0010142697020072422, -0.0012648161445860673]
[0.00017163097158046092, -0.0014362256979575383]
[-0.00010286681105464712, -0.00010106332983311761]
[0.0007308664989476021, 6.864715518214992e-05]
[0.000982678918096891, -0.0012121817769532583]
[0.00015751264909846796, -0.001380066517174261]
[-0.00010492375283986666, -0.00010307193839009798]
[0.0007116524102255828, 6.317114348025621e-05]
[0.0009526425244246184, -0.0011624622896267423]
[0.00014433652324208346, -0.0013269439791298021]
[-0.00010670521621988782, -0.00010492868429848312]
[0.0006933088259002407, 5.796578092578941e-05]
[0.0009240548935451898, -0.0011154485358713662]
[0.000132029983900106, -0.0012766424870944704]
[-0.00010823589850174342, -0.00010664524536357911]
[0.0006757792606290614, 5.301314160091608e-05]
[0.0008968193854668183, -0.0010709497705194693]
[0.00012052706548815184, -0.0012289652936049444]
[-0.00010953808526435738, -0.00010823222870837146]
[0.0006590118756897301, 4.829680126361424e-05]
[0.0008708474370482389, -0.0010287917428380977]
[0.00010976774044302307, -0.0011837325553467615]
[-0.00011063191573813802, -0.00010969928436382892]
[0.0006429590207001068, 4.380168739231971e-05]
[0.000846057758140506, -0.000988815015336486]
[9.969729848668951e-05, -0.0011407796177639318]
[-0.00011153561544514912, -0.00011105520516141443]
[0.000627576827721299, 3.9513946535479905e-05]
[0.0008223756197179855, -0.0009508734796249974]
[9.026579938120616e-05, -0.0010999555000729133]
[-0.00011226570078602671, -0.00011230801515196842]
[0.0006128248507625833, 3.542082633259391e-05]
[0.0007997322226432901, -0.0009148330424209039]
[8.142758995893784e-05, -0.0010611215534024332]
[-0.0001128371589495733, -0.00011346504733089624]
[0.0005986657453168065, 3.151057106881572e-05]
[0.0007780641365630059, -0.000880570460125546]
[7.314087679205494e-05, -0.0010241502701545668]
[-0.00011326360661456647, -0.00011453301242553282]
[0.0005850649827227605, 2.7772328696440418e-05]
[0.0007573127999416229, -0.0008479723034557074]
[6.536734713802339e-05, -0.000988924225780452]
[-0.00011355743043452854, -0.00011551806029633238]
[0.0005719905948475823, 2.4196067497095353e-05]
[0.0007374240740716242, -0.0008169340351373844]
[5.807183241723912e-05, -0.0009553351357290962]
[-0.00011372991111610609, -0.00011642583390128469]
[0.0005594129459535191, 2.077250219414961e-05]
[0.0007183478443129054, -0.0007873591870815044]
[5.122200871832128e-05, -0.0009232830137604342]
[-0.00011379133380347295, -0.00011726151791213724]
[0.0005473045278733268, 1.7493027216014534e-05]
[0.0007000376626978833, -0.0007591586253559435]
[4.478812956465461e-05, -0.0008926754197481346]
[-0.00011375108596629185, -0.0001180298816876868]
[0.0005356397762775744, 1.4349657218221124e-05]
[0.0006824504275428911, -0.0007322498915099396]
[3.874278753834837e-05, -0.0008634267853484534]
[-0.00011361774453371581, -0.00011873531765813072]
[0.000524394905390746, 1.1334973643722934e-05]
[0.0006655460951615622, -0.0007065566123770906]
[3.306070070635547e-05, -0.0008354578095107756]
[-0.00011339915378678206, -0.00011938187604312867]
[0.0005135477588515958, 8.44207625455562e-06]
[0.0006492874205062948, -0.0006820079694898062]
[2.7718521420583286e-05, -0.0008086949148269906]
[-0.00011310249462112565, -0.00011997329541976742]
[0.000503077675404362, 5.664539988015083e-06]
[0.000633639723281898, -0.0006585382216429125]
[2.2694664698064138e-05, -0.0007830697581361901]
[-0.00011273434678933658, -0.00012051303070145791]
[0.0004929653671907896, 2.996375461722378e-06]
[0.0006185706765218235, -0.0006360862749351937]
[1.7969153758679024e-05, -0.0007585187896048118]
[-0.00011230074446208493, -0.00012100427793879098]
[0.00048319280975350765, 4.3199361307588724e-07]
[0.0006040501155161193, -0.0006145952943712729]
[1.3523481125043979e-05, -0.0007349828542716486]
[-0.0001118072260668651, -0.00012144999664753797]
[0.0004737431423016969, -2.0338263215513575e-06]
[0.0005900498647167796, -0.000594012352774731]
[9.340483381192755e-06, -0.0007124068317206356]
[-0.00011125887922744382, -0.00012185293025340771]
[0.0004646005769805006, -4.405966160747621e-06]
[0.0005765435805221708, -0.0005742881133180278]
[5.4042278958554846e-06, -0.0006907393101117099]
[-0.00011066038102110903, -0.00012221562424624688]
[0.0004557503165389942, -6.688995130094133e-06]
[0.0005635066087300578, -0.0005553765412312228]
[1.6999106720594348e-06, -0.0006699322900648452]
[-0.00011001603423814454, -0.00012254044259343844]
[0.00044717847936337485, -8.887193826967454e-06]
[0.0005509158545922155, -0.0005372346426167351]
[-1.7862364143916842e-06, -0.0006499409162598058]
[-0.00010932980024404293, -0.00012282958289971946]
[0.0004388720309670413, -1.1004576343787154e-05]
[0.000538749664628968, -0.0005198222267254193]
[-5.067029536565126e-06, -0.0006307232330561297]
[-0.00010860532849496507, -0.00012308508985536815]
[0.00043081872160655177, -1.304491014564313e-05]
[0.0005269877188417427, -0.0005031016896085427]
[-8.154409097904658e-06, -0.000612239961994665]
[-0.00010784598322016725, -0.0001233088674434113]
[0.00042300702926018063, -1.5011734217709738e-05]
[0.0005156109321249325, -0.0004870378172686096]
[-1.1059509128386047e-05, -0.0005944542992628032]
[-0.00010705486774676559, -0.00012350269035110717]
[0.00041542610727129947, -1.6908375972721212e-05]
[0.0005046013642847624, -0.0004715976057842325]
[-1.379272028340095e-05, -0.0005773317305550751]
[-0.00010623484628577429, -0.00012366821388232196]
[0.00040806573663310086, -1.8737966252152516e-05]
[0.0004939421376739528, -0.0004567500970124594]
[-1.6363747236625148e-05, -0.0005608398618990318]
[-0.0001053885639482749, -0.00012380698345171304]
[0.00040091628196581297, -2.0503453536838134e-05]
[0.0004836173615608841, -0.0004424662286239278]
[-1.878166118102209e-05, -0.0005449482651673776]
[-0.00010451846474064663, -0.00012392044290704396]
[0.0003939686512726137, -2.2207616644814854e-05]
[0.0004736120629071916, -0.0004287186965084844]
[-2.1054947603016405e-05, -0.0005296283362852261]
[-0.00010362680803854135, -0.00012400994233857654]
[0.0003872142588251526, -2.3853076604005152e-05]
[0.0004639121226781562, -0.00041548182888279106]
[-2.3191550068857314e-05, -0.0005148531654374788]
[-0.00010271568339961443, -0.00012407674488593146]
[0.0003806449911869514, -2.544230723500185e-05]
[0.00045450421746284775, -0.0004027314704594387]
[-2.5198910113433115e-05, -0.0005005974176104377]
[-0.00010178702437867518, -0.0001241220335584936]
[0.0003742531755867584, -2.6977645484663193e-05]
[0.0004453757654215851, -0.00039044487665583494]
[-2.708400410139644e-05, -0.00048683722342546254]
[-0.00010084262080731904, -0.00012414691689796586]
[0.00036803155107151264, -2.846130035830119e-05]
[0.0004365148768057381, -0.0003786006157523031]
[-2.885337671090782e-05, -0.0004735500781516411]
[-9.988413015784431e-05, -0.00012415243445643154]
[0.00036197324171777234, -2.989536144552829e-05]
[0.0004279103081657465, -0.0003671784791377253]
[-3.0513171822871277e-05, -0.00046071474902087406]
[-9.891308789307385e-05, -0.00012413956176751673]
[0.0003560717319092688, -3.128180673273029e-05]
[0.0004195514200840411, -0.00035615939863177515]
[-3.206916090170431e-05, -0.00044831118981475404]
[-9.79309169607083e-05, -0.00012410921496872063]
[0.0003503208434406102, -3.262250987731696e-05]
[0.0004114281382719409, -0.0003455253699703731]
[-3.352676893980666e-05, -0.00043632046179620243]
[-9.69389363290607e-05, -0.00012406225476982446]
[0.00034471471447117263, -3.391924665385737e-05]
[0.0004035309172870649, -0.00033525938274876765]
[-3.489109864213136e-05, -0.0004247246612668065]
[-9.593836910586767e-05, -0.00012399949065972082]
[0.00033924777972393905, -3.5173701475099683e-05]
[0.00039585070724867943, -0.00032534535515715834]
[-3.616695240818424e-05, -0.00041350685206986704]
[-9.493034968411154e-05, -0.00012392168423305816]
[0.00033391475241728585, -3.6387472885521244e-05]
[0.0003883789228507073, -0.0003157680739131197]
[-3.7358852748275995e-05, -0.00040265100343545024]
[-9.391593044315999e-05, -0.00012382955252748795]
[0.0003287106073478485, -3.7562078924788245e-05]
[0.00038110741462804576, -0.00030651313867789687]
[-3.847106112608856e-05, -0.0003921419324404152]
[-9.28960879021494e-05, -0.0001237237711021466]
[0.00032363056517248356, -3.8698962106287205e-05]
[0.0003740284424346707, -0.00029756691031194993]
[-3.950759521739733e-05, -0.00038196525043182605]
[-9.18717282289705e-05, -0.00012360497661495495]
[0.0003186700779397311, -3.979949377419523e-05]
[0.00036713465052307104, -0.0002889164634409247]
[-4.047224515091319e-05, -0.0003721073138732711]
[-9.084369259115127e-05, -0.00012347376972873803]
[0.00031382481533920314, -4.086497867986094e-05]
[0.0003604190446602762, -0.0002805495419324483]
[-4.136858825032341e-05, -0.00036255517820910077]
[-8.981276179807415e-05, -0.0001233307172810172]
[0.00030909065217954446, -4.1896658718815205e-05]
[0.00035387497070060725, -0.0002724545178181964]
[-4.2200002823788996e-05, -0.00035329655527233106]
[-8.877966071443172e-05, -0.00012317635454764386]
[0.00030446365657754715, -4.28957166671573e-05]
[0.0003474960946617811, -0.00026462035307808773]
[-4.296968091285769e-05, -0.00034431977364457467]
[-8.774506232742119e-05, -0.00012301118734023286]
[0.00029994007894207364, -4.3863279662798016e-05]
[0.0003412763841343369, -0.0002570365641573133]
[-4.368064014298456e-05, -0.00033561374183571635]
[-8.670959135994444e-05, -0.00012283569369767044]
[0.00029551634182911624, -4.4800422198246204e-05]
[0.0003352100910840039, -0.0002496931886972059]
[-4.433573458292872e-05, -0.0003271679137550887]
[-8.567382787491584e-05, -0.00012265032595379366]
[0.0002911890301940945, -4.5708169413904987e-05]
[0.00032929173553269964, -0.0002425807550537687]
[-4.49376650995259e-05, -0.0003189722570456355]
[-8.463831033612979e-05, -0.0001224555121644988]
[0.00028695488254842916, -4.6587499677688826e-05]
[0.000323516090589282, -0.00023569025340138688]
[-4.548898871387097e-05, -0.0003110172230698094]
[-8.360353856776831e-05, -0.0001222516576762922]
[0.00028281078255532055, -4.743934724059373e-05]
[0.00031787816832856697, -0.00022901310902966737]
[-4.599212743319758e-05, -0.0003032937191554397]
[-8.256997649035147e-05, -0.000122039146584485]
[0.00027875375116215295, -4.826460471982208e-05]
[0.0003123732065871687, -0.00022254115742677272]
[-4.6449376470136805e-05, -0.00029579308268556925]
[-8.153805452111237e-05, -0.00012181834284982762]
[0.0002747809393629508, -4.906412518099201e-05]
[0.00030699665673905585, -0.0002162666207718711]
[-4.686291176642099e-05, -0.0002885070566553405]
[-8.050817205325703e-05, -0.00012158959181257645]
[0.0002708896211549572, -4.983872456500171e-05]
[0.0003017441719918579, -0.00021018208644575653]
[-4.723479726009838e-05, -0.00028142776729800367]
[-7.948069949747366e-05, -0.00012135322113310254]
[0.00026707718718937956, -5.0589183489463396e-05]
[0.00029661159667626613, -0.0002042804864679365]
[-4.756699140801013e-05, -0.000274547702686756]
[-7.845598029834408e-05, -0.00012110954190025502]
[0.0002633411386862572, -5.131624917099897e-05]
[0.0002915949560790554, -0.00019855507849103615]
[-4.786135339537867e-05, -0.00026785969294068623]
[-7.743433277971473e-05, -0.0001208588496192653]
[0.0002596790817448458, -5.2020637182473295e-05]
[0.00028669044690449175, -0.00019299942800826003]
[-4.811964893480791e-05, -0.0002613568916844389]
[-7.641605188073164e-05, -0.00012060142517963945]
[0.0002560887219728025, -5.2703033148596146e-05]
[0.00028189442844689383, -0.0001876073914572618]
[-4.8343555557051054e-05, -0.00025503275844740436]
[-7.540141064325129e-05, -0.0001203375355306735]
[0.0002525678595600156, -5.3364094109720206e-05]
[0.00027720341405162996, -0.00018237310083669273]
[-4.853466780352367e-05, -0.00024888104261067134]
[-7.439066183718979e-05, -0.00012006743476325465]
[0.00024911438439984, -5.4004450255717984e-05]
[0.00027261406333556337, -0.00017729094883014995]
[-4.86945018376983e-05, -0.00024289576789876532]
[-7.338403922910186e-05, -0.0001197913646753257]
[0.00024572627173863326, -5.462470610909098e-05]
[0.0002681231747503343, -0.0001723555750680894]
[-4.882449988193038e-05, -0.00023707121804100728]
[-7.238175887987891e-05, -0.00011950955552098019]
[0.0002424015779595723, -5.522544185902756e-05]
[0.00026372767860971535, -0.00016756185318492905]
[-4.892603434640541e-05, -0.000231401923260377]
[-7.138402035216859e-05, -0.00011922222671223448]
[0.00023913843660788858, -5.5807214618230905e-05]
[0.00025942463050243614, -0.00016290487870355627]
[-4.900041172159475e-05, -0.00022588264761896903]
[-7.039100771453338e-05, -0.00011892958725723268]
[0.0002359350547632144, -5.6370559387397545e-05]
[0.0002552112052050526, -0.00015837995742947614]
[-4.9048876108168105e-05, -0.0002205083768997418]
[-6.940289071042521e-05, -0.00011863183660293375]
[0.00023278970938189758, -5.6915990397546357e-05]
[0.00025108469071261075, -0.00015398259496641337]
[-4.9072612761033585e-05, -0.00021527430763707]
[-6.841982561470519e-05, -0.00011832916499748825]
[0.0002297007440772436, -5.744400194650223e-05]
[0.00024704248284057595, -0.00014970848642410772]
[-4.907275118336274e-05, -0.00021017583636306902]
[-6.744195614607346e-05, -0.00011802175404140858]
[0.00022666656596426193, -5.7955069400726644e-05]
[0.0002430820800194966, -0.000145553506939948]
[-4.905036814555064e-05, -0.00020520854969047209]
[-6.646941429416103e-05, -0.00011770977716285547]
[0.00022368564270103253, -5.844965009862979e-05]
[0.00023920107838037996, -0.00014151370275086034]
[-4.900649052039241e-05, -0.0002003682149681607]
[-6.550232111357523e-05, -0.00011739340010530341]
[0.00022075649966885047, -5.892818424536872e-05]
[0.00023539716722748016, -0.0001375852825704696]
[-4.8942097834930864e-05, -0.00019565077126282304]
[-6.454078735140117e-05, -0.00011707278117853437]
[0.00021787771741943462, -5.9391095550871686e-05]
[0.00023166812453667696, -0.00013376460987213692]
[-4.8858124892706134e-05, -0.00019105232126387373]
[-6.358491425518392e-05, -0.00011674807190467651]
[0.00021504792903409564, -5.983879224404076e-05]
[0.00022801181292303463, -0.00013004819519978061]
[-4.875546401872377e-05, -0.00018656912323650188]
[-6.263479410706374e-05, -0.00011641941721923788]
[0.00021226581784689058, -6.027166762462982e-05]
[0.0002244261757159971, -0.0001264326891134704]
[-4.8634967281982466e-05, -0.00018219758362553184]
[-6.169051083070726e-05, -0.00011608695586073914]
[0.00020953011517771403, -6.0690100786818524e-05]
[0.00022090923324741274, -0.0001229148755287346]
[-4.849744858780036e-05, -0.00017793425006915053]
[-6.075214055854122e-05, -0.00011575082073878029]
[0.00020683959818423858, -6.109445730483054e-05]
[0.00021745907944603626, -0.00011949166522368798]
[-4.834368553988111e-05, -0.00017377580459645992]
[-5.981975205340134e-05, -0.00011541113907978517]
[0.00020419308793429014, -6.148508968245592e-05]
[0.0002140738783960039, -0.00011616009009975808]
[-4.817442141036299e-05, -0.00016971905759269323]
[-5.8893407316504276e-05, -0.00011506803295985302]
[0.00020158944736275997, -6.186233817436632e-05]
[0.00021075186129182466, -0.00011291729736163242]
[-4.7990366783476346e-05, -0.00016576094169717948]
[-5.797316194395413e-05, -0.0001147216194156142]
[0.0001990275795462626, -6.222653117284732e-05]
[0.00020749132344421994, -0.00010976054420645809]
[-4.779220121178818e-05, -0.00016189850622400082]
[-5.705906556448953e-05, -0.00011437201074210313]
[0.00019650642595936407, -6.257798576840556e-05]
[0.00020429062146443133, -0.00010668719275934435]
[-4.758057475721944e-05, -0.0001581289118411655]
[-5.6151162249724884e-05, -0.00011401931477394989]
[0.0001940249648194614, -6.291700828210678e-05]
[0.0002011481705689322, -0.00010369470531722269]
[-4.735610946748903e-05, -0.00015444942556938623]
[-5.524949079308006e-05, -0.00011366363495896037]
[0.00019158220961795758, -6.32438945787836e-05]
[0.00019806244212910995, -0.00010078063965233974]
[-4.711940066572107e-05, -0.00015085741585174617]
[-5.435408517709406e-05, -0.0001133050708070904]
[0.0001891772075179321, -6.355893074463936e-05]
[0.00019503196113501708, -9.794264494154131e-05]
[-4.687101837458352e-05, -0.00014735034826007798]
[-5.346497480723106e-05, -0.00011294371793837965]
[0.0001868090380356402, -6.386239335415267e-05]
[0.00019205530399407644, -9.51784575313891e-05]
[-4.661150845876316e-05, -0.00014392578104591158]
[-5.2582184830812784e-05, -0.00011257966831426658]
[0.00018447681168476393, -6.415454991005182e-05]
[0.00018913109633572622, -9.24858971085886e-05]
[-4.634139380553515e-05, -0.00014058136110770003]
[-5.170573643679954e-05, -0.00011221301045641341]
[0.00018217966868627755, -6.443565926215339e-05]
[0.00018625801092597705, -8.986286306685715e-05]
[-4.606117544191102e-05, -0.00013731482016174357]
[-5.083564703563942e-05, -0.00011184382946874405]
[0.00017991677784079396, -6.470597182064997e-05]
[0.00018343476578325246, -8.730733087482928e-05]
[-4.577133349108198e-05, -0.00013412397092418815]
[-4.9971930626287187e-05, -0.00011147220742457886]
[0.00017768733525597158, -6.49657301256476e-05]
[0.0001806601221884252, -8.481734899282167e-05]
[-4.5472328276507934e-05, -0.0001310067038486351]
[-4.9114597943898664e-05, -0.00011109822336971553]
[0.00017549056333110435, -6.521516902557867e-05]
[0.00017793288298711962, -8.239103558187189e-05]
[-4.5164601170433194e-05, -0.00012796098366457676]
[-4.826365669523963e-05, -0.00011072195350489422]
[0.00017332570969208483, -6.545451602716496e-05]
[0.00017525189087669313, -8.002657555718565e-05]
[-4.484857549511001e-05, -0.00012498484626696782]
[-4.7419111760177435e-05, -0.00011034347132371503]
[0.00017119204619531203, -6.568399159333216e-05]
[0.00017261602677387522, -7.77222177869713e-05]
[-4.4524657376809884e-05, -0.00012207639575836926]
[-4.658096539954942e-05, -0.00010996284777725629]
[0.00016908886795846678, -6.590380946227409e-05]
[0.00017002420835693366, -7.547627225124726e-05]
[-4.419323645896145e-05, -0.0001192338014573413]
[-4.5749217354847105e-05, -0.00010958015125475673]
[0.00016701549253200776, -6.611417677456974e-05]
[0.00016747538848399524, -7.328710769256147e-05]
[-4.385468676938037e-05, -0.00011645529540554866]
[-4.4923865130504226e-05, -0.00010919544791476721]
[0.0001649712589179564, -6.631529454595789e-05]
[0.0001649685538759882, -7.115314903010511e-05]
[-4.350936735341565e-05, -0.00011373916964357855]
[-4.410490407199402e-05, -0.00010880880165206608]
[0.0001629555268219951, -6.650735776928679e-05]
[0.0001625027237656118, -6.907287507247617e-05]
[-4.31576229684566e-05, -0.0001110837737914594]
[-4.329232753092632e-05, -0.00010842027423782485]
[0.00016096767584566907, -6.66905556850235e-05]
[0.00016007694862729682, -6.704481630484191e-05]
[-4.27997847249062e-05, -0.0001084875127088103]
[-4.248612702078408e-05, -0.00010802992545380641]
[0.0001590071047152808, -6.686507203911354e-05]
[0.00015769030894677294, -6.50675528161386e-05]
[-4.2436170712874255e-05, -0.00010594884430023543]
[-4.1686292270234904e-05, -0.00010763781304753972]
[0.00015707323063635092, -6.703108515836165e-05]
[0.0001553419141389345, -6.313971215315614e-05]
[-4.2067086505143125e-05, -0.00010346627725257851]
[-4.089281145652768e-05, -0.00010724399302963761]
[0.00015516548849381362, -6.718876836206075e-05]
[0.00015303090133025887, -6.125996761376443e-05]
[-4.169282581853451e-05, -0.00010103836921576681]
[-4.010567124300424e-05, -0.00010684851961928477]
[0.00015328333026939922, -6.733829001773564e-05]
[0.0001507564343786183, -5.942703628384824e-05]
[-4.131367096025379e-05, -9.866372473224527e-05]
[-3.932485690407578e-05, -0.00010645144535983975]
[0.00015142622439323628, -6.747981376246243e-05]
[0.00014851770284560195, -5.763967733185549e-05]
[-4.092989334267272e-05, -9.634099342745173e-05]
[-3.8550352424740475e-05, -0.00010605282119410808]
[0.0001495936551428323, -6.761349867992483e-05]
[0.00014631392101471796, -5.589669038151557e-05]
[-4.0541753972875294e-05, -9.406886828361438e-05]
[-3.778214061184865e-05, -0.00010565269657092369]
[0.00014778512204810523, -6.773949950423033e-05]
[0.00014414432704171198, -5.419691379420985e-05]
[-4.014950382873195e-05, -9.184608382617476e-05]
[-3.702020310963894e-05, -0.00010525111938031184]
[0.00014600013941271084, -6.78579666492582e-05]
[0.00014200818196419274, -5.2539223356747045e-05]
[-3.975338439442949e-05, -8.967141471974416e-05]
[-3.6264520590363614e-05, -0.00010484813621852718]
[0.0001442382356768579, -6.796904656401065e-05]
[0.0001399047689306654, -5.092253070306668e-05]
[-3.935362799393355e-05, -8.754367410154784e-05]
[-3.551507275883353e-05, -0.00010444379231711043]
[0.00014249895298432125, -6.807288174799989e-05]
[0.00013783339237519177, -4.934578196812145e-05]
[-3.895045819595627e-05, -8.546171214998677e-05]
[-3.4771838443213576e-05, -0.00010403813163487041]
[0.0001407818466791777, -6.816961092709004e-05]
[0.00013579337722660623, -4.7807956502020355e-05]
[-3.854409019950211e-05, -8.34244147172869e-05]
[-3.4034795680149e-05, -0.00010363119694634104]
[0.00013908648482360841, -6.82593692221227e-05]
[0.00013378406823921773, -4.630806548095584e-05]
[-3.81347311147473e-05, -8.143070186172885e-05]
[-3.330392170852736e-05, -0.0001032230297662029]
[0.00013741244782281004, -6.834228815068982e-05]
[0.0001318048291779894, -4.484515089660246e-05]
[-3.7722580402313466e-05, -7.947952676115588e-05]
[-3.257919313454094e-05, -0.00010281367059364332]
[0.00013575932789183787, -6.841849594573304e-05]
[0.00012985504221024735, -4.341828427477379e-05]
[-3.730783012168698e-05, -7.756987435869611e-05]
[-3.1860585917378725e-05, -0.00010240315883122686]
[0.00013412672871676579, -6.848811754630799e-05]
[0.0001279341072366047, -4.2026565606090305e-05]
[-3.689066525235096e-05, -7.570076022331285e-05]
[-3.1148075439427214e-05, -0.00010199153286338802]
[0.0001325142650432931, -6.855127474467843e-05]
[0.00012604144126729389, -4.066912229178099e-05]
[-3.647126398343553e-05, -7.387122942784097e-05]
[-3.0441636555661455e-05, -0.00010157883009995206]
[0.00013092156229921326, -6.860808629680429e-05]
[0.0001241764778068255, -3.934510816544501e-05]
[-3.6049798006719536e-05, -7.20803555057381e-05]
[-2.974124363988584e-05, -0.00010116508701779603]
[0.0001293482562325643, -6.865866802760467e-05]
[0.00012233866634769885, -3.8053702403000045e-05]
[-3.5626432712619616e-05, -7.032723929814577e-05]
[-2.904687062800504e-05, -0.00010075033920056709]
[0.00012779399256296342, -6.870313293277745e-05]
[0.00012052747171811817, -3.6794108784370116e-05]
[-3.520132754320643e-05, -6.861100815500065e-05]
[-2.835849109193711e-05, -0.0001003346214376033]
[0.00012625842661437292, -6.874159133657756e-05]
[0.0001187423736214166, -3.556555468266914e-05]
[-3.4774636164379424e-05, -6.693081486594532e-05]
[-2.767607814463391e-05, -9.99179675146844e-05]
[0.0001247412231270839, -6.877415074090648e-05]
[0.00011698286611169784, -3.4367290246653526e-05]
[-3.434650671219758e-05, -6.528583678633293e-05]
[-2.699960467585083e-05, -9.950041061659864e-05]
[0.00012324205574890112, -6.880091628218635e-05]
[0.00011524845710708664, -3.319858758696337e-05]
[-3.3917082011648836e-05, -6.367527496944914e-05]
[-2.6329043251741013e-05, -9.90819831138412e-05]
[0.00012176060687199564, -6.882199057209326e-05]
[0.00011353866792163103, -3.2058739996537744e-05]
[-3.3486499785774504e-05, -6.20983533344277e-05]
[-2.5664366179942166e-05, -9.866271665523452e-05]
[0.00012029656731413207, -6.883747384152372e-05]
[0.00011185303281610603, -3.094706120266438e-05]
[-3.305489285550939e-05, -6.055431786775034e-05]
[-2.500554553878931e-05, -9.824264219807088e-05]
[0.00011884963604441579, -6.884746401998251e-05]
[0.00011019109853410702, -2.986288470905457e-05]
[-3.2622389362701315e-05, -5.904243591658975e-05]
[-2.4352553204542993e-05, -9.782179003564595e-05]
[0.0001174195199190875, -6.885205681178043e-05]
[0.00010855242401594523, -2.8805562871041246e-05]
[-3.218911282401246e-05, -5.7561995216837136e-05]
[-2.3705360877396275e-05, -9.740018982465348e-05]
[0.00011600593342761534, -6.885134576923788e-05]
[0.00010693657980609395, -2.777446659123911e-05]
[-3.1755182498698076e-05, -5.611230354365948e-05]
[-2.306394010524737e-05, -9.697787061099805e-05]
[0.00011460859844830695, -6.884542236326903e-05]
[0.00010534314779878096, -2.6768984448491406e-05]
[-3.1320713426472024e-05, -5.469268779614844e-05]
[-2.2428262306209423e-05, -9.655486085416443e-05]
[0.00011322724401280349, -6.883437605100656e-05]
[0.00010377172083680941, -2.5788522149294835e-05]
[-3.088581661951639e-05, -5.3302493406487406e-05]
[-2.1798298789538206e-05, -9.613118845056001e-05]
[0.00011186160607976059, -6.881829434082255e-05]
[0.0001022219023566473, -2.4832501943516938e-05]
[-3.0450599215116336e-05, -5.194108371484041e-05]
[-2.1174020806480343e-05, -9.570688081333989e-05]
[0.0001105114272852703, -6.879726291246155e-05]
[0.00010069330604695059, -2.390036206387225e-05]
[-3.0015164622115842e-05, -5.0607839369110064e-05]
[-2.0555399443483724e-05, -9.52819646640457e-05]
[0.00010917645685737387, -6.877136544746094e-05]
[9.918555551968744e-05, -2.299155618680493e-05]
[-2.957961266056991e-05, -4.930215774762159e-05]
[-1.9942405827130805e-05, -9.485646639770251e-05]
[0.00010785645022626245, -6.874068403225908e-05]
[9.769828399391889e-05, -2.2105552915069326e-05]
[-2.914403969585949e-05, -4.802345240477457e-05]
[-1.9335011014393055e-05, -9.443041187240375e-05]
[0.00010655116895394445, -6.870529898364217e-05]
[9.623113399118144e-05, -2.1241835280037813e-05]
[-2.870853876700205e-05, -4.6771152537594674e-05]
[-1.8733186039038285e-05, -9.400382648505623e-05]
[0.00010526038051514308, -6.866528895998515e-05]
[9.478375701152397e-05, -2.039990031933031e-05]
[-2.827319973984152e-05, -4.554470252862708e-05]
[-1.8136901925411286e-05, -9.357673518925469e-05]
[0.00010398385811527522, -6.862073101322405e-05]
[9.335581337280296e-05, -1.9579258393090382e-05]
[-2.7838109303145175e-05, -4.434356122914873e-05]
[-1.754612970111813e-05, -9.31491625121017e-05]
[0.00010272138051617419, -6.857170063844995e-05]
[9.194697175538002e-05, -1.8779433077972807e-05]
[-2.7403351264155412e-05, -4.3167201820459855e-05]
[-1.696084040898882e-05, -9.272113257072223e-05]
[0.00010147273186678074, -6.851827182200593e-05]
[9.055690906181746e-05, -1.7999960517343927e-05]
[-2.696900653464951e-05, -4.2015111133025806e-05]
[-1.6381005118124015e-05, -9.229266908711287e-05]
[0.00010023770154071743, -6.846051708764983e-05]
[8.918531013346609e-05, -1.7240389068140516e-05]
[-2.6535153265186406e-05, -4.088678926286726e-05]
[-1.580659493406744e-05, -9.186379540329637e-05]
[9.901608397899775e-05, -6.839850754115223e-05]
[8.783186750654925e-05, -1.650027890703204e-05]
[-2.6101866944371055e-05, -3.978174914860688e-05]
[-1.5237581038038406e-05, -9.143453454954487e-05]
[9.780767850889327e-05, -6.833231296738893e-05]
[8.649628117685104e-05, -1.5779201651411334e-05]
[-2.566922049421043e-05, -3.8699516163961944e-05]
[-1.4673934577005832e-05, -9.100490904037639e-05]
[9.6612289315956e-05, -6.826200165446078e-05]
[8.517825837334181e-05, -1.5076739994276944e-05]
[-2.5237284361420698e-05, -3.76396277253499e-05]
[-1.4115626849914298e-05, -9.057494121400556e-05]
[9.542972512485703e-05, -6.818764076007428e-05]
[8.387751333910343e-05, -1.439248735314591e-05]
[-2.4806126605157394e-05, -3.660163291396845e-05]
[-1.3562629196231524e-05, -9.014465302656371e-05]
[9.425979918181726e-05, -6.810929613184497e-05]
[8.259376712019262e-05, -1.3726047531414931e-05]
[-2.4375812981007258e-05, -3.558509211148975e-05]
[-1.3014913032655118e-05, -8.971406611849031e-05]
[9.310232909287564e-05, -6.802703239926905e-05]
[8.132674736227585e-05, -1.3077034392419695e-05]
[-2.3946407021923494e-05, -3.4589576649285414e-05]
[-1.2472449859385337e-05, -8.928320182566285e-05]
[9.195713669657435e-05, -6.794091300926092e-05]
[8.007618808500427e-05, -1.2445071598227164e-05]
[-2.3517970144108086e-05, -3.3614668522793933e-05]
[-1.1935211265926005e-05, -8.885208119005505e-05]
[9.082404794102938e-05, -6.785100026078864e-05]
[7.884182960724018e-05, -1.1829792095685576e-05]
[-2.3090561606813054e-05, -3.265995985450576e-05]
[-1.1403168936413577e-05, -8.84207249702007e-05]
[8.970289276491461e-05, -6.775735533813901e-05]
[7.762341819120278e-05, -1.1230838141987332e-05]
[-2.2664238756050017e-05, -3.172505289655847e-05]
[-1.0876294654377228e-05, -8.798915365082483e-05]
[8.859350498263696e-05, -6.766003834313486e-05]
[7.642070598082307e-05, -1.0647860811702214e-05]
[-2.2239056978068383e-05, -3.0809559515732055e-05]
[-1.035456030723525e-05, -8.755738745203079e-05]
[8.74957221731476e-05, -6.755910832602005e-05]
[7.523345080157062e-05, -1.0080519778701835e-05]
[-2.1815069794154512e-05, -2.991310095430688e-05]
[-9.837937890180837e-06, -8.712544633854291e-05]
[8.640938557250011e-05, -6.745462331558122e-05]
[7.406141599566873e-05, -9.52848305475762e-06]
[-2.1392328923831166e-05, -2.903530754780337e-05]
[-9.326399537781804e-06, -8.66933500794087e-05]
[8.53343399420392e-05, -6.734664039921567e-05]
[7.29043702622778e-05, -8.991426737291197e-06]
[-2.097088434565436e-05, -2.817581845261652e-05]
[-8.819917415497924e-06, -8.626111805076775e-05]
[8.427043357972508e-05, -6.723521554557327e-05]
[7.176208750328539e-05, -8.4690347661176e-06]
[-2.055078435579845e-05, -2.7334281383531445e-05]
[-8.318463890252814e-06, -8.582876955207097e-05]
[8.321751805487332e-05, -6.712040394004498e-05]
[7.063434667425872e-05, -7.960998688820442e-06]
[-2.013207562404258e-05, -2.6510352360023526e-05]
[-7.822011421160235e-06, -8.539632360782257e-05]
[8.217544822630707e-05, -6.700225980455637e-05]
[6.952093164033779e-05, -7.467017434099887e-06]
[-1.971480324789148e-05, -2.5703695461440357e-05]
[-7.330532589694405e-06, -8.496379902589446e-05]
[8.11440821232301e-05, -6.688083647481136e-05]
[6.84216310366248e-05, -6.986797093197494e-06]
[-1.9299010804463626e-05, -2.4913982590579753e-05]
[-6.844000101938197e-06, -8.453121440485378e-05]
[8.012328085685305e-05, -6.67561864241828e-05]
[6.733623810661893e-05, -6.520050758691831e-06]
[-1.88847404275147e-05, -2.41408932953463e-05]
[-6.362386790054186e-06, -8.409858814009685e-05]
[7.911290853535036e-05, -6.662836128750599e-05]
[6.626455068010906e-05, -6.06649812109894e-06]
[-1.847203274700157e-05, -2.3384114348490304e-05]
[-5.885665613852842e-06, -8.366593843012193e-05]
[7.811283218100984e-05, -6.64974118835468e-05]
[6.520637088425207e-05, -5.625865571810829e-06]
[-1.806092709812253e-05, -2.2643339834468867e-05]
[-5.41380966231908e-06, -8.323328328263546e-05]
[7.712292165062973e-05, -6.636338823719917e-05]
[6.416150513008367e-05, -5.197885812963099e-06]
[-1.765146145715074e-05, -2.1918270743534474e-05]
[-4.946792154195134e-06, -8.280064052018643e-05]
[7.614304955744222e-05, -6.622633960051694e-05]
[6.312976396737058e-05, -4.782297723840423e-06]
[-1.724367251136616e-05, -2.1208614822673666e-05]
[-4.48458646579164e-06, -8.236802783428976e-05]
[7.517309116991666e-05, -6.608631452209579e-05]
[6.211096197021593e-05, -4.378846183560048e-06]
[-1.6837595700100808e-05, -2.0514086383593977e-05]
[-4.027166025058482e-06, -8.19354625953006e-05]
[7.421292444514949e-05, -6.594336067168582e-05]
[6.11049176263978e-05, -3.987281899507644e-06]
[-1.6433265254644364e-05, -1.9834406116747694e-05]
[-3.574504471887119e-06, -8.150296215092556e-05]
[7.326242979879827e-05, -6.57975251525042e-05]
[6.0111453230288214e-05, -3.607361241740603e-06]
[-1.603071423603858e-05, -1.916930091153124e-05]
[-3.126575551792854e-06, -8.107054363490351e-05]
[7.232149014346767e-05, -6.564885432421008e-05]
[5.9130394778922346e-05, -3.2388460827897925e-06]
[-1.5629974572162197e-05, -1.851850368272956e-05]
[-2.683353142712841e-06, -8.063822402074039e-05]
[7.138999079553399e-05, -6.549739386976783e-05]
[5.816157187177318e-05, -2.881503642776506e-06]
[-1.5231077092826145e-05, -1.7881753202178552e-05]
[-2.244811255130985e-06, -8.020602012578926e-05]
[7.04678194112518e-05, -6.534318881287055e-05]
[5.720481758733631e-05, -2.5351063873135793e-06]
[-1.4834051589840067e-05, -1.7258793983898624e-05]
[-1.8109240318975317e-06, -7.977394861585774e-05]
[6.955486592416515e-05, -6.518628353475997e-05]
[5.625996849242809e-05, -2.1994316922388513e-06]
[-1.4438926746363975e-05, -1.664937593646998e-05]
[-1.3816657478404881e-06, -7.934202600859419e-05]
[6.865102248518329e-05, -6.502672179042879e-05]
[5.532686439542467e-05, -1.8742619894845935e-06]
[-1.4045730323796954e-05, -1.605325449646755e-05]
[-9.570108097101127e-07, -7.89102686776233e-05]
[6.77561834037943e-05, -6.486454672439274e-05]
[5.440534836147204e-05, -1.5593844407135737e-06]
[-1.3654489088625599e-05, -1.5470190290592378e-05]
[-5.36933755554414e-07, -7.847869285598774e-05]
[6.687024509119399e-05, -6.469980088600474e-05]
[5.34952666005617e-05, -1.2545908540800843e-06]
[-1.3265228867742618e-05, -1.4899949040761418e-05]
[-1.2140925401138425e-07, -7.804731463970094e-05]
[6.599310600549635e-05, -6.45325262441307e-05]
[5.259646838449983e-05, -9.59677557393901e-07]
[-1.2877974576752313e-05, -1.4342301426183146e-05]
[2.895878707526167e-07, -7.761615003737399e-05]
[6.512466657285221e-05, -6.436276424777454e-05]
[5.1708805966194094e-05, -6.744452752463492e-07]
[-1.2492750247250842e-05, -1.3797022949700588e-05]
[6.960827412388904e-07, -7.718521478747298e-05]
[6.426482923643784e-05, -6.419055565440313e-05]
[5.0832134501466175e-05, -3.9869901013317444e-07]
[-1.2109579053072583e-05, -1.3263893808311555e-05]
[1.0981002752930014e-06, -7.675452464050991e-05]
[6.34134982548662e-05, -6.401594082195566e-05]
[4.99663119732513e-05, -1.3224792762278614e-07]
[-1.172848333581139e-05, -1.2742698768011818e-05]
[1.4956652888142852e-06, -7.632409517530081e-05]
[6.25705797542564e-05, -6.383895953575303e-05]
[4.911119911803208e-05, 1.2509475524891123e-07]
[-1.1349484629077228e-05, -1.223322704235752e-05]
[1.8888024706231743e-06, -7.589394184873144e-05]
[6.173598165543082e-05, -6.365965106781835e-05]
[4.826665935450669e-05, 3.735118776979074e-07]
[-1.0972603682357293e-05, -1.1735272174941136e-05]
[2.277536384251433e-06, -7.546407999806104e-05]
[6.090961362797964e-05, -6.347805418877028e-05]
[4.7432558689733395e-05, 6.131823945473847e-07]
[-1.05978605080808e-05, -1.1248631970606215e-05]
[2.6618914684695127e-06, -7.503452484350359e-05]
[6.009138704565764e-05, -6.329420717983425e-05]
[4.6608765750522085e-05, 8.442816584117163e-07]
[-1.0225274305414311e-05, -1.0773108204104043e-05]
[3.0418920386326986e-06, -7.460529149055928e-05]
[5.928121494253036e-05, -6.310814784412505e-05]
[4.579515157031311e-05, 1.066981245897991e-06]
[-9.854863629071148e-06, -1.0308506784982574e-05]
[3.417562287957865e-06, -7.41763949320684e-05]
[5.847901197117422e-05, -6.29199135178185e-05]
[4.499158962480154e-05, 1.2814492340168515e-06]
[-9.486646311219343e-06, -9.854637472377081e-06]
[3.788926288383898e-06, -7.374785005082041e-05]
[5.768469436151502e-05, -6.272954108074713e-05]
[4.419795574560348e-05, 1.4878502467494115e-06]
[-9.12063950592873e-06, -9.411313820026357e-06]
[4.1560079922647875e-06, -7.331967162099717e-05]
[5.68981798812207e-05, -6.253706696682931e-05]
[4.3414128060845214e-05, 1.6863455444063313e-06]
[-8.75685970817483e-06, -8.978353078711865e-06]
[4.51883120937413e-06, -7.28918743546636e-05]
[5.611938777258518e-05, -6.234252721831757e-05]
[4.2639986937278995e-05, 1.877093109912964e-06]
[-8.395322772322342e-06, -8.555576101930418e-06]
[4.877419704479857e-06, -7.246447272668544e-05]
[5.534823881137019e-05, -6.214595731880018e-05]
[4.187541492396696e-05, 2.0602477327838487e-06]
[-8.036043929807168e-06, -8.142807254078732e-06]
[5.231797054139342e-06, -7.20374812418767e-05]
[5.4584655125977655e-05, -6.19473924679953e-05]
[4.112029669793571e-05, 2.235961090293892e-06]
[-7.679037806389982e-06, -7.739874321711915e-06]
[5.581986744648826e-06, -7.161091425961219e-05]
[5.382856025792915e-05, -6.174686741389213e-05]
[4.0374519010996646e-05, 2.404381826276447e-06]
[-7.324318438698546e-06, -7.346608427313828e-06]
[5.928012149311601e-06, -7.11847860396797e-05]
[5.3079879103745675e-05, -6.154441650582654e-05]
[3.963797063843977e-05, 2.5656556276038023e-06]
[-6.971899290251354e-06, -6.962843945593211e-06]
[6.2698965296870135e-06, -7.075911074364005e-05]
[5.2338537880808333e-05, -6.134007370321715e-05]
[3.89105423054259e-05, 2.719925255169342e-06]
[-6.6217932903449295e-06, -6.588418465527934e-06]
[6.6076630371170175e-06, -7.033390243660342e-05]
[5.160446409496755e-05, -6.113387258385727e-05]
[3.819212673233929e-05, 2.8673307883655963e-06]
[-6.274012755293906e-06, -6.223172539093769e-06]
[6.941334714030689e-06, -6.990917508820083e-05]
[5.087758650895724e-05, -6.092584635206122e-05]
[3.7482618446715854e-05, 3.0080094357218257e-06]
[-5.9285695435985775e-06, -5.8669498637919926e-06]
[7.270934495678949e-06, -6.948494257402738e-05]
[5.015783511130856e-05, -6.071602784649133e-05]
[3.678191383135743e-05, 3.142095775482412e-06]
[-5.5854749760261835e-06, -5.51959703573579e-06]
[7.596485211397441e-06, -6.90612186768913e-05]
[4.944514108642939e-05, -6.050444954766587e-05]
[3.608991105612247e-05, 3.2697217780680576e-06]
[-5.2447398726021555e-06, -5.180963520846904e-06]
[7.918009585966557e-06, -6.86380170878409e-05]
[4.873943678515569e-05, -6.0291143585577966e-05]
[3.540651003475226e-05, 3.391016869719321e-06]
[-4.906374565688196e-06, -4.850901584918521e-06]
[8.235530218406173e-06, -6.821535144946322e-05]
[4.804065567393101e-05, -6.0076141788739656e-05]
[3.47316123826269e-05, 3.5061079944748164e-06]
[-4.57038891257637e-06, -4.529266225877793e-06]
[8.549069674984588e-06, -6.77932351880739e-05]
[4.734873239831128e-05, -5.9859475522658356e-05]
[3.4065121375839724e-05, 3.6151196741093794e-06]
[-4.2367923077848285e-06, -4.215915107769197e-06]
[8.858650353077424e-06, -6.737168176829123e-05]
[4.6663602618790545e-05, -5.9641175949684544e-05]
[3.340694191136806e-05, 3.718174066559554e-06]
[-3.905593694753309e-06, -3.910708496715487e-06]
[9.164294574426357e-06, -6.695070452442109e-05]
[4.598520307616538e-05, -5.9421273866627766e-05]
[3.27569804683403e-05, 3.815391022440884e-06]
[-3.5768015773755824e-06, -3.613509198925613e-06]
[9.466024563822839e-06, -6.653031670417198e-05]
[4.531347154329568e-05, -5.919979975330114e-05]
[3.2115145047931226e-05, 3.90688809872447e-06]
[-3.2504240534848156e-06, -3.324182541477455e-06]
[9.763862450315464e-06, -6.611053146887702e-05]
[4.464834680023566e-05, -5.8976783778807995e-05]
[3.1481345226569424e-05, 3.992780777624383e-06]
[-2.92646873559059e-06, -3.0425961481950203e-06]
[1.0057830268722645e-05, -6.569136189479852e-05]
[4.398976861011428e-05, -5.875225580739829e-05]
[3.085549198544868e-05, 4.073182269984099e-06]
[-2.6049428963406673e-06, -2.7686201311896697e-06]
[1.0347949961270198e-05, -6.527282097343323e-05]
[4.3337677695487464e-05, -5.852624540431117e-05]
[3.0237497765761567e-05, 4.148203731457745e-06]
[-2.285853388375031e-06, -2.50212686958573e-06]
[1.0634243378770947e-05, -6.485492161242834e-05]
[4.269201571563408e-05, -5.8298781841395475e-05]
[2.962727641253604e-05, 4.217954269900015e-06]
[-1.9692066765969463e-06, -2.242990997200489e-06]
[1.0916732282248431e-05, -6.443767663608102e-05]
[4.205272524421266e-05, -5.8069894102466546e-05]
