[-496.96898427055237, 525.6703487267146]
[-42.25907363460948, -80.596558250449]
[20.8371124340007, -24.7396585804253]
[-0.5717164703325075, -0.5634243659637121]
[-4.991766949538629, 2.3379893958233753]
[-9.008216409687867, 0.3427802088822176]
[-5.218405963569872, -0.06857617780243075]
[1.2292394831197555, -0.7997847057996488]
[-1.2578464033646384, -0.8738278404288238]
[-0.04853594938788852, 0.5565417895890619]
[-1.3177089174154055, -3.038255167360691]
[-0.06533089985317808, -1.3240755706537017]
[-0.08382778046546413, 0.32668431559429223]
[-0.5460069691804179, -0.9684846982178392]
[0.759105945624718, -0.816975837643632]
[-0.41626669725561527, -0.20959893627871296]
[-0.8959970609576136, 0.3102324134563883]
[-0.8367242251355567, 0.09837670868794035]
[-0.05087680921759308, 0.07767992931250589]
[0.2362004628716221, -0.18566747042616782]
[-0.5279921710553346, -0.47709974287678847]
[-0.03833894076974165, 0.2553294145054821]
[-0.13273055954163482, -0.27666444471044693]
[-0.09245014301097498, -0.5700784259907574]
[0.03799761732993279, -0.14603364388162987]
[-0.003996586898196153, -0.09417380409202636]
[0.12260702462438999, -0.11367723775729699]
[-0.3720376638219567, -0.12049287656197527]
[-0.26537947254677974, 0.06998796751392611]
[-0.09462498159622612, -0.0021413038867850176]
[0.007339745951377097, 0.0415590572046014]
[-0.011082615240691318, 0.028699795267641548]
[-0.24207883293938615, -0.27121121248792374]
[0.015544292933125536, 0.0039021827845950874]
[-0.03451623266494641, 0.010825740886672985]
[-0.04640055910229002, -0.21483883457291064]
[0.07714275021517114, -0.17772753962966448]
[0.0005007980466600337, -0.044174195744105305]
[-0.054913225400200716, 0.02725748382951565]
[-0.22972326831501277, -0.0500255808685921]
[-0.023955460626824188, 0.020342567633452546]
[0.01955949273158719, -0.030436751025042952]
[-0.07214753301875909, -0.02061287000883194]
[-0.048790655513898606, 0.08452639293542674]
[-0.08819365638346266, -0.10400885553085493]
[0.01338817354466837, -0.0907223305534488]
[-0.019254452710974368, -0.010423205189921347]
[0.004604637420039026, -0.05122223818677085]
[0.05369336363242283, -0.09864533554923138]
[-0.058303755646885946, -0.059540967535324896]
[-0.06767807554744398, 0.027960697686790326]
[-0.09250702048854098, -0.02098838285605309]
[0.03316002083267744, 0.016934565754322506]
[-0.006868455368047366, -0.008621181454211424]
[-0.08798519477662303, -0.052453443294684376]
[-0.023338275591740176, 0.05297970083689685]
[-0.027080792102342155, -0.008877299735794209]
[0.0025331643726813624, -0.07875029886961249]
[-0.002179738434452627, -0.05707374602105997]
[0.02148903659951973, -0.008940516037108992]
[0.00777640665790269, -0.025394911222573313]
[-0.08073155099372076, -0.0517273523215136]
[-0.0202997947638357, 0.006848072203611721]
[-0.017086054015902796, -0.017689060613260033]
[0.008124144524964905, 0.009884938239570928]
[-0.03581453850893346, 0.022977552437084547]
[-0.057045105812494334, -0.041209691385732716]
[-0.0008949351700984209, 0.0013477981666534244]
[-0.014408915784090759, 0.010888518508671119]
[0.004752811949032321, -0.030756631660235456]
[0.009799720707318826, -0.061526777271524224]
[0.004411064173849288, -0.018798118499407046]
[-0.020270974667996322, 0.004882544647382803]
[-0.058098876718035264, -0.031579560178723265]
[0.01804609369161858, -0.00030142840743252464]
[-0.003764452818912911, -0.014902281894583425]
[-0.02468561897017363, -0.005155862239235809]
[-0.03471670647026048, 0.03272419246374558]
[-0.022890191265484305, -0.010305760794064422]
[0.00393657762107491, -0.024510908072347126]
[-0.012290618257049912, -0.009746722362039328]
[0.013003340345400405, 0.0011560446510454625]
[0.006208910186331629, -0.03428117115419638]
[-0.019841324847649444, -0.030471530013713166]
[-0.016998243826105153, 0.0038385017513615782]
[-0.02177355140862236, -0.018315073276401694]
[0.02133039073118237, 0.0017878616794977376]
[-0.01852370053885921, -0.0029968837997937925]
[-0.03207496069855775, -0.013741305278322624]
[-0.017787255752394926, 0.01790957984703323]
[-0.007412066132300943, 0.009581627907670587]
[0.002132395517955743, -0.01746088242874899]
[-0.006580884848108592, -0.028876239188425856]
[0.013150444039788711, 0.0035742338291302467]
[-0.006120284057087755, -0.007016021423857044]
[-0.02736001572742275, -0.027667431301989454]
[0.0022024534525906247, -0.003755055702461263]
[-0.0019259795214390252, -0.014190098874565571]
[0.00231534983224968, 0.0011470227502128338]
[-0.028685597770854665, 0.009553912468250658]
[-0.019065444917432117, -0.008320174725604979]
[-0.004919802142994367, -0.002044985531540422]
[-0.006464968212807953, 0.006905444829993002]
[0.0036077861913601517, 0.0016638980271466153]
[-0.001703828713384592, -0.02716407937983112]
[0.0029356816337129388, -0.008313518350493099]
[-0.012305635617153976, 0.0027877392670736523]
[-0.016122263734342557, -0.017970128454667167]
[0.014229624852321932, -0.00516694780024185]
[-0.004484605135544439, -0.010889688087389437]
[-0.013804854358289376, -0.0034435092494856656]
[-0.02390706200986692, 0.011699791226075451]
[-0.00501451419428478, 0.003340275219656852]
[-0.001607001682827569, -0.008862813259590263]
[-0.007646773022567999, -0.007340895746369647]
[0.006910115986674792, 0.0110740905546729]
[-0.003109987741106046, -0.01188294436149151]
[-0.0074978791467542605, -0.015978515284357564]
[-0.006351474201055085, -0.0008732274226284087]
[-0.0012027621484946849, -0.01157437560149388]
[0.009939176944226968, -0.0024937795644501826]
[-0.015409307157188135, -0.0042690814685499845]
[-0.014704891050272506, -0.005250185292110521]
[-0.012495117906192732, 0.0036458488015829182]
[-0.0007420220410203626, 0.008403752008480758]
[-0.001953349973099261, -0.001268545715446212]
[-0.0058083172789973325, -0.015931852673833458]
[0.006123223504290953, 0.006124096103057308]
[-0.00751362574443859, 0.00044614755911887016]
[-0.008521937452264705, -0.014050923471383994]
[0.00417082493785792, -0.005727053895826728]
[0.0034969182176127767, -0.0097072265455167]
[-0.0023177740903004285, -0.0014344592763833042]
[-0.01972946271318521, 0.0014633619267044873]
[-0.0060663485692717956, -0.001038198482270103]
[-0.005101626166681861, -0.0044806655374567406]
[-0.003359252707228033, 0.002773633298529532]
[-0.0007008925003475497, 0.00877894379737132]
[-0.0038028189092735865, -0.012258771101413934]
[0.0008298872581719019, -0.0034399241147272663]
[-0.007772143849416491, 0.002058639734554668]
[-0.0011301126454066335, -0.008460890958348788]
[0.008264728348668982, -0.005565772490496279]
[-0.002624906491756507, -0.008070689201299608]
[-0.009561839979606912, -0.0024568317060065237]
[-0.014621532665228365, 0.0012951303267357828]
[0.0005989747231722742, 0.004496992118420806]
[-0.0039490829955353135, -0.004416869421183467]
[-0.005580172937851735, -0.006328705542630431]
[0.001233452448775263, 0.010807450420048381]
[-0.004400821876537231, -0.002918278079994896]
[-0.003207269473690655, -0.007667065290215491]
[-0.0022305687382914163, -0.002583413900586695]
[0.005627483510315612, -0.0054677696727369884]
[0.00323385765601536, -0.0027419442809597516]
[-0.010193674019377763, -0.004869775300613388]
[-0.0073309588007333115, -0.0021048158592252286]
[-0.0071176879443437535, -0.0033209367116069644]
[0.0005194103103725034, 0.004908274448744088]
[-0.004691739017459895, 0.0023417817086701653]
[-0.004866220214414518, -0.009623544869479472]
[0.0008205317410966417, 0.004934270657366558]
[-0.0057210904620420555, 0.002352291471969017]
[-0.0015216284394576896, -0.0054229472573747994]
[0.003684050012441209, -0.005668213900499097]
[0.005055002193097957, -0.005426953578963278]
[-0.004245969660876536, -0.0012916384078880613]
[-0.0114572753939991, -0.0026163500542149]
[-0.001066803422029916, 0.0008353812272455796]
[-0.0037094808882174313, -0.006170847788405931]
[-0.002861107526232143, -0.00025730534416190665]
[-0.003968231448864934, 0.007929291713761444]
[-0.0035873324583850508, -0.005365222117083734]
[-0.0015360571491556119, -0.0014933232943049601]
[-0.004358820592911039, 0.0006397386302945396]
[0.003691538480876666, -0.0018545164414618398]
[0.004281059804063236, -0.004591214755188755]
[-0.0009867854723071279, -0.005374062476110497]
[-0.006625461855720105, -0.0013935752796957468]
[-0.006998964858193402, -0.0035664764139689553]
[0.00204801856840231, 0.003353953999787551]
[-0.0044335336000491665, -0.003587620847699924]
[-0.004675728033907589, -0.005387930470799329]
[-0.002608086514205854, 0.00718360281976238]
[-0.003697090669275427, 0.0005404048073758827]
[-0.0023677788438583036, -0.0029746621535683138]
[-0.0003724085224054985, -0.003624189949921419]
[0.006493892481262309, -0.0009001702428896863]
[-9.981377310497308e-05, -0.0020795850491843737]
[-0.005697139735698298, -0.004181987086609551]
[-0.003028334023514323, -0.0007537054539349108]
[-0.0025177762621790833, -0.0060661398767360986]
[0.0003078461526164755, 0.0023093669621836455]
[-0.005590456611060002, 0.0017897116955531978]
[-0.004006314646926246, -0.005526003714742739]
[-0.002557528320015545, 0.002166991191103751]
[-0.0039993185171900425, 0.002105646559958152]
[0.00010127055419983932, -0.00039662666866879803]
[0.0025736482708136332, -0.0053101848853747136]
[0.00408372850521721, -0.0019712014567845326]
[-0.004153688271212319, -0.0009265412648189475]
[-0.00515100085515563, -0.003484800823415901]
[0.0014940884392254938, 0.0011291489450591108]
[-0.001718410092775624, -0.006402194813722728]
[-0.0028194588024677003, -0.001373411607453301]
[-0.005148854164492178, 0.004585451059522794]
[-0.0029836757680203885, -0.0014902759761660778]
[-0.003356629033109293, -0.0014766065335917178]
[-0.002573908885004028, -0.0008635563033190241]
[0.003535207285586095, 0.0019759100553153885]
[0.001687928582963627, -0.003711080697567315]
[-0.0006108689059849404, -0.002655960477861763]
[-0.003799163901881397, -0.000902498835986143]
[-0.0014521696424045771, -0.0044848188536201206]
[0.0023985782493529673, 0.0021692827798767134]
[-0.0034850176214267226, -0.003351798890751212]
[-0.003914671792498048, -0.003729772461346703]
[-0.004120067276811523, 0.0027323132532386663]
[-0.0029106630429781566, 0.001903799539284573]
[-0.002878448880397677, -0.0009196970863427634]
[-9.416241676052373e-06, -0.004153505321286222]
[0.004305412211104587, 0.0018207879912495173]
[-0.0016110576255059517, -0.0015298970194924238]
[-0.0028374139110137198, -0.0023545440321195432]
[-0.00013043469219031767, -0.00043665289450700584]
[0.0009030077120000257, -0.005777146303916458]
[-4.89059470312192e-05, 0.0008340404048818861]
[-0.0047766246704329385, 0.0003642979513724942]
[-0.002973547247949404, -0.002390893212734446]
[-0.003868881206239183, -0.0008817936621118294]
[-0.002877552911999315, 0.00145092198650687]
[-0.0005605243961182005, 0.001824394666120499]
[0.0011272444719747643, -0.004537897651386791]
[0.0017438803226967892, 0.0002988701873913868]
[-0.0034245621702406193, -0.0007985313004173489]
[-0.0011770975178471144, -0.0023230561786936055]
[0.0026646036155340835, 0.0005944030235436326]
[9.267785225142156e-05, -0.00511755132297953]
[-0.002462715897888934, -0.0015083195858538456]
[-0.00441743104378961, 0.0013235100716182946]
[-0.002007655814365239, 0.0008933859124350407]
[-0.003950711206545776, -0.0022407384714251966]
[-0.001818625754747838, -0.0015726401666826817]
[0.0015694584354163932, 0.003290730319756463]
[-0.00034089644745316505, -0.0026249142693582084]
[-0.0012560780863492271, -0.0005841329641046722]
[-0.0018283329971394702, -0.0010397294244371136]
[0.0016873532077479325, -0.0031635862026687667]
[0.002162693719122144, 0.000845171130561706]
[-0.00205433461505522, -0.002496132739729706]
[-0.002691726630614788, -0.002130636565160826]
[-0.0035236068007877264, -0.000756891888741007]
[-0.001956855554922199, 0.002516465327781936]
[-0.0030852040086553068, -0.0004818463297542319]
[-0.0004484045004036208, -0.0036762631897346854]
[0.0013643274937568672, 0.002457113588500537]
[-0.0025751168888654696, -0.0009738877805509083]
[-0.001650022569061993, -0.000551207225930106]
[0.0012636820335774623, -0.00092660542221501]
[0.0025418031177608658, -0.0037431166667618587]
[-0.00027892285912067827, -0.0002805826946934431]
[-0.0030630911930704663, -0.00033585996619633907]
[-0.0015318988290192181, -0.00024641072436765166]
[-0.0032193929698147716, -0.003018415202445085]
[-0.0020095130615621626, 0.0010501543325249774]
[-0.0013226380852310315, 0.0019694954863314074]
[-0.0003625001386946547, -0.003146730816189991]
[-0.0007527362587400055, 0.0009199359618425884]
[-0.002885122943452001, -0.0008275561832529754]
[0.0005209603319771272, -0.0006389496453877985]
[0.0026381385022724024, -0.00038759151134226677]
[0.0009689971541396725, -0.002859236692978273]
[-0.001831261960187014, -0.001500505671991087]
[-0.002540046847909004, -0.000610995092066996]
[-0.0007800611720644168, 0.002077455083846047]
[-0.0031555675040955133, -0.0028804388368710576]
[-0.0014242841572262854, -0.0015671486314297045]
[-0.00023076171637304022, 0.0026534498290822217]
[-0.001761835923270949, -0.0012848128302737072]
[-0.0022452502499724636, 0.0002748122458089419]
[-0.0008477938040645228, -0.0013467406304670249]
[0.0025953311857449535, -0.0012273811693901404]
[0.001344658886278216, -0.0003858624888772866]
[-0.000960713250711398, -0.0010886938736142104]
[-0.0014030155130067001, -0.0011599143616598528]
[-0.0017857586290694893, -0.002569138970726914]
[-0.0009125662595702577, 0.0023740583615958766]
[-0.0024723145271068336, -0.0006753199526716713]
[-0.0008057138040105105, -0.002595994208761443]
[-0.0008786498321205483, 0.001527948401564616]
[-0.0029784004673503173, -0.0002499019303288108]
[-0.001411334042194401, 0.0004255071099345843]
[0.0013797432472019144, -0.0014112778121244673]
[0.002479737062463294, -0.0014967413473425673]
[-0.0007404959429768709, -0.0011564565066113919]
[-0.0014715043484113677, -0.0002524354563071332]
[-0.00018419260277563465, 0.0006296292235558124]
[-0.001664041683286488, -0.003728615460670104]
[-0.001116444008839923, 0.0005251898952609579]
[-0.0013866821067218815, 0.0012230496750438302]
[-0.0011493512483367052, -0.0014701717845449214]
[-0.0023421999170648578, 0.0002770880330910386]
[-0.0024282439432424807, -0.000616495040054732]
[0.0007873217197871263, 0.0004205794705615107]
[0.001649117447220183, -0.0011082429228754798]
[0.0007025925901364416, -0.000806614031711339]
[-0.001417239463327391, -0.0016274294016057622]
[-0.0007824611466743514, -0.0012145977103297234]
[0.00032014737404451044, 0.0020055536649927763]
[-0.0017417917370738945, -0.002728550102624183]
[-0.0008823686197045877, -0.001354925925974415]
[-0.0010298143997792275, 0.0012409750133028918]
[-0.0022398160685242474, 0.00010517753671807073]
[-0.0027107993827908405, 4.8616018696739927e-05]
[-0.0005093401734376224, -0.0013370763508915307]
[0.0020390725919435804, 4.060019525065073e-05]
[9.589855491509702e-05, -0.0011626007241839487]
[-0.0006955121277558152, 0.00015864047111557866]
[-0.0004636682158712935, -0.0008464691810822489]
[-0.00018918589861538493, -0.002807010716630639]
[-3.725636539750332e-05, 0.001524489121335515]
[-0.0013944653109686511, -0.0006441665228333893]
[-0.0007118698674664081, -0.0014559534286496256]
[-0.0018255138668736293, 2.5385917604646945e-05]
[-0.002719071704850945, 0.0004688578525047166]
[-0.0013299079567130612, 0.00046848683220884757]
[0.000859153447487826, -0.0014770354889481752]
[0.001321690388240676, -7.24023043261468e-05]
[-0.0013418788792403102, -0.001579671030207985]
[-0.000617271392567037, 0.0001310516780018145]
[0.0006661864037586507, 0.0006155526762732788]
[-0.0002814588478055047, -0.0031718808992509118]
[-0.0004161220573213331, -0.00019327111290423638]
[-0.0009145730039407107, 0.0004943073812027077]
[-0.0011797633485565173, -0.00010063862811116042]
[-0.002735444106912066, -0.0007793782351768752]
[-0.0017738513480846096, -0.00031221207855791633]
[0.0004807980035229642, 0.0006476811702791352]
[0.00043706078180294483, -0.0012287937845694152]
[-0.00023733091071775902, 0.00039200054957078123]
[-0.0012350321829670552, -0.0015594947218774413]
[0.00023813978281617132, -0.0010820256771788272]
[0.0008251305477573745, 0.001239083498324689]
[-0.0005705174670834756, -0.001866868952931755]
[-0.0003902755195375196, -0.0012668865766639614]
[-0.0010556223924247377, -2.4358372493538116e-05]
[-0.0018959401680109234, 0.0010065558093277638]
[-0.002452812026833451, -0.0004998100608793604]
[-0.00023620676578473, -0.001061802293439884]
[0.0010046155953998825, 0.0004535735138588848]
[-0.0010230499758081546, -0.0012083261470878792]
[-0.0009311687444425176, 0.0007748760418766487]
[-2.4082830857918847e-05, -0.0006986415948521535]
[0.0006558326247148027, -0.0022247870734379838]
[0.00026627416593799635, 0.00038636878857478685]
[-0.000547028794733645, -0.0002586722432851296]
[-0.0003841596861554608, -0.0007041262219744313]
[-0.0018224343084074224, -0.0011179533675602926]
[-0.0018945159970134018, 0.0008233014326246013]
[-0.0010118576080575536, 0.0001824041175189084]
[0.0003419328897760199, -0.001114924089335556]
[2.235412940920778e-05, 0.00041486612064223216]
[-0.0017843595095206055, -0.0013905240994019907]
[-0.00033707548225431205, 0.00029575892743971544]
[0.000860468105265022, 0.00029042738599105444]
[0.00035572391877913834, -0.0020443421652851512]
[-0.00013654053364342555, -0.0009285050424471253]
[-0.00044995163581712516, 0.00012818499228672842]
[-0.0007859356863013645, 0.000653182933263663]
[-0.0022853489468360744, -0.0014289792312671967]
[-0.0009386359065059469, -0.00013891085840422868]
[0.0002194048844362806, 0.00045250791110351685]
[-0.00050243696041119, -0.0008434884008167165]
[-0.0011271885848260776, 0.0007023409089999821]
[-0.0011054448581010456, -0.0012054168254132802]
[0.0005751788076194808, -0.0008050176097791906]
[0.0007192824686081956, 0.00036939700831584155]
[-5.3018094068379984e-05, -0.0007649101619615628]
[-0.00012584834470708017, -0.0012334957132235924]
[-0.0007733718693262448, -0.0007457373486834534]
[-0.0012088142832838433, 0.0012883634303562513]
[-0.0017113584267283155, -0.0007854181636199886]
[3.6969923557894635e-05, -0.0007643515686321933]
[0.00012615932618675885, 0.00034121924497698686]
[-0.0016623557867082583, -0.0007990869830969277]
[-0.0011741624538240958, 0.0007856732777021813]
[0.00013886324715040033, -0.0005098424641447608]
[0.000817159720102989, -0.001428245484247137]
[8.843049535744996e-05, -0.0005272458980656314]
[-0.00013914047223323456, 0.00021365571481390955]
[-0.00013475835935228275, -0.00025550061757345643]
[-0.001378229260301178, -0.0016331797176415142]
[-0.0009989474296120404, 0.0007107586855215065]
[-0.0005425844094698595, -2.6571503085048853e-05]
[-1.1512350598041898e-05, -0.0006654299705862732]
[-0.0009211892471801542, 0.00034796605712089645]
[-0.0018028635226096656, -0.0009026037724934322]
[-0.00022739562543316882, 0.00023044062477201033]
[0.000685280924866527, 3.57731294984287e-05]
[0.0004091895530869416, -0.0009258756129115753]
[-0.00022743048146245393, -0.0013383930891071594]
[-0.00015863380202724153, -5.3365321843912294e-05]
[-0.00041200780007112636, 0.0008906405187045358]
[-0.001542641789987309, -0.0015477124931940756]
[-0.00023581177667680864, -0.0002435011769190698]
[5.238101023380404e-05, 0.0002050147450498585]
[-0.0009887547270204244, -0.0003437822080957498]
[-0.0015924622751883888, 0.0005500428737571228]
[-0.0008264420884821488, -0.0007260747838803427]
[0.000616197262100826, -0.0005581496557482413]
[0.0002806155565497348, -0.00022709851584812313]
[1.7675543949935424e-05, 9.695684878718858e-05]
[-0.00011888485153266348, -0.0010866843318562414]
[-0.00046977870913300634, -0.001084947066446379]
[-0.000601178807874525, 0.0010592910297381186]
[-0.0009276764850135732, -0.0007274830406739374]
[0.00022244298544116248, -0.0005925505130065511]
[-0.0004683738265515158, 8.010830069049568e-05]
[-0.001766706948681196, -0.00029968022609419553]
[-0.001138032663280275, 0.0005234785367808636]
[0.00019954569768565467, -0.0002855632004479247]
[0.0006431031359207529, -0.0007391132149874302]
[-0.0003193374041418062, -0.001029413612021135]
[-2.6377127925303334e-05, 0.0004741990872531576]
[-2.1856767696615265e-05, 4.425975280442085e-06]
[-0.0008628327140001169, -0.001683179420507934]
[-0.00031733319890675515, 0.00028917678530615554]
[-0.00014063684081722094, -7.841997406532464e-05]
[-0.00022771033822588382, -0.00027341237611566704]
[-0.0014042807951703262, 6.703285355895428e-05]
[-0.001484091377596114, -0.00042011424714209766]
[-0.00010065047892726664, 7.307979308959767e-05]
[0.0003551218192977823, -0.00012820249328981959]
[0.00016721641071679172, -9.68056909866899e-05]
[-0.000433635022509149, -0.00140042776899664]
[2.086568198361727e-06, -0.00019830226187653177]
[-0.00013938580730438188, 0.0008102438501522424]
[-0.0008125777782891364, -0.0013083380470610972]
[0.00018708148054552565, -0.0004502547212625885]
[-7.470284852770237e-05, -4.029264550853284e-05]
[-0.0011497541513972864, 7.732731120423109e-05]
[-0.0016507220846609938, 0.00021354510056095788]
[-0.00047341159317038084, -0.0003516335717572705]
[0.00048540360931259574, -0.00035500869820015435]
[-0.00021184112849992331, -0.0005718313103779682]
[-0.00011681218804482363, 0.0006198030115915909]
[-0.0001536047115565653, -0.0008177062205386443]
[-0.00017421140436024718, -0.0011689532659666657]
[-0.00018890989825293136, 0.0006075270536189947]
[-0.0002764724362346316, -0.0005120723043632314]
[0.00024707945447188795, -0.0004631110133296312]
[-0.0008238098907152325, -0.00027036666316943014]
[-0.0015405913436803698, 6.37923986178679e-05]
[-0.0009415603523392768, 0.00019518644698719376]
[0.00021019092905807946, -0.00014906388502200496]
[0.0002745304421175043, -0.00019881877475735887]
[-0.0006811643657770317, -0.0011725848190459742]
[-2.0198870384485756e-05, 0.0005448758950198813]
[4.029884846096232e-05, 0.00015920663124856585]
[-0.000360046167469541, -0.0014479744746568879]
[6.802317960669102e-05, -0.00019030233523575912]
[0.00012130439570701146, -0.00012293837591637047]
[-0.0003615374614929223, 2.2758956267389385e-05]
[-0.0015472912812396766, -0.0003027797960325762]
[-0.0009901226004108699, -0.0001029233054072598]
[-4.244284405829912e-05, -7.268258853287968e-05]
[3.0097449597032977e-06, -0.0002186916349118384]
[-0.0002037063397555272, 0.00044453347428230483]
[-0.0005811941872662096, -0.0011964805324226058]
[0.00011574057198077137, -0.00029508082654916556]
[7.653454083544897e-06, 0.0005501404921375297]
[-0.00020959907942608158, -0.0008925637082507487]
[0.0003586264527835059, -0.0006370439168587039]
[-0.0001732193109936775, -0.00031635853674794046]
[-0.0010590210861749494, 0.0003554274146986558]
[-0.0014497070266523693, -0.00015514735670230095]
[-0.00012690690461769627, -0.0001090328508233096]
[0.000207797582269853, -0.00020913016164159082]
[-0.000646216839316871, -0.0006717668374722763]
[-0.00034056825522649214, 0.0008450012028706766]
[-0.0001800942438548725, -0.0005210628685941576]
[5.900609614162278e-05, -0.0010305873736013264]
[2.3206507971329504e-05, 7.1137090563278e-05]
[0.0001799587996462737, -0.0002299507886901475]
[0.0002087123955986092, -0.00034231558681738217]
[-0.0009288070082271727, -0.0006221007363613655]
[-0.0011008376374204154, 0.00028025999128956317]
[-0.000668469671190941, -0.00013184098274970912]
[0.00014539791579393224, -4.284164572732063e-05]
[-0.0002116668323431936, 0.0001183380226659203]
[-0.0009383502753670392, -0.001051057217719648]
[-0.00011123912692642679, 0.000490446449342874]
[4.643197454329284e-05, 0.0001772055855155663]
[1.841520978596023e-06, -0.0009665376090803868]
[0.00023335975029636913, -0.0006202826739624134]
[0.0002923234318523704, -0.0001309104674424022]
[-0.0003716454567911365, 0.0002376666467824584]
[-0.0013577806403267112, -0.0006440862471545628]
[-0.00045760966381458434, 7.639810062542995e-05]
[-4.514664708699101e-05, -0.0002565232072847534]
[-0.00034213432906016195, -0.00020253225527666618]
[-0.0006496158200549607, 0.0006572357201138912]
[-0.0006437416054580758, -0.0008635998472968642]
[0.0001055886713324794, -0.0002865745875777759]
[2.8881448785489372e-05, 0.0001915142734777442]
[0.00018091168374334554, -0.00032379031094253996]
[0.00036703504958579547, -0.0007442806881754471]
[-0.0001514042351328515, -0.00051761293996061]
[-0.0007922375634933088, 0.00048175512356410377]
[-0.0010201815373311884, -0.00048029579251098603]
[0.0001444350341815448, 2.9655360506919415e-05]
[-0.0001398511276299308, -0.00020935658561349602]
[-0.0009432512068714427, -0.0005667273289918784]
[-0.0006209269695997277, 0.0007986289252464793]
[-0.00019757070006393151, -0.00024190816080132266]
[0.0001221043162150659, -0.000686655549298032]
[3.500594450817074e-05, -0.0004168606004683051]
[0.0004343694878601728, 0.00012022026357005888]
[0.00012829618441512203, -0.0002410786168320321]
[-0.0007666574504096579, -0.0008391997463753909]
[-0.0005731639885316331, 0.0003043794482283646]
[-0.0003176335112536899, -0.00041185510026864325]
[6.448555242843934e-05, 5.2964942468092246e-05]
[-0.000677771915096187, 0.00016336501287039784]
[-0.0010190725179122229, -0.0007307443606049402]
[-0.00027265011631427694, 0.00032809445452158803]
[-3.592907030011694e-05, 0.00014615681894869503]
[0.00011984543638288159, -0.0003574654405429367]
[0.00016903605074591876, -0.0009224710126638502]
[0.00036735707872931345, -5.183613973641643e-05]
[-0.00031193076384589125, 0.00029704314345821436]
[-0.0009067989209402549, -0.0007993155311618594]
[4.544993567665023e-05, 8.049310550939381e-05]
[-1.0182703420680284e-05, -0.0004378159188411779]
[-0.0005531091421367984, -8.040538165776656e-05]
[-0.0009871250814414978, 0.0005370723175738279]
[-0.0006051024788096826, -0.00043251881801764647]
[-3.061118625813375e-05, -0.0002671002666423117]
[-0.00011708398365103956, -0.00012958732871193313]
[0.0002681730619908951, 0.00025050739146081913]
[0.00021197812869255817, -0.0007789579716865058]
[-8.385069449523552e-05, -0.0005334915456972622]
[-0.00045259923896917575, 0.00038338537018081653]
[-0.00043158805962228985, -0.0005957537409336799]
[0.00036120930987509903, 6.191377997566416e-05]
[-0.0003589089015126057, -0.00032134089536839383]
[-0.001014485313265312, -0.00031034858608195576]
[-0.0007888502794545088, 0.00047539083239617197]
[-0.00021335241475328726, 3.798139137251022e-05]
[-2.3049772033600924e-05, -0.00034704633196758206]
[-0.0001479506010293452, -0.0007488415845179341]
[0.00040655210488624305, 0.00045103858559714105]
[-3.7265562252697393e-06, -0.00018983499979335905]
[-0.00047762072698392943, -0.0007852701432380371]
[-8.525255132499354e-05, 0.00011998936069934629]
[0.0001097444003609338, -0.0005119675691214187]
[2.191463376921554e-05, 0.00011371591197861797]
[-0.0008992385984447626, -1.535251191775444e-05]
[-0.000888707916352871, -0.0003238267793211347]
[-0.0003933369317550284, 8.735767336578992e-06]
[-0.00016891796876947196, 0.0001299808239368927]
[-3.345571662466407e-05, 0.0001425734618496488]
[-5.781063920273777e-05, -0.0010185246747114185]
[0.0002671692540653081, 8.2759919050851e-05]
[-0.00026699948550795716, 0.00021485398542039902]
[-0.00037039089173329653, -0.0006615845620500521]
[0.0004034323066555434, -7.959931853596114e-05]
[0.00011600082085769237, -0.0005224342713421315]
[-0.0005924233869381013, 3.6708861956044614e-05]
[-0.001041313472148267, 0.00018609467466962348]
[-0.00042004422298008715, -1.817714544738447e-05]
[-0.00020279946812551408, -0.0003428346060070919]
[-0.0003244794578345367, -0.0003051079696450021]
[7.730766307423309e-05, 0.0006288331691537419]
[-4.384808308555144e-05, -0.000669544475769529]
[-8.690224460317086e-05, -0.00040453226264627884]
[-0.00020914062008708934, 0.00012266107259539805]
[0.00012389684041247406, -0.0004450996153185782]
[0.00045557003061291734, -4.064868901909602e-05]
[-0.0003887159137412888, -0.00042215225972408454]
[-0.0008409051008855806, -8.074990137138527e-05]
[-0.000717582389192728, 1.715062304122328e-05]
[-0.0001404677354050754, 0.0002728172125202599]
[-0.0002465903737937647, -0.0001638676284566598]
[-0.00038502009792373837, -0.0008112525405896687]
[0.0001509341003213538, 0.0005862919640086117]
[-0.00019820400460515697, -0.00011398481799584914]
[-0.00025860325498627823, -0.0005385811646345176]
[0.00019454086560807826, -0.00019928046465844673]
[0.00043915834269447895, -0.0003898921461460425]
[-9.905712912705589e-06, 6.108499778334497e-05]
[-0.0008367140876804346, -0.00021196122317670985]
[-0.0005426124591656339, -2.6290856113830863e-06]
[-0.0003433756801912713, -0.00035770557732944797]
[-0.0002437525794841966, 0.0001536834459221481]
[-0.00028541895781208915, 0.0003635522407193781]
[-0.0003117423117992013, -0.0008486986898084345]
[9.697779443873511e-06, 0.00010499692227525226]
[-0.00030465024636544547, 8.546794391189882e-05]
[-3.8100197761181676e-06, -0.0003269618003148289]
[0.0005208184466052868, -0.00033374997115587224]
[0.0002091470384184002, -0.00043164746970392187]
[-0.0005036782007083462, 5.285584537245702e-05]
[-0.0007970796009894587, -0.0001450263570446364]
[-0.0001069166173184588, 0.00025641665603354236]
[-0.00025948470997805284, -0.0004776020982074636]
[-0.0004684583859569935, -0.0003187353293347961]
[-0.00021266845662840095, 0.0006680073663286046]
[-0.0002843725447044809, -0.00040473951189251567]
[-0.0002139206094502466, -0.0002865949019106029]
[-0.00012060784734643781, -0.00016309741904141362]
[0.00042134095619605905, -0.00012325500457954774]
[0.0003789656056514268, -0.0002038733853822472]
[-0.00032465535439252236, -0.0003878660082220764]
[-0.000531918338461973, 1.847517740152793e-05]
[-0.00041291623012640333, -0.000355029943841928]
[1.8751890182022724e-06, 0.0003769091543073255]
[-0.0003915716502018163, -0.0001355117086350166]
[-0.0005219564172735947, -0.0006585323888605443]
[-0.0001673794281626395, 0.0004437568242955936]
[-0.000359006980169288, 2.3868417634617667e-05]
[-0.00020083100360512862, -0.0002575096823316525]
[0.00024288937698027646, -0.00047687088635428587]
[0.0005264809075625349, -0.00013716581216338675]
[-0.00010457593975710111, -4.558356120925103e-05]
[-0.0006147633395574004, -0.0002817804325369322]
[-0.0001394247772802948, 0.00012157594346282052]
[-0.00014153415304729577, -0.000601665880628377]
[-0.00023373194386749896, 0.0001339402985166549]
[-0.0004672237265290202, 0.00034287080047668006]
[-0.0004261984300580335, -0.0005087851087149375]
[-0.000259575505902776, -3.0347612732406493e-05]
[-0.0003547908440490466, 1.4978902792672777e-05]
[0.00012347582393901213, 1.6386308243077075e-05]
[0.0003946936773793208, -0.0005077810458594678]
[0.00016106855060588066, -0.00024453029736853926]
[-0.0004149268045119947, -1.8833538731971577e-05]
[-0.00042716064817482913, -0.0003058410286102681]
[0.00019475688968970117, 0.0003017817990590421]
[-0.00020409779082480872, -0.000528349764010505]
[-0.00047587308287033725, -0.0002744324607651394]
[-0.00040425493511658805, 0.00046368236810112595]
[-0.0003768096051618153, -5.712242833438852e-05]
[-0.00034996920941676724, -0.0002536056887547239]
[-0.00013536465035697554, -0.0003367590201392989]
[0.0004350608156989122, 0.00016320716480122677]
[0.00013824206537504935, -0.0002994203530566619]
[-0.0003024490132290947, -0.0002616756973054784]
[-0.0002443817231532891, -2.478985086841988e-05]
[-5.3554251458032276e-05, -0.0004970509214817509]
[0.0001311074808881818, 0.000306992781911708]
[-0.00041334184821763265, -0.0001225219853367987]
[-0.000492761381054585, -0.00042073006974600825]
[-0.0003508387639712257, 0.00013533523994180285]
[-0.00040646298193400265, 0.0001895110472471817]
[-0.000219848057939398, -6.879357417449716e-05]
[0.00013376742365650562, -0.0005987412526925473]
[0.0003723054199482878, 6.738881547779796e-05]
[-0.00025816092887415154, -0.00012339052155316277]
[-0.0003989764324141831, -0.00022532464991831258]
[0.00017131315759968957, 7.172681826739247e-05]
[7.77399942144541e-05, -0.000617228210751386]
[-0.00019377923512997608, 4.229778030917508e-05]
[-0.0004960450430905594, 0.00022815359171457494]
[-0.0003762450028499398, -0.00015018862358306961]
[-0.00039454751654161013, -0.0002453619956617886]
[-0.00035605320102401194, -1.3196699744755236e-05]
[9.44367562031867e-05, 0.00023191531287447553]
[0.00014955251111370416, -0.0005212458891321603]
[-2.0209243746904804e-05, -8.789202642012217e-05]
[-0.0003555839763076385, -0.00010073608856983607]
[-9.342624950270384e-05, -0.00029159538903409526]
[0.00035854293969087014, 0.00018963723077991546]
[-0.00011900478885196186, -0.0004408829422110072]
[-0.00041071709566953274, -0.00024247934460097653]
[-0.0004270354873535248, 0.00017780849505424218]
[-0.000319596159048946, 0.000223170934911969]
[-0.00040217428873190464, -0.0002687309074522193]
[-0.00016005572799066003, -0.0004038307241671646]
[0.0002810588685249471, 0.0003079823901652734]
[-0.00013182203998507447, -0.00026340162841599277]
[-0.00032315304977337256, -0.00013727221820494795]
[-5.057166700261906e-05, -0.0001117254339775553]
[0.00021941382727164171, -0.0004481411681747649]
[0.00014665207215402987, 0.0001339221495886278]
[-0.0003705547754152827, -7.865999620160213e-05]
[-0.00036521157250324343, -0.00021997463878023482]
[-0.00036957826686528916, -0.0001752903250607507]
[-0.00033594180932802753, 0.0002744613341998936]
[-0.00022744373520161565, 4.2621771161655e-05]
[7.721975103791578e-08, -0.0005630626464535604]
[0.00012137557261857057, 0.00014134962465450762]
[-0.000392635400971314, -0.0001171485069109135]
[-0.00022348773271102518, -0.00013437834033661056]
[0.0003149473229570876, -4.423695752864276e-05]
[0.00019755759436923537, -0.0004847432309244004]
[-0.00019548784387390938, -9.250153626799706e-05]
[-0.0004297681433237943, 0.00010817947358381097]
[-0.00022210945690739892, 0.00010312482423328884]
[-0.0003868295647522224, -0.0004080684595628159]
[-0.0002939982917610495, -5.019093792701934e-05]
[2.5626761815319976e-05, 0.0003206285447463486]
[-8.248550762768314e-05, -0.00038878258968963464]
[-0.0002126770542382611, -3.378671829133012e-05]
[-0.0003087302385610946, -0.0001473752203629622]
[0.0001363446259011747, -0.00020485873162848223]
[0.00035457896000112843, 2.1315286985346127e-05]
[-8.94654778158116e-05, -0.0002829126519479086]
[-0.0003243578939124969, -0.00022967498368903216]
[-0.00033752200282571865, -7.207175539969413e-05]
[-0.00018069167882373005, 0.0003626623349814173]
[-0.0003613011665392074, -0.00025762692837832946]
[-0.00016709028159767048, -0.00039857668829978987]
[8.89027191827152e-05, 0.00030434833135017936]
[-0.00033589375017401, -0.0001398465136072946]
[-0.000333397739057828, -6.880536709727436e-05]
[6.104960430247663e-05, -0.00019506897134652368]
[0.00034728594993560513, -0.00031410623513905556]
[6.172574924168117e-05, -4.723352455426877e-05]
[-0.0003172102792269871, -2.4374578577540662e-05]
[-0.0002002077550860154, -7.404664778534742e-05]
[-0.00027862454213106735, -0.0003986440146782691]
[-0.00022651464042901248, 0.00025507658355461427]
[-0.00021150094896404958, 0.00010468945881358938]
[-0.00011016100547311947, -0.00043562306499952963]
[-0.00012052819778968216, 9.431738066570383e-05]
[-0.00044882277899457174, -7.389676689628644e-05]
[-8.822853075429737e-05, -4.5791619571897146e-05]
[0.000332646394053393, -0.00015698777144779186]
[0.00020457796877965118, -0.0003004931633348029]
[-0.00022541523997177126, -0.00019408455725762608]
[-0.00031145463404505525, -5.9023604064567525e-06]
[-5.125808129768927e-05, 0.00023887764261423805]
[-0.0003019191362539919, -0.0004832988846417696]
[-0.00022391984605724113, -0.00011145639744669644]
[-6.184574471525262e-05, 0.0003064789957809566]
[-0.00024112819094013194, -0.00019913957243401087]
[-0.0003557653103173075, -4.529389484667079e-05]
[-0.00023767797011323144, -0.00017322325554156026]
[0.0002634021552858079, -8.867011330299102e-05]
[0.00023885211875190882, -0.00011710572331158353]
[-0.00010151085540810456, -0.00012924672038727714]
[-0.00023477823545126064, -0.00020451328306900218]
[-0.00019179470583741143, -0.0002693992281816576]
[-4.707256682856542e-05, 0.0003663290796984686]
[-0.0002954139522185484, -0.00021603879857967634]
[-0.00016128593405229097, -0.00035424381013687833]
[-0.00010092412853698884, 0.0002017943289686075]
[-0.00043235484011407144, 3.681782002218359e-06]
[-0.00031338662846791543, -2.1182841996352647e-05]
[0.00011250577516878912, -0.00025337723560259207]
[0.0003557681546936531, -0.00015647027043708128]
[-7.676279227830651e-05, -0.00017431850793075965]
[-0.00025304163132292, 4.142172928690846e-06]
[-3.8174012612662844e-05, 1.2048793162848515e-05]
[-0.00014712618001866407, -0.000522575863862243]
[-0.00012685754061764198, 0.00015763858434691969]
[-0.00020426278422142063, 0.00012373602690207708]
[-0.00017407405772162932, -0.000258038370314094]
[-0.000309999823569454, -1.4482873685633946e-05]
[-0.0004288403342952163, -2.4850048262775593e-05]
[3.147612688159107e-06, 4.1535761517164094e-05]
[0.0002485753593244322, -0.0002350133590964809]
[0.00012781071685205592, -0.00012053481228219143]
[-0.00025378276894444385, -0.00025242642727058007]
[-0.00016436506715497567, -0.00010086004470971632]
[0.00010041545020095244, 0.00026347859197706214]
[-0.0001934793001333035, -0.0004710816129660511]
[-0.0001566900295278395, -0.00016536415937201676]
[-0.00014616640005024606, 0.00020811524969160944]
[-0.00031856313988520846, 9.650532595273376e-06]
[-0.00043834501904943535, -8.829003045936201e-05]
[-0.00017154227135796063, -0.00018923461077174908]
[0.0002780524789635641, 3.106167802757742e-05]
[5.590940773037012e-05, -0.0002073656809262192]
[-0.00014075769491334045, 5.577762983655088e-06]
[-0.00013376212848222047, -0.00018486000386026824]
[-1.767036257249721e-05, -0.00037484541331121203]
[5.8362911055639954e-05, 0.00027608875894380436]
[-0.00021532661647116758, -0.00016023195390690859]
[-0.0001405649118151331, -0.000263240643424395]
[-0.00024672168595629707, 2.294552478830647e-05]
[-0.0004415703407819327, 0.00013250423393229224]
[-0.0002909223750034995, 7.094278237168572e-06]
[9.549068851633091e-05, -0.0002839647299005543]
[0.0002448825767879387, -6.810520418731869e-07]
[-0.00021993680773396695, -0.0002450602033483018]
[-0.00017622047176334144, 3.981773794846377e-05]
[0.0001026893477459323, 3.500806768576281e-05]
[6.43558001767186e-06, -0.0005268719699334512]
[-5.346274730605449e-05, 2.7271540805839933e-05]
[-0.00017731201085414983, 8.642253348800644e-05]
[-0.0001859898454976694, -6.0968594498098105e-05]
[-0.0004267727808162092, -0.00016711345116941778]
[-0.00035912295580120546, 9.386051907755988e-06]
[1.9027945368788046e-05, 0.00011047595869079219]
[9.621308390650452e-05, -0.0002575003636242079]
[-1.7909348523303947e-05, 4.200203084381293e-05]
[-0.0002683371488103048, -0.0002726307931805866]
[-2.9438929387559654e-06, -0.00012913722081094037]
[0.0001963548002655996, 0.00019506842962435655]
[-6.975544716258941e-05, -0.00038070756727370814]
[-9.639792429716465e-05, -0.0002066750523698202]
[-0.00018272849412240277, 4.224736269858864e-05]
[-0.00030480119183414617, 0.0001900652980305617]
[-0.0004601462964284875, -0.00015525929090597253]
[-0.00011559714206654803, -0.00018304349866515857]
[0.00018103398124336145, 0.0001192765194723]
[-0.00015154671991024493, -0.00022143910411628887]
[-0.00019906789111230616, 0.00011805146147750994]
[-5.652283834683969e-05, -0.00017759569695697912]
[0.00014496759583265684, -0.00036113028086670607]
[0.00010340868723257568, 0.00011013368741019658]
[-0.00011653992728953566, -8.950456586120925e-05]
[-8.680177417358381e-05, -0.0001642333449437404]
[-0.0003003361386913622, -0.0001873404591659078]
[-0.0003587830388318003, 0.00021998288590152626]
[-0.0002578187158333023, 8.722351565459974e-07]
[3.3979116988103186e-05, -0.0002497458035209954]
[4.469598576108125e-05, 9.558209593840683e-05]
[-0.00035477284265006404, -0.0002451397045951792]
[-0.00011763600525138695, 8.554808451168017e-05]
[0.00017217328980867475, -6.094442164650271e-06]
[0.00012823338428469278, -0.00040519153013518494]
[-1.7343221644039453e-05, -0.00013120884172995728]
[-0.00010637913371833174, 3.640140490890342e-05]
[-0.00012377790385928455, 0.00010105137547475329]
[-0.00042288063066553416, -0.00032159349657125136]
[-0.00024281438475477757, 3.287262144574532e-05]
[-8.966748353655962e-06, 0.00011245394861658653]
[-8.032793046114373e-05, -0.0001955263821542541]
[-0.000208496715705081, 0.00012525187503921453]
[-0.0002836082520070171, -0.0002541473009900902]
[0.00010219642756736924, -8.902353305620392e-05]
[0.00020131479018432874, 5.5149585538871726e-05]
[2.7166023986696652e-05, -0.00020377356029754878]
[-4.264363141809335e-05, -0.00024840162633220364]
[-0.0001322181217089241, -0.00011757867403320785]
[-0.00020457997683412388, 0.0002951211287021867]
[-0.00038207316676369674, -0.00023100810471318733]
[-5.7675895407172106e-05, -0.00014689027612657668]
[2.541330160128752e-05, 0.00010791949343369467]
[-0.0003315105821992126, -0.00015216415477295117]
[-0.0002838586507292601, 0.0001653408345293622]
[-2.204788396759083e-05, -0.00016870711088531887]
[0.00021910919135520457, -0.0002433202826454539]
[6.52172469719492e-05, -8.482219347238917e-05]
[-2.2533035590771577e-05, 2.0760868636560126e-05]
[-1.5539570589973017e-05, -9.459903124608982e-05]
[-0.00023238785976087417, -0.00035488424370246074]
[-0.00021124136403483096, 0.000228633735234407]
[-0.00018155086943982823, -4.535365944241532e-05]
[-2.055376420523336e-05, -0.0001613617493999575]
[-0.00017851590066364498, 7.61220084756209e-05]
[-0.0004340448841591432, -0.00017084844861166293]
[-0.00010799747858608599, 0.00010726787096409368]
[0.0001540715663530673, -5.95948195246665e-05]
[0.00015608074668935212, -0.0001982610487359926]
[-4.5491922838036825e-05, -0.000276305431398699]
[-1.5010847817881201e-05, 1.671057903315787e-05]
[-3.059227730271841e-05, 0.00017204939631761118]
[-0.000299612031597285, -0.0004119694953914968]
[-9.272538601788616e-05, 1.023740913230764e-05]
[-2.880924644023397e-05, 4.418953032214734e-05]
[-0.00020040226846773646, -7.040771970945325e-05]
[-0.00037762647988007214, 9.50136948928218e-05]
[-0.00027061505749097214, -0.00017749343505780307]
[0.00011727460460819739, -3.7920548990155734e-05]
[0.00010098811273764885, -7.623512410259714e-05]
[3.9664151487969757e-05, 8.110721294862788e-06]
[-3.280191328242088e-05, -0.0002850634417011222]
[-3.817900576622013e-05, -0.00020773336585827584]
[-7.372885392062378e-05, 0.00027568667780988876]
[-0.00022098890664246085, -0.000253273854337821]
[2.291519460428937e-05, -0.00011696997078375349]
[-0.00010022068717610577, 8.443604229690926e-06]
[-0.00041082836247385845, -2.085514621494311e-05]
[-0.0003440808916006233, 0.00011543916127813858]
[-1.7248311934364713e-05, -0.00012094170960019746]
[0.0001732901013480337, -0.00011194194363178811]
[-6.06336572480104e-05, -0.00023374873608539293]
[1.9881630546614293e-06, 0.00013942834050370556]
[2.728747582572688e-05, -7.146177790363917e-05]
[-0.00010808541527945748, -0.00040342678622044825]
[-5.166047382150485e-05, 0.00013422093646464628]
[-5.7869851835035124e-05, -7.205122953363174e-05]
[-3.070395807525106e-05, -6.029648450617264e-05]
[-0.00032245439929649844, -3.7803881137964124e-05]
[-0.0004146588225430736, -4.910421651264235e-05]
[-0.00011637681485787699, 5.852219997849739e-05]
[7.211460260589386e-05, -7.509120624538124e-05]
[6.084521466183379e-05, -6.436058945680223e-06]
[-0.00013079238381608072, -0.0003564675450697455]
[2.8807824003759808e-05, 3.1539839346339527e-05]
[3.591645734793425e-05, 0.00015178497707894756]
[-0.0001300696682016711, -0.0003734471431384445]
[4.330639852515028e-05, -7.035179747322262e-05]
[-3.8248231357673745e-06, -3.555894430012918e-05]
[-0.00023315985265609518, 5.8778952610492874e-05]
[-0.00044520507537676446, -2.2629337240204217e-05]
[-0.00020159508614045474, -7.370023422845207e-05]
[6.710928121361759e-05, -3.427678125783595e-05]
[-5.0482840979304555e-05, -0.0001398772560670669]
[-4.9792942055482126e-05, 0.00017231606827561308]
[-6.593301693172404e-05, -0.0002770908662745042]
[2.863586891116432e-05, -0.00021143563594952508]
[1.338415566075335e-05, 0.00016061518138271724]
[-4.356346639955433e-05, -0.00018102596730334986]
[8.661877100768489e-05, -0.00012027970646810715]
[-0.00014997817745701636, -0.00011136327433311499]
[-0.0003731554150425559, 9.350071814619165e-05]
[-0.0003265266896568808, 1.2473459479536708e-06]
[6.878161033785357e-07, -4.959680430499658e-05]
[4.9035421189225215e-05, -3.281218881151515e-05]
[-0.00020620005563398713, -0.00027864524464191187]
[-4.755980144707794e-05, 0.00020779048571900258]
[1.9553746286912754e-05, -5.068203022353876e-05]
[-1.0392134009329368e-05, -0.0003372424452825762]
[3.935310162017647e-05, -2.7046427145460683e-05]
[5.9912318829888345e-05, -4.3218160026670116e-05]
[-2.0837993206124228e-05, 4.859615522351257e-07]
[-0.00035319643010937873, -0.00016131934955236626]
[-0.0002921145409390258, 4.2894475550267486e-05]
[-9.181675013192336e-05, -2.925609287479647e-05]
[-7.540217672213911e-06, -4.428263651645725e-05]
[-9.184397176137393e-05, 9.93659759733756e-05]
[-0.00022124080096586063, -0.0003295789840175381]
[1.3734589554489918e-05, 3.253967586977491e-05]
[3.644884371198365e-05, 9.271582046230242e-05]
[-8.094099267774713e-06, -0.0002339666878293789]
[0.00010320003309965964, -0.00018462450492306992]
[2.916617481274475e-05, -7.259523905062126e-05]
[-0.00019926433634068208, 0.0001281429589211347]
[-0.0003895616749443054, -0.00013362883279757765]
[-7.680708852950136e-05, 3.3365325032286286e-06]
[1.9585182040260385e-05, -6.815387078640267e-05]
[-0.0001804790517965782, -0.0001258973968263355]
[-0.00017042894496266392, 0.00022539343918673294]
[-0.00011000771860036201, -0.00020228900085267343]
[3.493380381269784e-05, -0.00018166223337554976]
[2.12776581891283e-05, 1.199841444110561e-05]
[6.613113401041093e-05, -4.2027901238861354e-05]
[9.807023237606849e-05, -0.0001452240751622369]
[-0.00014652616817957542, -0.00018153864752990315]
[-0.0002600107222748005, 0.00013605364280909818]
[-0.0002166034437659503, -9.594412940402974e-05]
[3.821778150031596e-05, 8.142870684069159e-06]
[-7.23461305804779e-05, -1.870312342383551e-05]
[-0.0003052593524501268, -0.0002325262879395197]
[-0.00011815481174710582, 0.000184389364924889]
[-1.1463341182682552e-05, -1.190241352216903e-05]
[1.7643404113365513e-05, -0.0002189516444727202]
[4.3483891078555104e-05, -0.0001828499190354993]
[0.00011595272420594771, 2.613085671854254e-05]
[-2.360853990795997e-05, 2.411569381320644e-05]
[-0.0002957195179001393, -0.00022711951699758148]
[-0.00012974317786962342, 6.252304443279955e-05]
[-2.3016457800895118e-05, -0.00010187641323167185]
[-6.124490589914933e-05, -7.682838333800124e-06]
[-0.00022155171292814746, 0.00011124631439043964]
[-0.0002560727026823806, -0.0002284633631709776]
[-2.533624524420075e-05, -6.411652473184426e-06]
[-8.024515507215613e-07, 3.8130662279312055e-05]
[3.483525757730366e-05, -6.448985561768872e-05]
[8.152244940995423e-05, -0.0002645386759412005]
[3.580479219991717e-05, -7.514981778770913e-05]
[-0.00015333980612527998, 0.00013402117534283553]
[-0.00025677952287600503, -0.00018342070427944737]
[4.8083277257068846e-05, 1.597514776818798e-05]
[-7.054448162346905e-06, -0.00010324447219534072]
[-0.0002499036080305661, -8.3401350731524e-05]
[-0.00025116331664315483, 0.00018436586656724995]
[-0.00011291905836924299, -8.944547607970133e-05]
[1.010147659530336e-05, -0.00015375174426465743]
[-2.4098816894330133e-05, -0.00010475044307461934]
[9.303129293504464e-05, 9.000373733442091e-05]
[5.257934065694414e-05, -0.0001483949611187506]
[-0.00012890175046804953, -0.00020572067503270286]
[-0.0001408562478752151, 0.00010199839474375749]
[-7.409573506300671e-05, -0.00013324180654078477]
[6.998024804732994e-05, 2.0412000748815107e-05]
[-0.0001570039031820597, -3.2230439052816084e-05]
[-0.0003210470858676928, -0.00014732319432561591]
[-0.00015008976252012252, 9.745454489469563e-05]
[-3.006826932136497e-05, 3.718569185612308e-05]
[1.804333450039497e-06, -0.00010618985989663265]
[-1.088972917717701e-05, -0.0002752247828088916]
[0.00010302544481180509, 7.427501584403307e-05]
[-4.9554833740306226e-05, 3.1861968982582756e-05]
[-0.00020923940542788566, -0.00023095513049762456]
[1.1808020669648589e-05, 1.4533737909383504e-05]
[4.6808380020885165e-05, -0.00012678743924526836]
[-9.336058096603983e-05, 1.1598852486555122e-05]
[-0.00028786855205847894, 7.33184348988003e-05]
[-0.00021945136788270592, -0.00010590316474715783]
[-4.451229178353833e-05, -7.066494354248179e-05]
[-4.874935508172862e-05, -2.4105951930697422e-06]
[1.8070472200495957e-05, 6.980147705520912e-05]
[1.6274156159512554e-05, -0.0002802430635648334]
[8.408475175740449e-06, -7.854604709671073e-05]
[-0.00011346350855907794, 9.93103789028206e-05]
