[37.42900190177161, 528.610252434025]
[4.892848122456588, 49.01768183033282]
[-18.658928749225115, 12.005024820819267]
[47.116211829402715, -22.4838138550942]
[-11.9969910096385, 11.995424483043784]
[-29.197859002613345, -9.035212720426072]
[6.448904726262026, 5.860218054291714]
[-5.730004506287444, -15.76552445000578]
[-3.9318372749235757, -2.6366091513055068]
[-2.8712524170893063, -0.11674163671662097]
[-14.9411811923898, 2.1066893385287715]
[0.5331215780393674, -3.467846168506446]
[0.15770021968255676, -0.22170090275217547]
[8.711693201693636, 1.6677340663443312]
[-1.7156877362235874, -4.63118686333337]
[2.1824530206403545, 3.707967379019718]
[-3.0468285628981344, -3.6753727959816906]
[-0.7267860695867592, 3.811972470719938]
[-6.5678754719967465, 1.657034533881495]
[3.6653338781068383, 0.2737589697384042]
[-2.3215600965557694, -1.349150187636619]
[1.087249664631413, 0.6374385956608419]
[-2.3855866889530315, -1.3603185841730108]
[2.8414606257757162, -0.17610895410724314]
[-2.3950603957708845, -1.4975146802980337]
[-0.6217407018210688, 1.0488516716044227]
[-3.883024688318013, -0.15752115459453897]
[-0.2513247327442203, 0.13104379094444862]
[-2.1877193838990525, 1.5115292384131527]
[0.3241118015403144, 0.3768939897770629]
[-0.895773771971446, 2.0756290241663606]
[-0.17344655164985934, 1.1101476199009417]
[-0.4998463554584456, 0.3226444897145564]
[0.2040942884499879, -0.10164747235351879]
[0.3884261991109552, 1.5584714914736941]
[-0.252676464310051, 0.43504562443042527]
[-0.46645539593621343, 1.041042732213549]
[0.12964136350474043, 1.012690851055973]
[-1.1350370316745488, 0.15592486937954986]
[0.2977614854681665, -0.700805377431851]
[-0.053020015659605235, 0.7434428109463855]
[0.2490003690740572, -0.3960021694383955]
[-0.6263886416008404, -0.6681781653556693]
[0.7792307053871941, -0.8121356563389166]
[-0.7134370325849932, -0.37870606310789956]
[0.7449115177122128, -0.10903142322359782]
[-1.1917093619930288, -0.17145200038921748]
[0.9598868095438897, -0.2193141999998982]
[-0.30549425403621555, -0.514875082940339]
[0.7345312635934427, 0.22114840650083956]
[-0.8116097785759031, 0.05772355781749483]
[1.1310464001113116, 0.13282252308648101]
[-0.3933714801886232, -0.5107379845568079]
[0.31589916654035477, 0.3859010496298887]
[-0.5329951521263636, 0.607318309235652]
[0.3628804979887015, 0.47121254811317836]
[-0.6524661392636464, 0.6015328563974587]
[0.629900153623927, 0.32772260678001675]
[-0.1322881263115736, 0.03592133191888491]
[0.2945142573774211, 0.5302199379857672]
[-0.4197708951192878, 0.3254817569399809]
[-0.10366311390408622, 0.37762569891190106]
[-0.48490369926085464, 0.5391231661954858]
[-0.0901086442025214, 0.4308954227032037]
[-0.07479109414340979, 0.3394162215933978]
[0.0035719093497288412, 0.30856056048482544]
[-0.02945182274137803, 0.08431057590626351]
[-0.13721574774635226, -0.12398113826460588]
[0.04775729191987832, -0.013789172499267255]
[0.27399728454351724, 0.20798486897419965]
[-0.1397807184130535, -0.4105421050375291]
[0.13798892864455325, -0.42522584132861085]
[-0.051375554931961, -0.18631342495797254]
[0.04786731441335412, -0.16211384602165524]
[-0.3870750421181377, -0.17070653991528062]
[0.49629958231065263, -0.3363012944802647]
[-0.21551774887442976, -0.3788742544852761]
[0.4119958239204098, -0.5099858185508988]
[-0.36434127506596514, -0.275599682195226]
[0.7012989610163034, -0.21254279108520402]
[-0.2534469367350032, -0.3208507160653993]
[0.4251561758373037, 0.17564205610697958]
[-0.5869204120890386, -0.020492029002211254]
[0.40691715378110516, 0.2121209559567292]
[-0.4356726939600306, -0.1212285138654019]
[0.5085477378507521, 0.21902827927122348]
[-0.23181401538321023, 0.03741646635432949]
[0.32669209518209197, 0.4361094541229822]
[-0.5639368786530778, 0.05659998725456328]
[0.3708741551849424, 0.4252417864674507]
[-0.3474863090228171, 0.051649841688559794]
[0.18107493269685548, 0.2979316116258248]
[-0.29415427662069593, 0.3005077651818018]
[0.10217517569277246, 0.4177496334482482]
[-0.45910216000847903, 0.07408796632346637]
[0.18561195623029558, 0.19035318301283044]
[-0.16291489338634713, 0.08667906732092767]
[-0.002145181338305324, 0.17499809699197355]
[-0.19609122914014532, 0.14530410567681717]
[-0.2110597961204581, 0.02876158014661856]
[-0.009764141305637741, 0.0869692218471505]
[-0.023178217495047226, 0.03743175855168168]
[-0.0528772720310513, -0.07212274875747604]
[0.001205445580952258, -0.1386392869462887]
[-0.006835253618518, -0.15437626861661546]
[-0.06533212293453938, -0.11900946040000937]
[-0.0673731473846686, -0.08346616708410148]
[0.16061941848007444, -0.16097636300434637]
[-0.10589087673911235, -0.18473944319042324]
[0.07863090915823845, -0.1812230849197508]
[-0.2156930888725171, -0.15864151136293658]
[0.20967895906516454, -0.19921727511029297]
[-0.23379959975257136, -0.11627467980649064]
[0.405972757440607, -0.1035741412291955]
[-0.35582086248442646, -0.18540966222932576]
[0.3731774815155955, -0.010028569550741162]
[-0.34639122305213166, -0.18599585064708357]
[0.3299473906053042, 0.06412091983893942]
[-0.38553381807766685, -0.02300580022333487]
[0.22740534748286786, 0.12620123929208787]
[-0.45211204134711414, 0.03571976158836615]
[0.34747563294199146, 0.14755800602791574]
[-0.3067221388322875, 0.010916701418622193]
[0.31427140350502486, 0.0780363617679827]
[-0.23329939655221704, 0.1244245788920727]
[0.16285007802925855, 0.2536976681680023]
[-0.3161440371487905, 0.12451905167132474]
[0.14217171614675114, 0.14016261390112578]
[-0.1150570828615488, 0.1935174586955136]
[0.04950709500895287, 0.0906167759102196]
[-0.11565823477750858, 0.16955397179988313]
[-0.004321048781298839, 0.13130281213573752]
[-0.04089544058313796, 0.11175939095543613]
[0.00942495539034044, 0.04470604530943534]
[0.030378849986345657, 0.049573051294780957]
[-0.07168073987066564, -0.058722458490364726]
[0.03948975556753476, -0.052641108530465885]
[-0.03137770364975384, -0.007571520279997412]
[-0.045510244318607396, -0.07748113611957719]
[0.07583953273640193, -0.10590267805388587]
[-0.07134973882256174, -0.13148536182426895]
[0.14632406452715702, -0.10181357204626484]
[-0.11384979129188344, -0.19778326603392016]
[0.19511892832705752, -0.15038589043312667]
[-0.13251738913416639, -0.14428205334295985]
[0.2539555700857936, -0.11273981830986801]
[-0.27048029495418013, -0.17689555326948658]
[0.32121316470448125, -0.07346705952697985]
[-0.2687242488778737, -0.14453092771716236]
[0.3243661580946984, -0.04451463689348323]
[-0.2724129901116348, -0.0600877417969341]
[0.31005968998081024, 0.0611526686445103]
[-0.30841288792109367, -0.09866120700140968]
[0.2589066848246264, 0.11502855960328073]
[-0.29686763201411925, -0.00608388426570361]
[0.1517829551259018, 0.08425227711560823]
[-0.25364408922401593, 0.1282021904270091]
[0.18308853917463086, 0.1914042959054385]
[-0.217352374319014, 0.07114253783988411]
[0.16147218061337876, 0.1797758912874281]
[-0.1641909062734661, 0.12005731172289447]
[0.07759262700267255, 0.1667706405886955]
[-0.15113481202708634, 0.12205294196915895]
[0.0027326998856367357, 0.158411096776659]
[-0.0963137996600767, 0.14694601589950762]
[0.014282174567705308, 0.09425012073217509]
[-0.08352026038107074, 0.11542912661722649]
[-0.0024278634441685654, 0.012355736359700331]
[0.004100461983561843, 0.034165863536794405]
[0.012460035098558198, 0.024446504069063124]
[-0.03836219787813144, -0.024365342256131295]
[0.026614844078504563, -0.09649529238710741]
[-0.03194083673985815, -0.0581641512701363]
[0.05167526905381692, -0.07868036478285956]
[-0.05479450798146046, -0.0915360086859981]
[0.1085778206194663, -0.09259660156311966]
[-0.08241384888878511, -0.08588114903985022]
[0.14360854214991248, -0.1105600243059936]
[-0.09380817669438657, -0.10304681039221814]
[0.22276068305796004, -0.06995318842769105]
[-0.11722166680941326, -0.14418344124006055]
[0.20542216503247812, -0.05427195966592896]
[-0.1878442784617027, -0.0781582207949093]
[0.18673968875734603, 0.020553368891747414]
[-0.21320755166139627, -0.03174393341544812]
[0.24535292062027358, 0.061830784176661546]
[-0.19546976360255353, -0.049600448122798776]
[0.15258249873349783, 0.07057743378759995]
[-0.219791465041415, 0.020056567339092366]
[0.17820893798399706, 0.13591240268836874]
[-0.21400780223027405, 0.02227863668549704]
[0.11924187268277509, 0.10830751764496391]
[-0.16769041866451584, 0.10513621351113825]
[0.08521825245648174, 0.13926010258779942]
[-0.14704653397518497, 0.09038605881034198]
[0.10424025532071535, 0.12058409826192135]
[-0.0689742946380747, 0.07599030370775178]
[0.03379335117776683, 0.10678411710372504]
[-0.09669524396055329, 0.07803480721032402]
[-0.0011703631821873284, 0.028852299816257254]
[-0.008407175667440425, 0.06172011908036329]
[0.0005361973959467914, 0.0015554212603357542]
[0.010253641176286576, 0.030397066552395935]
[-0.003872682244540071, -0.036807832386853145]
[-0.006786926143515837, -0.046092697792793236]
[0.03049610609838882, -0.07099866994630388]
[0.0010706932341479902, -0.08063681819786372]
[0.055916850120674155, -0.07899393557709533]
[-0.04359198713811363, -0.09916390478139081]
[0.07248119821912735, -0.0885207511758268]
[-0.07029240979150142, -0.10562059584272998]
[0.12098125858287845, -0.06827467390312392]
[-0.09768386585650335, -0.0938227170426732]
[0.185481329394793, -0.051469799705962216]
[-0.13181891816823432, -0.1239548354398502]
[0.19237013195209884, -0.01943326170938542]
[-0.1692236942546047, -0.08177984197772714]
[0.23541750716395715, 0.026609222944502076]
[-0.2098430354574089, -0.07254077876558052]
[0.16842569908503047, 0.04635685459843064]
[-0.2048002252705955, -0.00017356190338480015]
[0.17672100587176476, 0.0891475246358554]
[-0.19624465027609606, 0.01197688549666176]
[0.16411384605081847, 0.07601891720095666]
[-0.16570348586303318, 0.025232264511205194]
[0.10656337688628592, 0.13003400321082692]
[-0.1657044144537264, 0.05267024448903368]
[0.07778928548832698, 0.1025467951101221]
[-0.09377188278999443, 0.08315353598341912]
[0.020980799339970824, 0.0993443568710326]
[-0.07628845578299648, 0.07716304714992239]
[0.003889605482387315, 0.09937256294414798]
[-0.04551838619250698, 0.04610000515687973]
[-0.0001178960285010966, 0.03336696289188279]
[-0.01681164281425418, 0.03774236179889201]
[-0.03476405991753767, 0.01003144762852004]
[-0.022079568243793785, 0.014474769263401854]
[-0.006208378113967683, -0.03303321720069263]
[-0.005978794427086487, -0.0308789406191875]
[0.01490312928664389, -0.06763217124976212]
[-0.037614824470731334, -0.05578065661742315]
[0.05838637001659938, -0.06073935735267533]
[-0.06767283280695853, -0.08714573682673982]
[0.08658706707045583, -0.0832636783125287]
[-0.08011317662519601, -0.07620462890534935]
[0.12876593588076143, -0.07062224217699253]
[-0.10782929962891293, -0.09966578879152621]
[0.13821009112219718, -0.055196241472666274]
[-0.12581595410618018, -0.06336557245335386]
[0.17731520514582635, -0.027662046271008767]
[-0.15465856900841635, -0.0659041468475878]
[0.18867999239770872, 0.009688370788950237]
[-0.15892554835916783, -0.04997676784591812]
[0.16921397350316714, 0.041421740089240586]
[-0.17605147951676833, -0.00014227658088664108]
[0.12599599319316998, 0.05016949538075277]
[-0.160379253689165, 0.03605440849144437]
[0.11561159935589024, 0.08352594284500522]
[-0.13812140613722856, 0.04617743289655707]
[0.09767066311835937, 0.08220156803685508]
[-0.11119354346445313, 0.06696206526844692]
[0.06319128365497485, 0.09802447750549145]
[-0.09275065463553636, 0.06484017009863874]
[0.028975037393681125, 0.10029607376735461]
[-0.06439541973847684, 0.07498990366627256]
[0.00790050153733668, 0.05031081162445811]
[-0.02249947440888428, 0.06371750194932024]
[-0.005775417314135861, 0.03651885637532848]
[-0.013683266161168578, 0.03241017794785922]
[0.01750385832605339, 0.01405057547706201]
[-0.01209511362456328, -0.003998025202450739]
[0.015342544836359162, -0.0442179063671847]
[0.003471228734107823, -0.025221186079134816]
[0.0340668628308457, -0.05460119980478484]
[-0.019373058011487698, -0.06340140932835525]
[0.05156404760257749, -0.06735852777552609]
[-0.05025907682793357, -0.07188527419486856]
[0.09249151657415966, -0.07260373444687784]
[-0.05709332964654518, -0.09294013879605323]
[0.1111277999353325, -0.05693511042517618]
[-0.08525984144442111, -0.0857635434177525]
[0.1277331799319823, -0.044500991954892655]
[-0.11651192026385948, -0.0824128732509396]
[0.14420328737774812, -0.015780339682994415]
[-0.1305159036764264, -0.058431802187069004]
[0.1555996532969851, 0.014731362780415536]
[-0.15324064197739717, -0.03107596543974056]
[0.13869077041741518, 0.045048777412527774]
[-0.1564105250643174, 0.0019531526373816055]
[0.1478214324770698, 0.08058506355885131]
[-0.15248101977129502, 0.014253691181893235]
[0.10029997942489943, 0.06833111433153471]
[-0.13434608713131602, 0.061540384283929106]
[0.07529096402366708, 0.08766767852661339]
[-0.10640043933618293, 0.07089416882981098]
[0.07414049994172922, 0.09739341418895614]
[-0.07669568778536484, 0.0555023135224223]
[0.032042972257926405, 0.07714519935265579]
[-0.05470764314763332, 0.059105658732699295]
[0.0015571900454315335, 0.06130758608872261]
[-0.024542255352227316, 0.054108322337141856]
[-0.002848631359960274, 0.025338563775659517]
[-0.0034451237412040925, 0.02412060010848771]
[-0.010565934212260819, -0.006269280753514406]
[0.003550819821893425, 0.0020625656820290605]
[0.012615591777748847, -0.02807450182011384]
[0.005564613084826586, -0.03103682880844913]
[0.018820726504642282, -0.03786715384575734]
[-0.024018108983597353, -0.05036529855086072]
[0.049954295519024194, -0.06330648484708824]
[-0.029582624733472285, -0.07025762819733326]
[0.06027554431372595, -0.06404661845769048]
[-0.057715604959792666, -0.061650476739511385]
[0.09324466634827866, -0.03791862280789092]
[-0.08835563898181698, -0.0771631318289264]
[0.12088881321410772, -0.033791790592118544]
[-0.09247314067839074, -0.0649244952038801]
[0.1360771222335908, -0.00878774990102131]
[-0.1251855833411255, -0.057819116185837016]
[0.1234310000447072, 0.01872141941541053]
[-0.13739761096807568, -0.020883928525375406]
[0.1335549727776396, 0.03980471778064615]
[-0.1331841509060172, 0.0016474336255065114]
[0.11651800482574703, 0.05351735144059516]
[-0.12083824461784631, 0.016121946494475986]
[0.08598212161065388, 0.07289859178014058]
[-0.11261489047320361, 0.0417611710489354]
[0.0764240696504942, 0.07052953646647253]
[-0.09090598799489635, 0.04947659231578322]
[0.036953772951881625, 0.056119131303511816]
[-0.05397263024061438, 0.05699743525471718]
[0.010914022501484766, 0.06463271379891555]
[-0.04240836412503746, 0.052049336765795984]
[0.013444804668725108, 0.040184036516552835]
[-0.01808902667348322, 0.025048260452568527]
[-0.0139770102130361, 0.01855074370968962]
[-0.009045113517670011, 0.0232740733762849]
[-0.00024480973305585074, -0.016034366537272193]
[0.006044566492277914, -0.00396794120559657]
[0.007541187545282879, -0.027926978597663243]
[-0.005901680584898483, -0.026409958385910537]
[0.04013950336978411, -0.035571413741917246]
[-0.021354197620518156, -0.05736781637658678]
[0.051076310601834485, -0.056031087649535904]
[-0.03287217454970881, -0.05755754627485388]
[0.07764109539894587, -0.040648309552659245]
[-0.0642297683401794, -0.07465205510551826]
[0.09850433866347219, -0.0486200641602238]
[-0.07546014695419023, -0.06779607248708519]
[0.10671589439719242, -0.03471934496477336]
[-0.09396946052168481, -0.06033965736943803]
[0.12557215024715646, 0.00367035084477102]
[-0.11378654203531874, -0.05482316169747997]
[0.12706493305213568, 0.01287243267535304]
[-0.12277082239701476, -0.029202110844906815]
[0.1091441220593255, 0.035006180719943936]
[-0.12511684918693394, -0.0014222287186630433]
[0.09215836620596415, 0.05486264517246198]
[-0.111837455690039, 0.02911499347959373]
[0.07755412338555517, 0.06521040022866392]
[-0.10111761272923922, 0.03757810308127285]
[0.06371385334058899, 0.0677899116045168]
[-0.07629167734305645, 0.03852890602624243]
[0.028285891840878846, 0.07329671890975675]
[-0.0689560814925388, 0.06014958172052404]
[0.01969808313585686, 0.05074393865906432]
[-0.03667247422702466, 0.04292567367428793]
[-0.0011886303175284996, 0.03736381690855187]
[-0.020529889990461694, 0.03327521533769226]
[-0.0024387621759470735, 0.018566385310134714]
[-0.01482071892661034, 0.010780774068487986]
[0.0028537118367827005, -0.007896695933844913]
[-0.005230183762909672, -0.005724220525549634]
[0.017066356769244815, -0.0286988117319584]
[-0.010651343028218851, -0.02993371141551765]
[0.023654823806326372, -0.05016766214907279]
[-0.017738883476425268, -0.04119018699022817]
[0.04902024516925091, -0.04520698770025453]
[-0.0392969445743173, -0.055450137921415996]
[0.07216397031558112, -0.047147518361355854]
[-0.05907728652268455, -0.06234649170380119]
[0.08165845688768839, -0.047302465898169305]
[-0.06846665697739368, -0.0539947926538413]
[0.10034459284304637, -0.02162402741644981]
[-0.09407318045157646, -0.04626968662687886]
[0.1095078070640606, -0.012242628864970989]
[-0.10314548872767813, -0.032397838014055186]
[0.10631110273635053, 0.019709281648591842]
[-0.10791573001884802, -0.01269186164114125]
[0.10975982584695282, 0.04467012175061688]
[-0.11141798065407725, 0.0035915587022443685]
[0.08489194638148265, 0.05351735567050586]
[-0.10602266139281083, 0.03290862421468277]
[0.0711179227181215, 0.05740418132034458]
[-0.0765985849806288, 0.04311091725362032]
[0.051643306094120406, 0.06456990801044787]
[-0.06566527760004645, 0.04787255276838254]
[0.03589844707544326, 0.06039424029530316]
[-0.04801840253060791, 0.040742507248792637]
[0.017801450260456098, 0.04781002692817765]
[-0.028376513088999744, 0.03834564244200844]
[-0.00015889669459662192, 0.02446990250935921]
[-0.01132802860397103, 0.028339344286751778]
[-0.005213951899741498, 0.0034903188497756865]
[0.0006786093675202887, 0.010251675145176109]
[0.006763554576180442, -0.015733048193843302]
[0.0008504896610221357, -0.018877345254598443]
[0.009114865389358351, -0.026880154897019504]
[-0.006578434306109215, -0.02979352378866862]
[0.03182744512022506, -0.041041609372453325]
[-0.014658121955428316, -0.04355881680165541]
[0.04660464302156553, -0.04676848704012676]
[-0.035783273438377394, -0.056386132001813305]
[0.061892504683126015, -0.041769833411144985]
[-0.0512647927231763, -0.05570702826568147]
[0.08741891385338385, -0.02867570649062856]
[-0.07259499130998603, -0.05281714921941705]
[0.09968873033222803, -0.01625795679585984]
[-0.08871876999056105, -0.050986666522491675]
[0.1028391462677275, 0.0021663820426451874]
[-0.09934534150124075, -0.028474649722357137]
[0.10706719664030795, 0.016955989330243504]
[-0.10341763346659938, -0.01040155094882328]
[0.09444105924651935, 0.04130113030159488]
[-0.1043162458708845, 0.004294028649325321]
[0.08302224243541945, 0.05211271834566336]
[-0.0893687245573963, 0.02308783918673593]
[0.06379058916526481, 0.058853020385698174]
[-0.07884819326124604, 0.0382251072215255]
[0.041842607887435324, 0.05316477845217296]
[-0.05428504048160232, 0.04556850064790827]
[0.02413943716518796, 0.051223672229793626]
[-0.03777852849375185, 0.042965614777290245]
[0.012945819218145083, 0.043929750960150823]
[-0.02274618627232683, 0.028325818668968286]
[-0.0052835992244507635, 0.03143092338068883]
[-0.015534624252024565, 0.027719747257172134]
[-0.002866186784084568, 0.004562261038074118]
[-5.728603205523708e-05, 0.00562951288529475]
[-0.001568828770010855, -0.011803960434057108]
[0.002824813828991135, -0.011925799552499883]
[0.011755354210240987, -0.023948003958702294]
[-0.01050723766562156, -0.029827403034261353]
[0.028740711237149275, -0.03400074191889502]
[-0.02020108835342671, -0.04807021220489002]
[0.043191230950738846, -0.035015283954106816]
[-0.03358295815079726, -0.050416745331927554]
[0.06276656224166155, -0.042205544520787286]
[-0.052200653223592686, -0.052719770336656036]
[0.07472077645131792, -0.03574248634934493]
[-0.06560880905451627, -0.0512133169581481]
[0.08968156784424497, -0.011435694352721515]
[-0.08426393904421703, -0.042008159651439364]
[0.09634238702557296, -0.00637740849158]
[-0.08871687011070506, -0.028103004514410918]
[0.09043939312846094, 0.021412646286965542]
[-0.09958050570920818, -0.010499127302852573]
[0.08464932352701082, 0.02955865207668612]
[-0.09003993780789998, 0.011088666227971833]
[0.06797854086781341, 0.042517133608785895]
[-0.0821168298071222, 0.026953522624082682]
[0.056009125257252323, 0.05523935292837018]
[-0.0686910607974448, 0.0311279559828892]
[0.034948054145439666, 0.05332964178152122]
[-0.05499832052784487, 0.04315502750030231]
[0.024963873589194108, 0.04466014972837257]
[-0.03214527157923347, 0.038272142903004736]
[0.008145834069043456, 0.034777985593806016]
[-0.020604695302569143, 0.03365632881220065]
[-0.0003643547773133915, 0.023188688126016987]
[-0.012724409838563433, 0.01675807706478155]
[0.0032366585169709694, 0.0057604143977526]
[-0.0010261217792614796, 0.001302652592767073]
[0.0029775687421196295, -0.016158495592353606]
[-0.002584999271937949, -0.01013934206373257]
[0.016602713193852703, -0.03026521475974081]
[-0.004167503210325996, -0.034511035476003094]
[0.03207229549061086, -0.03840399761547825]
[-0.01580105524065878, -0.04378776913502164]
[0.04477746353812359, -0.03755078625100605]
[-0.038645996422094486, -0.050910575355293586]
[0.059268783896545774, -0.03817226734101742]
[-0.0430161992384534, -0.051974664820071514]
[0.07645476444575086, -0.02381645614515554]
[-0.06762906463110457, -0.047301767853661636]
[0.08396914084845089, -0.020882827051930508]
[-0.07540425145226738, -0.03698434108859994]
[0.0853466892865207, 0.007168298497497172]
[-0.08844595254814702, -0.021508582733016868]
[0.09100654907066139, 0.026594209775852418]
[-0.09384049714082407, -0.011519095203335744]
[0.0752427863965443, 0.03529024772940359]
[-0.08817806298182737, 0.01222097442297565]
[0.0657029584122403, 0.04661815189052648]
[-0.07916041256068987, 0.025713829980449937]
[0.05029548379560453, 0.04962899516232688]
[-0.06481791962543859, 0.03404925223321664]
[0.03514129498923236, 0.048942466499205986]
[-0.04707818934772112, 0.0360360429064681]
[0.02168859806420787, 0.04451271993896242]
[-0.03538860163095402, 0.033187586330816324]
[0.0050282783468425865, 0.031550312157690774]
[-0.019840819983161707, 0.030544352966187564]
[0.004046936801693548, 0.014743655709406858]
[-0.005164458607778057, 0.016849253532581227]
[-0.0039629830887418505, -0.0034113587943635157]
[-0.0024990753858130654, 0.0028250327023964864]
[0.00111898859900951, -0.009163419698600017]
[-0.006104388578714613, -0.014307446849999073]
[0.01808712822498365, -0.029187678841436207]
[-0.004456261016861182, -0.027117394726219893]
[0.02566385337680556, -0.03473922462561066]
[-0.021756472160556838, -0.038916040031157534]
[0.041757667669910285, -0.035427006526412425]
[-0.031918127102938565, -0.04267465934158368]
[0.0596687785246605, -0.02964404312180205]
[-0.05103829783182168, -0.04347159326561045]
[0.06958698774319408, -0.02258997278133995]
[-0.06120092333003006, -0.04152573192627926]
[0.07815570785907529, -0.007791891657028038]
[-0.07290013874478743, -0.027273028365866536]
[0.08654726486095243, 0.004510442152193317]
[-0.08132462582400538, -0.018717996347464183]
[0.07945808622244424, 0.01980110372415772]
[-0.08033950522506719, -0.0016109840592180014]
[0.07046813962779752, 0.03515947550987725]
[-0.07739561154947724, 0.013019493484346445]
[0.06102202646436078, 0.04565745490213852]
[-0.07028859510091587, 0.020128987494785422]
[0.04359420554245769, 0.04130483846527372]
[-0.05157435292614243, 0.035220219512521134]
[0.029686030806512886, 0.04017748735618687]
[-0.03784998118998406, 0.03491887556128559]
[0.015744671440298064, 0.03946195422190546]
[-0.025055084590624666, 0.02844462392759689]
[0.005893648846815647, 0.028598125371906702]
[-0.016447514249674722, 0.0231727388726351]
[-0.0031919711038419507, 0.011285792032076525]
[-0.0041057262243339165, 0.01417767819831689]
[-0.0022288216443113185, 0.0018904826852964574]
[-0.000840655372809751, 0.00048235596753098964]
[0.006936560849462259, -0.019250149097467195]
[-0.000718951068195306, -0.016181279289948725]
[0.014522482074625642, -0.024609810607879756]
[-0.010132680293672203, -0.03200361198651869]
[0.02931130849958058, -0.028040484451048397]
[-0.020786995445901735, -0.03800114536310162]
[0.04861684549181211, -0.03480480921790821]
[-0.033779466077208053, -0.045626948625524716]
[0.0577766553897755, -0.03211524185373052]
[-0.04381323680273197, -0.04453510035850303]
[0.06913493036608365, -0.01881972691801989]
[-0.06166165585629668, -0.03679739835885673]
[0.07909828507781524, -0.009009869839937512]
[-0.06920866644556578, -0.03242212045368925]
[0.07812627090486401, 0.008736024165679257]
[-0.07611824641587817, -0.01792624398338888]
[0.07303185061668926, 0.019779107522404485]
[-0.07737347516076654, 0.0013181227004157858]
[0.06630056123387773, 0.034131866831485363]
[-0.07252402365436483, 0.011387877247965486]
[0.05270968934817566, 0.04291812110512193]
[-0.0638636996455626, 0.022868990185692793]
[0.03637014663449134, 0.045855603443667604]
[-0.053144127018957654, 0.030952579013348278]
[0.026365633637802532, 0.04549906686621501]
[-0.03764645972779179, 0.03306565717332456]
[0.015743932491194546, 0.03421404234322997]
[-0.023018428061550855, 0.029390482228634808]
[0.000848291053097916, 0.0244173800708578]
[-0.011088333088104974, 0.021084172670363444]
[0.0006503111407010209, 0.018178815660211636]
[-0.008948928671111966, 0.007892460403044407]
[-0.00240850310308216, -0.005301086358306936]
[-0.0018005437387593748, -0.0014852947001906813]
[0.00472265539815897, -0.017106547458477783]
[0.0006875239189335636, -0.018590940909030768]
[0.016750529159898497, -0.02705213132388315]
[-0.00878604855266163, -0.0296055745504675]
[0.027955689186390575, -0.032124617823193785]
[-0.024346842743742214, -0.04081445688148577]
[0.04171774271761447, -0.03235699446759793]
[-0.031351194811114425, -0.04270556504600953]
[0.053383805355501746, -0.025374264268836294]
[-0.049761216547164866, -0.03790683591649768]
[0.06548812229536632, -0.021820117071151612]
[-0.057225299830544474, -0.035755376229722524]
[0.0709557403783651, -0.007570887123779013]
[-0.0667044637936256, -0.023832695967915263]
[0.07068219288973537, 0.01007412628797838]
[-0.07656111956363992, -0.011217638830537502]
[0.0690821694713577, 0.02287139541689448]
[-0.07325980523294323, 0.0007929306930171687]
[0.059919822635245035, 0.03260071798720604]
[-0.06888954692762839, 0.016003239142297343]
[0.04866302395315053, 0.037825691226192504]
[-0.05738310896364207, 0.025193907050128972]
[0.036535716220700565, 0.04170445083463847]
[-0.04544220097266172, 0.030909303493219353]
[0.02615812223187111, 0.03978864214558664]
[-0.03564920361130461, 0.02660914443465523]
[0.009263359067672644, 0.030098895200285636]
[-0.017632052925251385, 0.029756491942735663]
[0.007686048947009666, 0.02159168788118304]
[-0.009427385492238816, 0.018256069319600943]
[-0.0005761926083118762, 0.003664495024750858]
[-0.0014810586164608064, 0.005752632797982604]
[-0.0028981137018882497, -0.003836997320949387]
[-0.0011578333030937693, -0.0041112007548244345]
[0.0076381454020880285, -0.018481883597623955]
[-0.002784440819628739, -0.017487015963826846]
[0.014798075030116903, -0.026665364083485854]
[-0.009777450350002215, -0.029737386458701998]
[0.03037073654341002, -0.030735299615887612]
[-0.017557858882904162, -0.0372622919272006]
[0.04302765251365295, -0.028793338394304396]
[-0.03621122303755837, -0.039336016284468006]
[0.05281040777772571, -0.02083929210100828]
[-0.048230288699490816, -0.03810398320604619]
[0.06554465419285882, -0.015212645747355147]
[-0.054135216232567514, -0.03210792930051472]
[0.06886525941116994, -0.002663062333998059]
[-0.06630763957909466, -0.02287058992352084]
[0.07228058803401169, 0.009111528500697144]
[-0.06909898144575537, -0.012388999176316237]
[0.06513586000567646, 0.021231973877459613]
[-0.06946652847095883, 0.0025243175443075277]
[0.056419451504013014, 0.035382647510854466]
[-0.06604518544697187, 0.011354550475862419]
[0.043719829856736184, 0.03584595460244272]
[-0.054077839968825446, 0.026275992427700078]
[0.03393504653671084, 0.03803838122617199]
[-0.04296854973151023, 0.026667066812094298]
[0.019479389566453356, 0.03578204116430728]
[-0.027951489775123437, 0.03002464296337204]
[0.009630804418935296, 0.031148998780176615]
[-0.022112169219496693, 0.026528663304683675]
[0.0011525542137241496, 0.019698915421315424]
[-0.00896355043873276, 0.016264897348758175]
[-0.0023211813439343865, 0.0079004026677221]
[-0.001569262022238338, 0.01023474935079452]
[0.0017405900714629607, -0.007675014879847675]
[-0.0006337646313821083, -0.004662780243478298]
[0.0056201618060158776, -0.016023580323170306]
[-0.003812929894270678, -0.01916381297274719]
[0.015997188986395683, -0.022683711186526623]
[-0.011360094302875615, -0.025839533873464438]
[0.030902451286254268, -0.029271528337587782]
[-0.019577369065049297, -0.03617177731534307]
[0.040860017899617906, -0.025693710346978066]
[-0.03242275297743996, -0.037909981920371205]
[0.054223872635091847, -0.022588770172531192]
[-0.04405830222411369, -0.03513955187863935]
[0.059403146817457425, -0.013594985917876945]
[-0.05382781856852331, -0.028278521854937316]
[0.06509667106370287, -0.0001929716970495987]
[-0.06205019172877274, -0.02099770329949155]
[0.06417693244852501, 0.007458422899866007]
[-0.06361401507165315, -0.007764528499192264]
[0.06140282269173791, 0.021804338751781505]
[-0.06372738686337193, 0.003176371944053069]
[0.0500678613636642, 0.029874460946873044]
[-0.059132654350655456, 0.017169693779282624]
[0.03859835805462952, 0.037026104468432325]
[-0.050407190218929254, 0.022011522368974468]
[0.028017986231929914, 0.03835846964371964]
[-0.03735918863660931, 0.028148064809823237]
[0.017538932516491135, 0.031802077729029626]
[-0.026247132994130506, 0.028406901326441192]
[0.008535866362460454, 0.02714653473443393]
[-0.013512285072615537, 0.020800844054287726]
[0.0028749601726398843, 0.01878071243843521]
[-0.007642453002349947, 0.013913914350698109]
[-0.0025868384433969105, 0.003014358505795234]
[-0.0033961608601792426, 0.004572808353279556]
[0.0026187335571073445, -0.007843142251103746]
[0.0014460624218702312, -0.009477892876543687]
[0.01005679342829302, -0.019787727689602103]
[-0.0028524138522180165, -0.019056559611043355]
[0.018734676755167545, -0.027441135084363605]
[-0.011045045759050631, -0.030554300122015973]
[0.02892015859738284, -0.026476053936201574]
[-0.021916988300690443, -0.03457035906755565]
[0.04175119739602945, -0.02540613888153155]
[-0.033602834185702424, -0.036224117905217026]
[0.05118589765707199, -0.02086945748331752]
[-0.04190278788113899, -0.03317649490942857]
[0.05944246694056893, -0.01042199290586713]
[-0.053204393176430775, -0.02675910563277381]
[0.06105300510745976, 0.001208738524820379]
[-0.06040307526603367, -0.016919176179416295]
[0.06298072946838096, 0.013190182899647542]
[-0.061816576948600044, -0.008019197380494692]
[0.055615312739479617, 0.023677170307497084]
[-0.06313850645525021, 0.005527962848886105]
[0.048813433084095026, 0.031800866003952925]
[-0.05531809068401372, 0.013979537968213947]
[0.038692910546661075, 0.034920647899823784]
[-0.04541195935482972, 0.022736387527555343]
[0.024619738967366078, 0.03621974816684405]
[-0.03797833694651648, 0.024497288976288834]
[0.01351169357206694, 0.032276166024382213]
[-0.023616599580321307, 0.02481340017327567]
[0.009165179559237624, 0.02388122338366655]
[-0.013840198438114959, 0.019876298988558472]
[-0.00025210734158992443, 0.012401616057320292]
[-0.00543069428831322, 0.0122128386570389]
[-0.001983887041790311, 0.0034185438147363856]
[-0.0017651645957756923, 0.002422972808545004]
[0.0017282794426806136, -0.008888876683226382]
[-0.003595200070744986, -0.008343926539523455]
[0.0066582486829446785, -0.02034439674307817]
[-0.0038257226078161066, -0.01818065126482557]
[0.018708703711163233, -0.02367634369986396]
[-0.011592444631198573, -0.02709297141516473]
[0.030508508547569146, -0.026136193448563938]
[-0.02317850838178842, -0.034159480215757765]
[0.03769948358866859, -0.02309351646607663]
[-0.034289809561526385, -0.03183803500348495]
[0.05002446152942808, -0.01707176421028117]
[-0.043657676383439425, -0.03065737920962247]
[0.05503979302313258, -0.007785854933635594]
[-0.0524241733513319, -0.023690141290537925]
[0.06196711431273527, 0.0002689854061588004]
[-0.05600632765369243, -0.015748014845810177]
[0.05766696508259836, 0.011013174173337359]
[-0.05966450851202995, -0.0034814065127527494]
[0.053515479865550164, 0.02495224859675546]
[-0.059624591475771094, 0.005564120398782374]
[0.04569791060926448, 0.027211973428937775]
[-0.05047496349043232, 0.017225090322832037]
[0.03322800492476716, 0.03219086842233376]
[-0.04257095295985322, 0.022827048385616472]
[0.023666367374852823, 0.03293338992779815]
[-0.030218249666576477, 0.026116009095165343]
[0.01374542495208625, 0.027085370820505772]
[-0.020420878521889452, 0.024087380255732704]
[0.0030600566614271407, 0.022780549970546016]
[-0.012276795328814968, 0.01830490964313103]
[-0.0001667434652959654, 0.011998492873589867]
[-0.002962912048562777, 0.01295174146835995]
[0.000849313920831582, 0.0008626499149478051]
[-0.00042021091835625635, -0.00016264102348099996]
[0.002417490202990605, -0.010192441711983108]
[0.00042584242965582053, -0.011024422753093746]
[0.008050899551159084, -0.01738299741073354]
[-0.006900416827416701, -0.01765342493460345]
[0.022174886518841454, -0.023616380610223184]
[-0.012200020739198597, -0.030586055551805005]
[0.02962162649571264, -0.025281848689226526]
[-0.021278281048092977, -0.03165141252660408]
[0.04211432465182502, -0.022683402346346193]
[-0.03302304486327297, -0.03412490587513055]
[0.048967572617135184, -0.01576315566285973]
[-0.04304566515969785, -0.029513083015043688]
[0.05503226002307333, -0.007631062802428111]
[-0.05093728335432307, -0.022468863645033848]
[0.056606592782542244, 0.0016006344287446683]
[-0.05395277700791, -0.013391622870457282]
[0.0565943953211525, 0.015103004652355242]
[-0.0575260622589359, -0.003654477624173799]
[0.051469797223208796, 0.02130322240609589]
[-0.05468459630855718, 0.007611643044018623]
[0.03963417561761023, 0.030294634946624835]
[-0.04881173167794876, 0.017115008059818332]
[0.030677853044135173, 0.03601367640241733]
[-0.042038038322724784, 0.022919210485034536]
[0.020908296524177993, 0.02941512755136838]
[-0.028187475889647443, 0.02477692224249961]
[0.010866748236039003, 0.02857722962109943]
[-0.018283693160569894, 0.022090376623571634]
[0.005133552787274717, 0.020930435708716888]
[-0.010764741031519962, 0.01685589047918773]
[-0.0014852275091252615, 0.01077491642099776]
[-0.005522900503840508, 0.009322516519095547]
[0.00018981030046744118, -0.00019876281778022364]
[0.0007752820085112494, -0.0012522598933227547]
[0.002635100004452995, -0.010879100005168396]
[-0.0009861770237344913, -0.008856727564589911]
[0.012237296469972792, -0.0188370289479593]
[-0.00477555397971155, -0.02239644712542127]
[0.018961782844110098, -0.02341332699671589]
[-0.012895435613874462, -0.026083643380783228]
[0.02821603205680845, -0.023351230450389004]
[-0.023338263490660482, -0.02969045997507544]
[0.03995681747305321, -0.02039344167667484]
[-0.031414574203412066, -0.03141362692601382]
[0.04700977589753047, -0.015039169852004652]
[-0.041573001541150595, -0.027099630918621637]
[0.050450863067490914, -0.005755122117606398]
[-0.048917561832541145, -0.019470993579427193]
[0.05427738832422074, 0.005221463277408217]
[-0.053688097419080094, -0.011122331063214808]
[0.05133684651780046, 0.014393475754279822]
[-0.05514159165354149, -0.0018630418140175853]
[0.046344388259516534, 0.02214160711296803]
[-0.049901262712086614, 0.008440749737235076]
[0.039822347733759866, 0.029813557363671195]
[-0.046664372209764715, 0.016769149232078673]
[0.028397181263541793, 0.02990081267070399]
[-0.036432446354063286, 0.020864822782200143]
[0.017076448936016342, 0.02970485014156686]
[-0.026014278768240084, 0.024163851556325763]
[0.011197706359895476, 0.02390749552630446]
[-0.01666005918285074, 0.02032435923154656]
[0.0037431003086181303, 0.015883499327769876]
[-0.007394823963014607, 0.01443563019212904]
[0.0010294916665292697, 0.007458036742084395]
[-0.0014680606390517492, 0.006492176425871188]
[-0.0015286050441113974, -0.0016188833624801446]
[-0.0021234224042372407, -0.0010700547470189198]
[0.003282424620364266, -0.011999660177934877]
[-0.0007606611260164708, -0.011475640537915062]
[0.011858552845819659, -0.019135480950099724]
[-0.00443003414912313, -0.02048545684651096]
[0.02034030598711689, -0.02187027357080097]
[-0.013753284732981874, -0.02726603396846377]
[0.02991832356504337, -0.021500721946516053]
[-0.023896950270550277, -0.029603203854707005]
[0.03930873364300458, -0.019168451378876523]
[-0.032936182236303624, -0.029877385320485207]
[0.04536375254012437, -0.011649762013688135]
[-0.041474141948216525, -0.025002202203290455]
[0.05322257806032665, -0.004608952177042269]
[-0.04752466075638162, -0.01988978664046212]
[0.05309731084841002, 0.005142364952952408]
[-0.05213505587596251, -0.011378324385709682]
[0.049564701149962975, 0.015352247055833879]
[-0.051836268051746404, 0.00025733841437258764]
[0.04491274980368498, 0.02300900865807569]
[-0.049856533720464724, 0.008678035120005187]
[0.0355368688176092, 0.027880637902621047]
[-0.042418181295248714, 0.015459721180214409]
[0.026243894319033734, 0.02998151376365213]
[-0.033290826057725764, 0.02219731292069488]
[0.01659657036747786, 0.027503848970008182]
[-0.02456422484546411, 0.02222023040537799]
[0.006183654784513382, 0.024548342116665622]
[-0.01659517940223565, 0.019650709470041605]
[0.0023312347663227984, 0.014624320533692114]
[-0.006619127471720998, 0.014660889759575885]
[-0.0006279218161055478, 0.007554617713818046]
[-0.003528835249666462, 0.005956774512334978]
[0.0005187226829401204, -0.002415021041110771]
[-0.0008110036269423915, -0.003710569988565643]
[0.003283930930621015, -0.011906003050685732]
[-0.002620313912040234, -0.010953486466925039]
[0.011335539613407719, -0.017874358993733463]
[-0.0071364359640760655, -0.020417049688236655]
[0.021042633914963305, -0.0219874435222564]
[-0.01396650955837156, -0.025667796545881277]
[0.03144752634057077, -0.02158803424449149]
[-0.022708771957007573, -0.03005999157025263]
[0.03853591744337889, -0.017366064845822288]
[-0.03292575209784762, -0.027197859025989257]
[0.04451547826802621, -0.01219191715391732]
[-0.041311820697753104, -0.021897846748770072]
[0.04941781030388494, -0.0031076834160299605]
[-0.045866091431953845, -0.017568916340792773]
[0.04981937632135326, 0.005953070731602117]
[-0.04904040569732042, -0.00706240411311021]
[0.04761736702167302, 0.015006914566353391]
[-0.05026742229044559, 0.0015628500907859944]
[0.0405638369225307, 0.02257116525701991]
[-0.0451278557425676, 0.010169862506833438]
[0.0316290122863354, 0.028704287416817686]
[-0.04074023449533163, 0.018542482852516598]
[0.02340679860437519, 0.02709743461899368]
[-0.029916247361990347, 0.02102963374739346]
[0.014500961069595301, 0.027584425685015596]
[-0.021742392135504125, 0.02130663254200417]
[0.008354601760408718, 0.02052130301588391]
[-0.011987937500391819, 0.017860623066730877]
[0.0010898120328285965, 0.01365343509658537]
[-0.006391952120623323, 0.012542625132592376]
[0.0003406245530039598, 0.005676151922261237]
[-0.00216716508443107, 0.0034439927823855035]
[0.0013988183106573363, -0.0053964764310797525]
[0.0009348040269300476, -0.004490779115029752]
[0.006407012952331445, -0.012328288409771201]
[-0.0014868477891878274, -0.014252140801177315]
[0.012436188043652839, -0.018848489693022656]
[-0.007261523000086017, -0.021024062428719327]
[0.020176126290587508, -0.021894158600643532]
[-0.014217599798014418, -0.025468644315034206]
[0.03145293546444548, -0.01989876708155385]
[-0.023132838177834604, -0.028645918693312775]
[0.03752916855461664, -0.016965065127274637]
[-0.03248943985251351, -0.026014906883537844]
[0.04453367944316031, -0.008714258736539512]
[-0.040576127186764864, -0.022446157661191346]
[0.047915868655295804, -0.00206257309529205]
[-0.04517440086049054, -0.014135051475539728]
[0.04680363247336248, 0.008498191705139033]
[-0.049883474706972, -0.006373260700630587]
[0.04619585014624336, 0.016316547268272946]
[-0.04654176997034366, 0.0011250474885716455]
[0.03977560697520324, 0.023786130566745375]
[-0.04484540348907512, 0.010519466384168563]
[0.030968971741235377, 0.02662820317940326]
[-0.037028794846132154, 0.016214921155936174]
[0.021156940335317717, 0.028342511018420974]
[-0.02918317483269417, 0.020417171925936367]
[0.013417931415691545, 0.025165983861071717]
[-0.020338453837681014, 0.019670111744767543]
[0.006103580883151105, 0.01873795099319467]
[-0.010468272147748425, 0.01713291097739461]
[0.0019975397589096777, 0.012912259170281382]
[-0.005448818541255146, 0.010356596477682362]
[-0.0011415985577030996, 0.004222405145352548]
[-0.002115553027134648, 0.0032994539217952312]
[-0.0006181946368361835, -0.005630548441674432]
[-0.0005118301932509339, -0.0036644524178055804]
[0.005514178421853921, -0.012135555718400831]
[-0.002962936030212221, -0.013831251041147352]
[0.012092967532968318, -0.01804595968362327]
[-0.006852965119019394, -0.020237358030872343]
[0.021842513879872016, -0.020176429748864272]
[-0.015601524992306048, -0.025559128850480284]
[0.02872408095592932, -0.019590919740614582]
[-0.024174559699396525, -0.02627805562486915]
[0.03696797361163923, -0.013715252478527812]
[-0.033051912662601046, -0.024555189750678524]
[0.04469777164113009, -0.009396613150095517]
[-0.03846998857436679, -0.02108831197084357]
[0.04532806120332866, 4.8027531750649555e-05]
[-0.04511817339630664, -0.013369456579846783]
[0.04643606667442168, 0.008045255976958016]
[-0.04618248310134071, -0.005046113181196202]
[0.04280954211134702, 0.01582070181368747]
[-0.045746585066043566, 0.00330398481894581]
[0.035574533315387846, 0.022219001342952835]
[-0.041369056963214856, 0.011202925814774362]
[0.028932022952003644, 0.025526763657268157]
[-0.03413677545148491, 0.017154506584027493]
[0.019933761255943983, 0.025660874996516064]
[-0.026168977915424718, 0.019463055643587704]
[0.010320934732243825, 0.022923724413179643]
[-0.017959498907158478, 0.02027517483653444]
[0.004057899571614398, 0.017199683943906335]
[-0.009713504949768192, 0.01674894154622389]
[0.0015435304278276774, 0.01134763164235002]
[-0.004179280083188297, 0.008973893306586253]
[-6.3574024930512785e-06, 0.0017922779498545337]
[-0.00013500784936287813, 0.002237836161321472]
[0.0011735885715303263, -0.005303173901594568]
[-0.0011616978218270124, -0.006706820075342693]
[0.0061020248100610575, -0.012712865914542078]
[-0.00339849321721003, -0.013978014185297379]
[0.014338275538429646, -0.01879659011259905]
[-0.007785066610820568, -0.02105335339355721]
[0.022777460781786107, -0.0198693188890671]
[-0.014721212150561713, -0.026472832960862648]
[0.03141173334116143, -0.0172567901718733]
[-0.025096836412746515, -0.02669422171159934]
[0.03763745353453207, -0.01544079707381904]
[-0.03191768698267511, -0.023559128763038104]
[0.0417377895651076, -0.006843754863856966]
[-0.03895053369568935, -0.018642865461265534]
[0.04475380494754805, 0.0008241880898541831]
[-0.043107735503707556, -0.011539623907580787]
[0.044907774663075384, 0.008844159848972882]
[-0.044717592325706934, -0.004578031006332084]
[0.039959852932783035, 0.016873584114330237]
[-0.043434547777097654, 0.004858626631059182]
[0.033354401499299774, 0.02331377592324363]
[-0.04041429001155064, 0.012476497294080707]
[0.026398372529158692, 0.02553213474998489]
[-0.03240088691004478, 0.01632803075894021]
[0.017911383358483662, 0.025747897974850414]
[-0.024799631903570957, 0.01897352219554191]
[0.010523008169253445, 0.02238710587395995]
[-0.01640801251074145, 0.018082875036948776]
[0.004804104581805135, 0.017275639797879355]
[-0.00952537683072166, 0.013941885727059705]
[-0.0001410517168944636, 0.008956624272730751]
[-0.004153498819160911, 0.008822691397221]
[-0.0003118979625895135, 0.0012521364282996328]
[-0.00047669432291855274, 0.0006954714437164]
[0.002686132481139053, -0.006010626998599389]
[-0.0008770439180002115, -0.007575922998874912]
[0.007031379069083035, -0.013952756171844882]
[-0.003913574511310844, -0.014907277427879312]
[0.012393965923881131, -0.018607611390833084]
[-0.008248299524950098, -0.01893856018104234]
[0.022816697217327542, -0.018347738173876596]
[-0.016840711777422968, -0.024303197415027095]
[0.030029030800852036, -0.018354140519593817]
[-0.023335005006616866, -0.024930958690483757]
[0.036522027445622676, -0.011644516847898759]
[-0.03238453543871156, -0.021965844866785447]
[0.04105263206404548, -0.005903208097402066]
[-0.03864786302935822, -0.016246673695296393]
[0.04201584690597615, 0.001677540300793215]
[-0.04199039075441355, -0.009625913857152973]
[0.04225670138652884, 0.009949943040221912]
[-0.04261533862346677, -0.0028349014466898387]
[0.03828015864896659, 0.017717866926410655]
[-0.04231889039643422, 0.005117146725033092]
[0.032900129186934524, 0.022311477267397822]
[-0.0369948465204234, 0.011469977241466749]
