[-382.1107167246591, 272.831460828936]
[-39.29501779643983, 19.46317524700844]
[-6.86178224992021, -11.815087272532052]
[63.29310502057365, 17.707677101795248]
[-24.763797611459843, -13.24217958402292]
[2.424738046467299, -11.272344267710608]
[-7.188281334792443, -8.442500771478787]
[0.6265788019501954, 1.912100736002242]
[-10.610797374111925, -5.0600529181994744]
[-3.0840080546900257, -4.7852310836322856]
[-0.16867843755356215, 4.3154557609643796]
[4.352377119531038, -3.4845310076683207]
[-6.379413048048313, 5.807653203833771]
[1.6446943926459276, 8.700758681571571]
[-2.128359745694218, 4.244544053628402]
[-4.6967888588327895, 1.0956725499341908]
[2.185484129120357, 2.2183016873545256]
[5.238280865635055, -1.882223623498823]
[-4.782245122113642, -2.250577784653583]
[5.432205733862158, -0.202225054041135]
[-5.893525383093737, 2.593039308213739]
[3.7042135699706176, 1.039085175295042]
[0.21700088172389131, 3.3641487689742897]
[3.5334327477033733, -0.3440226437102947]
[-0.15255671768579582, -2.369667676641849]
[3.8187188406330606, -0.7731145877998795]
[-4.978719926957934, -1.7648415206322312]
[3.33905578012189, 3.3238467881502483]
[-5.511420047850475, -0.613848479513206]
[-0.15296174167011234, 2.5879790502568065]
[-4.187635827320858, 2.167979239468032]
[0.3338294954840233, 0.19819724076569134]
[-1.4896373328720014, 2.1594105535731014]
[2.1404296790150266, -0.09312730055227902]
[-0.37737914430479347, -1.0595927219395218]
[1.993059404466571, 1.4793768442718118]
[-1.5901275081658472, -0.5649650636485886]
[0.589558736080317, 1.3415366454268387]
[-1.6089158102850885, 0.19274758740231412]
[-0.045355627291143286, -0.8189285720856061]
[-1.3980450516108047, 0.3106927962490422]
[1.5577959589545616, -0.4570433617153222]
[-1.5787606246548465, 0.1608895631394418]
[1.5941229744813912, 0.8209689172388304]
[-1.4679258270370799, 0.9529676022881901]
[-0.035709321996774346, 0.6910838140141298]
[-0.6064905986402931, 1.1365794607617303]
[0.15359876035951547, -0.5993432265425778]
[-0.0674318543290191, -0.4092230567763746]
[1.0622683292814177, -0.8774028060201022]
[-0.6985178380194936, -0.10931521315989023]
[1.6046755183949384, -0.39865030601946394]
[-0.7313365109697845, 0.49376106460668456]
[1.3919445938800767, -0.08728259014639406]
[-0.29793385336678124, 0.29494629733716415]
[1.2815277578166497, 0.09506274693153483]
[-0.36550436499568795, 0.08837471943861619]
[1.7989591866780474, 0.5093596295316409]
[-0.8498680443372786, -0.12248571919780993]
[0.7131384488271939, 1.1572541841044472]
[-1.30750889543331, 0.4378568953502362]
[0.01096753088002922, 0.3355681320721855]
[-0.33665124308801797, 0.4506076793654925]
[0.6743465176382912, -0.43064043390924134]
[0.09111312498766821, -0.543236007213459]
[1.0771903133829055, 0.022862293329285244]
[-1.0377578433713852, -0.8571082688394709]
[0.7751394422873086, 0.616095109798318]
[-1.1615147899209628, -0.3554110798854748]
[-0.08058839917371655, 0.5160407624012189]
[-0.8833133698564715, -0.14837699634025459]
[0.2770107928046862, -0.3410864802076401]
[-1.1927160631031435, -0.18083052511882824]
[1.0339403844699226, -0.03676037832376844]
[-1.3323615337044283, 0.3053461503789725]
[0.7145016862289957, 0.7954914392610037]
[-0.6972928480699205, 0.6287560336149808]
[0.058289561030212544, 0.2783484596984249]
[-0.07385660648893033, 0.18466241392295646]
[0.12788840633371612, -0.548040192758245]
[-0.5093516102659237, -0.2740759550370997]
[0.8797281385792459, -0.5888327733463186]
[-0.8028759155651417, -0.06969943648651722]
[0.973408695382981, -0.1154714718700165]
[-0.41645193767001265, 0.40665603140270445]
[0.8216624487914717, -0.06815679316388401]
[-0.044720767514912385, 0.07170137116564665]
[1.1245609220071586, 0.04691785525402947]
[-0.34580786855296464, -0.5395672719286096]
[0.9981409495364817, 0.7748591365162611]
[-0.9054029217934902, -0.16291450938727697]
[0.3244795093588744, 0.7105107716369906]
[-0.48335112018490767, 0.3840436523245673]
[-0.008684701995261945, 0.06018123333266723]
[-0.04488791651235302, -0.014824083151053255]
[0.4209249641294118, -0.25306658266359006]
[-0.3788858489798176, -0.5095281614311389]
[0.742546431455197, 0.015433907771269795]
[-0.734719578789838, -0.26318398785867686]
[0.2513542148539143, 0.3566136993449984]
[-0.788223510955236, -0.0025219143014907908]
[0.0014705714681099158, -0.1153048223293433]
[-0.6598250738218, -0.13560049434371707]
[0.5285145863708145, -0.23041144076203562]
[-0.8639273866879944, -0.12237591375619876]
[0.6497709213108748, 0.2869498705408485]
[-0.9286244079262285, 0.3036788369945743]
[0.06492742380054334, 0.3463162393370923]
[-0.3926977596540868, 0.49940956297060524]
[-0.06386168169922168, -0.12185393928345808]
[-0.09630905544546414, 0.08723628772228861]
[0.39634600048407576, -0.45281489789115814]
[-0.36043594024676323, -0.13006923382321423]
[0.5832645717716216, -0.18435675933440338]
[-0.6260126187735945, 0.15084370382600576]
[0.5210569950604391, -0.056337763525305354]
[-0.31235217452727526, 0.2902494952345236]
[0.6613642138023692, -0.15963800148488916]
[-0.09045009203454246, -0.05261715122704569]
[0.8746863385496635, 0.08740672716548803]
[-0.5081961914257698, -0.2564515810109177]
[0.6388485576411556, 0.44149223127913584]
[-0.6020960818356302, 0.11421727178187979]
[0.1829116833283715, 0.3851791534252221]
[-0.16896169327350763, 0.26820559434199387]
[0.18407578286215331, -0.13228164612714333]
[0.06296485854529499, -0.10118213711968127]
[0.5625154631492371, -0.15885631217052587]
[-0.23166029369556962, -0.3892772916075735]
[0.5717381818318257, 0.3515664946819967]
[-0.5433623981032298, -0.2564790153952037]
[0.12778704694091658, 0.24979819618202337]
[-0.4565151100972754, -0.07365996765459015]
[0.17680855747693958, -0.16390450214402363]
[-0.533868672590871, -0.2049941118050045]
[0.5257279240715265, -0.07328326037788468]
[-0.7670268870845804, -0.06248104851116287]
[0.4314157353320949, 0.25562996856632136]
[-0.57849292851531, 0.3439848987205454]
[0.054717323058639966, 0.19471205882463294]
[-0.16980169613106377, 0.266970439620998]
[-0.06219684855328067, -0.2154954240891871]
[-0.13727478123793885, -0.08310688524603416]
[0.3171186475076675, -0.2920845628195753]
[-0.4428955529264765, -0.09707001105463364]
[0.46809588648982414, -0.10100861003750339]
[-0.4196914442831071, 0.2240306970578303]
[0.35355557700666496, -0.09999043245780137]
[-0.08654565667399705, 0.1827835280929775]
[0.5677941141103569, -0.14306945858578435]
[-0.13670790324001497, -0.20707465784016632]
[0.7654549340129628, 0.12488002192219838]
[-0.49856821696874865, -0.1166717156963113]
[0.47391287026068296, 0.4477570947954699]
[-0.4646504960440816, 0.24353752542485663]
[0.03936385122960839, 0.24040181654519244]
[-0.06877646112423919, 0.22149214470409628]
[0.19653927147546857, -0.08231702069609081]
[-0.0024774675676608737, -0.12609310578403554]
[0.487004390487336, 0.06286647041251148]
[-0.27580314833594566, -0.2718071875757955]
[0.2473837399281762, 0.28112574279626146]
[-0.3648219782938491, -0.15177450860718422]
[0.06930878223245718, 0.11519983239717457]
[-0.34202266766234835, -0.1949843943087266]
[0.25502199611331444, -0.1195752030545707]
[-0.5140538130735357, -0.1779492779219971]
[0.42901131346048443, 0.032943815590103176]
[-0.6052322172364992, 0.08443618202277481]
[0.22670213362754668, 0.2661313796996869]
[-0.3519845486401967, 0.2637655027742599]
[-0.06433505720884229, 0.07390098871649298]
[-0.10540752079065663, 0.12884173264481125]
[0.09248973337768465, -0.2454407487627619]
[-0.23959550089332837, -0.1358145004721102]
[0.29278585991005346, -0.18404529127581992]
[-0.4468655622253108, -0.0036171415726721223]
[0.28546139138708426, -0.07148374332813767]
[-0.24518074716178773, 0.217499836792081]
[0.35903396206416693, -0.18631877144962927]
[-0.02080852607814787, 0.003586286939537109]
[0.538114159618217, -0.10979545936778523]
[-0.2250009886307569, -0.19167809785515755]
[0.5245426253295131, 0.21911292039265517]
[-0.3996309093443038, 0.009051263850846647]
[0.18601707138348844, 0.28452963815762256]
[-0.21277965873320692, 0.2483954604549051]
[0.07328472571534955, -0.01849480069867837]
[0.014646875746200605, 0.0862937277846465]
[0.31762869738754335, -0.11334874729760702]
[-0.058097740869640924, -0.19653288073523098]
[0.4089139045105121, 0.14950693060926812]
[-0.27087993790852116, -0.18229276555789042]
[0.19507294307585432, 0.2183390249096917]
[-0.2949146459251192, -0.11840050833991048]
[0.06298022903939071, -0.0158823123776472]
[-0.3159048449957662, -0.18594223901896073]
[0.29152678601635934, -0.09289125337258708]
[-0.48322265529081876, -0.13674343443611628]
[0.374197209715932, 0.13915242568280434]
[-0.4996742172311551, 0.14316074888919644]
[0.0824438651349855, 0.2297737981659413]
[-0.22673494990746962, 0.2404233960476479]
[-0.047212154603480605, -0.022436399060829337]
[-0.0843997327841779, -0.03298135277525871]
[0.13618801301796746, -0.1654170583893898]
[-0.3304627256532586, -0.10729871834581135]
[0.2633646509872298, -0.10677732457978238]
[-0.39087243008956074, 0.1374419936832887]
[0.23037166072215232, -0.1095627047774722]
[-0.10057741508758242, 0.16151849805343926]
[0.3354318795105503, -0.16035854074123856]
[-0.036431804250347234, -0.09681370214692103]
[0.5265672467774903, -0.03282637507909463]
[-0.2825422390505179, -0.17754384274620114]
[0.3893194591900043, 0.2479859913342929]
[-0.3910172140008284, 0.05613158118837577]
[0.08884265112883505, 0.1962981109983092]
[-0.14550275003106705, 0.18703117324772917]
[0.12940653968123655, -0.07765642645875033]
[0.02214237608412073, -0.0013646083992094327]
[0.3677554928268503, -0.04037482590603573]
[-0.140385902720365, -0.16991189260927042]
[0.3145684392845388, 0.18130137741657748]
[-0.23659686020799536, -0.10010070422462841]
[0.0770899065402153, 0.15148758876497126]
[-0.18711989676157326, -0.06903200336474374]
[0.11748239605757937, -0.0909375123653432]
[-0.2791925157882401, -0.1627493977380352]
[0.3191744579546203, -0.03627002722099036]
[-0.4575922912327292, -0.054705721094468696]
[0.24959885711350738, 0.21154105470353066]
[-0.36913331703764, 0.18529146879909286]
[0.006964904039656661, 0.15359319525639661]
[-0.12204736014483908, 0.15176845537600936]
[-0.009917538829566364, -0.07661486656570549]
[-0.15209408879113362, -0.058239751447599186]
[0.15814224094127627, -0.1393918708881704]
[-0.29907432178575327, -0.03364167527481121]
[0.19600267766346835, -0.06623873884823778]
[-0.2406132223254858, 0.1392612023189541]
[0.17608906886578046, -0.12686618128231125]
[-0.08163708260875818, 0.09074482925969563]
[0.3317256285715734, -0.16705334229428448]
[-0.10780670384619179, -0.09971882947737476]
[0.43903642240168794, 0.07538227781995277]
[-0.3059675215431128, -0.05809329864538326]
[0.2344074593573443, 0.22668453004611788]
[-0.26402269694425934, 0.16329385421000042]
[0.06301181484952312, 0.06524001651503786]
[-0.02625631967373694, 0.12809721371984517]
[0.20689987943584232, -0.0801438525301641]
[0.000855766751949788, -0.10004836040087106]
[0.3488952385795331, 0.03507606832583776]
[-0.1338189438627811, -0.1386177773906443]
[0.21374728982674007, 0.18129566529601726]
[-0.16905407519986237, -0.08726488301019564]
[0.05239480244821837, 0.04758996866141685]
[-0.1534149008292478, -0.1481636230167589]
[0.18056439543463176, -0.0910095728859891]
[-0.2990509753442572, -0.16830539570959613]
[0.3170772665748083, 0.04997414901522268]
[-0.41001377178052223, 0.015293591002075058]
[0.15787988685662147, 0.20646657010400526]
[-0.2469792450054722, 0.16400983450460693]
[-0.01783199027491944, 0.0949891708819981]
[-0.09117207318260223, 0.03993913387419745]
[0.04197242871422718, -0.10015730610339935]
[-0.18806986278594728, -0.08328131072316058]
[0.15063772625144856, -0.0903102227795477]
[-0.3063647953472822, 0.027244767423914573]
[0.13143805827131552, -0.07379743758253798]
[-0.16820611629636062, 0.14465408060039464]
[0.18534909294906673, -0.1700506775279973]
[-0.02449400330956686, 0.018481086361213928]
[0.36276172625920666, -0.10888985931491424]
[-0.17414463081618292, -0.12556536796105744]
[0.35464657008577233, 0.11745489034810874]
[-0.3044181006894826, 0.022065996901770246]
[0.1539408783313138, 0.18546174527237502]
[-0.15118003187242723, 0.16844333359865216]
[0.07358646263784545, 0.00788305814683421]
[0.007733800409099545, 0.04522003582221362]
[0.21453727969407865, -0.06294133104193245]
[-0.05633522974497174, -0.10563516048324839]
[0.2794676061425445, 0.10144037138826456]
[-0.15246018234329972, -0.09405215369771591]
[0.10728412662652345, 0.1418269390316691]
[-0.12554883708290188, -0.0656939205915893]
[0.06514608130874211, -0.027991436544151926]
[-0.16503551934777738, -0.16106821454050457]
[0.2385589449853857, -0.046214949749392886]
[-0.33141766091040603, -0.13912922666417502]
[0.2578979566185182, 0.13519218769760444]
[-0.35076102834298206, 0.07452429166401918]
[0.07080045592886389, 0.16720554583410702]
[-0.16490279341702507, 0.1308228932210143]
[-0.019802573145637936, 0.001052644544273229]
[-0.09454267598488114, -0.019461289488189648]
[0.09037512699533387, -0.08347122449941702]
[-0.2299797203219307, -0.06466295888874364]
[0.12817894596955529, -0.047890955817557646]
[-0.2597541801091744, 0.08615578857573356]
[0.08618005225811698, -0.08964369643056327]
[-0.09771465615668645, 0.11761503937821167]
[0.2034850366393343, -0.15957619316471278]
[-0.05786028893808104, -0.05555812496104205]
[0.3506534875749868, -0.046724675777188376]
[-0.2234363312482214, -0.08089870250179938]
[0.2746840876453084, 0.13677825566301569]
[-0.26037958945246376, 0.08654641017976411]
[0.07910404213741887, 0.09765865303015908]
[-0.08027415621183165, 0.14758958974107098]
[0.1125428310758329, -0.07479363596313438]
[0.016206811853067382, 0.012544271169006799]
[0.276032266634741, -0.03756270238740157]
[-0.0672560297262277, -0.08817402592220908]
[0.20633485508381996, 0.129683129688198]
[-0.11316246810794198, -0.05279062853345602]
[0.059572596397766076, 0.08531319856404425]
[-0.08017869659885105, -0.09152536989502448]
[0.1162069464884895, -0.05692058777066592]
[-0.18076734966940003, -0.16933054871872166]
[0.25014635276555863, 0.003275833423304078]
[-0.3251814324338695, -0.06911499929968393]
[0.1980176940705105, 0.15943762206634746]
[-0.25486371574162026, 0.09595288559957679]
[0.028221141595733357, 0.13141721529015216]
[-0.10195153358117315, 0.07714158221257633]
[0.014943674548494212, -0.028631111953846145]
[-0.12576913166958598, -0.06167682841891459]
[0.09351572209762987, -0.05192435985912365]
[-0.2528940036937119, -0.02377242412854813]
[0.08143929714842324, -0.02088296889532766]
[-0.19949548280926138, 0.12304744691323127]
[0.0823319635124532, -0.11634019786067296]
[-0.04243708932169693, 0.06246376573180917]
[0.22481292801812947, -0.15160391666020237]
[-0.09735854974955321, -0.09983552365363374]
[0.32932692838861377, 0.01345654713699665]
[-0.25024377149736265, -0.05101430131668072]
[0.19627419294298343, 0.14361591353336295]
[-0.21186847366457168, 0.12273079763476574]
[0.06663080121995701, 0.03293842185115142]
[-0.04665557892245928, 0.11266398186612747]
[0.16073050678639966, -0.07066716667232628]
[-0.010267297347955201, -0.022885734655292977]
[0.25191075599464674, 0.03973407699662662]
[-0.0830697782973201, -0.04904268438927961]
[0.14871575489936595, 0.12449421208408679]
[-0.07305756027048635, -0.04259948927199386]
[0.04789133668319778, 0.02762296164466438]
[-0.07634392827925651, -0.12573857078286121]
[0.15264954724271274, -0.056984386281201616]
[-0.2052894348544078, -0.1534227564782238]
[0.24680050641834028, 0.04953261823175792]
[-0.28677821684715993, -0.012563268260810223]
[0.12466881207140756, 0.1610703203236521]
[-0.17970555432260585, 0.09778550926759422]
[-0.0029655254223872607, 0.072503136459236]
[-0.06521746296094019, 0.009623157643905977]
[0.03771113579536001, -0.029125647587388448]
[-0.16081382605711975, -0.071545018471185]
[0.08090079920506943, -0.019644784761529088]
[-0.24525362902543824, 0.03453054079311246]
[0.04244187418529932, -0.04551791023330454]
[-0.12069473038793238, 0.11257577838845445]
[0.10270890204010297, -0.13482775446175088]
[-0.039641288949866016, -0.003113818250313427]
[0.2563395398824277, -0.1079179392999039]
[-0.15449385735533094, -0.08628158499031813]
[0.2588752211337122, 0.06448101760395086]
[-0.2450310440347398, 0.023934894061553913]
[0.10195755637053777, 0.10206748908271113]
[-0.1357374138901677, 0.13216232743662643]
[0.06656322621273916, -0.03610880684816864]
[-0.014146444201462827, 0.06702863244418883]
[0.19650369097468737, -0.057592655129167225]
[-0.04302107738662542, -0.03647755783696183]
[0.21718908354953387, 0.07477783368728208]
[-0.07569826187802986, -0.03522254151996318]
[0.0907513867272656, 0.10403709659094307]
[-0.04597223949550866, -0.050947417809775686]
[0.07176230346707496, -0.029433852438569774]
[-0.09079721451024081, -0.14335614070414832]
[0.20041101406098544, -0.04372073635159479]
[-0.2305790661197331, -0.12568239913575258]
[0.21778553167579462, 0.10328338720744001]
[-0.24885393788291088, 0.031525535592840104]
[0.07454491680227471, 0.1361356607639489]
[-0.10932487587274631, 0.07279067652615642]
[0.01020110717079653, 0.03543108286053054]
[-0.08745423718129575, -0.052080562917698275]
[0.05811538234470029, -0.01542429744356083]
[-0.20249580316879695, -0.05836980537692324]
[0.05972501495109234, -0.002976951423189711]
[-0.2009321768584571, 0.07806077934892455]
[0.03511838160962602, -0.06868246909355846]
[-0.07003271226706592, 0.08446071167878579]
[0.13256711407946753, -0.15033470633966775]
[-0.04556337164569452, -0.046767452319047914]
[0.2657641234672317, -0.05360247927351433]
[-0.17823537526471417, -0.0706363251650982]
[0.19802191977903738, 0.09119920089876621]
[-0.21759045861915338, 0.06756111714652095]
[0.05691206783008987, 0.0507850512835161]
[-0.08832047387853875, 0.12059970688404448]
[0.10159656487556479, -0.0634459069951265]
[-0.01901682823072315, 0.01796998649942885]
[0.21275494132463182, -0.017096780564986064]
[-0.07112530034797349, -0.02769293523430591]
[0.16534591336930238, 0.0998523600663901]
[-0.07243341074137297, -0.006668645480064284]
[0.05167248629458812, 0.052671528828569195]
[-0.02751451074117861, -0.06486115538071693]
[0.10417516766831347, -0.05570889090050754]
[-0.1116419415413425, -0.1448225695372537]
[0.215328368768404, 0.00015191955492860343]
[-0.23894361186011057, -0.07195554253786586]
[0.1608372785477684, 0.12720406971497758]
[-0.193133935778068, 0.0619822659793018]
[0.03853489309609402, 0.11210829584805342]
[-0.0793729815250933, 0.032828249114681976]
[0.024369431070544303, 0.011631750613938924]
[-0.11251719732457155, -0.0584917598529411]
[0.06835609091283315, 0.003347401288603908]
[-0.20381932589955368, -0.01602662913711443]
[0.036250091989628364, 0.0059125077648952765]
[-0.15056763270642956, 0.08090897757757791]
[0.0341367954282768, -0.0948634742109034]
[-0.0415103464547239, 0.0387786998889352]
[0.16742379151596853, -0.13086727140740495]
[-0.09011845778335295, -0.07574501302396405]
[0.23339651111259407, 0.000831523847642185]
[-0.2058625554217639, -0.02456998450654907]
[0.12998725236779274, 0.085877706852107]
[-0.1648849980496304, 0.10479766234463053]
[0.05247151491554597, -0.0039086089893300355]
[-0.044203255663196994, 0.08999423783977736]
[0.13440048260842447, -0.06823715029410563]
[-0.03194007463422552, 0.004637941389629807]
[0.2077112884880814, 0.023050303215824255]
[-0.0625453368434575, -0.005982712356704056]
[0.11492273306208073, 0.09045876741578542]
[-0.0286317188606455, -0.0070485756966785496]
[0.04493352299712661, 0.00032441576120331717]
[-0.028201992665532888, -0.09781760586343297]
[0.1405919031694396, -0.06119706110442327]
[-0.14336056014677065, -0.1371416783444171]
[0.21045748292116156, 0.04185915486043068]
[-0.21733522194735538, -0.022971688109586663]
[0.11863132175527136, 0.12739629726478696]
[-0.13162382380402315, 0.05505726486183227]
[0.0232884583941122, 0.07358042810147408]
[-0.0633924439770628, -0.015133780270313646]
[0.0497864474614676, 0.012350231560056824]
[-0.14067129589909008, -0.06799244766532697]
[0.05503562943772178, 0.023937945195659838]
[-0.19547536476068034, 0.02292690330626801]
[0.0004144072353053363, -0.01651603717307981]
[-0.10034239132752563, 0.08473374570999975]
[0.05434921644511864, -0.11766265523007557]
[-0.03381021214345904, -0.01354698488478745]
[0.18785996426792, -0.09539659958378799]
[-0.13471834270892175, -0.07564585509293886]
[0.20014597101306725, 0.036636676169418514]
[-0.20626408840271088, 0.018878970053273658]
[0.08647753126051005, 0.06812237855021308]
[-0.12007503155167557, 0.10233473202432392]
[0.06656011866665479, -0.031248894043742037]
[-0.035909506104422645, 0.05554186949273421]
[0.16798019485459853, -0.04839812077230321]
[-0.050665507532744736, -0.0034018178290902146]
[0.169313473079952, 0.05987583200665314]
[-0.057498763312380186, 0.011019251650965955]
[0.06630132070376465, 0.06370910039872246]
[-0.007066558989187621, -0.020901856883583148]
[0.06747139184876347, -0.04098132288973]
[-0.046409665887700846, -0.11883970027256219]
[0.17122729479975474, -0.03315217016671046]
[-0.17546737748600916, -0.10794236197572943]
[0.17828128860725792, 0.08227773327442245]
[-0.18587693382728632, 0.014551788101277996]
[0.0760287968841964, 0.11227822108264329]
[-0.08607872979031045, 0.039043125963364955]
[0.03519650699290962, 0.0380154373725039]
[-0.07395233375218635, -0.0529558757030571]
[0.060619286959292355, 0.019532283980596143]
[-0.1658083336952329, -0.05161351439343115]
[0.03139063806177192, 0.03142987595746882]
[-0.1654833154387827, 0.056879656312559534]
[-0.0033054714073671027, -0.04953259859713316]
[-0.056318743268712446, 0.059881018855103996]
[0.08204352416526449, -0.12217554736676617]
[-0.05357438005766285, -0.04961219752022192]
[0.19155123795684215, -0.04892140860854788]
[-0.16238529767744492, -0.055677610017831]
[0.14594309853274767, 0.06406964467876075]
[-0.18486704031243145, 0.058861664008876324]
[0.044964952386787216, 0.0251746542934691]
[-0.08704714330597679, 0.09741499138287488]
[0.08889660847099112, -0.06574393764884989]
[-0.034389478473397406, 0.03407678102246563]
[0.17961456842125173, -0.014955098740230155]
[-0.0620754138859943, 0.01395570303837318]
[0.13105087102100793, 0.06806126051232159]
[-0.033861615861296546, 0.025039371631172237]
[0.044910642602948414, 0.024939987363240407]
[0.003770409091741256, -0.04782459230554949]
[0.09548532490786363, -0.054416946367101454]
[-0.07639355594106106, -0.1229738584551724]
[0.1868145029451523, -0.005777505196573607]
[-0.1765088835216548, -0.06278920157577167]
[0.14856536525154881, 0.09839989069148725]
[-0.14195737064156844, 0.031565944681837474]
[0.05491312429156228, 0.08696711269929934]
[-0.05518823432139863, 0.002318524100049152]
[0.051294930546946, 0.02921330412102678]
[-0.09851704045234366, -0.07048893387851084]
[0.06277277632427267, 0.03866232139267715]
[-0.18129524167008362, -0.018780071101721172]
[0.0037987718830323827, 0.02789539046524675]
[-0.12219911892115637, 0.07219306011157972]
[0.002543462336249495, -0.07063122612185398]
[-0.02937602296106666, 0.02187855363178342]
[0.11865871151519652, -0.11252540704852497]
[-0.07778043287059094, -0.07237102001626301]
[0.18228908298647578, -0.006969632061658553]
[-0.17679938657218536, -0.03182472417215248]
[0.09921095715756773, 0.060448608409208376]
[-0.14934408916911335, 0.07156836835798291]
[0.04293791089279905, -0.017198984309832188]
[-0.06258772991425435, 0.07398332945888451]
[0.12076215617649202, -0.06339136834201141]
[-0.05349247956821833, 0.02186671852479935]
[0.16591274157184308, 0.018250646013913588]
[-0.05721782988534106, 0.030194952098454866]
[0.08828879790054278, 0.06933822669570079]
[-0.008770080921042256, 0.019981046012711584]
[0.0414188400127849, -0.00995627467377385]
[-0.0053918523494166926, -0.0706288106941989]
[0.1246397567064571, -0.0552432027860447]
[-0.10447111013634205, -0.11028886805989799]
[0.18329507915150056, 0.032830172612456444]
[-0.1657897670852637, -0.023355496638877926]
[0.10997604046907072, 0.09709815836244713]
[-0.09627868990186148, 0.039109349688387696]
[0.048577258222003594, 0.05943941412580374]
[-0.05120034580121498, -0.030964886700879157]
[0.060396052814629564, 0.03409648855612439]
[-0.1263895356607399, -0.0673487524422629]
[0.038746511792109806, 0.052151857407916336]
[-0.16420226707523033, 0.020932254012809903]
[-0.014953182251013553, 0.004655782541911735]
[-0.07909625505539628, 0.05914429159777701]
[0.02613975267666846, -0.08958742370549436]
[-0.03304117956000838, -0.024009589721808555]
[0.1433239861746768, -0.07417266437483164]
[-0.11623819490103171, -0.07141071951431466]
[0.14841542537577435, 0.029914743452994774]
[-0.17682906484084607, 0.009008054017737965]
[0.05488121151241815, 0.0384139576220246]
[-0.11515924268174708, 0.07984994839685072]
[0.05566928594479931, -0.0480882540191499]
[-0.05157705806008837, 0.048225323757023764]
[0.14068663173126678, -0.04647391938122625]
[-0.0628540142932476, 0.023419385801714543]
[0.1388538315018189, 0.043954490158879145]
[-0.04700427640063071, 0.04065247221006785]
[0.05143634015771065, 0.04285846726497572]
[0.011987342599086126, 0.0004117644402502063]
[0.05916959043006492, -0.04547885510686395]
[-0.01953240419263788, -0.09163796903897747]
[0.15370908947849649, -0.041048029195482505]
[-0.12702464715138959, -0.0866050559880357]
[0.16082626532904082, 0.05484114837693105]
[-0.13590229093838685, 0.011475311893732298]
[0.08782191462811229, 0.08250275791130934]
[-0.05483498346510646, 0.016854246716175803]
[0.055806070292844734, 0.042019481511945234]
[-0.06417448789985258, -0.05883432836407465]
[0.06371973784123869, 0.04442164374436042]
[-0.1484933866217526, -0.04593870589195964]
[0.019392535728724847, 0.05523032673097811]
[-0.13754915026918524, 0.04247057839275581]
[-0.021941278836306408, -0.023441109823254203]
[-0.04775630977211992, 0.04134123075041368]
[0.058576792462624316, -0.10004455685171837]
[-0.04704553145578433, -0.0525189105919614]
[0.15054261071489813, -0.03803664598469586]
[-0.1410826996563901, -0.05654369879090643]
[0.10905681231901532, 0.04790936691657888]
[-0.15882321082309364, 0.03846235508423529]
[0.034115300436384874, 0.006449215160327537]
[-0.08435674939632959, 0.06787257641710695]
[0.07695026298312822, -0.05890202462953742]
[-0.059537603772071235, 0.02760376429623393]
[0.14959731936043535, -0.0116149697432405]
[-0.07300932574816099, 0.03162454889371327]
[0.10246347558270388, 0.057215708442576785]
[-0.028526237688997036, 0.04853187777219675]
[0.03480432367425956, 0.010272591402738285]
[0.0160347638819493, -0.023403187163227618]
[0.08738998309162714, -0.058871387353374854]
[-0.048775848955293244, -0.0985133575451458]
[0.1653073379776998, -0.011080199959860093]
[-0.13595575499019763, -0.050511612962844246]
[0.13359138106903656, 0.06913806231157194]
[-0.10337068660927673, 0.023315717870831053]
[0.06517124815097733, 0.06475669524012398]
[-0.04165309178412652, -0.008489982059867701]
[0.06813853670059161, 0.03430057912033416]
[-0.08419139654623492, -0.06546981446763091]
[0.06306113619383667, 0.05782504455373422]
[-0.1481515565446646, -0.017212547842007705]
[-0.005000008442390708, 0.046583711288288976]
[-0.10035129394221695, 0.053690156467933306]
[-0.008672973382452931, -0.05114959898508678]
[-0.025301184185346298, 0.007005768402033279]
[0.09033281511947248, -0.0846963198068652]
[-0.07498957472760828, -0.06798874352820516]
[0.13524793959077608, -0.0023327648573296667]
[-0.15641119459557712, -0.027616957069386848]
[0.06588197986631458, 0.04262675533594329]
[-0.1312141827329431, 0.05347671927976503]
[0.03118728896237076, -0.02280714996306522]
[-0.07217973747414193, 0.052167281170079786]
[0.10121263012232573, -0.058852473633474886]
[-0.06884835902571668, 0.026338345925075314]
[0.136028366795849, 0.016455610110615432]
[-0.06196574607900736, 0.04870972512023241]
[0.0669441801104247, 0.050466486767633545]
[-0.00023759160283465253, 0.03968308898204872]
[0.03533803938731242, -0.02448585559927907]
[0.011288101155376415, -0.047566539446899425]
[0.11105746287935911, -0.05795273119729371]
[-0.07745426549250406, -0.08789040494413994]
[0.15728389326892894, 0.01473282353522535]
[-0.12453985147908576, -0.015803688851160208]
[0.10675860472900023, 0.06880827124669645]
[-0.067969233250623, 0.024181043724950613]
[0.06748261658280233, 0.044228384908631825]
[-0.039566832498090926, -0.039477008276914874]
[0.078494561481008, 0.044217102943471115]
[-0.10877993160082189, -0.06447252196392605]
[0.045182577564637505, 0.07306609224920188]
[-0.1390877063158309, 0.013576881167890131]
[-0.019767377366558397, 0.021758109646735843]
[-0.061074974271466825, 0.047296973948165316]
[0.011389139281457739, -0.06884310125975021]
[-0.026128044065647782, -0.02960174960630363]
[0.10820454474648239, -0.06238684513958492]
[-0.1000832702758521, -0.06779188045528647]
[0.11471052677643201, 0.022137572852560558]
[-0.15140831931408452, -0.001281427030655924]
[0.03999629269633054, 0.026315379250723997]
[-0.1081626146849737, 0.05018406246496121]
[0.04515517190701751, -0.0455792666481713]
[-0.06787486251932076, 0.03262917247400049]
[0.12264169785175932, -0.034983230736725546]
[-0.07945900021686997, 0.03029489090087001]
[0.11161416839905658, 0.03758886952529117]
[-0.04779505855615094, 0.05912121797774661]
[0.03827971691842691, 0.02652285569326504]
[0.01735040438435609, 0.017381002975159376]
[0.05272699089376792, -0.04785089741056134]
[-0.01018727005106939, -0.0698406096876002]
[0.13097075735735936, -0.04161237599920464]
[-0.10059489863526205, -0.06276383425999127]
[0.13832091693573728, 0.03634493402221156]
[-0.10407551355730851, 0.011109755283990441]
[0.0835581449275592, 0.0567875767736416]
[-0.03718877568521872, 0.008867695224657579]
[0.0740305678444313, 0.0344356106041398]
[-0.05209035016523035, -0.057371599276247465]
[0.07794973148874113, 0.0563604419643709]
[-0.12737977253291013, -0.04298113251893959]
[0.017969752943551437, 0.07023074240511135]
[-0.11268154957911844, 0.037000500967419137]
[-0.023516315592442688, -0.005573586678545739]
[-0.034495829849034015, 0.027168385143244322]
[0.04244908173997028, -0.07599957328036783]
[-0.042410406394148364, -0.05308526008646308]
[0.11735728702901882, -0.02548644683842488]
[-0.12416650445446409, -0.055678755792697876]
[0.07846449774102826, 0.04128726793695403]
[-0.13930738827198816, 0.019854196666520052]
[0.020364201897019457, -0.0013732799322648814]
[-0.08784861950117229, 0.04607629133157504]
[0.06749471447843801, -0.05657830672277442]
[-0.0755500140773313, 0.02208355339316087]
[0.12316204401817064, -0.010506604393619168]
[-0.07943655058335725, 0.04482475423855181]
[0.08028339892588329, 0.043895589148393255]
[-0.024614146997709585, 0.062171472939409944]
[0.025990852251993685, -0.0019230923821983992]
[0.019447213202709646, -0.007030585436891695]
[0.07235753193315497, -0.059814159114044696]
[-0.03594663733357234, -0.0730883267947971]
[0.14134478566968406, -0.020064615143063957]
[-0.10335852099005227, -0.035272795036699583]
[0.1188493707151567, 0.043677551892563504]
[-0.07196671940201871, 0.022487680150918482]
[0.07787444096914678, 0.03939602063970998]
[-0.022772543559417713, -0.018311525873613815]
[0.08736010076165837, 0.0326552392182361]
[-0.07125697402739778, -0.0685699760184968]
[0.06910186182218075, 0.06998783315708651]
[-0.1305528419263433, -0.014105186408535877]
[-0.003807747148507637, 0.05674642778789765]
[-0.0814210947132053, 0.046100532212681615]
[-0.015517520125236273, -0.03205712126633925]
[-0.01864661610334195, 0.00048285215472181064]
[0.07051902746241037, -0.0645632048508342]
[-0.06190134292717153, -0.06496768997603505]
[0.1076728552380304, 0.005044128359817851]
[-0.13153025632823834, -0.03333550640807281]
[0.04645693767658874, 0.03671548918822701]
[-0.11742532137409975, 0.029271619145067394]
[0.024797391934180027, -0.02679375282272764]
[-0.07759406545779549, 0.028709638109291936]
[0.08888151720744872, -0.05093529359752121]
[-0.0859449167826421, 0.023985299749580268]
[0.11414839559040547, 0.014459745307740413]
[-0.07169632130394096, 0.05821759988791767]
[0.049658982836705556, 0.039684700679774906]
[-0.0037990956074780147, 0.05030835095720451]
[0.02582239480886196, -0.027669665120626415]
[0.010795257413903206, -0.030525934131236564]
[0.0953746680104794, -0.05690516470484123]
[-0.06265059351366717, -0.06691370033586402]
[0.13396755947476516, 0.005113371256133578]
[-0.09843499652355987, -0.006666758190822297]
[0.09952628793474226, 0.042429792986432645]
[-0.04322809374240226, 0.018065445101873162]
[0.08040598247544367, 0.028067786633492405]
[-0.02847210600239458, -0.041574841570583]
[0.09053154833425253, 0.04469021887932992]
[-0.09584093374779316, -0.05609480019008288]
[0.049597653292766206, 0.07744207004990722]
[-0.11395278115798897, 0.01314224055822967]
[-0.017109117427321352, 0.03370325279883525]
[-0.04791066328968352, 0.03644217847410454]
[0.008366062716094802, -0.04991022353022262]
[-0.02107436833338469, -0.03219792227877756]
[0.08923449808496858, -0.040001814870392394]
[-0.0864632607317975, -0.06561060945698073]
[0.08583314191339278, 0.028489965410534314]
[-0.12984752489409387, -0.010222972294165078]
[0.02228045339144541, 0.017366116702017424]
[-0.09641582217106194, 0.03002362714750763]
[0.03639666101804806, -0.04480201669633079]
[-0.07832745737254335, 0.01770147404994757]
[0.10376827081702453, -0.031325099611893156]
[-0.09118201844910005, 0.03298323731510272]
[0.08868115076273092, 0.0332947923185271]
[-0.05413723029021991, 0.06950223095900698]
[0.023658138241199805, 0.018333062141462297]
[0.011554658792660141, 0.03131303026318319]
[0.03988167060340875, -0.04961158826257608]
[-0.006726900537234792, -0.04809303534506393]
[0.11060042562263017, -0.04408605051622872]
[-0.08154553971170916, -0.04382696003836306]
[0.11950961688280098, 0.014581200033807792]
[-0.07627273675960888, 0.015374044108667162]
[0.08516738649835731, 0.031033909014659466]
[-0.021408311209965787, 0.00234640262986735]
[0.08892743239692624, 0.022504764030672225]
[-0.04222524209396508, -0.0563401058746294]
[0.0890193343987416, 0.05796298974682085]
[-0.10784547502485782, -0.03792899843993064]
[0.02391544289998221, 0.07877708952269152]
[-0.09384902033333245, 0.030126845141619563]
[-0.020722935551743815, 0.007174140112756938]
[-0.02359336874948497, 0.018943619618081498]
[0.037321350354125205, -0.05485469874965748]
[-0.03372783875014726, -0.052939382905262566]
[0.09607864620614645, -0.01291900461598039]
[-0.10442503976514343, -0.053739377777886455]
[0.05856094284614263, 0.03642716495305348]
[-0.11486054018693459, 0.0062355483690004765]
[0.015706617373189014, -0.005003323063857479]
[-0.08256406770408724, 0.019091010441174616]
[0.058777797782430696, -0.050855457860427555]
[-0.08752385348652844, 0.008799307152815461]
[0.10430065562658025, -0.004638935303439395]
[-0.09175820362784412, 0.0454511549409613]
[0.06119445417924313, 0.03965154226004697]
[-0.03145682311612771, 0.0682401423268919]
[0.01580289944475355, -0.0077371074574891785]
[0.015360272251991186, 0.00626611372471475]
[0.06118781740924141, -0.057812830834522044]
[-0.03176625910882641, -0.05386231494121585]
[0.11716958791479813, -0.024478519672882504]
[-0.08475284884380735, -0.01826318184766429]
[0.10225694168561786, 0.023066507923256208]
[-0.053167189495144374, 0.024420571531124147]
[0.07859014925599603, 0.01669380821713501]
[-0.01473979373834744, -0.017941610516219703]
[0.09629780519744416, 0.024852714248127905]
[-0.061784163750641885, -0.059840734879182095]
[0.07735337163229802, 0.07297615745458158]
[-0.11070790781873274, -0.011514317478044822]
[0.002389446258176957, 0.06227414798938574]
[-0.06344760576975345, 0.038484890541788414]
[-0.009083322695367345, -0.016979207216037184]
[-0.011389149860575543, -0.008128240307123585]
[0.06121048875528364, -0.0435058052651649]
[-0.05235843290030978, -0.061851455211885176]
[0.0869769984356373, 0.013324526084648125]
[-0.10971571371525962, -0.033355020052133685]
[0.032080552181451436, 0.03282359385550554]
[-0.10005824766142843, 0.010242720839835379]
[0.015502585996213, -0.025319521034952802]
[-0.08007934203656414, 0.00935892128440824]
[0.07761923165317786, -0.041835139393291504]
[-0.09739335222700099, 0.016069909420875265]
[0.09340066749414294, 0.017380382526736488]
[-0.08073996057615904, 0.06018533705112493]
[0.0339894539696298, 0.0325985416678998]
[-0.010161320982737115, 0.05649767149772142]
[0.01919578729355527, -0.029961922398834218]
[0.0076617088470177785, -0.017043590347191415]
[0.07842968852399788, -0.05520349561707952]
[-0.05450214856283522, -0.044674930826333406]
[0.11037909220642181, -0.008463052857065945]
[-0.077231614514608, 0.004589853257413021]
[0.08595996453762339, 0.016372660133130823]
[-0.026302511730145084, 0.018542888748155198]
[0.08645584621358912, 0.006919021027157357]
[-0.01903787362934216, -0.03935187912036541]
[0.10303654809019731, 0.03772065436655412]
[-0.08313278298847095, -0.052402196228359434]
[0.056782317535757604, 0.08052754765479009]
[-0.09818590069153432, 0.013007901151010168]
[-0.008952338589616353, 0.04175309816767357]
[-0.03567895689231204, 0.031045758262831513]
[0.009251521914324016, -0.03390959075856465]
[-0.014104824459465724, -0.030075788371281918]
[0.0766763950349413, -0.02642950262591533]
[-0.06914478040964608, -0.05981689592468647]
[0.06890852163992656, 0.03051533228151642]
[-0.10355736453902595, -0.018895146442246918]
[0.013519763323370147, 0.015359841427665022]
[-0.08476134977501294, 0.008069198045518405]
[0.03290757441649528, -0.040559011708341475]
[-0.08359256079061497, -0.0019406520935990879]
[0.08939962725332874, -0.021625214132925452]
[-0.10105782228302373, 0.027048880822247788]
[0.07172301742134603, 0.032748311813176]
[-0.06004247380293788, 0.06987509723354725]
[0.016041019065652362, 0.013509555974455112]
[0.004201361912510318, 0.03483632429278999]
[0.031136880008269224, -0.04496908086392496]
[-0.012833104755006972, -0.03389867510521405]
[0.0905425188519019, -0.04179843080946863]
[-0.07223434316145748, -0.02670815772036239]
[0.09677914970630727, 0.0025402313940349995]
[-0.061870512065504854, 0.02302384702845467]
[0.07807752759064421, 0.00782001438384905]
[-0.012228948295697775, 0.0021286432490170704]
[0.0962026085932482, 0.007631135911106257]
[-0.035229532872800284, -0.05270846122900938]
[0.09721805310314235, 0.0547810346362671]
[-0.0956830097469264, -0.030249977737717676]
[0.031979224421828156, 0.07635144211208954]
[-0.07620983713342612, 0.02956545498432689]
[-0.012253235244361227, 0.01432031166377079]
[-0.0147374798934281, 0.014215367079562113]
[0.036633767433689374, -0.03867522392330837]
[-0.025455239668459834, -0.048581124471717585]
[0.08195973213992003, 6.168223105032511e-05]
[-0.08481817906226677, -0.04979381264944266]
[0.0431062067984517, 0.03910520519056082]
[-0.09500630042264813, -0.0065075214339543885]
[0.008696835060079317, -0.005084981201366162]
[-0.07497104169891759, -0.0013793069892922283]
[0.05185244694245933, -0.04219383607890562]
[-0.09317987870756908, -0.003005159347206965]
[0.08928632783723503, -0.0003351582749333837]
[-0.09732455698238607, 0.042122482204635714]
[0.04730451506602429, 0.036098414150318225]
[-0.036974933360515695, 0.06765916978812608]
[0.007036433800714087, -0.008202266094776728]
[0.006127538689408019, 0.013914383215058668]
[0.04587318013214653, -0.05443306587836458]
[-0.03299108422825936, -0.035482067041296694]
[0.09221749233298357, -0.026986021233040364]
[-0.07412361327003869, -0.0030729433187668964]
[0.08275104233305886, 0.003409356315602796]
[-0.03705424508582214, 0.02869974841046019]
[0.07830619549360635, -0.00475341285782549]
[-0.005549294066083732, -0.0177220676404376]
[0.10513099742221627, 0.014931033580109665]
[-0.05503558141753298, -0.05481721799558009]
[0.08453554703845827, 0.06813105994187296]
[-0.0949538556952631, -0.007082869050608842]
[0.011540829139087674, 0.06260977393841]
[-0.051739891260356, 0.034738049813007765]
[-0.0025828934073214432, -0.009393732341118954]
[-0.006802995069814077, -0.007282153466153796]
[0.05791372825056014, -0.02904597676826287]
[-0.041225525904961896, -0.05501538890786134]
[0.07396531023626361, 0.02228785872630451]
[-0.08799533660068645, -0.034857544436270566]
[0.02159642150552918, 0.031190806505765778]
[-0.08021330001497651, -0.005090021554285423]
[0.014066443742932658, -0.02254797134423131]
[-0.07578366693644698, -0.012374362364611896]
[0.0709220012012031, -0.03364399282962652]
[-0.10146429592915357, 0.003588957439330631]
[0.08015247213062326, 0.02081059831733284]
[-0.08573530187982045, 0.055380722751517106]
[0.023880987004886556, 0.030067214044708246]
[-0.01829738649498222, 0.055385406779349236]
[0.011715009000249799, -0.0277433539024822]
[-0.0005910912148757441, -0.008033744057429279]
[0.06339608721063567, -0.04850481151661257]
[-0.05378261355391439, -0.029444278605596716]
[0.0863269539150531, -0.014556240301256768]
[-0.06516065590876408, 0.015187644777273572]
[0.07241425047905586, -0.001718214659596623]
[-0.016915207021710205, 0.018738355679683343]
[0.08678144362713879, -0.009440646947769998]
[-0.01585456755982287, -0.035799549107838134]
[0.10633085968040905, 0.027610232530700024]
[-0.07330905823693382, -0.041500240861505416]
[0.06212437991927963, 0.07421288988931139]
[-0.08287796093127434, 0.015400900508687941]
[-0.0005134061352675967, 0.04078035535753077]
[-0.025996291065594396, 0.028575071937773675]
[0.01726153096002378, -0.022746629043056493]
[-0.009240050936671032, -0.028061620573185814]
[0.07083910539342031, -0.010474611268630307]
[-0.057448645582484525, -0.05380943292136475]
[0.055172995737305566, 0.036569908521290405]
[-0.08299734157285109, -0.021007431702535422]
[0.00886939142875158, 0.015276552931317272]
[-0.07012605841195725, -0.009330014740691133]
[0.029146759757134925, -0.035090713916420165]
[-0.08336414468026117, -0.018363520505094745]
[0.0789608558560214, -0.013990296670678326]
[-0.1064039316553581, 0.017793238476032085]
[0.0586989577548754, 0.03449999555978689]
[-0.06652013330689714, 0.0646736809964186]
[0.00716500282743426, 0.013762186583758053]
[-0.005960023128519563, 0.036642091943472364]
[0.021502349190599818, -0.03900850885391599]
[-0.01895940396347689, -0.022617900908378823]
[0.06962977670272802, -0.03775116798946146]
[-0.06558118356122222, -0.011225108219509242]
[0.07600609830264489, -0.008820488116536497]
[-0.048878870040097076, 0.028839672373929287]
[0.06863277776660151, -0.013313081257584592]
[-0.004950858033398245, 0.0036778857957308828]
[0.097623033873941, -0.009139183118020856]
[-0.029628445288705188, -0.045344101204371004]
[0.10347093491710033, 0.04491415858195358]
[-0.0836325553313713, -0.024014417051080275]
[0.03859539232141318, 0.07086367221592188]
[-0.0645892305156291, 0.029824825511593836]
[-0.0024692660487516394, 0.016713004193785876]
[-0.008822718000899399, 0.012456035645123487]
[0.039178597921599834, -0.025607464792615105]
[-0.018785168124581184, -0.0419111237410299]
[0.07319639917749798, 0.009438759818284029]
[-0.06599831538262266, -0.042058883344277403]
[0.035443668808651435, 0.03777098836180271]
[-0.07033460205517572, -0.015244915845051443]
[0.006368640458689567, -0.004250449980572432]
[-0.06386287818379059, -0.019428043448642823]
[0.049288576436898934, -0.03516939286747987]
[-0.09385884571501357, -0.017133544115590038]
[0.07823571808316473, 0.00659468133938132]
[-0.10177176788901605, 0.03340338086509784]
[0.035388041258559266, 0.036814892667483834]
[-0.04442288191781065, 0.061382720573241456]
[0.0026350215450070824, -0.006016761457030506]
[-0.00366195518685581, 0.013933359002666929]
[0.036647110076966305, -0.04429278295848302]
[-0.039174452704473825, -0.0250468724212749]
[0.07180737216498836, -0.024270766777408026]
[-0.06798218761076003, 0.0066619374469363835]
[0.06293466755714688, -0.00826593345431037]
[-0.029029782930530067, 0.0317693405401627]
[0.07154531089815952, -0.022270633231314868]
[-0.003261189148976232, -0.01353332406075386]
[0.1061867147112926, 0.0016476284437999256]
[-0.04987853581462724, -0.046096621361514545]
[0.0863987317776384, 0.0598366739476032]
[-0.08407418705406332, -0.0005073818857468382]
[0.020029220224833055, 0.05687915039170546]
[-0.04111113085906454, 0.034113793710294826]
[0.007712807810836164, -0.0037886937052120373]
[-0.00336787897148956, -0.005900290967889632]
[0.0583254513803525, -0.01718268609645926]
[-0.0323293704971237, -0.04634544887839481]
[0.06636103049152989, 0.028072780034364586]
[-0.06588784913027362, -0.0316356299019358]
[0.01674032962994905, 0.03145964908257037]
[-0.06137806568135501, -0.015895187573626207]
