[68.9065795593278, 319.9485427423404]
[-70.03527927670791, -32.854266907784826]
[-25.403581643935926, -21.972884473041827]
[3.680562307056263, -20.174942524123296]
[27.61818324958157, -0.050539358520108824]
[-12.079754058296801, -0.043128997648625544]
[0.45838996720440084, 0.5349258912175627]
[2.4159167796831706, 3.8828350726215834]
[-2.158639434348428, -3.629401681091749]
[-1.1980884231314408, 4.333746578739407]
[-2.0818348329739793, -3.54588783590966]
[1.6430989853428213, 0.955918068068202]
[0.012382710358827542, -0.2975192434192362]
[-1.3542407658478353, 0.9188536989523279]
[0.20843720921989906, 0.49086551463034933]
[1.4569122230310492, -0.7988083804865644]
[0.9366912962353524, -0.4910481371229489]
[0.6697396213292808, 0.07084473568878025]
[1.260560353060177, -0.05685860435262646]
[1.0093093958717316, -0.0289171320492001]
[0.2534515744838375, 0.023061438045827165]
[-0.43646410815906433, 1.088440904689087]
[-0.31265259249098454, 0.18869511115490867]
[0.34626002921854726, 0.1821099360626115]
[-0.6589375256976322, -0.47936953682611283]
[0.2615325983247719, 0.0844093931035752]
[-0.2418672081090995, 0.17617872555305158]
[0.4949974768670767, -0.3446947091891013]
[-0.14800929530310097, -0.06136156880898369]
[0.25440883135302833, 0.009516874676210652]
[0.1659708875382811, -0.023918849420418997]
[0.4648982513593409, -0.37381780791551633]
[0.11630591193295292, -0.6505516612635309]
[0.1831058633521076, -0.13620658621440285]
[-0.029093446652913357, -0.014058788082187856]
[-0.05777039969160719, 0.06572431720301064]
[-0.22480566228867122, -0.11355456510263462]
[-0.17503308686735752, 0.1737841776837985]
[-0.08474748734044696, 0.05649737609859673]
[-0.004832338972144301, -0.11367769603232492]
[0.08721385941657567, -0.3913138482247518]
[0.12963787442944857, -0.1590732717583354]
[0.008394883451114943, -0.101844853886772]
[0.23026144384642672, 0.08228812185819345]
[0.015479723110915111, -0.29249399623356864]
[0.1499606059367567, 0.07632883047280692]
[0.08989540916920352, -0.11258844137816659]
[0.01714878041022594, 0.012247112243937153]
[0.20588725391554585, -0.20354133091865356]
[-0.08158437781409378, -0.11271147370225187]
[0.020030051763646806, 0.07303233866267189]
[0.08140690923216787, 0.06446448929425763]
[0.03375200831491054, -0.023053449995232178]
[0.11532808196146271, -0.005311033730452497]
[0.08925785560374966, 0.008662737291337486]
[0.14406043908246857, 0.07454154900441878]
[0.150991727857, -0.11628264883416106]
[0.0656252473072858, -0.03752379149215712]
[-0.03960776910444652, -0.09018471315861509]
[0.19146988689708866, 0.0293024891422915]
[-0.0343067891451494, -0.10231723567073003]
[0.05935789443764472, -0.11256978245592242]
[0.053634527408979116, 0.029174658387815855]
[0.03976552549916501, -0.05734978228985543]
[0.1176284637256354, 0.049135678074975875]
[-0.042987873116348, -0.130995924883619]
[0.03809793239935022, -0.023816111805460727]
[0.13757579071366155, -0.0419986600993405]
[-0.0026157292529132015, -0.07644714243503437]
[0.043948227978963805, -0.03351942701201205]
[0.01663124325235199, -0.026661260093645778]
[0.047943859997101046, 0.053260420663642005]
[-0.003311866834338928, -0.01721763151336919]
[-0.05964166455627995, -0.04205382175442285]
[0.021596255321030378, -0.08082401141947693]
[0.058997559558955914, -0.10164260563998173]
[0.026214563761625898, -0.06656848203959997]
[0.0022177390081095094, -0.10803748918903422]
[0.08590335667897064, 0.01654160911702296]
[0.04290132527189505, -0.011662216033587747]
[0.042163722509295565, 0.011377735868015604]
[-0.032044859272869264, 0.00649622565789143]
[0.07239491375868701, -0.04481436931993499]
[0.014292022168565288, -0.011849605371542893]
[-0.0007430159661812041, -0.04284818229238163]
[-0.016529895412659257, -0.009761992379279771]
[0.00951984206996126, 0.029402098440545532]
[0.030949961042462282, 0.002662971850298068]
[-0.007110837371975265, 0.0042205289138737]
[0.01319384311660965, -0.02895042635368339]
[0.0897580374080873, -0.01874915647720421]
[0.0248109725009652, -0.062238829258361106]
[0.04454369210801856, -0.039397844196348175]
[0.01603700691296117, -0.04079861306655641]
[0.02641178201361638, 0.016403501444615887]
[0.013085894243547669, 0.006184646310142483]
[-0.011471703188667082, 0.0005831670494368391]
[-0.01609511713856504, 0.0001704353644155221]
[0.04380192221998647, 0.02812293974361124]
[-0.039551597950985395, -0.018629705511840067]
[0.007514002079527127, -0.0015643296110519067]
[0.005749334313948529, -0.042891783885245505]
[-0.00032554391802486204, 0.010788888493328708]
[0.035258572228044294, -0.010837985755980939]
[0.005111677185270169, -0.026714814526489383]
[0.03127444855107664, -0.01735825184167339]
[0.046783467577302784, 0.00376212425386091]
[-0.028301241488466578, 0.006185805970038261]
[0.020701713498604057, -0.013435260866957788]
[-0.022344336525268238, -0.03246386258724265]
[-0.0005238698568789113, 0.008134621331344016]
[-0.016822900597605384, -0.005982435611985859]
[0.004905175416930807, 0.010870590999986551]
[-0.0013485754635622627, -0.02600144260567705]
[0.02125569156855356, 0.03622766894448615]
[-0.0122072216486806, 0.022280803749448186]
[0.01073783126887784, 0.0007924272185302339]
[0.01181660865425671, -0.01423428509984248]
[-0.0038879412997395724, -0.02125355225671577]
[0.015167842266139875, 0.015359703044944828]
[-0.001200042736269058, -0.012780661054391795]
[0.0003708385580443174, -0.01837389368641107]
[0.004972053298321066, 0.015319421040447367]
[-0.01928491046761327, 0.01413113337090477]
[0.008972395446847359, 0.014548528470934685]
[-0.01601147993378349, -0.033488521763311296]
[0.013082891538133357, -0.002479315991868569]
[0.002506380903701255, -0.0034646023866785614]
[0.004437909908080462, 0.008492357279440643]
[0.003995558455737291, -0.008041719508196099]
[-0.005661773450756691, 0.005149178238124219]
[0.007582045254301173, 0.03790888415900112]
[-0.013137432669922178, -0.002119586895668546]
[-0.0069580991549516025, 0.000456967402315267]
[0.0022585609712936217, -0.019284197797791558]
[-0.0030998581235186506, -0.0021178533009711953]
[-0.004154966936247395, 0.0010625071381574203]
[-0.0043559109556424724, -0.023127096118180146]
[0.005730925797166386, 0.0014556956586163627]
[0.010047107526085286, 0.0021230747800076166]
[0.0037270193706745447, 0.00481501883647234]
[-0.0017829989954145642, -0.0030177646031532834]
[0.01906488736237233, -0.006145126283678692]
[-0.005191248145769767, 0.012028010212077]
[-0.010160980081555082, 0.0018454401493751549]
[-0.005496507111444338, 0.011256885355780899]
[-0.010331923495898288, -0.004785688989134673]
[0.0038954032920269777, 0.012342300279548746]
[-0.014694115459169321, -0.0030677433723442227]
[0.004235746495833914, -0.0031323583114594156]
[0.01318743042724313, -0.004449876019912202]
[0.002675020291292629, -0.007355909900148616]
[-0.0009987716542274594, -0.006309465439043482]
[0.013767329957748653, -0.0027461224236988713]
[0.007346713133181582, -0.011098885428856786]
[0.004805884147881412, 0.004690072200432577]
[-0.0037016956111641797, -0.005798077098674526]
[8.786111419467613e-05, 0.009252163954638654]
[0.005312404705082985, 0.005621674620733097]
[-0.014982217702854683, 0.00901764135881733]
[-0.009963155998186313, -0.001102779522581504]
[0.00959168643394237, 0.002373563821137764]
[-1.681650642026966e-05, -0.007687253537958849]
[0.007284704496986927, -0.0023678592921048403]
[-0.002161184315438769, -0.011938586134134205]
[0.023114003673547878, -0.0013810978389018624]
[0.005446112823145999, -0.005812241538255575]
[0.002791559665495602, 0.006898168614153016]
[0.001129791132898017, -0.012525109018563324]
[0.012895272867139429, 0.00033886017914001865]
[0.006137402342081044, -0.00853358428300341]
[-0.010630871458368274, -0.00041067603607308767]
[0.0006402115496051408, -0.0016450529373870787]
[0.006327331072127462, -0.006188145881868973]
[-0.0018122858321177882, 0.004654620987195393]
[-0.00022629101662341444, 0.004516882138734524]
[0.0008485871929477806, -0.004283181188153129]
[0.02199261664202612, -0.00349256846953222]
[0.004702858088958983, -0.011775033203379248]
[0.005052921018071532, 0.005416391506073391]
[0.0007380566009040912, -0.012635727581900964]
[0.013582667103328672, -0.003126192261798253]
[-0.002594271067042464, -0.011367068091875508]
[-0.0017829505383435418, 0.0022337317048673686]
[0.0050875758680272165, -0.004356608207749399]
[0.005572705615151885, -0.013971510930055116]
[0.009662277272156294, -0.0037704801129562282]
[-0.003896735078596003, -0.003749898793709114]
[0.005713961432152415, -0.0010874866001712585]
[0.01006213898846986, -0.005511704079948755]
[0.00043048861524019877, -0.008716047555926986]
[0.0074232732141769064, 0.007287268139038482]
[0.0013469541954069797, -0.003650071796835193]
[0.009422537403080744, -0.0004607324939001414]
[0.004623770752652079, -0.00961991903700457]
[0.0004710330473445268, 0.002669273030951866]
[0.003174428258931772, -0.006729477002417286]
[0.005069530102366326, -0.008665971084837576]
[0.006703206133315653, -0.011425838423210835]
[0.004786639369750878, -0.010299622979673032]
[0.007314995017765669, 0.0011129157128262762]
[0.006583400451867449, -0.009525630642121197]
[0.011328973981595825, -0.002598832140856655]
[0.003276741687441853, 0.00011204541673533186]
[0.004620510690349966, -0.001523848324953489]
[0.003987670924214259, 0.003303566725299467]
[0.0038582402701319296, -0.007957594810839158]
[0.0005586372362974545, -0.0028116870505044134]
[-0.002541142405787733, 0.00019921257159472017]
[0.0032187490733731616, -0.0036909106385076274]
[0.006227149531468634, -0.0037363608390748315]
[0.004067333385329497, -0.009694949423726201]
[0.007113880255876559, -0.0037444860891125697]
[0.008630255393579533, -0.006438403322175379]
[0.011720292333127658, -0.007597680429804604]
[0.0015315960037673992, -0.01086269110453536]
[0.0033747761167429724, -0.0011025283866243352]
[0.0015753936150639802, 0.0009847658461537567]
[0.00675756690542173, 0.00043617943036133866]
[-0.005571786470623841, -0.003404268604334515]
[0.003566440752461486, 0.0018410648333881952]
[0.0007068305273594255, 0.0001944380997296602]
[0.0051971316413318425, -0.0014559762669166532]
[-0.003005578443370127, -0.009841014165282602]
[0.0001901512867878985, -0.001996276984841172]
[0.008979309718326722, -0.0016669859969211387]
[0.00563611492122873, -0.002441506757401901]
[0.0024842296767142447, -0.006957838621349993]
[0.007147668399354323, -0.0017501317930494198]
[0.0054760060612186745, -0.0008427162569292768]
[0.00742038230663844, -0.0022665012214456715]
[-0.008871866637406356, -0.006273493033712302]
[0.003153656089101675, 0.00023297308575026543]
[-0.000644362874923754, -0.0011359325053721392]
[0.002817556047506775, 0.003732154063850579]
[-0.0059572907359345395, -0.00660077533932546]
[0.003579048859602474, 0.004661290230385251]
[0.005416493747203099, -0.002225968898708186]
[0.002645634012050313, -0.001293992439950875]
[-0.0007513889337296131, -0.0026236778288817875]
[0.002125036321289797, -0.0034030999312069654]
[0.0068152219094962385, 0.0007134600999595397]
[0.0009359410168138238, -0.0029326182083980745]
[-0.003905325290670447, -0.0036346999516097545]
[0.004048022343165869, 0.001969569199114285]
[-0.0019379145760404781, -0.004453399030945326]
[0.004205385485206159, -0.00019837399712208104]
[-0.007235896766161265, -0.005675103553466232]
[0.005003912544159939, 0.002711934292506768]
[0.0011996266433229597, -0.003347368018701946]
[0.0007912622006671088, 0.0010998300003547956]
[-0.0009747170513694781, -0.0008505429027176881]
[0.0007058741913212874, 0.0036148209680770815]
[0.0009605955022241042, 0.0029317618040548]
[0.0001556881542000843, -0.0031147044785209688]
[-0.0017957836588861076, 0.0012578950986964488]
[0.0017676846123083068, -0.00033545833314935214]
[-0.0006419829773658958, -0.0019873575432615143]
[0.0003203146880097485, -0.0025592591858971114]
[-0.0017813668835454655, -0.005423778066342033]
[0.002292029243135929, 0.002885692877870716]
[-0.0020953049928419953, -0.002284134670920146]
[0.0036804772692102805, -0.0006890764731365406]
[-0.0002406349768549476, -0.002127506656205036]
[0.0024004607354842777, 0.0035051510607933545]
[-0.001206122951853239, 0.0028179791781681174]
[-0.0015310420461253083, -0.0008692045558570949]
[-0.0007116510142818333, 0.0017777396319130223]
[-0.002525324762437109, 0.001725722483655101]
[-0.003019873340371737, 0.004784739016162831]
[1.3953575138614394e-05, -0.0023618263840753384]
[0.000640867970265635, -0.0038296918052319606]
[0.0007901036864737532, 0.00040907746039364756]
[0.0005879080854688801, -0.0015258957379547522]
[0.001000608434425676, -0.0035470216101038954]
[0.003100724606387384, -0.004215649359682883]
[0.0012425038928003396, -0.0004023432060422105]
[-0.0004973349301037877, 0.004793329379293165]
[0.0017130938341480273, -0.0003083549185471379]
[-0.0015533999222838712, -0.0007775115211195449]
[-0.0008475979224889518, 0.0024738403913902585]
[-0.0034971102249760633, 0.004261914577703807]
[-0.001962454802743485, -0.0011876752948768443]
[0.0002545000737902703, -0.002492083603802042]
[-0.0008831314287295888, -0.000764410933509041]
[0.0025962090644569558, 0.0032465195956465354]
[-0.00018690571014906565, -0.0019727238294427463]
[0.0034750143557649438, -0.0036188516623182343]
[0.0001553536080138307, -0.0022558115853156258]
[0.0022285258648942208, 0.002485570234678547]
[0.0004046299133816378, -0.0039816629542409054]
[0.0004990774535399423, -0.002418707443181012]
[0.0018458651148116345, -0.0010959574091677915]
[-0.000715526758111179, 0.003261224838852106]
[-0.0008235807254343419, 0.00048080960218016555]
[-0.0024866311181130085, -0.002156492422536238]
[-0.0006047461824736644, -0.00011612410260913864]
[0.0003859849154847217, 0.001858329904276368]
[-0.001319875353950839, -0.0025216811928917005]
[0.00330814542657204, -0.0017956272081047497]
[0.0009591830398546775, -0.002280349856223829]
[0.005352749978861371, 0.002924541614299364]
[-0.0019528794758401913, -0.0036482010610479065]
[0.001979361207332553, 0.0002537702804436548]
[0.0013875207219917751, -0.00394923906877459]
[1.5141729597684117e-05, 0.0007524561535813823]
[0.0011688459144332253, -0.0031011752153264627]
[-0.0005088478677972019, -0.0034728478040221833]
[0.003267353356670999, -0.00010613492210639897]
[0.0010843164012399042, -0.0013158923660746835]
[-0.001046874151274621, -0.001731861494181225]
[0.002447133248210928, -7.841993344084863e-05]
[0.0013703576488962033, -0.0019663714752228834]
[0.002470361308988603, 0.0020770774251715474]
[-0.0008993639779332763, -0.002740077566489557]
[0.003523961128946887, 0.0008314643148642775]
[0.0010556806519664008, -0.00180967858231737]
[0.0017531823951791592, -0.00017150985425642973]
[-0.0006736870272781026, -0.0047135044677209526]
[0.002716181991641503, -0.0020950273151942034]
[0.0037767590476338875, -0.002903056577156532]
[0.00014117247053917203, -0.0032187109581721662]
[0.0019911647386088582, -0.0019268020854768808]
[0.002872062352506713, -0.0031190141369070723]
[0.0026967387748490917, -0.00032563249181000176]
[0.0005874417402226412, -0.0007107838211595219]
[0.0001824324707511843, -0.002933183134812639]
[0.0035260303731404624, 0.0007486037414499713]
[0.0018007248868757361, -0.0013102378540180148]
[-0.0005550213626106595, 0.0010342851259148023]
[-0.000566129374463091, -0.0018325381140605335]
[0.0028371722157498336, -0.001691625076242903]
[0.0016178781443952212, -0.002220885965199204]
[0.0003496459431982374, -0.002947180941745009]
[0.0024378499308430265, -0.00407522951818079]
[0.004782441055474644, -0.004334951419027205]
[0.0041243205392964555, -0.0019502043239686684]
[0.0004390440691507333, -0.0014875095459566945]
[0.0014457315364636986, -0.0009651833418908018]
[0.002361750276897362, -0.0012878151135115035]
[0.002192226002580913, -0.0005316444733960701]
[-0.002094826149574333, 0.00040414257824157584]
[0.0016954987702905745, -0.0007638381618967766]
[0.0015865947501685178, -0.0022057469094441673]
[0.0018377503075465186, -0.0007964466066942566]
[-2.323512777599457e-05, -0.001196905253704264]
[-0.00010199942565030165, -0.0015678563084263741]
[0.004211403432926983, -0.0034592690973670043]
[0.002409523827072468, -0.002783684764486802]
[0.001589745315422119, -0.001729380410032802]
[0.0029515758510861925, -0.0015930711404201076]
[0.002363238334240979, -0.0031394502237546418]
[0.003180404801548055, -0.0012778447627452283]
[-0.0014331666260972396, -0.0009507873944629014]
[0.0008734913274996139, 4.709902414984368e-05]
[-0.000260851127426665, -0.0026827614984063844]
[0.0026867079037343564, -0.00013429744385476394]
[-0.0014665464259083034, -0.0015592231551424113]
[0.0015889668305576164, 0.0010317384687493908]
[0.0012023937898528996, -0.00258581262934679]
[0.0017403304526675207, -0.0015282605641518746]
[0.0014294777422817879, -0.0011766811902868546]
[-0.0001079046847983719, -0.0016276292316447158]
[0.002553222377581244, -0.0018225164972761748]
[0.0026905758473739325, -0.0017343654176108225]
[-0.0001941126879648012, -0.0014184220679239017]
[0.002050363264533687, 0.0007198350722370447]
[-0.0012129357740556465, -0.0022244933821826945]
[0.0032419585330461086, -0.0006134167831060786]
[-0.0020253637706001957, -0.0029936224622004928]
[0.0010141870249444698, 0.00036057400703302933]
[8.017505177208145e-06, -0.002422589532681871]
[0.0021034205494338534, 0.00051763641856424]
[2.7991050899748605e-05, -0.0010745355929111869]
[-0.00022206625460852647, 0.0015492576086867035]
[0.0009359834341194084, 0.0009960545923115034]
[0.0012444520821671178, -0.0011545269170934354]
[-0.00031839117370340963, -0.0008402657419710122]
[0.0002607010611600652, -0.0009632392321586233]
[0.00018287631415559195, -0.0014554231079427632]
[0.0021218195648281526, -0.0004970881105087199]
[-0.0012609755390038157, -0.003131284712226831]
[0.0009981270621110235, 0.0008848139396047394]
[0.00010129577905586143, -0.0013737320705390146]
[0.0026319324713340855, -0.00032579548585614376]
[-0.0012163322010421782, -0.0021890254815412694]
[0.0006388445846891876, 0.0005275939271972077]
[0.00019010914601495094, 0.00044973507348368413]
[7.35236418274764e-05, 0.0007683686259920483]
[-0.001221103838087871, 0.00023996583364965796]
[-0.001184920321987427, 0.0011527276880992018]
[0.0006798875994156219, 0.001289915020236898]
[0.001091824092921024, -0.0006251067131099325]
[-0.0012822420714643946, -0.001966335684432219]
[0.0009682916688732723, -0.000586573313169636]
[0.0007528201818830082, -0.0016782573451402938]
[0.0008351258798631918, -0.0009530025067934628]
[-0.0004022062580688879, -0.0022541084852402693]
[0.00027436626447723683, 0.0003568417401682289]
[0.001308349841139058, 0.0002137627709681983]
[0.0011815581896808015, 0.000384020618463668]
[-0.0022056949102017484, 7.257211908333339e-05]
[8.955040801854677e-05, 0.0013018180766777854]
[-0.0008714063123550012, 0.0012192770480299597]
[-0.000996496940458367, -0.00015963197675492036]
[-0.0012714438201809446, -0.0003544511135913503]
[-0.0008871387616873998, 0.00016837074030812138]
[0.0018358107926247785, -0.00040112671917844067]
[0.0001906977256152173, -0.001076831243391127]
[7.972922573205865e-05, -0.0009952215061384134]
[0.0004010348656116325, -0.0005873729671515976]
[0.0012988418282856018, 6.754125301837444e-05]
[9.741908529526527e-05, -0.0017739718652351605]
[-0.0005492524269455831, -0.00036171509254298573]
[0.00024649583031387257, 0.00045317874623931886]
[-0.0001940001017010501, 0.00025620275335880294]
[0.0001873453814671272, 0.00017732664641276208]
[-0.0019101016924033404, 0.0002403214927708952]
[-0.000147027973078806, 0.0007853853929681298]
[0.0003659122250774527, 0.0005845146977891957]
[-0.0006544939535034419, -0.0017231550163946396]
[0.0011391132073264865, -0.00031503820573619556]
[-0.0007803961432774759, -0.0006513963219589858]
[0.0021464780434926195, 0.00036465306020111443]
[-0.0005887334897588387, -0.00176243180359259]
[0.0007851517695049715, 0.00043598963717061956]
[0.0002829905417075229, -0.0004483055040856998]
[0.000523709540774811, 0.0003665826192252031]
[0.0009432374840704777, -0.001595595270007022]
[-0.0004454779417310123, -0.0012586762483965674]
[0.0005410919867537695, 0.0001881337573620967]
[-0.0002152385908198856, -0.00037305944852775164]
[-0.00014974106952936328, -0.0010287291428207057]
[0.0006763833642299127, -0.00011365051183814812]
[-0.0004820194038837461, -0.000102581655038958]
[0.0016973353318416734, 0.0011075615531925542]
[-0.0004825416313534586, -0.0017123422872083183]
[0.0015413357460921512, 6.320396892550706e-05]
[-0.0005635454376603372, -0.0009517864298668188]
[0.0008988113398383374, 0.000893237136940922]
[0.0001249757272399482, -0.002150813660271478]
[0.0008322813284709907, -0.0009964388419795855]
[0.0009232546818861292, -0.0008118194057862571]
[0.0006099182008370563, -0.0008356614234366344]
[0.0011460790503121931, -0.00142233807537126]
[0.0006339775921178625, -0.0019364404406624625]
[0.0005386458657598153, -0.0005513663358173992]
[0.0008829966094216907, 0.0008573323172679503]
[-5.4915507330319246e-05, -0.001283318836905828]
[0.0013583606973633366, 0.000251219222297816]
[-0.0002926398037317868, -0.0003062333012942564]
[0.0009449790402245029, 0.0012738572430468498]
[-0.000247238962493318, -0.0012750447133218767]
[0.0008460394035477159, -0.0010884099252393697]
[0.0006675543534096218, -0.0013997970365672296]
[0.0014904175133479136, -0.00021658455290937684]
[0.0010580753246844377, -0.0022223658165664573]
[0.0017751037233828815, -0.002309785011194554]
[0.0011392725497634815, -0.0012438488043583773]
[0.0012222813558269707, -0.0005527486914704283]
[0.0004342677427394137, -0.0011291520635229313]
[0.0005777985327597435, -0.0011601200312467974]
[0.0009660046966066815, -0.00019060608841947602]
[0.0007925338069787458, 0.0010325683566116683]
[0.0004103348451920952, -0.0006122488999890652]
[0.0005362157649713428, -0.000820042544669386]
[0.0005413712968804774, -0.0007294202204333744]
[0.0007823767046443442, -0.00019267253975369103]
[-9.553861990418966e-07, -0.0017998048321097304]
[0.0013716724282493986, -0.002075373067303793]
[0.0014094256700678265, -0.001398108328362957]
[0.0023106585307725303, -0.000882908620129158]
[0.001050334940368658, -0.0015726298920161752]
[0.0012185081818438803, -0.0018050049028450754]
[0.001536606967228099, -0.0007883457744274347]
[5.3171071859342556e-05, -0.00016675297058316163]
[0.0006601817403224797, -0.0007122502513715878]
[-0.0004516652619769579, -0.0011543260099722008]
[0.0015881018169327799, 0.00045414054179085395]
[0.0003569424221370743, -0.000583490278057569]
[0.0005001364113550177, -0.00044680111956993396]
[0.0008031099578360845, -0.001472724777525386]
[0.0009320982616660423, -0.0009649670011019629]
[0.0012933281530773666, -0.0003763899671630766]
[0.0001404081102416299, -0.0017421587040580833]
[0.0014583163891490336, -0.0011767529631818707]
[0.0013456092629565153, -0.00032928269306195523]
[0.0007425214578802575, -0.0009995148203298387]
[0.0010550566632160086, -0.0005401752503927382]
[-7.282281004558633e-05, -0.0016197956768974064]
[0.002156730838128229, -0.0001578059824358935]
[-0.0006759337679434207, -0.0009016461905927142]
[0.0010631856302498743, -0.000576239634180381]
[0.00018788944144651487, -0.001403997630696624]
[0.0008778662966646977, 0.0004980302586214957]
[0.0002548152873086129, -0.0007996430528408038]
[-0.00018268030052537299, -0.00031338572408592946]
[0.001185584555160768, -0.0005539237152542287]
[0.0009373473722898984, -0.00038306660004430726]
[0.00044238284169048625, 4.834645025050821e-05]
[0.0006833261737628216, -0.0008325304127353994]
[0.000623097744553186, -0.0011944165891870917]
[0.0012490408583661905, 5.758590831914101e-05]
[-0.0008651854228576839, -0.001530665121124264]
[0.0010965865559028898, -0.0003022627830662761]
[0.00022045351212174324, -0.0019015674540290295]
[0.0019601739723764666, 0.00010660205854888527]
[-0.0004137346008744047, -0.0007677328197471522]
[0.0005376210885226773, 9.886468834878481e-05]
[0.0006516962278277916, -0.0006692094533406606]
[-0.00010146771091301687, 0.0005011057831757065]
[-0.0006785369250074114, 0.00040759133864937125]
[-0.0003195314334591415, 0.0001820166504823556]
[0.0005381488545565527, -0.00037818114159798855]
[0.0011237868725750833, 0.00012010898605220588]
[-0.000533651265197832, -0.0004939700511183281]
[0.0006410944596661472, -0.00031153882164261515]
[0.0005652664213062764, -0.0018720326346505223]
[0.0007878138387368838, -0.0005782711198718399]
[-0.000576064997157455, -0.0008514602575662583]
[0.000465181206883325, -5.559414933772877e-05]
[0.0004739419379335419, -0.000990076908145232]
[0.0010455567552230538, 0.0006797376911722858]
[-0.000973307284535152, 0.0003752373467507397]
[-0.00024755282166250003, 0.0007876748707760506]
[-0.00018720418645329362, -0.00018103999562958661]
[4.8786778902687455e-05, -4.88482460055395e-05]
[-0.0008145656792464262, 0.0005555704326541538]
[-0.00019756374219948025, 2.1737613711617088e-05]
[0.0005660228706440007, -0.0007977537618113345]
[0.0006262733015620081, -0.00022226601572525317]
[1.1624045060942834e-06, -0.0004285537904627143]
[-0.00021379161898460453, -0.0004498689645747317]
[0.0007651599145928611, -0.0010153537813680363]
[0.0007151682858319575, -0.000699240277133667]
[-0.0002752196888257119, 0.00017059603746274327]
[0.00010364144524477314, 0.000597059279541727]
[-0.00034016598511493745, -9.559911552203121e-05]
[0.0005794777505161441, 0.0007723162720490659]
[-0.0012078079527721441, 0.0003770061865169816]
[-0.0004420719352411506, 0.00028019768108778625]
[-6.584413477533912e-05, -0.00024447186614738603]
[0.00031422871484820813, -0.00065292916337676]
[0.0003729140544438403, 7.733496088457859e-06]
[-0.0008095881614680889, -0.00022409348354534425]
[0.0011324625256276533, -9.999959524897156e-06]
[-0.00012473317843308962, -0.00047977206521386886]
[0.00022984423002975207, 0.00016209468982561134]
[-0.00024597633396178376, -0.00043884341049400463]
[9.444694063631687e-05, -8.389074999074278e-05]
[0.0010835156297903104, -0.0003034740417382463]
[-0.0007253903149283536, -0.0004360271004373948]
[-8.246348851587149e-05, 0.0003935170140019744]
[-0.00010405559288023669, 5.4481094181782486e-05]
[0.00013522163437051926, -0.00012475597005853246]
[-0.00024826303390745874, 8.925134768787311e-05]
[-0.0005831217649480136, -0.0003624025825671798]
[0.0008176292646990269, 0.0006164719631802528]
[-0.0001256587832965672, -0.0005540946569558257]
[0.0004682092604383903, 0.0001364787355294661]
[-0.000965232851332376, -0.00033797513105529413]
[0.0011653607324331183, 0.0006831129761192475]
[0.00019207820580730006, -0.0008222903564273666]
[-0.00013892166659096317, -0.00025125180063445725]
[0.0004908784286485335, -0.0005537560150419337]
[0.00029039090003862844, -0.00018119898737101528]
[0.0007951430331764597, -0.0005338848021521625]
[-0.00038293449127968504, -0.0008816461270622598]
[-0.0003900339469847802, -0.0002376270449883193]
[0.0012120257605283125, 0.00042259495019198595]
[-0.00022683794731720441, -0.0005933258154834677]
[0.0002745351044709521, 0.0004744231180916769]
[-0.00043414745764025486, -0.00011314678163605596]
[0.000994731573675689, 0.0010305138091904753]
[-0.00016370296237111504, -0.0006486285666514671]
[-8.378856078838925e-05, -0.00017948343398331568]
[-0.00015888575554590112, -0.0008254570638468045]
[0.0013817739035962284, -0.00032739089882451167]
[0.000657231112255241, -0.0014507171770588648]
[0.0002884563465384016, -0.0009599753883063403]
[0.0005375058053331827, -0.000571844968685814]
[0.0010775665421673408, -0.0002201790337358761]
[0.0002571289324964088, -0.0007974051367960894]
[-6.896814845597232e-05, -0.00017845930100936214]
[-0.00010001253869051929, -0.00014809446773720453]
[0.0009753044601283345, 0.0003716361942619484]
[0.00018261605979480455, -0.0006026797441220713]
[-3.0414200986539353e-05, 0.00017094302258012506]
[5.5997626103532205e-05, -0.00010130188446047517]
[0.0009093368234125987, 0.0001473717453447515]
[0.0001894322570221707, -0.0013566152602646209]
[0.0005005684860394932, -0.0006538613728985787]
[0.0003436141800676751, -0.001023178006029607]
[0.0014512912973661807, -0.0008433805186487398]
[0.0006854126256225779, -0.0013168810433271672]
[0.0006236074896773525, -0.0006902528717128847]
[0.0004613864904679521, -5.5922323251231254e-05]
[0.0006147543005963763, 6.04878189443131e-05]
[0.000581479063408552, -0.0006632004268167652]
[-0.0001474833168234324, -0.00018470989521489345]
[0.0005495676464866428, 3.8279850534284066e-05]
[0.000201096477162932, -0.00028381738974180004]
[0.0004971475610330567, -0.0008027668091258044]
[0.0005209533304322, -0.0005929810236276617]
[2.418096517298185e-05, -0.0004748128535264906]
[0.0012307959376734456, -0.00013701766951698668]
[0.00027137240668495544, -0.001429607989201498]
[0.001128723207871718, -0.0007251824883041935]
[0.0005468883105849975, -0.00042289444857881997]
[0.0005399296513464713, -0.00041252502702120164]
[0.0009805373951982388, -0.0006628453995131678]
[0.00014606552457729904, -0.0009119800502870173]
[0.0009312197114592635, 8.765689932799248e-06]
[-4.450126115679298e-05, -0.0003269394641385176]
[0.0009565671335247383, -0.0006561535381321287]
[0.0001499417298461425, -0.0011373468943214476]
[0.000513774293740249, 3.707506484940115e-05]
[0.00032378245265182737, -0.00012682933000135455]
[0.00019681456825226817, -0.000588121549203402]
[0.0009037347167862031, -0.0005968943059954795]
[0.00015647313072564284, -0.00032604244576905916]
[0.0008110573576779745, 0.00016343559935499963]
[0.0005508783595126743, -0.000742182869862551]
[0.0003278881453483151, -0.0012014267505220666]
[0.0009158288935910419, 1.029148212759734e-05]
[-0.00016196910835214462, -0.00044877191819331363]
[0.0010591337973460124, -0.000413415903518885]
[-4.043759311911366e-05, -0.001492129498244163]
[0.0010576177363458283, -9.544367864429415e-05]
[0.00010079614182537111, -0.00042709263377804785]
[0.00040538518504468213, -0.00027611247404411843]
[6.872225873402749e-05, -0.0009287516049178712]
[0.00011298757961894501, 0.0003373758444446817]
[0.0003007641779484149, 0.000575467716127695]
[3.5320795475662914e-05, -0.00011889836941011978]
[0.00024462260469190755, -0.0005373665048827442]
[0.0007417649377016999, -8.858976213686753e-05]
[0.00011740395192488817, -0.00028816385178108417]
[0.0005742108105809274, -0.0006323941402034267]
[-0.00020085026175270526, -0.0014685426638070403]
[0.0008298525365156573, -0.00019902939126900665]
[0.00020901064294787108, -0.0005397615808803435]
[0.00048767357220605434, -0.00019863653177293328]
[4.828866196221471e-05, -0.0009810362722037086]
[0.0008182482806523839, 0.00047429332789901413]
[-0.00018522011238358838, 0.00011094073820572259]
[4.4111776750344056e-05, 0.00014284249528273563]
[-0.0004933822698053314, -0.00014311768630378974]
[0.00030620305701378747, 0.000335318186052147]
[-1.5989798554286172e-05, 0.0001398785421355131]
[1.8744988961913456e-05, -0.00017731952463019562]
[0.00012393312569709825, -0.000846269923156201]
[0.000692347651791575, -5.9582104296712624e-05]
[0.00013029928792113177, -0.0005503852745981364]
[0.0001763397441879727, -0.0006844674818603097]
[0.00013950882678685772, -0.0006843633451671521]
[0.0005666731934047681, 3.134003454551004e-05]
[-4.967993373714008e-05, -0.0002829900955371445]
[6.608405054825406e-05, 0.00030343065942842196]
[-0.0003638961716075917, -0.0003416663924761948]
[0.0006224879983070253, 0.0008241588587817594]
[-0.0008097510311183692, 0.00018978091209670422]
[9.830811120163652e-05, -6.953237196496986e-05]
[-0.00020049125638757492, -9.14379622569822e-05]
[0.00020204403902847334, -3.472644726909557e-05]
[-1.8333658934055475e-07, -0.00027578720139380397]
[-0.0005164622999919016, -0.0003765008923079516]
[0.0005692893587728731, -0.000421736323295549]
[0.00014522025980952258, 3.6609823354974425e-05]
[-3.409363668395449e-05, 0.00012870797292818814]
[0.00019963788693543039, -0.0002857382911262696]
[0.00011996021519682099, -0.00013198952891904647]
[0.0006088044297102163, 0.00022952112586036022]
[-0.0008125388951203544, -0.000206222464866318]
[-4.5567223425163617e-05, 0.00010325020522349015]
[-0.0002480112801024892, -0.0003373960836694362]
[0.00021324314482870643, 0.0002841068942547459]
[-0.00038678686288835806, 0.0002850277829050535]
[-0.00021734144362910157, -0.00014892931880108873]
[0.0006519211152068369, 4.1107404377821455e-05]
[-0.0002568036134352053, -0.000137556632474084]
[3.187453356416625e-05, 0.0003449786270255384]
[-0.0006417272947354252, -0.0003681649929522246]
[0.0005098100460085922, 4.671711992892957e-06]
[0.00021172019745486353, -0.0001316459410783538]
[-0.0002639444108192626, 0.00017750090106009864]
[0.0003465508904321457, -0.00011672126832870666]
[0.0001451715889516994, -0.0006171044516832536]
[0.0004661274972165494, -0.0002460847431787483]
[-0.000485902881984579, -0.00015601023840161599]
[-0.00028825623800768363, -0.00032284108401327283]
[0.00036731841049592734, -0.00010607424446977542]
[-0.00017284826571394019, -8.003105754374185e-05]
[0.00013471440743899332, 0.0006806093807748825]
[-0.0005382417844609425, 0.00013536266925216756]
[0.0005260019611866146, 0.00020459702280117842]
[-6.28908128080391e-05, -0.00035849281132328825]
[-8.532388706577326e-05, 0.00040020395654806473]
[-0.00014829084971423878, -0.000623369046115374]
[0.0004361764685742141, -0.00036197608247680313]
[0.00043594100618136664, -0.0006459194970382526]
[0.00016223060994632887, -0.00029136283081776515]
[-3.649687849590494e-05, -0.00026056787604968046]
[0.00038227453181516324, -0.0005149055480106329]
[0.00027883193275608786, -0.00044108748882717985]
[3.643162074934425e-06, 0.00027755009825319865]
[-0.0002383202207852514, -0.00013343887836067547]
[0.0003686477883278194, 0.00031587664231967627]
[5.293823909673784e-05, -0.0001259434151605482]
[9.667665319525523e-05, 0.0004409274095665758]
[-0.0004582167626456385, -0.00017639962824508165]
[0.00036103855983650457, -2.9088255092749038e-05]
[0.00026985749642486137, -0.0008658946102233292]
[0.0003996363442123861, -0.00020366698572507613]
[-1.844487388673495e-05, -0.000797027459706709]
[0.0009060519921297062, -0.0004426271205331539]
[0.0003666513253963305, -0.00067366167289587]
[0.0004337857815183768, -0.00025699640558139725]
[-0.0001390251638989405, -0.0002704698675500619]
[0.0002298650873547121, 6.30513120811263e-05]
[0.0005630201421398945, -0.0002779321226826989]
[-0.00014064517740922187, 3.852661261923712e-05]
[0.000139449148486041, -7.097191012863518e-05]
[0.0003794278726050853, -5.115292801300547e-05]
[0.00026573401723008205, -0.00045741566305078363]
[0.00034190947648177726, -0.00023088196712264114]
[-0.0003088344638042485, -0.0007646047262185734]
[0.0008833303242599859, -5.444804933726552e-05]
[0.0002916596011837353, -0.0008615107796063025]
[0.0006053413373864223, -0.000391395781756277]
[9.757633279372903e-05, -0.00039155509097867774]
[0.0007619486746986634, -0.00028780258190315086]
[0.0005723710396227486, -0.0003678091760431351]
[-4.934863203852509e-05, -0.00040235530525902646]
[0.00045881608956866034, -0.00031172005752775137]
[0.0001608236187409294, -0.00015638634820190102]
[0.0007160302611650957, -0.00030243048642469503]
[-0.00013079245021782853, -0.0005429973626039884]
[6.272642719611131e-05, -0.0001514629032536418]
[0.0007187274158861323, -0.00028362767751878657]
[3.399613924204596e-05, -0.000559927151042857]
[0.0005045974284141378, -0.00022380563426964255]
[3.521281495634477e-05, -0.0005498273003246654]
[0.0009096748509452332, 5.123986480616604e-05]
[0.00044401469971279243, -0.0004907319055086979]
[1.2117313517657439e-05, -0.0004895799218595474]
[0.000407608632867899, -0.0001824010997901887]
[0.00029087431057091403, -0.0006294853683829881]
[0.0007400612728579805, -0.0005168129419866087]
[-0.00012910219213738095, -0.0008161659147826357]
[0.0007029637003234418, -0.00020892371796057442]
[0.0005011423344045141, -0.0004095265256650188]
[0.0003541437443765549, -0.0002521754373669659]
[-1.3790824048957179e-05, -0.0002619665605152477]
[-0.00011530630752154829, 2.6521399200656742e-05]
[0.0005158963483166768, -2.2881359787191996e-05]
[0.00020948202137518763, -0.00038699013546543426]
[0.0001291748303050744, -0.00027791858758705046]
[0.000541709546176027, -7.141546241030625e-05]
[0.0004959291340795209, -0.0004251163697844562]
[0.0006023645690714061, -0.0005626996856293413]
[-8.556712574096098e-05, -0.0007666409755375872]
[0.00043457483292894377, -0.00030559427124731905]
[0.00030193764918874134, -0.0007770842083654264]
[0.0006053990394509451, -0.00039810756594254454]
[-9.878871358995865e-06, -0.0006681359394939482]
[0.0004402027153169166, 0.00043006177730587486]
[0.0002167642003808798, -0.00013404571991609826]
[0.0002539649397263, -1.6956187381178545e-05]
[-0.0002515507971409276, -2.4787572486896503e-05]
[0.00011942045940151278, 0.00011884627322817504]
[4.0500346161913975e-05, -0.00018586059716699244]
[0.00043908061823654497, -0.0003320616246988012]
[2.6187560287199013e-06, -0.0006751535023410277]
[0.00033742454044557654, 2.3003670887769556e-05]
[0.0003856538574712881, -0.0005848270528168234]
[0.00040078671974000217, -0.0005867706937449924]
[0.0001571704581752268, -0.0006062930950103823]
[0.00032630863044938105, -2.6685231768533435e-05]
[-1.101055137833068e-05, -0.00028289396563193486]
[0.00048646106240828393, 0.00014881660341386355]
[-0.00042927542597550813, -0.0003364027167628153]
[0.0002549672794290997, 0.0006422215738598053]
[-0.00030623933969593786, -8.923154731860228e-06]
[0.00033907128053758256, -9.927699484425095e-05]
[-0.00013547745873849354, -0.00035889243121359216]
[0.0001159491697955671, -3.2562670036637154e-05]
[0.00017583002693944902, -0.00015008262392221527]
[3.3513106720828995e-05, -0.0002619495265128585]
[0.00023031245435476896, -0.00043770806536776175]
[-5.799607085147512e-05, 5.59283151995299e-05]
[0.00020988857533957642, -5.2235382512907935e-05]
[0.00036046502341659237, -0.00019181258981759708]
[-0.000138645340035444, -0.0004891873701075716]
[0.00046204418736672803, 0.0002589533170537367]
[-0.00039813845383339375, -7.500908939546413e-05]
[0.0002879997742657042, 0.00016957006354609283]
[-0.0004145185386321623, -0.00042392347532753394]
[5.7612062067009806e-05, 0.00023884343153318666]
[-2.7536163786902323e-05, 7.153944758457598e-05]
[-2.087116943712275e-05, -0.0001558328415623561]
[0.00015572461054245978, -0.0003181747865932949]
[-0.0001483255603220643, 2.4081182540103274e-05]
[0.00026317442104194927, 0.0003258206532273933]
[-0.00027470214095409035, -0.0001655745878306747]
[5.656319028150142e-05, -0.00018741556602801246]
[0.00015007570015406618, 4.403567698482713e-05]
[-8.380884504777947e-05, 1.7324708849908443e-05]
[0.00038717138800751366, -0.00011926508638157585]
[-0.00038085679886881024, -0.0006648069302479381]
[0.0003882972248750241, 9.154776740778747e-05]
[-0.00013228692348769833, -3.306745578045278e-05]
[-0.0001693046565543893, -0.00012748401860139535]
[1.9569036656154337e-05, -0.00020132565988936757]
[-0.0001469268425822734, 0.00017247404641851372]
[0.00020758677283945481, 0.00048408877494152125]
[-0.00029812875003160794, -2.6864762036449275e-05]
[-6.83337444330745e-05, 8.100416622947026e-05]
[-4.5855530674057676e-05, 3.48082681514289e-05]
[9.865049408055993e-05, 0.000298458084422179]
[-0.00016073737804826738, -0.00044374853559858707]
[9.730532895202426e-05, -0.00042138846997917534]
[0.0002745609103518426, -0.00015991643697357838]
[0.0001699907843684817, -0.00014705159992317585]
[5.8332721640130814e-05, -0.00030444413194928577]
[-5.944270489882664e-05, -0.00027075253026158375]
[9.307609795024263e-05, 4.624500115769925e-05]
[9.913066582185881e-05, 0.0002833594764904829]
[-0.00030271616959674785, -0.0001686176181889404]
[8.118314127106285e-05, 9.305603506853943e-05]
[-5.05495627515784e-05, 0.00020904098742073607]
[5.430249192220349e-05, 0.000401368191997431]
[-0.00019125546720821784, -0.0002741542323130425]
[9.637928595607193e-05, 3.279894410261608e-05]
[8.982490910264262e-05, -0.00033370167478306845]
[0.00034929416526080503, -8.065438390723878e-05]
[-0.00011248695993290592, -0.0007457842642780432]
[0.0005292198718024194, -0.00043507733684838845]
[0.00010125309904926438, -0.00020064735533500966]
[0.00025234383206823585, 4.3882194982705625e-05]
[-4.443653627295152e-05, -0.00021339542749736207]
[0.00012450886803715144, 0.00013174009368535633]
[0.00022193538856948858, 0.0001036169446730073]
[-0.00015147037413834608, 0.00019304006821554975]
[-1.8141011651207073e-07, -0.0002388422429763365]
[0.00014109816873682235, -0.00018135369277891278]
[1.917731868465722e-05, -0.0001435696941050335]
[0.0002106828985635606, 7.912316235295092e-05]
[-0.00021735987737946105, -0.0005535785922036601]
[0.000786486970531422, -6.31825925560131e-05]
[4.825300190960946e-05, -0.00045385001791795054]
[0.00041490406974725724, -1.663955256914207e-07]
[-3.2097576006945294e-05, -0.0005245062646958426]
[0.0004231749796303752, -0.0002854638202985371]
[0.00023304518885375325, -0.00018215648021917275]
[-8.859399729800599e-05, 3.661055050799278e-05]
[0.00019578256187241516, -0.00018920894824038526]
[0.0002804534760159072, -0.00025171526899679664]
[0.0003935814632254758, -0.00012548613408178144]
[-7.48972882039789e-05, -5.7305941885035794e-05]
[-3.7271364926497186e-05, -0.0003663659240121103]
[0.0005004032216704146, -0.0002491127565168588]
[-4.0719554156576354e-05, -0.0004144164038764331]
[0.0004516839159202368, 0.0002188355213448845]
[-0.000182036863558388, -0.000418770145648395]
[0.0008162828183765347, -0.00016998834990501754]
[0.0003032053270062285, -0.0003388699244959714]
[5.367585761528737e-05, -4.6654527129236234e-05]
[0.0002584897555313326, -0.0003753554159060535]
[0.0002061533506871327, -0.0005517336061458405]
[0.0005938222878336119, -0.0003846356284832597]
[6.213152806242017e-05, -0.00028867841568576413]
[0.000217977326664065, -0.00023676124866264803]
[0.00048222210548090616, -0.0005194905561240887]
[0.00027379346188768916, -0.0001784461457225578]
[0.00012781370666370417, 0.00011542576865267162]
[-0.0001473131428415264, -0.00018102270601844106]
[0.0004473378476046175, -4.831393779626547e-05]
[0.0002755133048253089, -0.0002643004800896437]
[0.0002675580310539105, 1.6288031775626988e-05]
[0.00010281355016358851, -0.000263209604096426]
[0.0003622866781492762, -0.0005624176060956276]
[0.0005532874602794946, -0.00042681527841968714]
[5.986518126671614e-05, -0.00042314522741712657]
[0.00030906813002654077, -0.0003876974142046352]
[0.0003480536601395967, -0.0005992588450386624]
[0.0006054454193352432, -0.00022530042926889593]
[0.00017190094802332911, -0.0003044360296021592]
[5.8719829113929034e-05, 1.5692883662321577e-05]
[0.00015219729576759766, -0.0001726418683821937]
[0.0003014756246933481, -1.699231444446392e-05]
[-9.119960011566564e-05, 7.095738065843182e-05]
[6.239714984493383e-05, -3.5397458922704905e-05]
[0.00022605112451162812, -0.0001939206083701947]
[0.00048010584916169385, -0.0001818370725467991]
[0.00015664250290081672, -0.0004916413269948558]
[0.0001368053263861857, -0.00033396031929965736]
[0.00037154687156509825, -0.00047911671609499745]
[0.0004819494949666048, -0.00041659185030024776]
[0.0001541341143161401, -0.00039469873680869627]
[0.00022014260279556996, -6.858155598109261e-05]
[0.00021878674245828789, -0.00023731346905721956]
[0.00045912933973576986, 0.00018753436946881974]
[-0.0002893511798768844, -0.00029736909827128566]
[0.0001692924117916439, 0.0001824547585992306]
[-5.9424646484118604e-05, -6.767578101878058e-05]
[0.00043949533960269127, -6.842010134989335e-05]
[-0.0001227515511637578, -0.0002998761011895265]
[5.7502090789779414e-05, -8.161524427507949e-05]
[0.00041765246040381676, -0.0002727877494742223]
[0.0001331277003155662, -0.00020696118685128648]
[0.00011784810972675919, -0.0004280456562162499]
[6.704772118795721e-05, -0.00014578491885396463]
[0.0003716896805253389, -9.744519692797549e-05]
[0.00048163049437338623, -0.00010525573781853051]
[-0.0002678054524403173, -0.0003057255305943425]
[0.00027935367455939053, 0.00020784310670334677]
[-0.00011808463091239618, -0.0002728815143757529]
[0.0003208345099491583, 0.00010640746251886976]
[-0.0004862468928314989, -0.0004194367836634627]
[0.00018401096934603234, 0.0001512702451103385]
[0.00023385094524611127, -9.881249773682245e-05]
[0.00021947345576500688, -8.954034225932238e-05]
[-1.0848026285897872e-05, -0.00012264117260789645]
[-0.00017274839446235202, 2.15767795499356e-05]
[0.00032625479617007236, 1.2746586611342078e-05]
[-5.0294300053072005e-05, -0.0001886821984180987]
[-0.00019295377597017271, -0.00014559585136086082]
[0.00020403000900870438, 0.00014226585069395184]
[0.00010439725312630377, -0.0001875455958844531]
[0.0004817510727757879, -2.1746941900186107e-05]
[-0.00038728991868514084, -0.00037614183929425386]
[0.00017900096767228812, 0.00011511107106501346]
[-4.80704852273417e-05, -0.00024854235780158614]
[5.7937866806884175e-05, -0.00014823836291955744]
[-0.00018945228557115668, -7.226565908167136e-05]
[-0.00010202255258545678, 0.0003057301301318104]
[0.00024075328274941743, 0.00017870362755949103]
[-4.1800586672746665e-05, 3.9001336533527053e-05]
[-9.188488927905358e-05, 0.00014867129154240606]
[-0.00011895180225665603, 5.0209776610386087e-05]
[3.5238361057954304e-05, 3.5319831748599484e-05]
[0.00012652465015297598, -0.00037824568165877384]
[-0.00010573583086290195, -0.0002653473261924749]
[0.00013723413478200497, 6.528415249433539e-05]
[0.00012088951071623222, -0.00028920049883060864]
[0.00018184006725602275, -0.00014235278047495734]
[-4.393559259541213e-05, -0.00019157500864584384]
[-1.5858358103526538e-05, 9.443794118482035e-05]
[-9.876248395185305e-06, 0.00020279990162320322]
[-6.007010013020508e-07, -9.08905720910444e-05]
[-0.00011926540995585433, 0.00017451395790809773]
[-0.00019889761668201444, 0.00035029125940380657]
[-4.7385493468110607e-05, 0.00023116248050275567]
[-6.40133006938326e-05, -0.00010409381495369435]
[3.388891654917958e-05, -0.0001050050012625231]
[1.645034103134324e-05, -0.000185899876956018]
[0.00021251500458033257, -2.271237519857472e-05]
[0.00012258439315884773, -0.0004938927198822676]
[0.00024151266134328497, -0.00027996549191430103]
[-0.00011936643009877179, -2.3291897910261705e-05]
[0.00011982806331503615, 0.00010551545156228803]
[-3.487004160368512e-05, -9.276218630333011e-05]
[-5.869376909350965e-05, -7.77880847779161e-06]
[7.56451079522713e-05, 0.00016308105918345223]
[-0.00012852381152625436, 0.0003219948848545637]
[7.063294263737196e-05, -7.896389470254256e-05]
[-5.348170532865071e-05, -9.57895744218909e-05]
[-0.00020119226600567863, -3.1687442915706576e-05]
[0.00019841434643383393, 0.00018198692598464516]
[-0.000179404471181005, -0.00042573468398671155]
[0.0003676717467891444, -0.00016984718183565145]
[3.927194411113e-06, -0.00027340491357440155]
[0.00039108918282665384, 0.00017791286434554188]
[1.1670987803968913e-05, -0.00033054015548016763]
[0.00014188448679841592, -0.00016255703191331988]
[1.6220816290379858e-05, -9.36406454833949e-05]
[3.665115178069778e-05, 0.0001924123674279174]
[0.00010634489061811525, -0.00019488436089383498]
[-9.498814596051175e-05, -0.00021021040627811766]
[0.0002201831631008233, 1.3376904326303785e-05]
[0.00010785092762552462, 9.484583449977102e-05]
[-9.677681091674328e-05, -0.0002558001411823857]
[0.000269490877330969, -0.00014121156690057035]
[-0.00015137904571399519, -0.0002910826777437481]
[0.0005258206927513109, 0.0002730464185195236]
[-0.0001517284776920702, -0.00043351535947361297]
[0.00030039775066471874, -4.6136036058477825e-05]
[0.0001639453075593933, -0.00013309771632359635]
[0.00017967000757143636, 5.029947312330807e-05]
[0.00010963426804835863, -0.0003212620943115474]
[4.055487356861842e-05, -0.0003687964332483168]
[0.0003506402387136037, -0.0002405300022313428]
[0.00020125447793517548, -0.00016783045719256928]
[0.00014432783514459202, -0.0003227074930741286]
[0.00015046975968280307, -0.00021817485952659033]
[9.954745217589933e-05, -2.7736602085895457e-05]
[0.0002455266481351248, 0.00016036649669248781]
[-0.00020305197804894315, -0.0002867629755971407]
[0.00028623077667436214, 1.8821760415455024e-05]
[0.00012026352443833543, -0.00017873800560079534]
