[664.2396179361726, -869.5545090376633]
[4.122742432359303, -15.298851409915656]
[7.883857403319851, 6.900312005480089]
[2.985977671517304, -2.686930278905379]
[-3.143837307078428, -1.0822022688484054]
[-1.9994042306670794, -0.32218279783736925]
[0.29972642674994887, -0.3781861050263817]
[-0.5855296507652525, -0.18905126122034321]
[0.4321798991928887, -0.09607168485786133]
[0.47927422492359284, 0.7992745453938497]
[0.022305272236117446, 0.06599619394708967]
[0.016374363903842948, 0.018195424456930454]
[-0.01256250105072354, 0.06446762274999251]
[0.25392230865120524, -0.3593094450578951]
[0.009410542859021653, -0.0739537599358755]
[-0.05521640864242272, 0.057871349305429476]
[0.08037612463311916, -0.007105098323080483]
[-0.19463740824842768, 0.0012319565361362805]
[0.014616638351402145, 0.0345914380593868]
[0.12789961467836974, 0.021112874134951554]
[-0.003709528490466907, 0.0283226071865883]
[0.04131996547168626, 0.0801774328932865]
[-0.015183986510500347, -0.014413257128918389]
[-0.016235218503195092, -0.08950514136915011]
[0.0016657315656161131, -0.03029818425662434]
[0.025155151254692143, -0.02109201447938247]
[0.024427115823420553, 0.0030091683743656006]
[-0.0315779797768414, 0.0499958518754724]
[0.022485732566430272, -0.007558065290474758]
[0.0007306633303074683, -0.014076846795738618]
[0.002162895444522306, 0.012853297768142369]
[0.042158273030080906, 0.007496444274487146]
[0.003790703644984905, 0.012428115489836244]
[-0.0073564895823814425, -0.0015185100434038645]
[-0.0005124432536618428, -0.007239062187824885]
[-0.0038802071539054683, -0.015969778346152097]
[-0.010520822848441469, -0.0023996930788325876]
[0.010193401649223333, 0.00628354393636954]
[0.01636569823949796, -0.005581320959879399]
[-0.004283559565251949, 0.004907269914843582]
[0.005373465823526047, -0.004900679988004697]
[0.004596648592025465, -0.005980680819032358]
[0.0020336146131061383, 0.009439642715741048]
[0.0021782253587536715, 0.002296869257480516]
[0.004015810458170677, 0.0016304599012153531]
[0.002906031908532114, 0.004436166127000263]
[-0.003946704041920768, -0.007390643124152163]
[0.004186661131945879, -0.002672698777285376]
[0.005737200179797952, 0.003410854088016113]
[0.004135661656338829, -0.0036750376988901046]
[0.005598166628433043, -0.0009764326678864954]
[-0.0013001467055726579, -0.0014256501505323094]
[-0.002018706826540928, 0.001696302170097752]
[-0.0031255839833499444, 0.0029819617781097207]
[-0.0008132058803962394, 0.0009184977135921757]
[0.005552078884175415, 0.0011967293022461245]
[0.004366455183289597, -0.004639867318324997]
[0.004048247264273996, 0.0005807001093076636]
[0.0007205833017502883, 0.0002534058897474267]
[0.00031205122414901254, -0.004331395690206463]
[0.0030466484198097277, 0.0018711830455331313]
[-0.0017876529252178197, -0.0005648267917514049]
[0.0014184508607110458, -0.0007565712996513707]
[0.000714295165181511, 0.004086139057892568]
[0.0001821227521330293, -0.0005812227106520851]
[0.003727622321640922, 0.0005922979575796461]
[0.0027454762788075016, 0.0025551998120174613]
[0.0030810494721843495, -0.0017881273444346757]
[-0.0010401232705736785, -0.000670935203944234]
[-0.0003851724833721093, -0.0037955110927230806]
[-0.0008691218826695213, -0.0008975720982347113]
[-0.0014504168004476625, 0.0021015676271254335]
[0.0020389159854659056, -0.0024233180762407436]
[-4.3984723948620186e-05, 0.0014416235663441412]
[0.003966513658125725, -0.00047339788258926596]
[0.0034106338954797977, -0.00019479173813263806]
[0.0010295161095719152, 0.003002031248191983]
[0.0016714493139229347, 0.0003721243620988801]
[-0.0007760386567667865, 0.0008995944908987141]
[-0.0016098803843020981, -0.001691563334724755]
[-0.0009065811767334786, -0.0010759509638709197]
[0.0027460961743903667, 0.00036488681122825994]
[0.0013610234709315328, -0.001986372149207938]
[0.00028607040446892995, 0.0009065271941102182]
[0.002242307272267041, 0.0008170543177112854]
[-0.00023015744362175905, -0.0020845158035429634]
[9.565407433642648e-05, 0.0005858607118438552]
[0.0008338029236156785, 2.4242180411082614e-05]
[4.118322048063394e-05, 1.844089892788503e-05]
[-0.0005812256678874306, 0.0025976152254685303]
[0.0005531934924194459, -0.0011573677487080047]
[0.0019255444936366328, -0.0009789536048918634]
[0.0015988082178122198, 9.589534582254977e-05]
[0.002017125544789611, -0.000629402396666201]
[0.000633264739770989, 0.001060509759461592]
[-0.000847361435779348, -0.0006849945519062928]
[-0.0001668129842764543, -0.0004323438878932606]
[-0.0008294868299900948, -3.815840922438696e-05]
[5.4273679923610985e-05, 8.640851846064557e-05]
[0.0016471683276870763, 0.00141932252077126]
[0.0013211453937633788, -0.0006272516635550396]
[0.0010771911758382657, -0.00034880598238595795]
[0.0001738796197994219, 0.00036166144596183614]
[0.0003590602247294239, -0.0011520863830671857]
[-0.00015840717862314335, 8.005659981813462e-05]
[-0.0005424397029796246, -0.0004325816063673882]
[0.0011115098775732468, -0.0008431393396464149]
[0.00013055524831706578, 0.0014863928855830544]
[0.000642297266357339, -0.0003353605821896366]
[0.0010502175462556718, 0.0002510569910043614]
[0.001102946460457943, 0.0013242311213361169]
[0.0011497348960370912, -0.000812297481764479]
[-0.0002767262737451981, 0.00044748010031292473]
[0.0003466191666801066, -0.0003686610418240921]
[-0.0008756323680669809, -0.0008202868047995082]
[-0.000806500286867351, -7.15400029287494e-05]
[0.0006182014212203768, -0.00038315574098479743]
[0.000898070650306948, 0.00016480401687246626]
[0.0015192127565943903, -0.0008359513646714056]
[0.0003059569169154841, 0.000182679282394127]
[0.0002983218869125892, 0.0008735509736697011]
[6.352767000272763e-05, -0.00015285447777113603]
[0.00016235001378195335, 0.0005434420959005148]
[0.0003588390224719823, 9.673291415904228e-05]
[0.00013638678016235362, -0.00046529425241449707]
[0.000659871638364784, 0.00047221303730604625]
[-3.089237304365611e-05, -0.0001712249389624887]
[0.000784429202001391, -0.0005738908987495961]
[0.0008468900676632529, 0.00015554498274061856]
[-0.0001798212215789463, -0.0005209342843508491]
[-2.8136233761855145e-05, -2.4672552241811196e-05]
[-7.52030785191593e-05, -0.00012344071419947977]
[0.0001877247108887925, -0.00021406829095527158]
[-2.7954647847217018e-05, 0.0008678481336721333]
[0.0003836226181119784, -1.4735632183127123e-05]
[0.0006827207081534503, 6.560056510429568e-05]
[0.0005518633210731538, -0.00013827904904684107]
[0.000816628714215728, -0.0005355377066245115]
[0.00015194969685916604, 0.00028555384090545033]
[-5.700018482324154e-05, 7.612733294504181e-05]
[6.03586826555258e-05, -9.303084933498518e-05]
[-0.00036064623750403646, -0.0003294229464898546]
[0.0004445486595074932, -9.029880034983062e-05]
[0.0007440010760837446, 0.0004698825744697821]
[0.00019655896963766128, -1.7124649310140683e-05]
[0.0003369210000698786, 0.0001275685095354362]
[0.00026935539242245454, 0.00024180167810872177]
[7.35924272901034e-05, -0.0006108825824469033]
[-0.0001764378752810991, -4.3974960647452654e-05]
[0.0003771505474858827, -8.080240178931497e-05]
[0.000282219114561999, -0.00047897191292234353]
[-0.0003666228198224708, 0.000420940271385728]
[0.000433224184979597, -0.00014084744593612086]
[0.0004343975068128447, -8.532223296242591e-05]
[0.0006506056394797177, 0.00019261986260232788]
[0.0004879301338407416, 7.441060503865504e-05]
[0.00014666084039391403, 0.00047581217864145486]
[0.00016997973364674124, 6.957415129349442e-06]
[-0.00035273372397748304, -3.760875838665356e-05]
[0.00013134084173669486, -0.0003088245840161541]
[5.262367495317832e-05, -0.00017670575392725318]
[0.00026062138039617544, 6.183944890558735e-05]
[0.00035118382929172354, -0.00044442997210114576]
[0.0001243876846781511, -0.000128839060486996]
[0.000466910709568058, 4.934259344668845e-06]
[-0.0001288742524754305, 6.13727082705573e-05]
[0.00012974968189993774, 0.0003411853603300097]
[0.00023830287059256605, 3.0811983411371813e-06]
[0.0002860404402907357, -9.078950855267998e-05]
[0.0002859555615590814, 0.0003893675281250175]
[-0.00011577727443068397, -6.798940535679421e-05]
[0.0003584444106818907, -0.00013065088018926474]
[0.0003250957021032619, 0.00012304326224577]
[0.00030352577093528676, -0.000446214934217426]
[0.000219805762833869, -2.999013950821805e-05]
[-1.4966218274459209e-05, 4.332078311852783e-05]
[-0.00019856593824951752, -0.00013988418327626206]
[-0.00028113727322753856, -3.928869468206031e-05]
[0.0003693219567142414, 6.990330807465917e-05]
[0.0003660524408491961, 0.00029139034569089506]
[0.00027419991468705107, -0.0002713462713949677]
[0.00035482117524487933, 3.313340609745197e-05]
[0.00011806753828569327, 0.00023848166605899834]
[0.00012821506802995764, -0.00019474775596961535]
[4.840810922157601e-05, 9.572633433385658e-05]
[7.011310003465082e-05, -0.0001753247464688079]
[0.0001723704812554433, -0.0002866559355951745]
[-1.651430065674475e-05, 0.0001952671729239519]
[0.0001659063797272431, 2.3893780491945904e-05]
[0.0003216915539792087, 0.00012667203942040572]
[0.0003321197918042529, 0.0001614162494728566]
[0.0001664255758351274, -0.00018884981271405366]
[-7.302431374839324e-05, 0.00017150271071381118]
[0.00020671536060623552, -0.00016230896408545026]
[-0.0001789436547233736, -0.00025154186103470977]
[-0.00013930980071164, 6.904327732426552e-05]
[0.0002740038979176518, -0.0002145337529102509]
[5.1572049069303905e-05, 9.818930182337038e-05]
[0.00043434958262555945, -0.00011608068073365452]
[0.0003837749081179176, -4.24879436323744e-05]
[0.00027735139001455744, 0.0003085060440959353]
[4.3878184398327136e-05, 0.00013527240133459628]
[-0.00016541918752510654, 0.00020197782015474175]
[4.689519607992132e-05, -0.00022907791210236006]
[1.0368286182171893e-05, -0.00013844332997636766]
[0.000295402558703195, 0.00012870354948746332]
[8.200372414668422e-05, -0.00018954997295761444]
[0.0001368593573722876, 5.554402378038503e-07]
[0.000236076901526161, -1.8551355189577734e-05]
[-3.327887725584899e-05, -0.00035758785456385667]
[0.000126131347763625, 0.00011450566620596625]
[5.270253073152986e-05, 0.00012308060829613332]
[5.980816284388568e-05, -0.0001752614672032582]
[-0.00012032532881800506, 0.00025444654810868883]
[0.0002011215089128271, 4.4477961140598765e-05]
[0.0004014496567125714, 0.00010223745939197393]
[0.00018712452954772196, 6.734623927129313e-05]
[0.00035943951430761345, -0.00020318066170121885]
[3.942195296785522e-05, 0.00013553076135597308]
[-4.242116545372099e-05, -0.0001788948451353356]
[-0.00014978230459528064, -0.0001126313365791276]
[-0.00013983351585246384, -5.532529081353488e-05]
[0.00019972612465712913, -0.00014678053576039352]
[7.552971050772683e-05, 0.0002007369182269736]
[0.00027984799975519503, -1.8824218665169923e-05]
[0.00032723889516095284, 8.397661280934443e-05]
[7.275108483373316e-05, 9.093933653092634e-05]
[3.9623147102541e-06, -0.00017090139516273695]
[-6.48154773748022e-05, 0.000169441685629379]
[9.532386232879997e-05, -9.55395325806796e-05]
[0.0001172663338462332, -0.0003202818624078452]
[3.6262381675200572e-06, 0.00018724906869871383]
[0.0001558352491783932, -3.151831016534601e-05]
[0.0001565026579535833, 3.866819520892406e-05]
[0.00026383833382714883, 0.0001983398211840015]
[0.00023340466905386048, -0.00020001373564854097]
[2.351642683171007e-05, 8.993213304331338e-05]
[-1.8936361043220273e-05, 4.180967289446613e-05]
[-0.0002520548860818206, -6.270470078328927e-05]
[-3.149463164586752e-05, -3.2313598804734056e-05]
[0.0002132551553395423, -0.00014860292159603328]
[0.00017470282788495384, 7.607663195016712e-05]
[0.00020592127911989166, -0.00012552079631800162]
[0.00016494484806139909, -5.396273352209491e-05]
[0.00013661138364184922, 0.00010250629227925856]
[-8.507680086800029e-05, -7.810679879183269e-05]
[5.719567827222605e-05, 0.00013977652811336672]
[5.874584996364007e-05, 9.894510765204312e-05]
[6.098221956141875e-05, -0.00012427748269000505]
[0.0001667283922159868, 0.00011072758263608318]
[5.1511869950893185e-05, 6.831017193364985e-05]
[0.00027090751129144053, -3.941055133216409e-05]
[5.7353577012975165e-05, 1.752934818100016e-05]
[-6.468716975002731e-06, -0.0002911286531071533]
[2.1368362393719975e-05, -4.206617183571959e-05]
[-7.307695380864843e-05, -6.46036165377617e-06]
[2.998065017656426e-05, -0.00014534613064531854]
[-4.671600717398583e-05, 0.0002105127592830769]
[0.00025130794979055793, -2.0225847836785604e-05]
[0.0001378826822720225, 7.752591686660537e-05]
[0.00013441797584529125, 0.00012145277624681095]
[0.0003458713297606053, -8.496912815877944e-05]
[8.528080899239399e-06, 5.813159884704433e-05]
[-7.345391655544375e-05, -4.186062908639876e-05]
[-0.00010083321011489232, 1.0765049496042067e-05]
[1.2730963542900708e-05, -0.000108991760143895]
[0.00014403480834768168, -0.00016136156200985408]
[0.00011751010681937402, 9.324651802244954e-05]
[0.00013829704057988224, -6.8024875423677855e-06]
[5.658412646192268e-05, 3.34953092266943e-05]
[6.680720550633623e-05, 8.913453571257612e-05]
[3.6651927506375914e-05, -0.0001545317930971013]
[3.1297796412865786e-05, 3.9097094408191424e-05]
[5.476111870339473e-05, 0.00010583968314431536]
[-2.65434836639461e-05, -0.0001241240718397041]
[5.455470975102017e-05, 3.9300601053948725e-05]
[0.00016962089663641322, -4.91835980260813e-05]
[0.00012016603085795996, -1.5145790388748637e-05]
[0.0001181479886331882, 5.960345940181355e-05]
[0.0001148935137973428, -0.00010117586866342787]
[9.701284605007077e-05, 5.775305670474573e-05]
[-4.185591752658979e-05, 3.4272919245736944e-05]
[-8.640470183718385e-05, 2.5620898570055672e-05]
[5.3120217124634495e-05, 3.4421293626740734e-05]
[5.27596651183071e-05, -4.634178346746287e-05]
[0.00013684860664453513, -2.622263259521862e-05]
[0.00010616617571648779, -6.635128684562286e-05]
[0.00011013595820497102, -1.5180230750866386e-05]
[2.2932039459355735e-05, -4.374966203557484e-05]
[-9.623402499853162e-05, -0.0001045758709183886]
[0.0001311050798733504, 7.453723506417598e-05]
[4.1286380293659164e-05, 7.582145629958514e-05]
[8.291277793687213e-05, -8.453980498002167e-05]
[0.00010465211949739484, 0.00012748160186248914]
[5.3918324385726635e-05, 6.666954992651242e-05]
[0.00011722410362657865, -1.878056577586662e-05]
[3.810745647525593e-05, 9.74422475726322e-05]
[0.00016368115353071477, -0.00015969500318521734]
[1.2385303032408368e-05, -7.067402917315668e-05]
[-6.506212052537208e-05, -8.970975211797239e-06]
[-6.89359315808602e-05, -5.187168673925768e-05]
[-3.1559392348334825e-05, -7.77072805391299e-06]
[0.00018378281101161242, -7.505245242030861e-05]
[5.685765231627782e-05, 6.469153909720304e-05]
[0.00014126413185201747, 1.013471441657643e-06]
[0.00011732794096475097, 5.5255915832386204e-05]
[1.9826240080678126e-05, 8.86061460614318e-05]
[5.422672789812122e-05, -5.2949560356951864e-05]
[1.905102655386237e-05, 6.956749339515067e-05]
[6.135131744564731e-05, -1.25601848698087e-06]
[-2.2633586169190645e-05, -0.00011592821421620159]
[7.292122673585588e-05, -4.3920334532543404e-05]
[0.00010782285470423147, -2.6031495138356675e-05]
[3.376916818553788e-05, 3.5917141208319237e-05]
[7.860312179319706e-05, 3.0800339050451875e-05]
[1.3651745475823374e-05, -9.136578363411196e-05]
[5.614887960911363e-05, 4.3114778645714225e-05]
[4.584425588127772e-05, 3.719043299507674e-05]
[-4.588253452897373e-05, -3.182631786668999e-05]
[2.9545966079957964e-05, 7.860358549049984e-05]
[6.560515053011251e-05, -6.830502629506796e-05]
[5.7999222615928714e-05, -5.5999062227918284e-05]
[0.00013685200075036486, 7.674229953957834e-06]
[0.0001530138598477837, -2.400799470697601e-06]
[5.0994041657204114e-05, 5.862814893786705e-06]
[-6.540520591680199e-05, -2.5609213788690965e-05]
[8.134352266431222e-06, 9.210475851406663e-05]
[3.5495839946109164e-05, -4.8564699198783146e-06]
[2.155505800349733e-05, -6.229680166741636e-05]
[0.0001050858145958955, 4.780555441136203e-05]
[5.324385174881874e-05, -1.773802310967021e-05]
[5.962977034168482e-05, 4.113219870482965e-06]
[2.106355151121342e-05, 1.4679605625955716e-05]
[4.5236242066482024e-05, -0.0001319820712417652]
[5.237360897125676e-05, -1.9119519225674342e-05]
[-3.594753544189366e-05, 2.1848549756176006e-05]
[3.169949409211753e-05, -5.9330560019610346e-05]
[8.963702927911044e-06, 8.386727082521084e-05]
[0.0001214781227423245, -2.425650072535035e-05]
[7.856398932229447e-05, 4.5178776739929205e-05]
[8.3821632954173e-05, 0.00011848228080962864]
[0.00016938631802310145, -4.1896856783185665e-05]
[-1.509086289239181e-05, 2.3135037970467565e-05]
[9.693320116355153e-06, -7.466729370708691e-05]
[-8.52482493010065e-05, -2.0895472149007333e-05]
[-3.6268226520638075e-05, -1.7876255754112336e-05]
[6.148404731343149e-05, -0.00010582106646767064]
[3.256352820346642e-05, -4.103632165741722e-07]
[0.00016834665541540228, -4.169474752313551e-05]
[6.280330939589795e-05, 8.031335200464618e-05]
[2.2147005385608765e-05, 7.043641354220753e-05]
[1.4912512019293889e-05, -5.6716425203440224e-05]
[3.256421454889136e-05, 7.866323810679088e-05]
[5.245797846031852e-05, 8.609411282833879e-06]
[-1.4103489372863098e-05, -8.251722664720518e-05]
[7.050028665966934e-05, 5.9376000865585254e-05]
[4.7558063583696963e-05, -4.063827459077629e-05]
[3.995990074190381e-05, -5.092480136825728e-05]
[0.0001002888718961703, 7.588470281158499e-05]
[9.100467652145561e-05, -6.940984779030268e-05]
[1.2515089145209712e-05, -2.9380433969827813e-05]
[-7.125685843445417e-05, -2.051435676664326e-06]
[-4.217261434746877e-05, 1.670833495825974e-05]
[1.17336640861887e-05, 5.8594822886171016e-05]
[8.455119518169241e-05, -6.286117581918993e-05]
[9.334624598676677e-05, 2.8512313926101762e-05]
[8.493000875915008e-05, -4.8345303998997835e-06]
[9.533453077636977e-05, -2.6115267251880514e-05]
[3.640469345977948e-06, 4.216392962241855e-05]
[-1.9854824517828717e-06, -7.050959699594905e-05]
[3.6670872870958604e-05, -3.1468743943441346e-06]
[-4.773706072809872e-05, 2.5193706427728557e-05]
[3.093614952345142e-05, -3.623921893145671e-05]
[0.00010152895942860951, 5.687747642499352e-05]
[8.373344343592937e-05, 5.163301520783037e-06]
[6.767693287301757e-05, 1.940313926951376e-05]
[-7.5606827740770655e-06, 7.974783242292727e-05]
[5.5103247417920276e-05, -0.00012221632465661547]
[-1.0509106333156382e-05, -3.994996452125199e-05]
[-2.2666397708315245e-05, -1.786688861026703e-05]
[4.3797818469193395e-06, -8.192758300973324e-05]
[-3.2312969691195015e-05, 8.853508908490682e-05]
[0.00011244665330933934, -3.726255269065337e-05]
[6.616116945870609e-05, -6.430232548648718e-06]
[0.00012657651623093624, 6.919964936677458e-05]
[0.00011561523457626066, 1.9957184128172045e-05]
[-3.93386912686533e-05, 5.599233175579421e-05]
[-7.049705975203935e-06, -4.344809550782536e-05]
[-2.8370732811699995e-05, 9.335969795132293e-06]
[1.4756576892926976e-05, -1.1691343820841027e-05]
[1.5306394489211783e-05, -7.418477297588266e-05]
[8.306494972543099e-05, 1.0794839753636154e-05]
[8.659096832097646e-05, -4.006478097573485e-05]
[-1.9641204940246126e-06, -2.135484564114165e-05]
[3.1354394539162556e-05, 4.796635321302478e-05]
[6.098960256578634e-06, -4.5186209173597724e-05]
[3.45032666414502e-05, -3.837022433450521e-06]
[-1.3739866612572094e-05, 5.3196524202048234e-05]
[2.147578391571009e-05, -1.7308888747513684e-05]
[7.813603163620009e-05, 7.522702007967119e-05]
[4.1844779719690806e-05, -1.3329544396700754e-05]
[8.326972760798468e-05, -4.608902237424051e-05]
[5.120866969421378e-05, 5.421904480945594e-05]
[5.249440868926314e-05, -7.190215817737267e-05]
[-7.220246671046926e-06, -2.240644978068751e-05]
[-3.701117509136154e-05, -1.6052126420973423e-05]
[6.434063717586369e-06, -2.319922184046419e-05]
[-3.330005995099555e-05, 5.490202260349797e-05]
[5.2928344791980386e-05, -1.2819811021635985e-06]
[0.00011052257597810033, 5.4846663680163665e-06]
[7.677760595686811e-05, -1.4394382938709427e-05]
[4.5819171873962006e-05, 9.101162578906141e-06]
[-4.1205204305727605e-05, 3.3092921967847744e-05]
[-6.4755927530885105e-06, -6.991335899675377e-05]
[4.7403927104561205e-05, -1.5780236472806575e-05]
[6.797412854531171e-06, 1.6399685068974046e-05]
[4.9280689064679084e-05, -5.44999456589812e-05]
[4.2185377848058536e-05, 6.945040459849228e-05]
[4.165009529932817e-05, 2.5397869948928786e-05]
[5.0592786525582856e-05, -4.08774255387101e-05]
[5.445336541831658e-05, 7.421790043861398e-05]
[5.6181138613026205e-05, -2.3420704370141765e-05]
[-4.953586174302749e-05, -3.059588339893171e-05]
[-1.2032714144405432e-05, -2.322672859955688e-05]
[-2.5543638102476507e-06, -2.644602608103952e-05]
[6.251126709155841e-06, 2.8440145525943095e-05]
[6.119257956327395e-05, -5.261357674108541e-05]
[4.302472961736914e-05, -1.3681166864093486e-05]
[9.140182008707254e-05, -2.063960876014237e-06]
[2.4719629698299883e-05, 5.891026950588518e-06]
[1.5400004290344604e-05, 5.1228335713027207e-05]
[1.5055451395351582e-05, 1.3905286671223038e-05]
[1.1153463262747465e-05, 1.811202569892978e-05]
[2.233242536302596e-05, 3.328553841774884e-06]
[4.002572105171742e-06, -7.679308997844692e-06]
[9.986867996802928e-05, 4.371816486048452e-06]
[1.5592923321705587e-05, -3.772906032972756e-05]
[8.706784271339529e-07, -4.265046052465138e-05]
[3.304185234931367e-05, 2.2057799268615508e-05]
[-1.0795332751029063e-05, -4.68534541194221e-05]
[2.880004680627657e-05, -2.8319616821953497e-05]
[9.682735662153164e-07, 3.092954651622015e-05]
[3.218315432057528e-05, -1.0812253718128773e-05]
[8.344616253208592e-06, 7.652541146208058e-05]
[3.03798813197087e-05, 1.0568948023759184e-05]
[8.440990823795069e-05, -3.6427422114182484e-05]
[5.773557539462404e-05, 1.618519868701318e-05]
[5.800204971184719e-05, -9.037269928124925e-06]
[-2.223281331101279e-05, 7.093957784309879e-06]
[-1.3319090977903514e-05, -3.330211183505405e-05]
[1.3455506458370792e-05, -1.184586677649424e-05]
[-7.087773988806445e-06, -8.524176150492835e-06]
[3.931461024125893e-05, -1.8355286498933365e-05]
[5.030386377746776e-05, 3.708507767033464e-05]
[4.091666557570067e-05, -1.4829776209701606e-05]
[1.752112628516933e-05, -8.839533043314418e-06]
[1.6771324355957518e-05, 4.425937950203185e-05]
[3.1211625117724684e-05, -1.5623237084705366e-05]
[-3.9839920646933535e-06, -1.7272185412087193e-05]
[9.195803455486207e-06, -1.5723415520363382e-05]
[3.177855019970144e-05, -3.3991482468076484e-05]
[2.0839953045026505e-05, 4.1197700755835065e-05]
[3.822677728160251e-05, -2.094084440629196e-05]
[2.587009071830515e-05, -1.5505127578419042e-05]
[7.170907814246785e-05, 5.152711073730387e-05]
[4.654126351633092e-05, -1.240955873693661e-05]
[-8.549471696664424e-06, 2.1391263750558664e-05]
[2.2866144579136716e-05, 4.48765486504854e-06]
[-3.9453702795677614e-05, -1.4263136451697633e-05]
[-1.4476420115733246e-05, -1.5859702406362253e-05]
[2.8846573025265165e-05, -2.1220249162956506e-05]
[6.328351017453882e-05, -4.204299417054358e-06]
[6.459601963043626e-05, -6.261933544038367e-05]
[-5.75787776613268e-06, 5.58774734316092e-06]
[2.3478643023655543e-05, 4.910239029887187e-05]
[2.8896439598219414e-06, -1.2112488613991168e-05]
[3.535529490272804e-05, 1.572181343012513e-05]
[2.536224175919699e-05, 1.7292257925627386e-05]
[9.605797095052493e-06, -1.60486035768459e-05]
[4.286515654960965e-05, 4.373294152004714e-05]
[2.535659384239608e-06, 6.575236306316512e-06]
[5.559539291147275e-05, -4.459670484613376e-05]
[4.4057983247247634e-05, 1.5984021860329656e-05]
[1.7324887487513152e-05, -3.908036259522851e-05]
[-1.9303695709904645e-05, -1.775061681336121e-05]
[-1.8529995010174716e-05, -1.6510143402537203e-05]
[1.9084824677939594e-05, -3.0100318175518836e-05]
[-2.454138710478171e-05, 4.289169442195373e-05]
[5.371580486479566e-05, -6.662078028671359e-06]
[5.8226076264822346e-05, 2.6562453957643117e-05]
[5.5036839890838796e-05, 8.619729244180308e-06]
[5.704233114189883e-05, -1.090696357392007e-05]
[-9.870697116443061e-06, 4.580243964924513e-05]
[1.793083646040028e-05, -1.9074376737870935e-05]
[-1.5326170727192334e-05, -1.8519381951409564e-05]
[-1.4185513780646392e-05, -3.226193612581446e-05]
[3.655847199002249e-05, -3.281916374932997e-05]
[3.897742134761906e-05, 3.695635898837146e-05]
[3.963350309627023e-05, -1.3279655202147467e-05]
[1.621182287370182e-05, -1.0260607699041913e-06]
[3.114498216372219e-05, 4.990264059501204e-05]
[1.7516611899706658e-05, -3.4737005061735715e-05]
[-1.7592287246626093e-05, 1.469313548996265e-06]
[2.2994397110620568e-05, 7.670576330914836e-06]
[1.842382952477184e-06, -5.123140035712126e-05]
[-1.7449226562105125e-05, 3.053179448997412e-05]
[4.414075595282618e-05, -6.90171032052822e-06]
[6.20960732178738e-05, -1.649453577567961e-05]
[7.190217132491128e-05, 6.873084441777477e-06]
[2.4675730620704606e-05, -6.270122297508118e-06]
[-9.860203053324579e-06, 4.213219425153181e-05]
[-4.394466472823488e-06, -6.935439455846293e-06]
[-1.2814765068203116e-05, -4.14901477285845e-06]
[9.229340900487881e-06, 3.2044429895128346e-06]
[2.1278767860621883e-05, -2.122956100919504e-05]
[5.208405852086262e-05, 1.982344715231732e-05]
[2.3753240965464217e-05, -1.8386961602168128e-05]
[2.757836554057036e-05, -3.561881104308107e-05]
[2.2569975252517693e-05, 1.2367987669126279e-05]
[-2.349079808684762e-05, -2.1868277952030724e-05]
[6.278130940784443e-06, -5.4681048016758105e-06]
[2.5394106906162506e-07, 1.3556095629668752e-05]
[5.0142839645023196e-05, -2.8762389226888452e-05]
[2.3994328593124337e-05, 6.683007284857823e-05]
[1.745743693781776e-05, 2.5220473248488418e-05]
[6.589679429658268e-05, -2.095468525442623e-05]
[2.7461809621542876e-05, 3.910719613464675e-05]
[3.8943173332195435e-05, -5.141614112905146e-05]
[-2.7724119499708544e-05, -1.2986007694282264e-05]
[-1.8618927429381316e-05, -5.704594143951525e-06]
[-1.2556594837120905e-05, -4.129348942538691e-05]
[-2.822245254782696e-05, 7.973030736740938e-07]
[7.359504077530943e-05, -9.141659317674078e-06]
[5.1924216462051476e-05, 3.299964678288303e-05]
[3.782507506266963e-05, -4.225205806507315e-06]
[2.4533310324148516e-05, -4.0976118153013275e-06]
[-2.488976578840507e-06, 4.8841252464404405e-05]
[3.762745345678442e-06, -1.5838094391429358e-05]
[-4.826733682405937e-06, -8.910624325786376e-06]
[2.5860898374696628e-05, 2.0281433634472545e-06]
[2.584133507843589e-05, -4.236924351308513e-05]
[1.98452747144362e-05, 2.142210575328818e-05]
[2.3617682298415765e-05, 1.4494287026711739e-05]
[3.538534479327615e-05, -3.1257722931776755e-05]
[3.7001086326760024e-05, 1.9433087514883485e-05]
[-7.071348483073114e-06, -2.0176059084053843e-05]
[-1.6941081803958924e-05, 2.2831145456425617e-06]
[2.873036932138362e-06, 1.734903759109674e-05]
[2.658780030029284e-06, -2.6283897864409766e-05]
[1.3007610058179964e-05, 2.402330537532027e-05]
[3.9320640814244356e-05, -5.49287674939114e-06]
[4.5960081839116484e-05, -8.838648216179246e-06]
[2.83982445511248e-05, -3.6257596774391665e-06]
[2.3474327805805828e-05, -3.13096610088659e-05]
[1.527729033090619e-05, 1.4896384481266622e-05]
[-2.508138819734551e-05, 1.7013813612409834e-05]
[5.567729524091902e-07, 4.713255575550246e-07]
[1.6759489697558416e-05, 3.455431973886647e-08]
[3.825305636893234e-05, -3.2795825171856585e-06]
[5.632544607370171e-05, 2.8627368505826367e-05]
[-5.0536614140672675e-06, 4.73599406469738e-06]
[2.024930739163988e-05, -3.3001730744053326e-05]
[4.847065816049323e-06, 8.528924774986457e-06]
[-9.276413428432884e-06, -4.2856035537108816e-05]
[9.98875663632548e-06, -2.5291205756811097e-05]
[-9.747257749825877e-07, 3.0510686814765736e-05]
[2.6266656152906798e-05, -3.3943729688346025e-05]
[-3.6446432835068876e-06, 2.640866163894362e-05]
[4.976980914017659e-05, 2.891421060380317e-05]
[5.656742853385466e-05, 2.977729008701857e-06]
[1.742404230573036e-05, 1.708860928964495e-05]
[2.816233570590576e-05, -1.9994302105780237e-05]
[-1.4455992351086744e-05, 1.790330826079156e-05]
[1.2414163602647577e-06, -3.993863695983535e-06]
[-1.44330200306797e-05, -2.3720093268730924e-05]
[8.19576412514067e-06, -1.4311319938953293e-05]
[3.726696505257365e-05, -2.1408087044011426e-05]
[1.8474911094634727e-05, 5.9581304782119204e-06]
[2.8968054871507387e-05, -5.795499141147964e-06]
[9.993901628368995e-06, -2.961901882203577e-06]
[1.6614631726863394e-05, 1.5292829558255505e-05]
[-1.1291588721415446e-05, 8.253513179568017e-07]
[6.415114973234992e-06, 1.5919985712237184e-05]
[3.8383098419525474e-05, 1.5594621321834978e-05]
[1.4252551498863258e-05, -3.120064798944888e-05]
[2.2918649554948267e-05, 1.164839282741248e-05]
[1.0487160422956165e-05, 1.1048833465587826e-05]
[2.3878540327634812e-05, -2.751486327357e-05]
[3.041769948319839e-05, 6.29964725690213e-06]
[9.073468156040043e-06, -2.6116452725349903e-05]
[7.723378904839207e-06, -2.2408896125369893e-06]
[-1.0449197114015263e-05, 2.804938560607706e-05]
[-1.3022843559085118e-05, -2.736506848122211e-06]
[1.0625613216859453e-05, -3.255396057055826e-06]
[3.874490604061087e-05, -2.791735330381906e-06]
[4.1994759417463e-05, 8.580595013740755e-06]
[8.639292244427832e-06, -1.6262883032802655e-05]
[1.3126401860130699e-05, -1.4034558338593683e-05]
[1.1620646447552119e-05, 1.0981156095879463e-05]
[-1.0918769723561317e-05, -1.3334361422590035e-05]
[2.0798542456068603e-05, 1.6729205016413617e-06]
[1.8651026391258707e-05, 1.6782347918353757e-05]
[1.9510578669085232e-05, -1.9846386686395157e-05]
[1.6008846910109398e-05, 1.3743515550557195e-05]
[1.4519001034440926e-05, 2.8049698940102452e-05]
[3.802427436416789e-05, -6.7089196837955e-06]
[7.138389894634223e-06, 4.725151098110281e-06]
[5.957702760905903e-06, -3.168196502809084e-05]
[-9.523182597004354e-06, -5.000328438087287e-06]
[3.927927123781316e-06, 1.3492946800974792e-06]
[4.091040549547564e-06, -3.402144707898014e-05]
[-8.874768157141055e-06, 1.0839356585967685e-05]
[4.689953454162232e-05, -7.8337332324388e-06]
[1.6725968531527968e-05, 7.20343988197536e-06]
[3.487254719460736e-05, 1.6207325574946196e-05]
[3.9732026572036894e-05, 4.477125970181461e-06]
[2.5302236627555708e-06, 2.078679464800892e-05]
[-3.6046185600824288e-06, 1.59065508653633e-06]
[-2.006496226414356e-05, 1.2630709302019483e-05]
[2.8280229345714614e-05, -2.0212039095968137e-05]
[1.8693523101062648e-05, -3.595598875598405e-05]
[1.589271987378904e-05, 5.895334082080261e-06]
[1.5142466468609506e-05, -6.132511415679609e-06]
[1.658241196245136e-06, -9.813852950735225e-06]
[2.540031055076053e-05, 1.1018783975164093e-05]
[-1.4701403507899613e-06, -1.7512120075779958e-05]
[1.0745402266795767e-05, 4.619322782145607e-06]
[9.631010272959095e-06, 3.0971101176724414e-05]
[-2.1199027268048454e-06, -1.6343306326049856e-05]
[1.4849258830995637e-05, 9.957852343367435e-06]
[3.0738139084940386e-05, 3.656373324834039e-06]
[3.706194682707997e-05, -6.3816873022704e-06]
[1.5179932328468482e-05, 7.724887015420068e-06]
[2.2595398017744017e-05, -2.5512332299360008e-05]
[4.917574725010754e-06, 3.208116462372068e-06]
[-1.890268552207086e-05, -2.2657941792791902e-06]
[-7.898326797040056e-06, -4.237953408869899e-06]
[5.0327753289142185e-06, 7.007412649306932e-06]
[3.1727120918978446e-05, -1.4172226162206814e-05]
[2.4928228925413798e-05, 1.3430552589399625e-05]
[1.7391164187093022e-05, 5.99270422163567e-06]
[2.974038296588155e-05, -3.111950941048214e-06]
[-3.7164255241028954e-06, 6.8994052765392055e-06]
[-9.381592878623946e-06, -2.8185564266258734e-05]
[9.035454838657309e-06, -1.8893909450312663e-06]
[8.375084740830374e-06, 9.834508506556539e-06]
[2.069779845996489e-05, -3.53935245778203e-05]
[8.053060862711625e-06, 2.4609168149614113e-05]
[3.0953494417063077e-05, 1.986615251070578e-05]
[2.52358084383425e-05, -4.278687564696071e-06]
[1.4688957757025278e-05, 3.151532598527629e-05]
[3.4638900085148805e-05, -2.397913045035227e-05]
[-1.5990329322437824e-05, -7.958080707859416e-06]
[-1.5668695647397257e-05, 3.1565811268174926e-06]
[-2.0824797276719487e-05, -1.595952301458592e-05]
[5.372416203457131e-06, -7.65956721537897e-06]
[5.069355721665225e-05, -2.692980704793735e-05]
[1.778349693165593e-05, 1.1688131170084493e-05]
[2.544299733713007e-05, 3.794464498108052e-06]
[1.2895004199764415e-05, -1.7195113440338083e-06]
[7.339679172213565e-06, 2.5356705812384916e-05]
[-1.9812110263611737e-06, -5.807457512774228e-06]
[4.09361000841546e-06, 5.0134223860409666e-06]
[1.8541317566178606e-05, 1.8205858058256696e-05]
[1.6529631446937643e-06, -2.0583132469775833e-05]
[3.1072379358842994e-05, -2.8195174314737947e-06]
[2.1124247809312102e-05, 8.169996327911377e-06]
[1.7091393083312756e-05, -1.4920256550476907e-05]
[1.929027264591099e-06, 4.003535937491254e-06]
[-7.537985827116289e-06, -3.390222357951833e-05]
[9.447353264538383e-06, -9.569560171618363e-06]
[-1.1481869659157873e-05, 2.487195099734607e-05]
[6.680029495442774e-06, -1.6227111735434008e-05]
[1.1004450960916401e-05, 2.658254223264489e-05]
[3.4976753104820624e-05, 6.440061714761691e-06]
[3.6408089042774816e-05, -7.141346076214999e-06]
[1.2473624302851427e-05, 1.672125751098208e-05]
[3.14062796069603e-05, -1.4191518605793929e-05]
[-1.2444804707689716e-05, -3.997909941877431e-06]
[-2.457715668335858e-05, -1.3354123340580948e-05]
[7.0760259014424065e-06, -3.7472225580814644e-06]
[1.016779428099357e-05, 7.458162549101033e-06]
[2.8324705891973057e-05, -2.0109334267860712e-05]
[2.461060075342747e-05, 1.3727608565473892e-05]
[1.6334192505962353e-05, 1.821222877973483e-05]
[1.1545797768186539e-05, -7.40478761529495e-06]
[-7.628290273897775e-06, 1.3303061052821752e-05]
[6.0153737799079066e-06, -2.5580260325286375e-05]
[4.037416153276907e-06, -1.7240444826926993e-05]
[-2.1293242156161796e-06, 2.095252927740432e-05]
[9.772581248457257e-06, -2.3201473299372388e-05]
[1.4070474551375334e-05, 7.674359527864993e-06]
[3.95866054031524e-05, 5.71262121823457e-06]
[2.001871285044199e-05, -6.197872675806071e-06]
[1.3524945916776332e-05, 2.4302554582550373e-05]
[1.675233868703163e-05, -9.343938329534063e-06]
[-8.173379731551966e-06, 1.5784538680563287e-06]
[-5.9852567595442e-06, 3.6440858726116687e-06]
[-7.756009332227087e-06, -3.7598412522266145e-06]
[1.6344064514478562e-05, 5.164099791232779e-06]
[1.8220242478717008e-05, -1.7343127009267212e-05]
[2.3744089320376638e-05, -1.479038212748307e-05]
[2.175737752647261e-05, -3.4843888930824463e-06]
[-7.190832783665613e-07, -7.690962532391765e-07]
[-5.622551971784517e-07, 2.5626042466919685e-06]
[-1.5909841299704963e-05, -9.76289193221902e-06]
[2.5987460653631445e-05, 4.959388075848059e-06]
[1.9713295220324945e-05, 2.9400583140770653e-05]
[8.558399655043958e-06, -1.0606106184529729e-05]
[2.938397577911811e-05, 1.1849221596138548e-05]
[6.565680818249042e-06, 1.781438413184233e-05]
[1.9173450094382705e-05, -2.9434687446094898e-05]
[5.308655225577663e-06, 8.803145192665118e-06]
[1.062221799086327e-05, -1.8180765901071316e-05]
[-4.554219495883638e-06, -2.6579660609205025e-05]
[-2.4644430717035704e-05, 6.961011953410257e-06]
[1.0967696520314263e-05, 3.1783499998550013e-07]
[1.3354332182795303e-05, 1.382991243781273e-05]
[3.3790660203592005e-05, -7.442991813211286e-06]
[2.191838923615297e-05, 2.831049866119928e-06]
[8.571795339057386e-06, 1.370943055789553e-05]
[1.5632141882826467e-05, -2.4699484847401365e-06]
[-6.631267741030733e-06, 5.819684987695695e-06]
[1.440764144558515e-06, -1.0170243317064731e-05]
[1.07638864056403e-05, -8.164564490889537e-06]
[8.549756122827601e-06, 6.088078428390098e-06]
[1.1737756505175723e-05, -1.2187471154639917e-05]
[2.113213598564645e-05, -1.474715679905536e-06]
[2.0571981921846394e-05, 6.605295369777053e-06]
[-1.8956731323571674e-07, -3.7185717712828747e-06]
[9.281582049602832e-07, 1.6187254111107996e-05]
[8.639582887118302e-06, -1.161629839692424e-05]
[1.754068272519227e-06, -1.1010690858043182e-05]
[5.29254477987795e-06, 1.2406881079618515e-05]
[-1.826703450724665e-07, -1.0713153310248913e-05]
[1.0625232741728885e-05, 6.630217392444848e-06]
[2.3951739197669575e-05, -8.189738164895988e-06]
[1.3097697909983386e-05, -1.772848357358553e-05]
[2.4980399474617415e-05, 8.017786516684167e-06]
[1.1767921007321824e-05, 8.614497289227696e-06]
[-2.141542699174437e-06, 5.27428442631539e-06]
[-7.204664416837758e-06, 2.2507552488448823e-07]
[5.574552549458822e-06, 1.1052567286173876e-05]
[2.2281552829602272e-05, 3.488338001511604e-06]
[3.6784691757885124e-06, -1.1775603342457919e-05]
[2.4385483185063173e-05, -2.965335965034177e-06]
[7.2326120280630235e-06, -5.308490575783864e-06]
[-5.285871012894461e-06, -1.4809725762288117e-05]
[5.855769788065679e-06, 3.624575632271698e-06]
[1.516437357414191e-06, -9.557461801312783e-06]
[1.709219714357557e-05, -1.3771380401275679e-05]
[-5.1440218704623675e-06, 1.897398625391039e-05]
[1.1477051082064982e-05, 7.003819513240472e-07]
[2.0712993052618422e-05, 1.5480466668771342e-05]
[1.826995246156926e-05, 5.947452503651807e-06]
[2.0341442347443506e-05, -8.926978161932775e-06]
[5.711901452737367e-06, 1.8065682373474834e-05]
[2.0422502897576855e-05, -1.2526022056230657e-05]
[-9.662988124006788e-06, -9.29477418210034e-06]
[-6.396487116644423e-06, -7.656986104831454e-06]
[9.27149795937332e-07, -1.015482745181373e-05]
[-5.05514931219142e-06, 1.797527038938096e-06]
[2.3508798675520026e-05, -9.28378556366849e-06]
[1.9576332276782793e-05, 2.9225542630961776e-06]
[2.4234672618431152e-05, -8.165146377914212e-07]
[2.7074057568077237e-06, 1.1339383450770235e-05]
[-8.613957157121988e-06, 2.0468719608479624e-05]
[1.0367054140036913e-05, -1.3492298364559119e-05]
[1.0749885145433513e-05, -5.070644294530302e-06]
[1.2231274174545614e-05, 6.736143482372059e-06]
[1.5453720138593197e-06, -1.8136822910019834e-05]
[1.1052687327817168e-05, 4.742478267871775e-06]
[1.8595153598588432e-05, 4.299036249211241e-06]
[7.360312639953515e-06, -1.5798622015228414e-05]
[1.8891485818905984e-05, 1.5307432838701507e-05]
[1.07704909292905e-05, -3.4140063098764273e-07]
[-1.2022816690750171e-05, -5.464510118569077e-06]
[-5.4850175774667775e-06, 1.6764255353907132e-06]
[1.2443089489888592e-06, -1.8961801245831467e-06]
[1.0706962600463832e-05, 8.439006529581405e-06]
[1.7237702523376086e-05, -1.4709248657263085e-05]
[1.9814509098159405e-05, -6.3951289158148406e-06]
[1.9602235244539634e-05, 7.556672709241319e-07]
[4.043178165713535e-06, -3.598850337738213e-06]
[5.041387723947466e-07, 1.0692261919076351e-05]
[-1.5995779676369892e-06, -3.444769413274429e-06]
[1.1146355389790585e-05, -2.9941818194545444e-06]
[3.466416603176148e-06, 1.0403893540567033e-05]
[7.533481703042577e-06, -1.6629111119492723e-06]
[3.0122880997907053e-05, 7.818357073696713e-06]
[8.697475817942557e-06, 3.133331176297105e-06]
[7.676838385345386e-06, -1.4201646125866496e-05]
[-2.2180933113569168e-06, 1.0804167701251866e-05]
[3.0593896906822016e-06, -2.0612582073128993e-05]
[-8.055483507324324e-08, -1.984502395946386e-05]
[-7.79351125290706e-06, 8.190060774349028e-06]
[1.5499417981956753e-05, -1.3987880154942012e-05]
[-1.7539256012000237e-06, 2.1484862474885347e-05]
[2.5399797671799007e-05, 7.169134025736268e-06]
[2.899527146559694e-05, -6.4337026957142496e-06]
[1.7802198663575963e-05, 1.6864339933003736e-05]
[1.6724136998491623e-05, 2.4474684322400853e-06]
[-2.2204279169324437e-05, 6.377523595557655e-06]
[-2.4835223033092824e-06, -1.4958130807984915e-05]
[3.523455891052407e-06, -1.0947097927316296e-05]
[5.114590598312083e-06, 2.588262362698823e-07]
[1.6065429500611295e-05, -1.6239055591581175e-05]
[1.4359460568047488e-05, 5.182815364976334e-06]
[1.747954085321024e-05, 3.063367878808343e-06]
[-1.1139025870576802e-06, -8.429056336023422e-06]
[4.229144938694418e-06, 1.635794906182375e-05]
[3.3697048213293668e-06, 4.6701965905615594e-08]
[-1.5207197769928626e-06, -9.983115814168886e-06]
[5.23885529912782e-06, 9.21073991805299e-06]
[1.1971587793646599e-05, -8.157355514959441e-06]
[1.8979284834463872e-05, 1.2303929696644289e-05]
[1.194596590470276e-05, 9.694917861291508e-07]
[1.4854032974631615e-05, -2.1152302906335407e-05]
[1.4728816903536446e-05, 1.3930080918447829e-05]
[3.609984384200793e-06, -7.788881859496777e-06]
[-8.066636384945758e-06, -6.621748521840054e-06]
[-8.516855430129588e-06, 6.9682508967439105e-06]
[4.202878495451756e-06, -4.305810824833944e-06]
[5.861107332041926e-06, 8.131731154548127e-06]
[1.826271025351378e-05, 4.870754967967184e-07]
[3.167767475520389e-05, -1.2862655005968504e-06]
[6.309654074183185e-06, -5.242777469938176e-06]
[-3.216755264268123e-06, -1.0650805005396613e-05]
[-4.731016685743938e-06, 9.374486064361864e-06]
[-4.887374149019352e-06, -7.706833749121511e-06]
[1.6817125365609087e-05, -1.5136004649501933e-05]
[5.073881963524318e-06, 1.500355379346896e-05]
[1.6280377742001334e-05, -2.653453701373376e-06]
[1.7807570819927676e-05, 1.4857814747193387e-05]
[6.638364406508224e-06, 1.7816664068526222e-05]
[1.8547690984836024e-05, -2.0957126251053282e-05]
[2.297657978655998e-06, 9.960833728228646e-06]
[3.6422456481388643e-06, -7.555797463171254e-06]
[-1.6039057255994027e-05, -1.7025225575562075e-05]
[-6.694008148899755e-06, -9.148923806878706e-07]
[1.5172363162840874e-05, -1.3254134331175393e-05]
[2.90987369989254e-06, 9.456509414529357e-06]
[2.4686394821449298e-05, -1.4544539997107808e-06]
[1.6768221737017974e-05, -9.734221791957154e-07]
[1.3008695961325145e-05, 8.611738484876064e-06]
[3.969780575374671e-06, -1.5203742294023215e-06]
[-4.85351425483227e-06, 1.291381724388696e-05]
[4.792703839254231e-06, 5.767276612722583e-06]
[8.630743325577228e-07, -8.812057594134726e-06]
[1.178719217820312e-05, -3.713952171302548e-06]
[1.1336768540981534e-05, -3.7133854767779084e-06]
[2.18012387618316e-05, 1.9970203574137813e-07]
[4.850356547125845e-06, -3.255069307095404e-06]
[-8.042935288693487e-06, -1.6764461962193167e-05]
[7.680223902073458e-06, 8.363360939626224e-06]
[-3.67590045025068e-06, -1.8049216555238168e-06]
[4.832187815564937e-06, -1.0351286741913657e-05]
[6.9067772499042945e-06, 1.946599310131969e-05]
[9.062863424280643e-06, -4.0522729041203576e-06]
[1.0069146793412198e-05, 6.8325996904761155e-06]
[1.0983589183499731e-05, 9.79365452491443e-06]
[2.5889749615724822e-05, -1.6101264735619847e-05]
[8.567236742444348e-06, -3.124748007427014e-06]
[-3.6741526214800757e-06, -4.464527290651277e-06]
[-5.284577441366789e-06, 2.1062436207364144e-06]
[-3.971252775569756e-06, 1.399531265655618e-06]
[1.223755916457403e-05, -6.219140439467363e-06]
[8.602843476054542e-06, 4.84208335584102e-06]
[1.19740405120361e-05, 2.7003858576596373e-06]
[1.915111569394945e-05, 3.6056405918888368e-06]
[8.146428028266151e-07, 1.5431727655723648e-06]
[1.8824926067417813e-06, -1.24534496536155e-05]
[3.938245909385074e-07, 2.2865887241430016e-06]
[-2.0161904744075976e-06, -2.0068716449217483e-06]
[5.532421521944886e-06, -1.2110270071058471e-05]
[6.8689398960986026e-06, 5.619687632012205e-06]
[1.908196063188372e-05, -8.15628807049329e-06]
[6.6568525420307445e-06, 1.0806857469014552e-05]
[9.002282109427107e-06, 1.2918912923709502e-05]
[1.4129037084600893e-05, -1.0408787175203438e-05]
[9.97270342428802e-06, 1.0362748985262571e-05]
[7.68723664834603e-06, -2.3666089422613723e-06]
[-1.2022029227773401e-05, -2.6138550955900897e-06]
[3.6461811879773265e-06, 2.9381784434345803e-06]
[-9.005976853160291e-07, -9.661860669474276e-06]
[2.024737252095954e-06, -8.64877257883423e-06]
[1.9629456262826306e-05, -5.58170359202248e-06]
[1.3365813681887051e-05, 1.1008495610365099e-06]
[1.0423064511721342e-05, -7.25152313896249e-06]
[-7.414737302480212e-06, 6.936689578296296e-07]
[6.4235584384952915e-06, 1.563055474407271e-05]
[4.421645589641754e-06, 4.496373882223459e-06]
[6.582836597102126e-06, -1.4880503661773847e-06]
[1.8638997920594758e-05, 6.794675884047585e-06]
[3.1073207986710705e-06, -5.444444646507396e-06]
[1.0458616865438586e-05, -8.349597171442014e-07]
[1.7389987151394948e-06, 6.713932828028568e-06]
[1.0245724504504006e-05, -1.8346549582604066e-05]
[1.1545913548294262e-05, -3.6765308663866403e-06]
[-7.1330049201123735e-06, -2.4484879245223468e-06]
[-3.533185479034917e-06, -3.800537302867113e-06]
[6.109924393093991e-07, 7.247220626727113e-06]
[1.1428050350259511e-05, -5.367973219039257e-06]
[4.91875583609469e-06, 9.004839558235389e-06]
[1.3025992390613972e-05, 3.4024444484498373e-06]
[1.865750800394972e-05, -1.977043069978368e-06]
[5.57276752817526e-06, 2.0047746165374747e-06]
[8.766567765827737e-06, -6.87011772121382e-06]
[-5.568197369298922e-07, 3.405261492006595e-06]
[-4.159732007041894e-06, 1.048889529675634e-07]
[2.292351001798032e-06, -5.972772196216614e-06]
[7.003922844639465e-06, -4.6908000564532815e-06]
[1.8165540112503875e-05, -4.891640527221464e-06]
[1.077863149478997e-05, 1.187042094361046e-05]
[1.4155172586849396e-06, 6.439743332475878e-06]
[4.863362840445973e-06, -9.326503622508753e-06]
[4.186033182640436e-06, 8.896054358425304e-06]
[4.7223768832038715e-06, -6.871925118168143e-06]
[-4.5339330229238195e-06, -1.0605277097577859e-05]
[4.200614784788392e-06, 6.996127044828215e-06]
[7.94036575796353e-06, -1.3966981050050897e-05]
[-1.6590284675210842e-06, 1.6832675423517074e-06]
[2.158893706150078e-05, 5.830011876206687e-06]
[1.6760948151957333e-05, -9.81182309994083e-07]
[1.0482125636979145e-05, 6.055932266900432e-06]
[4.6151766687207996e-06, -9.458651523686079e-07]
[-6.070225246068706e-06, 1.0759609819555038e-05]
[2.448947071465035e-06, 1.5547576015517706e-06]
[-4.6216949777244665e-06, -6.956691952400562e-06]
[1.0124740160068896e-05, -4.7271520184077875e-06]
[1.2557010209524044e-05, -8.685782801446523e-06]
[9.491518644377805e-06, 7.816074144018081e-07]
[6.0477190141350334e-06, -2.4396812858817896e-06]
[4.571115136409176e-08, -9.308987660050505e-06]
[8.002614294788657e-06, 4.482976468211941e-06]
[-7.103960656298924e-06, 1.4803729058987525e-06]
[5.003489495974955e-06, -1.6390093977441955e-06]
[1.068985948748935e-05, 1.1908348840988792e-05]
[1.0858358897858356e-05, -6.876048121773337e-06]
[1.1719610568006189e-05, 8.735190642927826e-06]
[5.008665956096614e-06, 1.2912391793351574e-05]
[1.732534977694211e-05, -1.4219446801633229e-05]
[3.4130956992894923e-06, 2.970134823837567e-06]
[3.118276082347826e-06, -1.313874695850481e-05]
[-5.455790632477586e-06, -8.484300687450208e-06]
[-1.0629634095649099e-05, 7.080557512084695e-06]
[4.1507165009502245e-06, -8.34506293406756e-06]
[2.8524087809650434e-06, 6.892255630663868e-07]
[2.5939739168090448e-05, 1.2868921349384888e-06]
[1.802244026011257e-05, 1.0130141746389487e-05]
[-9.600996494409791e-07, 4.189887987338103e-06]
[4.6777981009826775e-06, -8.063897740384629e-06]
[-2.267144493695028e-06, 9.004559673564394e-06]
[2.1778534269739636e-07, -4.899556909687686e-06]
[4.0700504639334945e-06, -1.190347125618052e-05]
[7.761452857857343e-06, 6.217786533951886e-06]
[1.2099112576113152e-05, -9.436929856665444e-06]
[6.204690118249978e-06, 1.7903825256238015e-06]
[1.1638001138458698e-05, 1.5054021169302878e-05]
[1.1145368056249272e-05, -6.625429095352686e-06]
[2.0403591710627111e-07, 3.5632070659180615e-06]
[-2.455270702805823e-06, -6.931122147724178e-06]
[-6.71184857020668e-06, -3.193848318205905e-06]
[3.862067056603635e-06, 9.028196121585452e-06]
[5.176983717714023e-06, -1.4066595803996496e-05]
[5.121056332144103e-06, 1.1402541913452247e-06]
[1.881384962365562e-05, 1.5401948758320128e-06]
[1.21311562060189e-05, -5.146326483407293e-06]
[7.337164368390048e-06, 3.7579070172322204e-06]
[2.5646357737496572e-06, -3.064252232731768e-06]
[3.027481961237477e-07, 4.017964082558834e-06]
[-7.009632998780657e-06, 6.623589677678954e-06]
[2.3734127582164533e-06, 7.787797931119167e-07]
[1.8102595525204546e-05, 2.2233039701086144e-06]
[1.069985042678745e-05, -5.3109313981059e-06]
[1.4009928443581288e-05, 1.8910627674895153e-07]
[-2.979378505407748e-06, 6.156151004632626e-06]
[5.16725800842055e-07, -1.5723630767405794e-05]
[2.420833284944024e-06, -3.6667036574337952e-06]
[-7.539007080475946e-06, -6.364313504682306e-06]
[7.711623637170206e-06, -1.0155467955921815e-05]
[1.2198690795273137e-06, 1.9799699310069085e-05]
[1.1661980089783253e-05, -4.2421169111905854e-06]
[9.56843372690308e-06, 3.890854992860682e-06]
[1.4499179161076015e-05, 1.492143954539421e-05]
[1.969998111566243e-05, -5.124360189706634e-06]
[-4.53817956269989e-06, 3.863987370171518e-06]
[3.238209097089495e-06, -9.378428563994179e-06]
[-5.1184069610465954e-06, -4.574441434312959e-06]
[-5.596525929407736e-06, 7.294655191003585e-07]
[5.16419076113106e-06, -8.315901079095078e-06]
[7.905683911686723e-06, 8.146646162526805e-07]
[1.7902149787113464e-05, -3.2851534803417237e-06]
[6.825230640217228e-06, 6.343327030589041e-07]
[3.1148896463273346e-06, 7.920979352205038e-06]
[3.14065090761817e-06, -1.475427436448129e-06]
[-1.7025971011941365e-06, 1.1947401073741926e-06]
[-3.0239314953023344e-06, -1.2377585400513702e-06]
[5.40681793780029e-06, -3.3166358895109216e-06]
[1.5280415885610132e-05, 8.568791475115078e-06]
[8.342150111986801e-06, -1.0660499275227941e-05]
