[409.13361475332255, -1160.956321123823]
[8.648319844177738, -5.057984725752235]
[-3.7847069857762534, -3.9507694665290103]
[0.07854095268000094, -0.23179489756397942]
[-0.052839048944410605, 0.3061894750172769]
[0.39334583657971933, 1.2521725420425796]
[-0.11240647422703276, 0.17578419558278569]
[-0.004184021869761523, -0.01870995605186465]
[0.035987703259969805, 0.016259564693079653]
[-0.4623131274322674, 0.01057019187346242]
[-0.02954449713391938, -0.007476624049388647]
[0.02304817541036641, -0.017048677360607556]
[0.03439258989344296, 0.006639155000698338]
[0.035860548889147026, -0.17565468347961044]
[0.00359257686111647, 0.04886016841948049]
[0.0037214579481670285, 0.020629922974373827]
[0.015251117618227283, -0.029229457440955287]
[0.05500415980675655, 0.025871294727597416]
[0.041480904994436685, -0.007517359557834169]
[-0.016393430384034957, 0.000987900820849319]
[-0.014656199354703858, -0.007630153450332244]
[-0.015940457075789283, 0.018891249263848664]
[-0.004403247158123236, -0.02366260105917828]
[-0.004118976198981272, -0.007523847611530243]
[0.0010487929391587159, 0.007803503986536953]
[-0.013977397044737216, -0.010220174764899781]
[-0.0072395182587534634, 0.004819597945959764]
[0.00020819640606184464, -0.001644270075420451]
[0.007626740017833811, -0.0015236101016604664]
[0.00651845348938096, -0.008765881552243115]
[0.006911363193696118, 0.0017400697450362657]
[-0.004467427590553852, 0.00036468890486496264]
[0.0015160242477492147, -0.005847801123439744]
[0.0003747401022814595, 0.005628531325247543]
[0.0034429913839115756, -0.005186890578176673]
[-0.0040890687549925975, -0.005962657484246403]
[-0.0019238256229632267, -0.0005703042179687756]
[-0.006092310806406084, -0.0027354020633950545]
[-0.00141957355314146, -0.0033314346948505203]
[0.0024946064543929225, -0.0043978648737081905]
[0.0030531697086958465, 0.0004795999768938408]
[0.0002787621989486233, -0.0048229652564986125]
[-2.5505000921660637e-05, 0.0004455960315956631]
[0.0012779785898215934, 0.0001366608283381865]
[0.001736155566017139, -0.0038172639751206106]
[0.002155375908795776, -0.0011126307492874687]
[0.0018560743074322872, -0.0017747402856063133]
[-0.0010345884719615839, -0.0006589070386073814]
[-0.0015834602157616118, -0.0020235148961766924]
[-0.0005994338672170585, 0.000806363058944104]
[-0.0006775821911695346, -0.001963428577084869]
[0.0002836859106185585, -0.002033470394943393]
[-0.000511576497732591, 0.00040281155763643994]
[-0.0010276439442922225, -0.0017626329987272538]
[-0.000450495243546456, -0.0003088825491257552]
[0.0014070843430271651, 0.0001444252251423528]
[0.0012402587826496614, -0.0004355752190274842]
[0.0007702466257502039, -0.0008148753413870224]
[0.00021833468078114038, -0.000136266319382905]
[-0.0009749639802958399, 0.00083880589229679]
[-0.00010943507758476301, -0.001574667434820043]
[-0.0001598966980917993, 5.963774913020359e-06]
[0.0005428378470000439, -0.00058683783334601]
[-0.0012056799435526955, -0.0010574712178801349]
[-0.0005996628961142392, 0.0001135170063957247]
[-0.0007009459865940926, -0.0003873250852919341]
[5.557182387150306e-06, -0.0005415001972353117]
[0.00014174970374902784, -0.0011231546724124186]
[0.0008512707973213907, 9.990820271799095e-05]
[-0.00031571509017924715, -0.0011209519632089382]
[0.0004148467442992576, -0.0002874820949521073]
[5.8501905405905497e-05, -7.399130710039614e-05]
[0.0006774808602880711, -0.0009915440435941392]
[0.0002768556582559145, -0.0005277076632868027]
[0.0002595422202633646, -0.0006453716563965539]
[-0.0007910988924840386, -0.0005908636073278413]
[-0.00027208409629822516, -0.0008687020051990381]
[-0.00010478107080991172, -0.0004467145863813471]
[0.00019371243055560372, -0.0005194318668528819]
[0.00013395024874185424, -0.0012279589305332905]
[-8.60035648346108e-05, -4.352068256485708e-05]
[9.12879890195839e-05, -0.0004411308015468407]
[-8.164561633217104e-06, -0.0006157346252591012]
[0.0006308833965684713, -0.00032109097730792513]
[0.0004335628927982782, -0.00048289506071430566]
[7.502125617531163e-05, -0.00037643193770353633]
[-7.780199958151712e-05, -0.00035994773932568336]
[2.7989445641196653e-06, 0.0001022500379523894]
[-0.00020428868699884362, -0.0006868223270988238]
[0.00014801290808286183, -0.00014039265293841474]
[-0.00010508196375180745, -0.0002990908164557382]
[-0.0002511423817193048, -0.0003926776877751781]
[-0.0003022484312040774, -8.419780089496953e-05]
[-0.00011423953079514604, -0.0001261655941187101]
[4.276801359903715e-05, -0.00011805254273555832]
[0.0002791862532216527, -0.00034802210580187065]
[0.00014965040360870319, 4.865999989522862e-05]
[-0.00010954546116082042, -0.00014805094575454092]
[4.2710915953314554e-05, -0.0002929409167414798]
[6.556702114579593e-08, 0.0001488481351703541]
[0.00025060269592280804, -0.00031887697493249156]
[-0.00023308475307093346, -0.0002860567058915464]
[-7.966858516894604e-06, -8.146582376800104e-05]
[-0.00037612050266755404, -0.00015918902993217188]
[-8.123126422532323e-05, -0.00026899530178026154]
[-2.1649477456753274e-05, -0.0003313865257004167]
[0.000192540174625222, -0.0001524461584447856]
[-0.0001420042899663576, -0.0004809142361739127]
[0.0001226039905430909, -3.1550722910278495e-05]
[-7.09426901874255e-05, -0.00025424946057839293]
[0.00016407366232629172, -0.00026515980298014163]
[0.00016128756349584328, -0.0002622447054372312]
[0.00023960935860922739, -0.00029018626462828934]
[-1.8492733173555015e-05, -0.0003022994482682201]
[1.8613184892019886e-05, -0.00035095626375643285]
[-9.393874732210872e-05, -9.391751595888564e-05]
[1.8117568802766826e-05, -0.000377016570764388]
[4.8773358674258915e-05, -0.00032089449541428117]
[-5.096045228560053e-05, -0.0001394232435227849]
[-6.0359250240615836e-05, -0.0003438713802075277]
[-0.00011156661682332203, -0.00021475308732865628]
[0.00020725067149873766, -0.00016210814177330946]
[9.779887138328114e-05, -0.0002168220786225028]
[0.00015028326474642029, -0.00023748879783624943]
[1.7715085588232427e-05, -0.00010802570968948544]
[9.796578464893457e-06, -5.812248720316049e-06]
[-7.575714130414468e-05, -0.00024156770376126957]
[0.00010953958298021149, -2.9034183328502383e-05]
[-2.667803607359076e-06, -0.00022205017282628248]
[-3.487778740218772e-05, -0.00012505562365539014]
[-8.682802119430733e-05, -9.56350641736492e-05]
[-0.0001103061552569784, -4.357098346852162e-05]
[-9.128956777448849e-05, -9.591255726260073e-05]
[8.738892503856732e-06, -0.00010385726876904755]
[2.0695959380923057e-05, -3.1740374268895977e-06]
[-2.7755098602533224e-05, -0.00020204487588371123]
[1.995795347653484e-05, -3.378927583230773e-05]
[-2.18147730381979e-05, -2.648604104171781e-05]
[0.00012784862084824766, -0.00013801958617676302]
[1.3055581214338474e-05, -8.240063650788443e-05]
[8.430626580668843e-05, -7.098390747617422e-05]
[-0.0001790952048170702, -9.4556091282616e-05]
[-2.415720386483855e-05, -0.00014776359364176983]
[-6.488738553245277e-05, -0.0001023560412960478]
[7.13652188784053e-05, -0.00014773264662326646]
[-6.087184206665652e-05, -0.00026472321046311365]
[5.9930578475642093e-05, -5.226948418890487e-05]
[-7.443109610933557e-05, -0.00016527677466426915]
[2.94054647798081e-05, -0.00010906857395465153]
[5.211621697556734e-05, -0.0001607677007994246]
[9.958513005969838e-05, -0.0001477175328618019]
[3.994153422672009e-05, -0.0002039837486583207]
[7.181117602874862e-05, -0.00014553554048531148]
[3.0552701607566846e-07, -0.00010725524040877676]
[2.4266090433128218e-05, -0.00021202280503362925]
[4.904628045754311e-05, -8.014369249242925e-05]
[-2.3705182482895715e-06, -0.0001594225828223106]
[-1.57100523912046e-05, -0.00016514391140365348]
[-8.715060655151152e-05, -0.00012773437507185292]
[1.0953716338413244e-05, -0.0001040959289666521]
[-1.0389388856779647e-05, -0.00013166070029368981]
[0.00010818053186589793, -0.0001492860854068745]
[1.1473256624983108e-05, -4.714472606215381e-05]
[2.1479352192876888e-05, -6.909453573145097e-05]
[-4.27123169202126e-05, -9.726444173274729e-05]
[7.106304495074767e-05, 9.38313306403371e-06]
[2.180983580402085e-06, -0.00012643397955836022]
[1.302204921582728e-05, -7.207037517670267e-05]
[-8.455684891384152e-06, -6.892509841138761e-05]
[-5.3746554498523835e-05, -2.35083347395193e-05]
[-4.902765650705021e-05, -6.656026460105657e-05]
[-1.6516583425385534e-05, -2.6001616586945886e-05]
[-1.7959732193872924e-05, -5.20758782354136e-05]
[-3.119669708029349e-05, -9.760475295061966e-05]
[-2.601785007882995e-06, -8.53755333318773e-06]
[-5.283578676529288e-05, -8.316135623198662e-05]
[4.0140355623385915e-05, -4.356801869997984e-05]
[1.5214683048103694e-05, -5.94926061445733e-05]
[8.276622392600075e-05, -3.884549797639192e-05]
[-3.482146940769759e-05, -8.20835367969508e-05]
[1.873942438512799e-05, -7.692299487382925e-05]
[-5.9315145406579894e-05, -3.14995727670464e-05]
[3.9544262804724895e-05, -0.00012064101899400548]
[-2.74414450172622e-05, -0.00012687899155183757]
[4.1319460520661266e-05, -5.774826860216464e-05]
[-6.909112368744946e-05, -0.00013074590030770494]
[4.51262427558774e-06, -6.803917136477544e-05]
[1.9189001839614583e-05, -9.34864174481076e-05]
[3.357352341865072e-05, -9.64661885300977e-05]
[2.8192205996153963e-05, -0.0001376116149777694]
[4.481507293732211e-05, -8.229565169702927e-05]
[6.129900768814256e-06, -9.747676585536436e-05]
[2.1048642301749187e-05, -9.962823760656381e-05]
[4.136112299613082e-05, -5.956303609755409e-05]
[1.569436368549504e-05, -0.00011807544246744683]
[3.4512668895203547e-05, -7.427970215689861e-05]
[-2.8256550416272397e-05, -9.956517100273565e-05]
[-1.1090268035029993e-05, -5.929536512860878e-05]
[-3.9378611371598815e-05, -0.00010194039645128328]
[3.2267602068536405e-05, -6.629462618379378e-05]
[-8.477896908720695e-06, -4.236489645892405e-05]
[2.0776033638814084e-05, -8.875735883207003e-05]
[-3.4313859681223136e-05, -3.506389177498903e-05]
[3.5395234871948844e-05, -9.127043735901452e-06]
[-2.23661396825392e-06, -7.42417117032268e-05]
[4.241076730693294e-05, -3.5475712053811836e-05]
[8.834099831656061e-06, -4.500413662400504e-05]
[-3.5575407203225495e-05, -2.3516300056036776e-05]
[-1.923114763791034e-05, -3.958105214985075e-05]
[-1.1293662021127915e-05, -5.701699836269114e-06]
[-1.2498843963371087e-05, -4.8004072230378725e-05]
[-1.6374790214879198e-05, -5.007113150612419e-05]
[6.490120343372041e-07, -2.8522253944340825e-05]
[-4.485951869259708e-05, -5.4699939036950695e-05]
[4.251712255598505e-06, -2.0314804368037898e-05]
[-2.309674975542464e-05, -5.06991691504588e-05]
[3.794486726071966e-05, -2.215839216412885e-05]
[-2.262202078107123e-06, -7.25573083006914e-05]
[3.4471218511633595e-05, -2.895125156099354e-05]
[-2.437060832327642e-05, -4.641384480841282e-05]
[3.2761132488623446e-05, -8.016272912514388e-05]
[-6.7744401353042605e-06, -4.700997553119812e-05]
[4.0715615937880756e-05, -6.232743023537601e-05]
[-4.2928465241592884e-05, -8.913978433389147e-05]
[-1.0526113150000072e-06, -5.0328162752077965e-05]
[-1.6746852796289957e-05, -6.19433064781294e-05]
[9.910379753841347e-06, -7.137358185449472e-05]
[2.8939295467199713e-05, -9.640538571157459e-05]
[2.4680800165589184e-05, -5.9520967654911466e-05]
[1.004536603621542e-06, -7.892754130128798e-05]
[1.1065704592319592e-05, -5.790680228878742e-05]
[2.5630300289458674e-05, -4.6941323016080894e-05]
[5.694435798266062e-06, -7.08944820642099e-05]
[3.532652229454314e-05, -5.45294622709136e-05]
[1.1503809335122739e-06, -7.139652553544984e-05]
[1.41771596204876e-05, -4.210920593794576e-05]
[-2.0308582833750144e-05, -7.350399622252368e-05]
[9.369220229871189e-06, -2.439895934636116e-05]
[-1.7000991101356888e-05, -5.499700393318818e-05]
[1.071918850792386e-05, -4.9595453528339384e-05]
[-3.09086756142829e-05, -2.0623023657684314e-05]
[3.029851662006422e-06, -3.456870800813694e-05]
[-1.732888924577125e-05, -3.972925096862312e-05]
[3.7329671525476726e-05, -2.3265547728912317e-05]
[1.452051706607449e-05, -2.8312627225801634e-05]
[-4.256043137473853e-06, -2.8874370465614696e-05]
[-6.191516320086521e-06, -2.274916832778473e-05]
[-1.603915275039114e-05, 6.361199983206944e-06]
[-6.469063183800472e-06, -3.5881877962884445e-05]
[-4.558510361629686e-06, -3.0159057378353893e-05]
[4.827695860409875e-06, -2.8706613715734353e-05]
[-3.220272172033134e-05, -3.890937963246799e-05]
[5.549053585518493e-06, -2.0263581156310106e-05]
[-2.454467381829417e-05, -3.1701989053001256e-05]
[1.0072354644563575e-05, -2.0730646168143352e-05]
[-1.284901843079389e-05, -4.988710023390297e-05]
[2.1789531815752383e-05, -1.7557234724074888e-05]
[-1.2939015883950411e-05, -5.627555297271769e-05]
[2.4433644856269865e-05, -3.7376603401861885e-05]
[-1.6955814118313484e-06, -3.8235226852645354e-05]
[3.912580327636306e-05, -5.179092815976727e-05]
[-6.002504103109693e-06, -5.12396074762167e-05]
[1.1687745976596275e-05, -4.20845011327442e-05]
[-2.533133229241924e-05, -4.258495601017209e-05]
[-2.8974193226893874e-06, -5.977642520416104e-05]
[1.2041081332462428e-05, -5.7264426134014806e-05]
[1.3917445884917973e-05, -4.7638481609865724e-05]
[3.0057669735128467e-06, -7.397957581622983e-05]
[4.789709144026322e-06, -3.920949185354239e-05]
[1.3612901375026354e-05, -3.446491712610911e-05]
[-4.3197936294703254e-07, -4.781863338687575e-05]
[3.0175545951083294e-05, -4.1013478240037315e-05]
[2.179520555700698e-08, -4.97868117212974e-05]
[1.475227211833463e-05, -3.6860671840166503e-05]
[-4.1708723805822245e-06, -4.703642238967909e-05]
[1.3428595339259886e-05, -1.9548783348422027e-05]
[-1.085287486446429e-05, -4.6775542363874933e-05]
[1.1181775097846014e-05, -1.8912568887419212e-05]
[-1.8947592895557364e-05, -2.977897969413945e-05]
[-3.2308737019093314e-06, -2.5913731052734645e-05]
[-2.623037366245029e-05, -2.571443207610713e-05]
[7.362473539718195e-06, -2.0252073062027032e-05]
[2.7359989327457868e-06, -2.0008107989299972e-05]
[1.0718981412249917e-05, -3.170335275004543e-05]
[2.5970956034626624e-06, -6.4184031567382505e-06]
[-1.017680278536659e-05, -4.400838879980995e-06]
[-2.7802274211730094e-06, -2.6171713841449673e-05]
[2.5145890627520373e-06, -7.284427935294602e-06]
[7.518148189333829e-06, -2.5115353160132248e-05]
[-2.311441055380392e-05, -3.301473081895878e-05]
[6.6274888790296416e-06, -1.7625679388288962e-05]
[-2.2863531184968977e-05, -2.09669938433521e-05]
[6.768987029115436e-06, -1.8274698288855973e-05]
[-9.92612764472156e-06, -3.400891001148487e-05]
[1.038403800546206e-05, -2.0840862514526215e-05]
[-1.4090515414122429e-05, -4.269784514754349e-05]
[1.4885797579244908e-05, -2.1741157373966757e-05]
[-7.520898911456131e-06, -4.08963458446987e-05]
[2.414140884732241e-05, -3.1328776933459146e-05]
[4.096387784599011e-06, -3.9484688581281624e-05]
[2.255526063421609e-05, -3.165327324228251e-05]
[-5.496654321035521e-06, -3.534464512910951e-05]
[1.1164031252786089e-06, -4.6593191363075714e-05]
[4.6861708130965796e-07, -2.8544041017288663e-05]
[7.230021720920632e-06, -4.8152826571157964e-05]
[3.3384660278190648e-06, -5.384390168766684e-05]
[4.619201826178143e-07, -2.8502901049332063e-05]
[-3.633261780877639e-07, -3.699577450633207e-05]
[-4.847078623432949e-06, -3.459693580620815e-05]
[2.7612591237513584e-05, -2.8419578528171563e-05]
[-9.102278109851536e-07, -3.669058558020133e-05]
[1.4097854585948255e-05, -3.314783855135062e-05]
[-2.5730575147764334e-06, -3.3842367940906115e-05]
[9.536433629442342e-06, -1.5854844757745568e-05]
[-6.0651025443059225e-06, -3.033235409022339e-05]
[1.2920788903247882e-05, -1.4675929009277944e-05]
[-9.531513729621466e-06, -2.873831444150099e-05]
[4.1171741753665e-06, -1.363331974466031e-05]
[-1.6449422081565857e-05, -2.387091122524332e-05]
[-3.1299485470093202e-06, -1.2603424971918686e-05]
[-9.811915431257034e-06, -2.0282848995689662e-05]
[1.2082979856664622e-06, -2.1028384048382698e-05]
[6.534008014646986e-07, -2.3214978910335304e-06]
[-5.654250636144553e-06, -1.9840788519909225e-05]
[-2.9505498986281964e-06, -1.0275475618160002e-05]
[3.1049278332861974e-06, -3.873258481279507e-06]
[1.0770664848447353e-05, -2.1891146633090663e-05]
[-5.895966641578099e-06, -2.169173814237091e-05]
[8.566913231700113e-06, -1.4669501550323982e-05]
[-2.5216077318424013e-05, -1.5924227899644094e-05]
[4.859022282754921e-06, -1.6439918509858487e-05]
[-7.389711269345511e-06, -2.2373974717604383e-05]
[7.550180325388567e-06, -1.839698833794312e-05]
[-1.0856883946641638e-05, -3.521155244801122e-05]
[1.0834596805731067e-05, -2.088330121974291e-05]
[-9.278176617583123e-06, -3.1107350888293084e-05]
[1.2715475537938836e-05, -2.111848505270686e-05]
[-1.551240577093646e-06, -3.432950710691163e-05]
[1.5813054570601448e-05, -2.2859606965575097e-05]
[2.91393345529245e-06, -3.348010547976621e-05]
[8.853910018952194e-06, -2.9561315275872246e-05]
[3.972671526016741e-06, -2.4338804732845082e-05]
[6.984623268831321e-06, -4.277202889528542e-05]
[6.340769750673436e-06, -2.8841436104265483e-05]
[3.151905539983124e-06, -2.969299726435226e-05]
[-4.9915520756727005e-06, -3.242544607096054e-05]
[-1.0722492733025724e-05, -2.6325955481021346e-05]
[1.2509666054594248e-05, -2.164716945640688e-05]
[-2.8668856294211675e-06, -2.869187616649782e-05]
[1.8664767511777924e-05, -3.141389716043719e-05]
[-1.731532400128799e-06, -2.4106474427076918e-05]
[5.5888516212743156e-06, -1.4498008267693763e-05]
[-4.5779000403811665e-06, -2.2849388560564066e-05]
[1.2237430289108175e-05, -9.328916712514346e-06]
[-7.478923253145808e-06, -2.0722906699965904e-05]
[5.293806022876879e-06, -1.281179796364107e-05]
[-7.36392337885583e-06, -2.0346486191424873e-05]
[8.793221892844372e-07, -8.14499769849486e-06]
[-7.679622900047534e-06, -1.821025324688641e-05]
[-3.154986659037462e-06, -1.0292502990005836e-05]
[-3.6948077577481087e-06, -9.39499900987073e-06]
[-6.936232741283632e-06, -1.625236818136866e-05]
[-5.528744023930443e-06, -2.6627447351490474e-06]
[-4.012638809447466e-06, -1.2257816631056073e-05]
[5.449280925606814e-06, -1.3516510444899765e-05]
[3.231196286979099e-06, -1.616007609639425e-05]
[1.4103207865545642e-05, -1.064592158772637e-05]
[-1.4862925980185793e-05, -1.5746866840249396e-05]
[4.656102829292408e-06, -1.425694300638547e-05]
[-1.0347135163568666e-05, -9.623651708645653e-06]
[6.178172938353654e-06, -1.7862066111873354e-05]
[-6.874162219061564e-06, -2.9481168220213405e-05]
[8.021583281392353e-06, -1.745246058160177e-05]
[-1.0758523828424682e-05, -2.641221064592081e-05]
[1.0029759779373038e-05, -1.82643456276832e-05]
[-1.1437727136412272e-06, -2.5942850791715877e-05]
[8.037668409288656e-06, -1.8841298453642352e-05]
[-8.120763915486773e-08, -2.8597372278893474e-05]
[7.379781757160808e-06, -2.13187117829583e-05]
[4.856954147593531e-06, -2.5568845351483377e-05]
[6.736169610624832e-06, -2.8454134823406585e-05]
[8.314070551046493e-06, -2.199610110370509e-05]
[7.59034152114646e-06, -2.893002865406169e-05]
[2.7351472971504087e-06, -2.1611989933445486e-05]
[-6.843816096235161e-06, -2.3408211073827623e-05]
[1.510917847280524e-06, -1.5403833511840048e-05]
[-8.72121644876489e-06, -2.670035756080491e-05]
[1.3480068324911443e-05, -2.3413612632583458e-05]
[-1.9404183876359227e-06, -1.742514610758583e-05]
[4.9976494314041275e-06, -2.095553421443963e-05]
[-4.601307545981648e-06, -1.59825239207656e-05]
[1.0409479389572596e-05, -4.533855027022415e-06]
[-4.921400419410915e-06, -1.6584719533474512e-05]
[7.807178810992355e-06, -1.0941814906989533e-05]
[-5.902269960333939e-06, -1.5962972213623416e-05]
[-6.924117792461715e-07, -7.178396666279729e-06]
[-3.1159261923985326e-06, -1.372413131450756e-05]
[-1.357803052215445e-07, -7.369603538642799e-06]
[-2.996148222633721e-06, -1.0778976937464435e-05]
[-5.658281938769605e-06, -8.921365032499295e-06]
[-4.1791428397885966e-06, -6.382224278622672e-06]
[-7.189719503974956e-06, -1.1082398781336877e-05]
[-1.9428446675906486e-06, -8.202236423976439e-06]
[-2.3929249748366743e-06, -1.5052355196276679e-05]
[1.1172679736048963e-05, -7.289739579516286e-06]
[-4.9755713678045765e-06, -1.827400027853976e-05]
[8.104146654641653e-06, -7.029982779516164e-06]
[-8.286831226556046e-06, -7.739173224718954e-06]
[6.156199710227739e-06, -1.7926928219669236e-05]
[-2.564160101026225e-06, -1.6800930540350478e-05]
[7.578317121392786e-06, -1.621441564514381e-05]
[-1.2062750279789869e-05, -2.4846226115982084e-05]
[6.445731139059774e-06, -1.560165082459264e-05]
[-3.028243865419583e-06, -1.9615607499967602e-05]
[6.4787393512788505e-06, -1.5772789515533514e-05]
[1.6821408567804785e-06, -2.4829321978059316e-05]
[4.09627275615998e-06, -1.890055893166709e-05]
[1.7606286151546774e-06, -2.1272887346948655e-05]
[4.692756760339006e-06, -2.049561829581964e-05]
[6.477924159892234e-06, -2.1207642051379594e-05]
[5.555949130493787e-06, -2.1545227417041346e-05]
[6.4295646572953835e-06, -1.7982373140323915e-05]
[6.667426375069063e-07, -1.9928374050515174e-05]
[4.4091670359236446e-06, -1.2085458680477501e-05]
[-7.967106695927484e-06, -2.4176111254714527e-05]
[6.966061892210718e-06, -1.2486039835390983e-05]
[-3.7739941632919383e-06, -1.9218122385034064e-05]
[3.5019590904905584e-06, -1.9744569640822718e-05]
[-6.288820303401721e-06, -9.74658376295956e-06]
[4.06817610043575e-06, -8.250457808167688e-06]
[-4.790922428998812e-06, -1.2675693034980284e-05]
[1.193336165505876e-05, -7.851739753594877e-06]
[-3.0131433965685517e-06, -1.2195880157994665e-05]
[-2.566667458570038e-07, -7.756748542503411e-06]
[-2.541717134096899e-06, -1.1679342251214031e-05]
[-8.385704723945508e-07, -3.6123871713922284e-06]
[-1.4676320221340688e-06, -7.917949189639728e-06]
[-3.004747616941472e-06, -8.368106517608886e-06]
[-2.056701596586663e-06, -7.784324425719191e-06]
[-5.551862390040796e-06, -7.029082846221613e-06]
[-1.4234798701995288e-06, -8.132300624519306e-06]
[-5.426789013052158e-06, -1.1419436198201183e-05]
[4.009856438003112e-06, -7.477367035838012e-06]
[-5.903803892204351e-06, -1.606059141590066e-05]
[7.502715322349474e-06, -2.7998514362526095e-06]
[-5.620851758147971e-06, -1.3183883356360226e-05]
[5.587810090190715e-06, -1.119630026547025e-05]
[3.495987324630967e-07, -1.0851436522463231e-05]
[1.0067386978396264e-05, -1.6471134585249736e-05]
[-5.867334962494919e-06, -1.9151827502672525e-05]
[5.309723537294531e-06, -1.3934814341864943e-05]
[-8.412807077339164e-06, -1.4972752452879767e-05]
[3.762015423958154e-06, -1.4844335664565556e-05]
[2.5018566199783154e-06, -2.0336866936365716e-05]
[3.1246692916708785e-06, -1.514027396037898e-05]
[8.02392329121715e-07, -2.0642953861858826e-05]
[3.400602515501224e-06, -1.7993622154769545e-05]
[5.037694140674898e-06, -1.623277184353844e-05]
[2.9120568457649543e-06, -1.6471296087172682e-05]
[4.9809205441841975e-06, -1.7045604528198588e-05]
[8.710420344153896e-07, -1.5874875754606776e-05]
[6.143456124707569e-06, -1.1807696308818727e-05]
[-3.1152303165971063e-06, -1.7954654421226124e-05]
[7.271141292841676e-06, -9.298738261498407e-06]
[-3.1386641073938293e-06, -2.0049577880265623e-05]
[3.740539022079048e-06, -1.1406383034207046e-05]
[-5.101246585592634e-06, -1.0668916701650488e-05]
[-8.091410097499363e-07, -9.4840304085686e-06]
[-8.599644625406633e-06, -9.175390281557227e-06]
[7.544267814907357e-06, -6.723425877402933e-06]
[-1.8488835524799185e-06, -9.113079346256825e-06]
[4.510262770152096e-06, -1.042023749148191e-05]
[-1.1267151536209496e-06, -8.066564069042492e-06]
[-1.847399738297284e-06, -1.7242145590734559e-06]
[-5.472146855645121e-07, -7.763286754114418e-06]
[-6.605833822170837e-07, -5.137607056115989e-06]
[-1.6392188566527466e-06, -6.094764179398471e-06]
[-5.674401294841758e-06, -7.391851059912469e-06]
[3.872343170563397e-07, -7.794516537401597e-06]
[-3.746980950403156e-06, -8.011608778168977e-06]
[2.712064312460072e-06, -7.330973436109334e-06]
[-6.46226258160798e-06, -1.2119977863767062e-05]
[4.344050863691606e-06, -4.8917222679190075e-06]
[-6.310361130190678e-06, -1.2548001427026279e-05]
[3.3814529953879457e-06, -5.622142628003424e-06]
[-1.2257936208293074e-06, -1.268694685807592e-05]
[8.481008075711394e-06, -1.270150014287541e-05]
[2.0933570993308948e-07, -1.5494221191514335e-05]
[8.951162961512438e-06, -1.1813361124768385e-05]
[-6.328672588433188e-06, -1.273212972163762e-05]
[2.231569869115546e-06, -1.4590115325729958e-05]
[-3.282282345778986e-07, -1.2314293123927289e-05]
[2.167511742423578e-06, -1.4490117143328707e-05]
[7.16903998772972e-07, -2.0358053724123942e-05]
[1.5868893218735566e-06, -1.4261292476818593e-05]
[2.2332179017842124e-06, -1.4452072187698395e-05]
[2.655688604233375e-06, -1.427513359197885e-05]
[6.2911820677968855e-06, -1.4081136902377445e-05]
[-5.719395271448768e-07, -1.3177299650335428e-05]
[3.936258591630271e-06, -1.1180582421554952e-05]
[-2.047202899174705e-06, -1.4135126906622553e-05]
[7.23415263748084e-06, -9.076381315420434e-06]
[-1.868586358533264e-06, -1.5146799483778395e-05]
[5.037202538415997e-06, -8.736716586354998e-06]
[-1.9073895691779086e-06, -1.2287614822747983e-05]
[7.389817267000609e-07, -6.007087644088749e-06]
[-7.991269397544798e-06, -8.63307184095774e-06]
[1.6067381407580683e-06, -4.663958260556211e-06]
[-5.242884570710871e-06, -9.085104857975423e-06]
[4.060606795475152e-06, -9.869272301898935e-06]
[-4.2991973092654234e-07, -4.153967683606652e-06]
[-1.2943557250455484e-06, -6.160851775627307e-06]
[-3.0298600917078033e-07, -5.566170088844302e-06]
[1.2665457582716755e-06, -1.2902012305193722e-06]
[3.38560433243984e-07, -5.96550724696332e-06]
[-3.5049024869060474e-06, -6.79875580456013e-06]
[-1.4790018809662797e-07, -6.819575941896527e-06]
[-5.389667642186069e-06, -6.004049515562215e-06]
[3.233461331575427e-06, -6.3615630164770565e-06]
[-3.975025996139081e-06, -1.027104007977897e-05]
[3.342121624116956e-06, -5.4879852931510875e-06]
[-6.298337467347537e-06, -9.880168102327502e-06]
[2.621527522395084e-06, -6.081358629395073e-06]
[-2.8029598565515457e-06, -1.1353425051097155e-05]
[4.207747312579002e-06, -8.965128294236013e-06]
[-7.421391192419247e-07, -1.4756207353361361e-05]
[8.932812323170225e-06, -9.21986163959776e-06]
[-1.7511102699623547e-06, -1.334317951218189e-05]
[4.342887951869212e-06, -1.0704285473672748e-05]
[-3.4446612764277296e-07, -8.528893160220097e-06]
[2.1875543024241217e-06, -1.5694505877877907e-05]
[1.755055935010949e-06, -1.4182661650992412e-05]
[1.0365050303919043e-06, -1.2871573770310146e-05]
[-1.5049731453969928e-06, -1.4710554279123711e-05]
[3.242652864415829e-07, -1.2142032016326798e-05]
[5.337620270273735e-06, -1.1456380996921478e-05]
[7.089345495196742e-08, -1.0780080155869953e-05]
[4.921987734218813e-06, -1.1590966300323302e-05]
[-2.3836067150478923e-06, -1.2314018136283522e-05]
[5.068518633466468e-06, -6.923675948677932e-06]
[-1.5644170947015645e-06, -1.1919458560272211e-05]
[5.201983152014478e-06, -8.538134845581524e-06]
[-1.4925222332484722e-06, -9.993567774868595e-06]
[2.0347248856911193e-06, -5.195303089344794e-06]
[-3.925038831953387e-06, -8.180408297642217e-06]
[2.0258032351616606e-06, -2.7974417893955605e-06]
[-6.014333649106973e-06, -9.418225084933951e-06]
[1.3030400394242747e-06, -5.75488485221598e-06]
[-1.7035727146730295e-06, -5.35114972688433e-06]
[-1.925250356249464e-06, -8.041217484211494e-06]
[-1.6811941969674393e-06, -1.7535349168262826e-06]
[-2.8497196313814754e-07, -2.960153692277423e-06]
[1.042199693213064e-06, -4.848470960105988e-06]
[1.1868596305752988e-06, -5.295818526263041e-06]
[1.6344986435434805e-06, -5.538910432589805e-06]
[-5.592209360805178e-06, -5.233016173833427e-06]
[2.3346729254303256e-06, -6.623252702980809e-06]
[-3.8152978086847256e-06, -6.657660659881159e-06]
[3.1996784595200722e-06, -4.550595785690614e-06]
[-5.19890595196415e-06, -1.0210599416971e-05]
[2.4077751958895277e-06, -6.214859751663138e-06]
[-2.9432046451116634e-06, -8.64940358158428e-06]
[3.3408322018813053e-06, -8.092609614596125e-06]
[-1.532235557738515e-06, -1.273070755658523e-05]
[5.329662075004293e-06, -8.258923690163122e-06]
[-2.1174805956173867e-06, -1.2799485959502643e-05]
[4.903486043206229e-06, -7.12283983644868e-06]
[7.751454022472681e-07, -9.929423189225517e-06]
[2.5152778258957786e-06, -1.2479865941605883e-05]
[3.4572637300465947e-06, -9.835590407111794e-06]
[3.1543333148219277e-06, -1.3592975633844318e-05]
[-4.709090914850611e-07, -1.2026309809676228e-05]
[-1.006343575207791e-06, -1.1079992707968556e-05]
[7.685436018700642e-07, -8.902990773440589e-06]
[-1.2873265929670696e-06, -1.0107081769128445e-05]
[5.530798531327985e-06, -1.1293956761138091e-05]
[-2.0172828330833337e-06, -9.258281951751712e-06]
[3.836028436898786e-06, -7.832684837616455e-06]
[-1.3793482956936387e-06, -1.0697456185537746e-05]
[5.472109835924499e-06, -5.803895090528144e-06]
[-1.5384892356751223e-06, -8.06568552325082e-06]
[1.6889516254448012e-06, -5.827478972986189e-06]
[-2.999703757278205e-06, -6.941326209819465e-06]
[2.3931769648211088e-06, -2.3829571459549337e-06]
[-3.6360632942322724e-06, -7.519061779870384e-06]
[1.9085415028374797e-06, -4.039640733102812e-06]
[-1.9161856212868145e-06, -7.217546481586012e-06]
[-2.0883728171217086e-06, -5.104164262526023e-06]
[-1.9544692104744854e-06, -2.0721243394472566e-06]
[-2.899089817320899e-06, -4.281143535345144e-06]
[-1.7415135016296546e-06, -2.8754517618079234e-06]
[1.0639640690701668e-06, -5.161924658603212e-06]
[2.9896845390453564e-06, -3.817903794056665e-06]
[-2.0984372942622898e-06, -6.770998221661273e-06]
[2.8763807542464548e-06, -5.108116846994082e-06]
[-3.975638293463035e-06, -3.535824775191543e-06]
[3.2669470282353785e-06, -5.60021754270057e-06]
[-3.5839976422202824e-06, -8.091878559546295e-06]
[1.7439093999982447e-06, -5.176062676914839e-06]
[-4.416372800797319e-06, -8.572046107713227e-06]
[3.141065285872102e-06, -7.54509024064598e-06]
[-5.219380361659587e-07, -1.0237645992727806e-05]
[4.192324021601301e-06, -7.4871905347828616e-06]
[-2.4755846165804528e-06, -1.1478096269557092e-05]
[3.389890763372261e-06, -7.0195240357562305e-06]
[-1.29261592464458e-07, -9.33594590107889e-06]
[1.7846215672467913e-06, -8.539922815437029e-06]
[3.239437165434428e-06, -1.0084838649834088e-05]
[3.49654339954885e-06, -1.1822301576473737e-05]
[2.396654284170241e-06, -9.926563658640974e-06]
[1.5816071963839495e-06, -1.012910523920385e-05]
[1.059384575619049e-07, -6.9343575639924104e-06]
[-2.596471196339434e-06, -1.0612972927981357e-05]
[3.4180590286481127e-06, -7.502809772408359e-06]
[-2.303871948133862e-06, -8.551909323140094e-06]
[2.8588293173870127e-06, -9.697428528854246e-06]
[-2.2266068760157243e-06, -8.003197059403e-06]
[4.219630034607569e-06, -5.119578388057544e-06]
[-6.42150618679338e-07, -7.199848087613425e-06]
[3.648201142292251e-06, -5.186606328200227e-06]
[-2.8498257804709937e-06, -5.844330694615429e-06]
[8.576958134831614e-07, -2.2489958305671465e-06]
[-2.8006145604830834e-06, -6.363153196464744e-06]
[2.512117472264208e-06, -3.3763735085151625e-06]
[-1.2864418321711923e-06, -5.808421581376955e-06]
[-1.1877011003580407e-06, -4.2804461331535926e-06]
[-6.682352269304914e-07, -3.7456167411020758e-06]
[-2.6762343707797953e-06, -2.5966193916704405e-06]
[-2.6798291241636463e-06, -2.645728106154266e-06]
[-1.4786547113398996e-06, -4.357192937343157e-06]
[7.193039386343969e-07, -3.6573416687113447e-06]
[-1.2437602802117809e-06, -7.480411589710911e-06]
[3.4569586180310807e-06, -2.2385410615166634e-06]
[-3.060604107929521e-06, -5.1078018914463286e-06]
[3.3860526782447664e-06, -4.9390427751261345e-06]
[-1.4059620931372585e-06, -4.653071859372915e-06]
[2.8655720242243277e-06, -5.552368383787698e-06]
[-4.098442935918101e-06, -7.90811173656536e-06]
[1.7846851148028975e-06, -6.945224751975232e-06]
[-2.2275417974337852e-06, -8.07768293609179e-06]
[3.877613203695507e-06, -6.7308660396947495e-06]
[-1.0091611704152875e-06, -1.0970745848104535e-05]
[2.670963327011666e-06, -6.456920924713394e-06]
[-1.0291293240996535e-06, -8.107312382765741e-06]
[1.4029103964779965e-06, -7.851718755752524e-06]
[2.586137273153516e-06, -8.963027064681078e-06]
[1.724112702092273e-06, -9.261686302403788e-06]
[2.1338642919449535e-06, -9.863202451859676e-06]
[2.789974707990972e-06, -8.547604024328193e-06]
[1.9310017454476913e-06, -6.800227706049711e-06]
[-1.0854040695847111e-06, -8.89486405503126e-06]
[2.888358696939708e-06, -4.7346734468600715e-06]
[-2.193601429084646e-06, -1.0059029607267789e-05]
[2.5231711744400087e-06, -7.358367303644808e-06]
[-2.7749385811959293e-06, -6.846571897090037e-06]
[1.2039539073471772e-06, -6.124611116986589e-06]
[-1.9355477053895065e-06, -5.930064514547695e-06]
[4.244107458806212e-06, -4.6011795941658384e-06]
[-1.504609889013686e-06, -4.434696600497112e-06]
[1.7423234823787936e-06, -3.4081081856096596e-06]
[-2.6147424319056256e-06, -5.74728863034224e-06]
[1.705200156632003e-06, -1.443008053783612e-06]
[-8.932502142400267e-07, -4.977611865131237e-06]
[-3.430739237142433e-07, -4.429377150005909e-06]
[-5.045882445209315e-07, -3.2493162374080953e-06]
[-2.4111159053763487e-06, -2.1854104420016007e-06]
[-1.0781396098114016e-06, -2.8933584237944565e-06]
[-1.086017513585169e-06, -2.958200344127526e-06]
[-7.236809480559714e-07, -4.153374911358698e-06]
[-2.3942984939129275e-06, -5.891654106915389e-06]
[2.389221301024591e-06, -2.3563513677493653e-06]
[-3.2021851972263704e-06, -6.4821963902117474e-06]
[2.375114617536589e-06, -2.1491587272326473e-06]
[-1.1192144214189348e-06, -4.787778174364377e-06]
[3.767028065038147e-06, -5.175094761111776e-06]
[-9.64094584221531e-07, -6.574451698937445e-06]
[2.6947544125022205e-06, -6.256520233949292e-06]
[-3.343567616304055e-06, -6.411809965078952e-06]
[2.6371800071478546e-06, -7.213342109291254e-06]
[-1.07461187756272e-06, -8.544144554478716e-06]
[2.3433010896134476e-06, -5.446359266636502e-06]
[-1.3187160348010485e-06, -9.00573291301443e-06]
[1.018958381601709e-06, -7.13544629937779e-06]
[2.173910604425476e-06, -7.073100811286204e-06]
[1.4441441252670273e-06, -8.223805763433317e-06]
[2.047578115643711e-06, -9.19307792848767e-06]
[1.4636213162139144e-06, -7.5662908827489606e-06]
[1.2993048235931948e-06, -6.685536385886426e-06]
[4.124848446487861e-08, -6.649188132756834e-06]
[3.5324401965186603e-06, -4.950193221220367e-06]
[-1.5261103912811436e-06, -8.953269045597345e-06]
[3.25649487720181e-06, -4.980976444635132e-06]
[-1.3186086535721397e-06, -7.808043213208826e-06]
[6.048344319831145e-07, -5.047959538817537e-06]
[-3.3131118377660584e-06, -5.410208537171002e-06]
[1.557800751839089e-06, -3.7005781530485837e-06]
[-2.0857718301403594e-06, -4.029138911731955e-06]
[2.693559375099852e-06, -4.686227716890756e-06]
[-1.9701806982519443e-06, -3.642942790094139e-06]
[1.3028772565260027e-06, -1.931270886962322e-06]
[-4.938707292012623e-07, -4.915338905009392e-06]
[9.542470860157692e-07, -2.5516498457500703e-06]
[-2.627030724067225e-07, -2.7946192129868486e-06]
[-2.734219903821611e-06, -2.765415013983308e-06]
[-8.905941393244632e-07, -2.6925577397141076e-06]
[-9.15146600943828e-07, -2.039006649079411e-06]
[-2.92049828765073e-09, -3.5381977065568337e-06]
[-1.6778369223979794e-06, -5.069073559238468e-06]
[1.6319057980496154e-06, -3.5571656149605e-06]
[-3.6027209411315653e-06, -5.102897787989669e-06]
[1.6238744839913721e-06, -1.66147130320482e-06]
[-2.223832296699424e-06, -5.376265001633129e-06]
[2.0354337686434576e-06, -3.6232497273025466e-06]
[-1.0368081479472657e-07, -6.456552341882471e-06]
[4.087419160692107e-06, -4.951753387771873e-06]
[-1.453676543805571e-06, -6.574382597213102e-06]
[2.7820219413166036e-06, -6.53742880390995e-06]
[-1.377591463685426e-06, -5.489292935867418e-06]
[2.2375494401205565e-06, -6.387893498494002e-06]
[-1.0667655185453429e-06, -8.078289739116284e-06]
[2.2963404676390464e-07, -5.94294509539961e-06]
[2.758122859200518e-07, -7.010993559271317e-06]
[1.1673079098216063e-06, -7.47816313041022e-06]
[2.9823108667753617e-06, -7.996417386357813e-06]
[1.2441445898445092e-06, -6.635355152773137e-06]
[7.752562640184202e-07, -6.569036250181348e-06]
[-2.930708010544236e-07, -6.208066686219649e-06]
[2.928350761544074e-06, -4.29966565967943e-06]
[-1.3818310112267973e-06, -6.712815962539587e-06]
[3.4662111387806505e-06, -5.22573504890822e-06]
[-4.561099896382981e-07, -7.376570042683106e-06]
[1.7457397349929238e-06, -3.901621531798849e-06]
[-1.8145040649453215e-06, -5.302329104339698e-06]
[6.254409560257912e-07, -2.458260715126892e-06]
[-3.3268906902694795e-06, -4.832424176703931e-06]
[1.51452838104138e-06, -3.4200141417334295e-06]
[-2.1002356764832086e-06, -2.9175016644789054e-06]
[7.285415961622022e-07, -3.932882874410626e-06]
[-1.003885523376269e-06, -3.177589770197997e-06]
[1.260604645336727e-06, -1.9584475324796458e-06]
[7.917709401450423e-07, -2.761558762776062e-06]
[-8.875283101783538e-07, -2.5953366410425005e-06]
[-7.893874764963726e-07, -2.394776593694914e-06]
[-2.089519334225187e-06, -1.291738256914421e-06]
[6.250727579981685e-08, -3.4051421149844385e-06]
[-8.582793746825246e-07, -4.350989724177801e-06]
[1.5598684985906885e-06, -3.011064776889394e-06]
[-3.355944611760364e-06, -4.8724136312294775e-06]
[1.827995407266414e-06, -2.5149589630846236e-06]
[-2.2445076476862447e-06, -4.064944519877045e-06]
[8.638346705724942e-07, -3.04363501318905e-06]
[-1.141020424366701e-06, -6.16156103394605e-06]
[2.8706473860218296e-06, -4.353446630189772e-06]
[-7.499823008738637e-07, -7.0422699028904745e-06]
[3.4565786100060336e-06, -4.322331228157061e-06]
[-6.726809616550752e-07, -5.475839254642789e-06]
[2.4981791177103307e-06, -6.391780171921546e-06]
[1.745363562774549e-07, -5.525820297475059e-06]
[9.434375547179297e-07, -6.2047753214278245e-06]
[-7.373355724923231e-07, -6.545290441736795e-06]
[-1.8880980945292641e-07, -6.898797923017563e-06]
[1.628161872990752e-06, -6.647566171164021e-06]
[1.193448715384321e-06, -5.86096663043878e-06]
[1.6101574268345686e-06, -7.1990323081694285e-06]
[-3.78022932838451e-07, -5.345089207242637e-06]
[2.0541734344625695e-06, -3.5860386674024802e-06]
[-1.1953071555187433e-06, -6.185592620111535e-06]
[3.5689622980283886e-06, -4.596697110559322e-06]
[-9.46523086020612e-07, -6.033225248169849e-06]
[1.4770445709855196e-06, -4.197717969334214e-06]
[-5.8609877207072e-07, -4.721018583508929e-06]
[1.4919051217754387e-06, -2.0508922098372295e-06]
[-2.5647764707592557e-06, -4.424628403776332e-06]
[1.1480479754633066e-06, -1.918860559446678e-06]
[-2.2571030531270964e-06, -4.278066449869833e-06]
[1.533726500246857e-07, -3.2951788196261544e-06]
[-1.7375728823543213e-06, -2.1565337225970538e-06]
[-2.961355750619177e-07, -2.8827497903227695e-06]
[4.4697343715149884e-08, -2.034763297853459e-06]
[5.552718232992859e-07, -2.625979295456382e-06]
[4.87873577093012e-07, -1.553648804386576e-06]
[-1.407355642135677e-06, -1.7589040236520859e-06]
[-1.5186623958385326e-08, -3.4504079663155718e-06]
[-9.836063484813806e-07, -2.3116405867273926e-06]
[1.5754717961335984e-06, -2.9793858741453128e-06]
[-2.853656624890455e-06, -5.1210659278710935e-06]
[1.4892170068225852e-06, -2.231695615806384e-06]
[-2.553539500627089e-06, -3.484285673205356e-06]
[1.2973335643540196e-06, -3.0416623423845657e-06]
[-6.480625031612952e-07, -5.207447517641128e-06]
[1.6424030552242286e-06, -4.3339303403833185e-06]
[-1.5267679996239236e-06, -6.404539185378422e-06]
[2.908385240751876e-06, -3.7304093110090975e-06]
[-6.665155317820554e-07, -6.0227962352943365e-06]
[2.100657510106796e-06, -4.375461251537871e-06]
[7.69825823313669e-07, -5.168535492733328e-06]
[2.0448189519128857e-06, -6.177840691373726e-06]
[7.097435994179307e-07, -5.423988541176927e-06]
[2.4698735399345667e-07, -6.513939478994257e-06]
[1.5439665482230858e-07, -5.1292500540534025e-06]
[1.471074189303423e-07, -6.313086893638964e-06]
[1.358549617774818e-06, -6.279210775977928e-06]
[-4.388142013245916e-07, -4.241457769726953e-06]
[1.3508004239048965e-06, -4.770384644914305e-06]
[-1.2804692622603309e-06, -5.42803269920622e-06]
[3.687701380539199e-06, -3.384745923817878e-06]
[-6.189659596811392e-07, -5.436289719162879e-06]
[1.6725000819839408e-06, -4.291175968451633e-06]
[-9.380575256012769e-07, -4.257358653947385e-06]
[9.062669159565218e-07, -1.8269607170440239e-06]
[-1.6330799256225603e-06, -3.407247705422556e-06]
[1.819833292837636e-06, -1.9215725150928398e-06]
[-1.8678908226821278e-06, -4.2543702838404585e-06]
[3.649442683606452e-07, -2.1212947663579174e-06]
[-1.119317763254024e-06, -2.9861414581056067e-06]
[-9.628084431945183e-07, -2.3966772902672684e-06]
[-1.3824641779125457e-06, -1.6807802897256252e-06]
[-5.874958135532182e-07, -2.526380393830241e-06]
[2.8854336964201366e-07, -1.1358686258233774e-06]
[-3.367152423550124e-07, -2.9822338472040855e-06]
[4.958368819973913e-07, -1.9688328127959176e-06]
[-7.97471853331011e-07, -1.911273181720574e-06]
[1.8312185681157445e-06, -3.4568084531019783e-06]
[-1.6063166318192046e-06, -3.6177670572623555e-06]
[1.4938624786076105e-06, -2.1336389768311648e-06]
[-3.339516612688165e-06, -3.633711077588586e-06]
[8.896665246727053e-07, -2.9214658329168586e-06]
[-5.432846272301894e-07, -4.2157450341751e-06]
[1.74324252266711e-06, -3.816750490437393e-06]
[-1.1200983746212367e-06, -6.226905863271348e-06]
[2.263020434434271e-06, -4.0810767280574645e-06]
[-1.2029596326941158e-06, -5.074544228877986e-06]
[1.6119469539166431e-06, -3.513510895725158e-06]
[4.1458010567249626e-07, -5.424734214720672e-06]
[1.3409333341068974e-06, -5.014039886813704e-06]
[1.325838867385215e-06, -5.306667497935458e-06]
[1.6320127687562136e-06, -5.636858725677207e-06]
[9.389058610240197e-07, -4.664224011879936e-06]
[1.3971277636193324e-07, -6.2307581039366955e-06]
[8.57138885285158e-07, -4.164736021300408e-06]
[-4.997359238315818e-07, -4.963438934413311e-06]
[8.376265395182436e-07, -4.832420621991851e-06]
[-1.943394496606299e-06, -4.2579073719073435e-06]
[2.301840992591231e-06, -3.54839849442401e-06]
[-5.773993344282413e-07, -4.888724212892548e-06]
[2.8202785298248045e-06, -4.060696726038149e-06]
[-5.846626934258303e-07, -3.611029377847963e-06]
[4.553397251472191e-07, -1.93462006475853e-06]
[-1.589647468214217e-06, -3.3293910439713414e-06]
[1.7459628138816186e-06, -1.2102706762745497e-06]
[-1.6125130315458591e-06, -3.2677782147993994e-06]
[6.209614905605676e-07, -2.5088458516231427e-06]
[-5.619999376982321e-07, -3.169179640827302e-06]
[-5.348620377709778e-07, -1.5705190024306592e-06]
[-8.730314121629945e-07, -1.847082718442472e-06]
[-1.0884843455460924e-06, -1.8352847495073377e-06]
[-9.016780736503804e-07, -1.7350650929337519e-06]
[-9.086354810783348e-07, -2.7525452358512226e-06]
[3.815522643391134e-07, -1.071055016621525e-06]
[-8.500199391026086e-07, -3.1760519664247866e-06]
[1.4974419831892405e-06, -2.319417438764737e-06]
[-6.477414090100275e-07, -2.8313287153691746e-06]
[2.4440929489166763e-06, -2.379860117390775e-06]
[-2.24304442153489e-06, -3.2810788946902036e-06]
[6.610600796763677e-07, -2.817832088386485e-06]
[-1.6542112269424258e-06, -3.0652450920820584e-06]
[1.3982057150419003e-06, -3.850169898178546e-06]
[-5.647932030949931e-07, -5.880438695204937e-06]
[2.0119683323271964e-06, -3.466094362025718e-06]
[-1.5130372309534248e-06, -5.061300458242268e-06]
[1.582190797266847e-06, -3.6712545511130568e-06]
[4.869355861129854e-07, -4.407580649790077e-06]
[6.435325892173438e-07, -4.289912118760064e-06]
[7.781881689490622e-07, -5.379807723689817e-06]
[1.2975141311438385e-06, -4.980349028318315e-06]
[1.2667069470354009e-06, -4.761181320672714e-06]
[8.958155233995679e-07, -4.7892685019756964e-06]
[1.3227702777285355e-06, -3.743978940207171e-06]
[-1.4607717115089347e-07, -5.428942873253462e-06]
[1.208915042516523e-06, -3.3021853310666316e-06]
[-1.5521528847484145e-06, -4.426680723867982e-06]
[9.741979891120245e-07, -3.433468373725823e-06]
[-1.7408449277944715e-06, -4.444046421636649e-06]
[2.166362788935672e-06, -3.640161704177025e-06]
[-2.883622871596714e-07, -2.960180087274722e-06]
[1.1227351623954718e-06, -2.983463269629061e-06]
[-1.3812398622081723e-06, -2.6759339638582347e-06]
[1.3898711641591177e-06, -4.856490829346916e-07]
[-1.2703713611061929e-06, -3.2590809033727908e-06]
[1.1244956829026265e-06, -2.1865929196451805e-06]
[-7.413786961008029e-07, -2.635028205577594e-06]
[-9.236663206513285e-07, -1.7579855993155036e-06]
[-2.0229482167177792e-07, -1.7892828769738855e-06]
[-4.3693511542208796e-07, -1.3208097535688523e-06]
[-7.966853228236204e-07, -1.7772942200178221e-06]
[-1.1315451113880215e-06, -2.067581083509129e-06]
[-1.5636911765426476e-08, -1.894049153225441e-06]
[-1.3054294564218694e-06, -2.9643243992794055e-06]
[7.317854042732108e-07, -1.2695925905442662e-06]
[-1.1366459308215227e-06, -3.3905149074975327e-06]
[2.1399187256632146e-06, -1.877991445464744e-06]
[-8.425256853294982e-07, -3.2496584014829466e-06]
[1.7162527679026596e-06, -2.2161756243199715e-06]
[-1.3898620159491504e-06, -2.731424152413453e-06]
[1.0743687686165515e-06, -4.14540502774452e-06]
[-6.547128823530812e-07, -4.1132521871878325e-06]
[1.8584821280809294e-06, -3.4822408045975806e-06]
[-1.6621315463314842e-06, -5.471533086665037e-06]
[1.0965497872217345e-06, -3.165933989718317e-06]
[2.4049142038906623e-08, -3.849911514197668e-06]
[8.555124844933371e-07, -4.024855853324016e-06]
[1.2842705027320267e-06, -5.000075873243248e-06]
[6.710315567301506e-07, -4.663432194598055e-06]
[5.416597267174361e-07, -4.468706143026524e-06]
[8.543305743853591e-07, -4.132338672330205e-06]
[1.4703327762266571e-06, -3.868001221429829e-06]
[-8.000098874159922e-08, -4.245321597595719e-06]
[1.6138018633093942e-06, -3.0502754503891616e-06]
[-5.131230826072031e-07, -4.705216611333718e-06]
[1.4116073585035416e-06, -2.6038596255273383e-06]
[-1.7092045289379687e-06, -4.340207334918578e-06]
[9.456158247544977e-07, -2.7285980910840557e-06]
[-1.097485732737269e-06, -3.365764317919684e-06]
[9.680002724943293e-07, -3.108676566943025e-06]
[-1.276342064593372e-06, -1.6239228295411579e-06]
[9.777506152497395e-07, -1.4914927828901803e-06]
[-1.1891503782779367e-06, -2.821215666970467e-06]
[1.8344583559981587e-06, -1.3204328048466163e-06]
[-2.2643119346188456e-07, -2.506882476938088e-06]
[-7.452051982159702e-07, -1.9409551156868154e-06]
[-4.447384676087296e-07, -1.7304226029857261e-06]
[-8.49637272981596e-07, -7.931523613446956e-07]
[-3.621178914503531e-07, -1.4216592264804095e-06]
[-4.990872194410301e-07, -2.1259071859014433e-06]
[-1.8992166395115362e-08, -2.0843382507046426e-06]
[-1.4143279413181276e-06, -2.2745634015164384e-06]
[7.699648264525294e-07, -1.6706135764002483e-06]
[-1.4690230661362769e-06, -3.042066065939153e-06]
[9.302054168047746e-07, -1.4324796488163205e-06]
[-1.2257217624211947e-06, -3.40565246925717e-06]
[1.842309319988189e-06, -1.6648071737568326e-06]
[-5.374161879678763e-07, -3.346726097919195e-06]
[1.4694256635361391e-06, -3.100901896424535e-06]
[-3.6640847249358455e-07, -3.2006855325561467e-06]
[2.045985364629299e-06, -4.125098926610615e-06]
[-1.0516196761764345e-06, -4.378067732735413e-06]
[9.25712568072834e-07, -2.9918300858411406e-06]
[-1.116994881446981e-06, -3.8235786186113785e-06]
[3.044262036899781e-07, -3.7824531018693097e-06]
[1.420733228235313e-06, -4.425588227739696e-06]
[8.176874403556869e-07, -4.0591305687925905e-06]
[6.500420910229843e-07, -4.730977760533661e-06]
[5.80721410747137e-07, -4.076538195799118e-06]
[1.077855561221197e-06, -3.0873895131844353e-06]
[-1.566975309456181e-07, -3.555301788082943e-06]
[1.6058641263416717e-06, -3.3264768086738172e-06]
[-5.87090438597393e-07, -4.0549728958505504e-06]
[1.6305697041474332e-06, -2.490243591946051e-06]
[-6.010250854227017e-07, -3.951391753354017e-06]
[1.2906493278563858e-06, -2.186985759267124e-06]
[-1.2903707253819618e-06, -3.6904902832590736e-06]
[4.6840187784003007e-07, -2.0031124104702425e-06]
[-1.3762007984308156e-06, -2.0985438337062234e-06]
[3.863274881110712e-07, -2.0037837085012944e-06]
[-1.7770207317857611e-06, -1.8010578858307369e-06]
[1.2993522930937473e-06, -1.5546274319544473e-06]
[4.5609068410890075e-08, -2.24009080940224e-06]
[4.929394313846203e-07, -2.030924032003778e-06]
[3.760523559215301e-09, -1.3855793950523498e-06]
[-1.1856053315772996e-06, -5.614884650007035e-07]
[-4.2927686638716267e-07, -1.6809033912823512e-06]
[-2.8470598922858414e-07, -1.4052224572291827e-06]
[2.6361598015611776e-08, -1.6626922866858074e-06]
[-1.3996355605616628e-06, -2.654820959402393e-06]
[8.773783456428319e-07, -1.854691807523512e-06]
[-1.2857223219420177e-06, -2.2748949940476493e-06]
[9.027565804897719e-07, -1.4683725983177798e-06]
[-1.3981181844480162e-06, -3.0998561607598063e-06]
[9.292530008808697e-07, -1.845463053151697e-06]
[-9.0144111997148e-07, -3.3340735071107908e-06]
[1.4848426127533898e-06, -2.0951607484498425e-06]
[-1.446646342717628e-07, -3.740325230205954e-06]
[1.9568933641855857e-06, -3.4287398065213637e-06]
[-2.0552690236427112e-07, -3.5698307856435463e-06]
[1.766535710795436e-06, -3.2847515306355657e-06]
[-8.539884718862523e-07, -3.338562102384035e-06]
[-1.3662244892354014e-07, -3.7043930277147474e-06]
[3.7910234301774537e-07, -3.4393331490613355e-06]
[4.6912178701744023e-07, -4.02781714517117e-06]
[9.01732158040125e-07, -4.944250100780145e-06]
[4.727243323315866e-07, -3.3228887175301702e-06]
[6.412541196654242e-07, -3.1664190194291564e-06]
[-4.9848027740273526e-08, -3.501176688458507e-06]
[1.93303971263159e-06, -2.670988525604878e-06]
[-7.655911678575156e-07, -3.5295453337802485e-06]
[1.2103572238908455e-06, -2.7404262917807287e-06]
[-5.196115263617074e-07, -3.5630824994914434e-06]
[1.4736001469062288e-06, -2.026166776664118e-06]
[-6.903208376041192e-07, -2.992959848291399e-06]
[8.113667441245198e-07, -1.7220995432165598e-06]
[-1.1514569272508268e-06, -2.777993012847979e-06]
