[-514.4114370746419, -1177.4539280519866]
[27.309241727808406, -20.125674562008186]
[6.040107459475209, -10.1564584984596]
[-3.0588530377612972, -3.068332585466166]
[5.180194935913391, -2.871793887164287]
[3.875426665503255, -1.2618848156045601]
[-2.1626577805364633, -2.0306508590375216]
[1.5473780210566588, -0.39683509211616297]
[0.7056796139421522, 1.6277177148732243]
[-0.20123323935979442, 0.6258464108968838]
[1.0306576482757634, -0.1225297158940517]
[0.6022994880181045, -0.873469491984153]
[0.3037908969937604, -0.729075848353613]
[0.4087013062140912, 0.3464632827826275]
[-0.07597452607029709, 0.4180073253826535]
[0.028841782371266333, 0.1764559792193756]
[0.5495703242718086, -0.1327602349373862]
[-0.14740720772739735, -0.33712536966669404]
[0.26716414353075635, -0.15983473770794632]
[0.28778725164656294, 0.05328396142365932]
[-0.011552970156675002, -0.17587294995277958]
[-0.04604729570739785, -0.09656940346325271]
[0.17669527438164367, -0.07637367960498764]
[0.013620953204978137, -0.08003241834172914]
[-0.03111742867740175, -0.043311714189347095]
[0.15594936451192576, -0.09534114241193947]
[0.13060004075410703, -0.0758395641881977]
[-0.023249134282719908, -0.03826170342017399]
[6.896329503902621e-06, -0.06128329934793442]
[0.15800117643259348, -0.07604551040178364]
[-0.05555779921081694, -0.03675843533288159]
[0.04592540297012171, 0.009056394935434753]
[0.09653146642617116, 0.09651921292629062]
[0.016495035129388214, 0.01738717605567608]
[0.04447711415172506, -0.0774153575039529]
[0.07583113044442413, -0.08544919189947286]
[0.01605453031394788, -0.014851030315503166]
[0.04039977067838407, 0.07540807615601963]
[0.026840490155045416, 0.051420377541941065]
[-0.009146178872587285, -0.012825066610793634]
[0.09007954060997925, -0.053859019766823835]
[-0.0012996183315205911, -0.04293001671500285]
[0.01033707294779429, -0.01085667784599842]
[0.053652773259914355, 0.013075878914689198]
[0.027607032261364628, -0.03175779310438642]
[-0.027549725347927545, -0.027931938430346026]
[0.03792913669545139, -0.01979868903397719]
[0.026197774483392305, -0.016869804285670087]
[-0.0156445912349176, -0.019971842887136604]
[0.025551769027798654, -0.027926801015534686]
[0.04001068039192779, -0.013090390550350772]
[0.0019779639662349524, -0.012277048165943327]
[-0.009671456905935294, -0.018355046269687314]
[0.05171548476734156, -0.02053789433433373]
[-0.00047184207815043067, -0.005087493562339063]
[0.0015180717680625122, 0.009693349797840867]
[0.02417225780332899, 0.019497196047082]
[0.01774598857387666, -0.012025055934121731]
[0.006354335663909083, -0.027006157610389714]
[0.026858921562332938, -0.016262753853041545]
[0.014494640064130593, 0.014998332477226484]
[0.00870135407187611, 0.031794603757272055]
[0.01762462833128886, -0.0011794053773117597]
[-0.004277133543736156, -0.021232016340825055]
[0.022707037926776863, -0.020853906839311875]
[0.009613109076627602, -0.005291711571921542]
[0.0016056430238613473, 0.007580080603196038]
[0.013375257366994298, 0.004070090589751718]
[0.027437675137060302, -0.017950199344774376]
[-0.01269747464972304, -0.015128385075466433]
[0.004684339094429502, -0.013528812869663565]
[0.020464622970847973, -0.00745907300725257]
[-0.0068934863800686474, -0.007048973884026477]
[0.0025070320885967057, -0.010777457814365121]
[0.02147402813620225, -0.0006146544704472845]
[0.006915803372358198, -0.006303120909694648]
[-0.006382648652381917, -0.012983983653944264]
[0.022646408618949287, -0.01010186265542945]
[0.003857737535233774, -0.0011235942892011686]
[-0.001098825741495446, 0.005450609362766201]
[0.005811560987611486, 0.006212356778649064]
[0.013854948155467284, -0.00966945567748656]
[0.005168258357928224, -0.00848308418368715]
[0.00955733565533734, -0.00010047183516270763]
[0.010768131988550422, 0.009148451048045736]
[0.0036952375187766506, 0.009826945103602935]
[0.007894708360901781, -0.010397392737158562]
[0.0005883105068020811, -0.013332810879063572]
[0.007495314112262008, -0.0026992571769515195]
[0.006650877276020317, 0.0059144044045758015]
[0.005467345844520466, 0.004265651792934477]
[0.000527600742047607, -0.0039685877530963865]
[0.01684463537730485, -0.014856856415559783]
[-0.0018601756162210936, -0.009528054655083773]
[-0.0048061855980016666, -0.005461458854719048]
[0.013420967530723166, -0.0012673618823030308]
[0.0024267885132414346, -0.001677243887717117]
[-0.004514240943471748, -0.005120386690086409]
[0.010781108432048159, -0.0023797940856713495]
[0.008644015529585714, -0.006913200395370467]
[-0.0060980539886679175, -0.008795206032234049]
[0.011351259652023327, -0.004732854855527435]
[0.00526451814994644, 0.003250489811760904]
[1.3322940281668139e-05, 0.004501466762926398]
[0.0019279734512975821, 0.00017260095707727352]
[0.008897001894628609, -0.007190796323969906]
[0.0036807947588375356, -0.0033850264757167015]
[0.0035374749685654905, 0.0023204217190406773]
[0.005963266924161381, 0.005429940378173903]
[0.00372121692247962, 0.0016389926470785632]
[0.005566140951094312, -0.007827180527832489]
[0.0012953087864646662, -0.004927689977809457]
[0.003983470025200386, 0.0016326655218588115]
[0.002928788666150872, 0.005177509057244123]
[0.004731764145651907, -0.0013868926819329275]
[-0.0016730772935287241, -0.007440748637920436]
[0.008595257955189006, -0.008025272265943073]
[0.0033151775025950236, -0.0031171204963407195]
[-0.0032680069234469755, -0.0010729949599945776]
[0.005998192733035895, 0.00012216569889555995]
[0.005719439929246506, -0.0033703012897313145]
[-0.0043587160563328675, -0.005009612626443616]
[0.0018460158656030679, -0.0029602280507015077]
[0.00939393114974063, -0.005195829184247103]
[-0.002928850580289133, -0.0026665866860122733]
[0.004479784678673493, -0.00048544826188212653]
[0.006368266361969965, 0.002672642051097629]
[0.000996696880670278, 0.0013267028655210567]
[-0.0009227787141616872, -0.004087295939292468]
[0.006288668632343786, -0.005406178860312139]
[0.0020272737778999073, 0.0010450396228554037]
[0.0016350112106673365, 0.0038150113979522615]
[0.004686585894793538, 0.0035550857708837036]
[0.002727119591509286, -0.001338289438063578]
[0.004743662461940801, -0.006342990644052637]
[0.0010681976158775086, -0.001519327539948323]
[0.0013706869330163407, 0.0016787196714194152]
[0.0017794797377383986, 0.0026073341937198347]
[0.003863641612073865, -0.0024010971726218244]
[-0.0015106604417836067, -0.005719449351063499]
[0.004942433568222548, -0.003158108970445994]
[0.0037526191095668127, -0.00016403401806996953]
[-0.0010882891419280172, -0.0016158943280655258]
[0.001791637776525079, -0.0018079623124387378]
[0.004524832449969263, -0.003735322436742017]
[-0.0011556874320311078, -0.003531843457720063]
[-0.0017441009744525449, -0.001018871779092878]
[0.007262263578911687, -0.0022945423292926037]
[0.0008612277881203667, -0.0004982734520115883]
[0.00024986414043959293, -0.00022733220269444132]
[0.004202710117596098, 8.706581393003177e-05]
[0.003127296622083886, -0.0014256812671464836]
[-0.0022696169823612777, -0.003439872803393307]
[0.00443263352049339, -0.0017712016224535887]
[0.0026867652759214877, 0.003542618259881003]
[5.939911514563079e-05, 0.0035533638135176737]
[0.003582173121143839, 2.732006178884916e-05]
[0.0019961070458496266, -0.003604450647328561]
[0.002733348009292147, -0.004106581850659818]
[0.0016394938449177943, 0.0006832804340383136]
[0.0008815973576243863, 0.0022820992962708786]
[0.0008826189560302566, 0.0014290123506570662]
[0.004022151790937789, -0.0030363840053762026]
[-0.00147467554956493, -0.00400370713749254]
[0.0019978432123980566, -0.0015995188516382264]
[0.0033624238437376386, -9.342489627439665e-05]
[3.918486990303616e-05, -0.001562344884683653]
[0.00031335050163081024, -0.0022928345321610033]
[0.003515078263454069, -0.0023544752922735612]
[0.0009000277125776196, -0.0014804128633312263]
[-0.002217547660757102, -0.0009139814564689264]
[0.00415082437731451, -0.0015964790707019283]
[0.002000622101625993, -0.0004073173702252575]
[-0.0005390155551043829, -0.0009141803023196005]
[0.0016376294810713787, -0.00023854570370818173]
[0.004435496368162539, -0.0014634097367198784]
[-0.0009912559257667652, -0.0016811017770773096]
[0.0019306436785497816, 0.0005456402210359812]
[0.002840832079216149, 0.0025398401097145307]
[-0.00019826183023141652, 0.001303298708946965]
[0.0015009325614778746, -0.0018145567521448136]
[0.0021613630468655387, -0.0033404925946372704]
[0.0019399630833580872, -0.000657668465037009]
[0.0013302324843444957, 0.0024426791118863367]
[0.0018116954912654748, 0.0011248804630690223]
[-0.00014264652447781856, -0.0004909565739257271]
[0.0029446409725809586, -0.0038146092175135315]
[-0.0004663963568527496, -0.0027079780825995936]
[-0.00011494129819357435, 8.073524466456483e-05]
[0.0027179354270437384, 0.00030093160413002806]
[0.0016623550656762465, -0.0010646871363805266]
[-0.000695869517362474, -0.0021162637881661506]
[0.002396364911300908, -0.002152647486170556]
[0.001985956448939459, -0.0010401038848049105]
[-0.00230280322089782, -0.001178243954476077]
[0.0022364096456438665, -0.0012779957253070684]
[0.0021711930560557313, 0.00038028868134998284]
[-0.00011534467928608905, -0.0005315034025725751]
[0.00048123795275500925, -0.0003289304196514298]
[0.0038829270423148543, -0.0013008168959727229]
[0.00023816722945690927, -0.0011006895639061876]
[0.0004709681449619474, 0.0008382927903234361]
[0.0018496332321542575, 0.0014316557051047285]
[0.0007730249475637052, 6.25298876832936e-05]
[0.0006003542024131114, -0.0015393579357356746]
[0.0015683739268381736, -0.0015739698602533908]
[0.0020649251227302656, 0.0009027690338312411]
[0.0004439051495199742, 0.002024711864715867]
[0.0017891143792867492, -0.0007687076592142184]
[-7.978241244988027e-06, -0.001988997650791191]
[0.0015977287751146596, -0.0026892966114169248]
[0.0005877184310498773, -0.0005861857629931855]
[-0.0002496289170005467, 0.0010187258983327396]
[0.0011933725506099169, 0.00013846768465219927]
[0.002466249066304216, -0.0017517077247098944]
[-0.0008375235395777919, -0.0024895162003958915]
[0.0006007016729444592, -0.0016641424899337953]
[0.002870183901204637, -0.0005942697548053655]
[-0.0013671236836776401, -0.0004791232911673937]
[0.0007487710454127106, -0.0004909509989388106]
[0.0022505817120799243, 0.0002994476719988537]
[0.0002569201334250426, -0.000648875256755499]
[-0.0005351894917065003, -0.0009359389098128057]
[0.0030452766999724545, -0.0013905760465848793]
[0.0008157168838169859, -4.8309572949323254e-05]
[0.00018122511730700452, 0.0011146542908855306]
[0.0013423599478983306, 0.0008270053468943939]
[0.0012263225177764348, -0.000344771366034613]
[0.0005217187148871538, -0.0014640478937382184]
[0.0006157396535080295, -0.0005561433651964862]
[0.0015756610465000875, 0.0011590073631588815]
[0.0003245657661357093, 0.0009315633849555915]
[0.0014575071368145842, -0.0012860771656444392]
[0.0003888481170886138, -0.0018418869708822783]
[0.0012154196735537637, -0.0012870936050983772]
[0.0006498392317668689, 0.0006868334428673517]
[7.050831844018432e-05, 0.00029416353184674726]
[9.166991617562403e-05, -0.000911339352690943]
[0.0019276625065739739, -0.0018855511575750494]
[-8.177832770447924e-06, -0.001980787791695693]
[-0.0003480284601987127, -0.0004262547437197117]
[0.0026492012743034865, 5.731721438406723e-05]
[0.00017539731464011332, -0.0005036878564370628]
[-0.00039136283898366653, -0.0005874418141520454]
[0.0013642052793394477, -0.000442945922899618]
[0.0011286355202047016, -0.0009269613338744875]
[-0.0011680569608034652, -0.0005478143853518969]
[0.002152425373668887, -0.000653756784443349]
[0.0015785375088461784, 0.0008704780926176714]
[-6.739041905268195e-05, 0.0010062817806668622]
[0.0009233829138612926, -0.00034720669550303285]
[0.0013533969427208525, -0.0009535964749997072]
[0.00025942408297696673, -0.001077521183695973]
[0.00029018928575919034, 0.00029540216913304107]
[0.0011885161744475958, 0.0014179701614729368]
[0.00031723745923573077, 0.00034183134230758583]
[0.0014827737319167422, -0.001481554687841058]
[0.0002641023885634475, -0.0014527123435994493]
[0.0008515780159331632, -0.000666247586530444]
[0.0006396542119193604, 0.0007459456922996877]
[0.00017208421875744171, -0.00033006652099154543]
[-0.00014405946694628913, -0.0012880663827612437]
[0.0013844302514939427, -0.0012384661919205842]
[0.0004948044433091825, -0.0009431848203498849]
[-0.00044616488346777006, -3.3678950397741936e-05]
[0.001669709544420011, -0.0002078054352980807]
[0.0009149303167375056, -0.0008924839441174504]
[-0.00039784430492462164, -0.0008726643938981038]
[0.0002587368372135579, -0.00038091949658747293]
[0.0018436611513623635, -0.00044384675998898615]
[-0.0007342618744443641, -3.253697710603465e-05]
[0.0008325302154426062, -9.626467760415203e-05]
[0.0018037051385433323, 0.0006604228815573487]
[8.125969041872239e-05, 0.00016120807948794003]
[0.00016282392056066186, -0.0009275191913525882]
[0.0015856860162548614, -0.0008815969456782424]
[0.0004468424356702805, -4.2375211542600155e-05]
[-1.6526695830076932e-05, 0.001112855997253956]
[0.0011629298956716827, 0.0008408757017555057]
[9.26219843417897e-05, -0.0004662071556525982]
[0.0011030679850922986, -0.0016644782525969681]
[0.0003236679708571444, -0.0010678195331648155]
[0.0004453672196176872, 0.0001249243226701946]
[0.0007157758327653863, 0.0007265347549986201]
[0.0006462955784681031, -0.0006595850727868502]
[-0.0003429904783185944, -0.0012242415188227773]
[0.0008838485861489415, -0.0010000044699980948]
[0.0006685958091409983, -0.0004745071151916469]
[-0.0005526151633435394, -5.629910231169655e-05]
[0.000980211303253438, -0.0005996167795041529]
[0.001155291777440115, -0.0006477292095555809]
[5.403045585816724e-05, -0.0005978054374324859]
[-0.00021192239492218157, -0.0002597185383081957]
[0.001740777948398442, -0.00015399216663980475]
[-0.00013522856742298472, -0.00014078458815103279]
[-4.19961210587072e-05, -0.00013658815747441544]
[0.0012358031143708814, 0.00044538998594714774]
[0.0007071757512187027, -0.00024670739865051416]
[-0.00010377628056223998, -0.0006441593316272032]
[0.0012687824261243819, -0.0002912720865201335]
[0.0009667023043178347, 0.00037413479279746475]
[-0.00033274340545563774, 0.00100636732700346]
[0.0007746629597289445, -0.0001615467295486006]
[0.000267096297015712, -0.001052980714241425]
[0.0006080254956555287, -0.0010208891896275052]
[0.00040780139884666333, -0.00019206251734327218]
[0.0005622417813572755, 0.0006111834356561374]
[0.0003691403737249299, 0.0003563576385327005]
[0.0009700943715147542, -0.001288391404495659]
[-0.0002967434063989166, -0.0012965708215721405]
[0.00013422801652998584, -0.0006618746270259657]
[0.0009526497337264961, -6.17540047383458e-05]
[-0.00031345633934126704, 0.0001277996440612328]
[0.0003514995183557107, -0.0006251195638669049]
[0.001261246320178211, -0.0005316483513290171]
[0.0003438537042199652, -0.0005084379165369857]
[-0.0005391996500132556, -0.0004208645223088281]
[0.001460692465223179, -0.00022243603828919767]
[0.00023362826598605224, -2.3098088695938657e-05]
[-0.00021636241198996764, 3.2290612273611075e-05]
[0.0007206723950110572, 0.0003943276493525022]
[0.0009853470129019826, -0.0002851938464361048]
[5.140026021432931e-05, -0.0005127992170028683]
[0.0006148223042790057, -8.576902636781014e-05]
[0.0010510979645497187, 0.0003768323678299268]
[-0.00011017735217988545, 0.0005457485029723985]
[0.00036071066669651763, -0.0005502929052734196]
[0.0004772200532574544, -0.0008491777795214261]
[0.0005621912450922695, -0.0003094386025161988]
[9.852394845655255e-05, 0.00037689350287084533]
[0.0006576610970799313, 0.00027514620428470415]
[0.00011812598151694775, -0.00044127827689410815]
[0.0007875341375879752, -0.0014133207691416905]
[0.000146728944457844, -0.0009225688811725086]
[-0.00020293433461017474, -3.4972281982209585e-05]
[0.0008609713275915115, 0.00032394374525046565]
[0.00022441798468481045, -0.00015067488725678535]
[-0.0002206671406229585, -0.0008516365382695845]
[0.0008148452717597898, -0.0005915864795076331]
[0.0007946513412230849, -0.0005027245797475377]
[-0.0006814128045127266, -0.00017291764453930547]
[0.0011271435188207057, -5.677230177902892e-05]
[0.000719972674609215, 0.00013401216009834016]
[-0.0002596203267475339, 0.00013594651041737293]
[0.0002654586738071174, -3.3405195631053264e-05]
[0.0009913481672887414, -0.00046038872431708455]
[9.607864289362666e-05, -0.00028331190218622293]
[0.00025018317353131536, 0.00010179092625367536]
[0.0009687375758422601, 0.0005186808018622369]
[0.00021430171546565902, 0.00027982968488093896]
[0.0003174108952475052, -0.0007718577167632468]
[0.00033281456698674994, -0.0005609563236066428]
[0.0005208890124057675, -4.62668716936232e-05]
[-7.734969452255491e-05, 0.0003985620738267137]
[0.0004834122887755754, -4.706484625782714e-05]
[0.0001728293207947651, -0.0008210899251448467]
[0.0006547063288878247, -0.0009753780300314485]
[0.0003479008302232356, -0.0003162054537778902]
[-0.00011846725762651444, 9.407395561183973e-05]
[0.0004904303972636942, 0.0001244007321034024]
[0.0004240043230370194, -0.0006044535647647398]
[-0.00023003192839789188, -0.0009582831253410751]
[0.00018856444300008324, -0.00023690530661313325]
[0.0011074965165250306, -0.00016538461035975338]
[-0.00031282067382654155, 6.148454076415621e-05]
[0.0004958884006842634, -5.010934559046554e-05]
[0.0009274336140887574, -0.0001074376964291246]
[-2.3193643053920354e-05, -8.407829387002685e-05]
[-0.00027779617160827996, -0.0002565465503585329]
[0.0010243316871711983, -0.0003345384041032462]
[0.00031364599278838057, 0.00020398371352825517]
[-6.800362474823629e-05, 0.00037046182822719764]
[0.0009145587604340033, 0.0003039005124478855]
[0.00033057475492626054, -0.00015705137752919374]
[0.0002340795225548309, -0.0009195531483028319]
[0.0002594206194470594, -0.0003205979258642522]
[0.0003993862886387811, 0.0002714177933405004]
[-1.5935790903753855e-05, 0.00041752297531616467]
[0.00046170062697312164, -0.0002746004951938996]
[8.509651813742858e-05, -0.000868479054889737]
[0.0005548950911637845, -0.0006730423102720984]
[0.00034081445670347543, -7.168772273008495e-05]
[-8.754704391045892e-05, -9.093036299562263e-06]
[0.00034393531655251, -0.0002117671435238333]
[0.000451531069855321, -0.0006375470121965932]
[-2.7285981070018783e-06, -0.0006289060433289917]
[-0.00012023567535224267, 3.5428344872801e-05]
[0.0009434228181211535, -3.332921155063673e-06]
[7.832302002275249e-05, -7.500687696415653e-05]
[6.319522075814987e-05, -0.00031208966726836707]
[0.0006740823434199239, -0.00016405860312657117]
[0.0004974696697148673, -9.469011430751628e-05]
[-0.0004259740002692247, -0.00012709937966408347]
[0.0007420353932980905, -9.890491294517467e-06]
[0.0006494079976757661, 0.0003092735796306201]
[-0.0003243377871524622, 0.00026478039411087506]
[0.0005573508397260785, -9.325093938694629e-05]
[0.0005454297013973708, -0.0004909370842242078]
[0.00017481973898791914, -0.0005627381432515843]
[0.0002164690232417943, 0.0001275584161120058]
[0.0005090086965188201, 0.0003942152706575275]
[-7.052314416489125e-05, 0.00023692339363146075]
[0.0004244539255532087, -0.0006882614947203436]
[1.6110912341105177e-05, -0.000887869453572665]
[0.00026351030141298637, -0.00029531931579640514]
[0.00042175653482608155, 0.00010578886461991288]
[5.941414896479952e-05, 2.849103228799721e-06]
[0.00020782503364540073, -0.0003706349981917878]
[0.0005144960951113942, -0.0006456236277024852]
[0.0001334913080940081, -0.00036869232810765595]
[-0.0003408253366329328, 1.8342719947939123e-05]
[0.0007164951482835358, -8.60689813630966e-05]
[0.00026622612760429654, -7.584405276872541e-05]
[-1.4933602483502284e-05, -0.0003385168013148032]
[0.0004150891274896651, -2.2764612677972362e-05]
[0.0007601271825545819, 5.924952219515944e-06]
[-0.00023133425917154504, -0.00016118771595985404]
[0.0003015679959026407, 4.306170496681805e-05]
[0.0006775409193269244, 0.00020182579052507865]
[-0.00017188606695572872, 8.448939841310121e-05]
[0.00016252755688372922, -0.0001676726300143816]
[0.0006382839250251848, -0.0004020624144770446]
[0.00038341686253584584, -0.00015305962044065424]
[-3.246025747016823e-05, 0.00034836992992270943]
[0.0005490166590261802, 8.969589266882849e-05]
[-8.90170946943325e-06, -0.00018681389854491304]
[0.0002104096436012226, -0.0008004525753759761]
[0.00013503165998612898, -0.0005777514684506824]
[0.00013195359328811718, 0.00017012001486138573]
[0.00032151719943056267, 0.0002344038797964798]
[0.0003225140881842406, -0.00023264879512322617]
[1.7690696098512926e-05, -0.0006271990165800378]
[0.0003394138171459171, -0.0006296887026293607]
[0.0003924130619523125, -0.0001855259000465015]
[-0.00044192615112281786, 0.00011891252418327891]
[0.0005131913902061136, -5.238983469957326e-05]
[0.0004769275252449745, -4.9839654961969515e-05]
[-6.499773857127078e-05, -0.00028169055167537316]
[0.00016083468087657593, -7.007860320684678e-05]
[0.000797750900089822, -7.881594937786396e-05]
[-5.416691472182045e-05, -0.00014185942368311055]
[9.259611158940473e-05, 7.080925881186584e-05]
[0.000578672692529647, 0.0002184660862625254]
[9.008336268556683e-05, 7.787972296990908e-05]
[2.884920744650188e-05, -0.00022930042609692336]
[0.00041194154254298176, -0.0002796968928287513]
[0.000523274997749068, 1.2652102530319453e-05]
[-0.00014281876383637204, 0.0002551425900696458]
[0.00038917293268270203, -0.0001338524471774516]
[0.0002197023589184388, -0.00038090007208491095]
[0.0001620752813190074, -0.0005842192084916098]
[0.00010442342505057045, -0.0001309854986322745]
[0.0001729425116793748, 0.0002443676820432228]
[0.00010499619821687303, 2.483379034144001e-05]
[0.0003438193627690687, -0.0005099202587445575]
[7.074799158769685e-05, -0.0007411573199415655]
[9.10685662181554e-05, -0.0002949294044496953]
[0.0005909675662975761, 0.00010385988704586513]
[-0.00021481675434342762, 0.00011088585171914467]
[0.00017301179697587488, -0.00012317307917708575]
[0.0005143955589119731, -0.00022215863704755368]
[3.7505755471012314e-05, -0.0003107211109323327]
[-0.00017519259527065678, -1.626141748628518e-05]
[0.0007960834760318836, -6.0249563733627554e-05]
[0.00021746329418603771, 4.986754491337342e-05]
[-5.951321621822103e-05, 0.00015273418966799124]
[0.0004990852153288206, 6.380337121736357e-05]
[0.00024306760383718817, -3.6068541972411605e-05]
[-5.8233942719088105e-05, -0.00032205364444770623]
[0.0002098628731845853, -0.0001747240402131811]
[0.0005098938928324026, 0.00022342532163355244]
[-6.947034739801516e-05, 0.00019643933059027008]
[0.0003165841945192982, -0.0002526682270784786]
[0.00026545832893687393, -0.0004140777734096268]
[0.0002271761072737133, -0.0004398333470646554]
[6.798382542916315e-06, 7.19209006240229e-05]
[0.00011388662923395715, 0.00011894256326688835]
[8.579751597629411e-05, -0.00022002709987287844]
[0.00026703094240110737, -0.0004950509309325449]
[0.00016408850459335989, -0.0005342219536554893]
[3.024927801709154e-05, -1.0200190755704774e-05]
[0.0005044971023117767, 0.00017430268746876365]
[3.288055030925552e-05, -0.00013148730858725255]
[-5.498795925262812e-06, -0.00032448925991723776]
[0.00029112338461656506, -0.00022661739062646014]
[0.00032092011326934067, -0.00015160504688016552]
[-0.00027931291577965034, 0.000150808787249046]
[0.0005521877977789913, 2.4178989809109375e-05]
[0.0005136884991756574, 4.7118565399184575e-05]
[-0.0001611900340350303, 3.470528290649977e-05]
[0.00025020806864328726, -0.0001352162416784486]
[0.00045536840359727826, -0.0001280083208400895]
[-5.778063743511197e-05, -0.00016555551295671656]
[5.255265321557623e-05, 7.531214961425947e-05]
[0.0005436383871889605, 0.000293864299428348]
[-6.032354147933461e-05, 5.818280073566218e-05]
[0.00024552412561695824, -0.00045366590846507293]
[0.00023113260077278763, -0.0004574133843445738]
[0.00020303827051391943, -0.0002153337986607884]
[5.2715960764448955e-05, 0.00019748430073462941]
[0.00010734574765582788, 2.8156384450139793e-05]
[8.121601869249834e-05, -0.0003181284841890161]
[0.000252189215217421, -0.0004601425036404559]
[0.00013096262492047483, -0.0003322621686930871]
[-3.700047141724783e-05, 7.209007187802818e-05]
[0.00040539443409855214, 2.9587219255167163e-05]
[0.00015396010040302777, -0.00023661189007206929]
[4.1114318473645106e-05, -0.00033983402972004306]
[0.00012134329518342923, -9.297853620249263e-05]
[0.0004445486795214837, 5.316253393505832e-05]
[-0.00017249254689577498, 0.0001062185479676625]
[0.00020379966520978066, -6.219968928300457e-05]
[0.000541340107377275, -1.1194899067173969e-05]
[-5.905129020655764e-06, -7.006795811126398e-05]
[7.294168833826831e-06, -0.0001004477460690989]
[0.000550949605416573, -3.4425134060878104e-05]
[0.00016644800872600563, -2.8273039887172224e-05]
[-0.00017540053894649077, 0.00019185547086991717]
[0.0004667896192923626, 9.258664467504119e-05]
[2.9621236385724004e-05, -0.0001805759680054697]
[8.628252420800342e-05, -0.0004454135384872604]
[0.00023796183412849725, -0.0003035257559013127]
[0.00025703523793561833, 7.758349562592137e-05]
[4.0027390244751215e-05, 0.00024711022254436665]
[0.00018839858065372583, -0.0002240182623316489]
[3.126570067144355e-05, -0.00045139414705132504]
[0.00012993419747191377, -0.00040636110482005633]
[0.00018103553543572654, -0.00015271769444863414]
[-9.87238485574693e-05, 0.00018159318958549386]
[0.000322085038113179, -6.453019606766919e-05]
[0.0002981396438488382, -0.0002618170152869359]
[5.899002889786509e-05, -0.0002828524193345672]
[-1.744618173926682e-06, -7.435391726601237e-05]
[0.00045696833581432283, 8.322781667224888e-05]
[-8.378322705060448e-05, 3.071909798252337e-05]
[3.692313889858134e-05, -0.00011244680868005563]
[0.0004373278350535692, 5.679720561357904e-05]
[0.00018140224267315652, -2.825572741549376e-05]
[-3.7545329247601344e-05, -7.477645497100394e-05]
[0.0003930062320529615, -8.240975210210832e-06]
[0.00035244068074824497, -3.248308540393374e-05]
[-0.00022850578484523432, 0.00013565056593664582]
[0.0002418077351846737, -4.566324407906386e-05]
[0.00021249893314367885, -0.00023500096356698918]
[6.970478129575408e-05, -0.0002636639304289812]
[9.545830176349579e-05, -7.217737629799936e-05]
[0.0003543589725977514, 0.00012446231630647286]
[-7.329704267838855e-06, 5.308124403979875e-05]
[0.0001468152155016042, -0.0004523974577961276]
[0.00011761925100986503, -0.0004753679718804138]
[6.839493166162225e-06, -0.00016174622452088533]
[0.0002228048064476726, 9.016360717606364e-05]
[-4.751370727085202e-06, 0.00015162376426081092]
[0.0001308051782591968, -0.00021112035447790056]
[0.00032554302526976997, -0.00034217273811870674]
[0.00013867640317710705, -0.0002636722115343382]
[-0.00015733662373063062, 1.0658418276299209e-05]
[0.0004820671655167974, 0.00010969240223190901]
[8.18165751030886e-05, 3.1811232142742174e-05]
[-7.373962979939641e-05, -7.299383164183215e-05]
[0.00032439819506713263, 2.6860236477854738e-05]
[0.0002591488705605549, -4.2306968229710584e-05]
[-5.3514982643498854e-05, -9.125254879083222e-05]
[0.00023311609470733075, -3.554497093105624e-05]
[0.0004135970136578404, 4.324847825365463e-05]
[-0.00010533746606933292, 0.00012354291603447476]
[0.00011335989680472114, -0.00012816056845377233]
[0.0002396449213847296, -0.00019546575720552628]
[0.00014911646763848818, -0.00017550025603907393]
[-8.112769456392055e-05, 1.2200050174659971e-05]
[0.00029657785767800426, 6.56210474028196e-05]
[8.402318890121663e-05, -0.00015289456271661006]
[9.258114954709129e-05, -0.0004404456315171834]
[0.0001813949900835686, -0.0003020827275389479]
[3.635219825996738e-05, 1.1196747249447858e-05]
[0.00013562327650194078, 0.00015889249986478227]
[6.462046218214113e-05, -6.784659338499033e-05]
[3.916840807602351e-05, -0.0003881581981877158]
[0.00017959911102982673, -0.0002518419721673215]
[0.00029693191047586165, -0.00011641645728899253]
[-0.00015661560650193085, 0.00014169712143025093]
[0.0003559489513460523, 0.00010810568538588416]
[0.00027725447010906734, -8.517986931405597e-05]
[-0.00012347722755046142, -0.00011212826726958447]
[9.740852330275551e-05, -3.067087771355115e-05]
[0.0003677721151624791, -4.0489092352713474e-05]
[-1.9638844368063957e-05, 1.8257317848657806e-05]
[8.545268211435086e-05, 2.4071922813076463e-05]
[0.000473112651067531, 7.571795830785266e-05]
[-1.8199459327794543e-05, 5.862594334057891e-05]
[3.842190113612087e-05, -0.0002664706580479681]
[0.0001996851656991261, -0.0001879138790595869]
[0.0001677561836077035, -6.120671986131754e-05]
[-0.00010903856134186762, 8.081732589249047e-05]
[0.0002151356574452909, 2.955627075518219e-05]
[0.00014349580010056262, -0.00024720471976819036]
[0.0001276478778023532, -0.00038863067130878726]
[0.00012098603558202692, -0.00016592097529802285]
[5.154876084705051e-05, 3.953691266939119e-05]
[0.00011594656279332108, 6.283520008415477e-05]
[4.981642818613352e-05, -0.00019677235924764336]
[7.614863365965063e-05, -0.0003777240064933851]
[7.777647313522706e-05, -6.911914960555654e-05]
[0.0003143279760035034, 4.2011210854009384e-05]
[-4.3179245477698025e-05, 9.990487706074136e-05]
[0.0001707318437945693, -4.447647679550748e-05]
[0.00030135383355234246, -0.00017437260305049052]
[2.148030284865321e-05, -0.00010371541399445405]
[-9.415471178009227e-05, 4.059126061786711e-05]
[0.00038724624061958757, 5.8870231088858915e-05]
[0.00014953079656887525, 6.620630375475667e-05]
[-0.00011457235761191953, 1.9204740116199326e-05]
[0.00040913719583701713, -1.8000823630348606e-05]
[0.00011627411681636168, -7.333480749480148e-05]
[-4.371222394761176e-05, -0.00025863359298095023]
[0.0001830220072601696, -8.313857504954614e-05]
[0.0002388957461870178, 7.404812537781247e-05]
[-0.00012765389420726914, 0.0001225209242047276]
[0.0001694504080480136, -0.00012670748988108382]
[0.00012085375205522775, -0.00034542883054272666]
[0.00010282345608885607, -0.0002991337473295108]
[0.0001102674252025232, -6.372430360823689e-05]
[4.225514250547763e-05, 8.829281054363591e-05]
[0.00014856812117068283, -1.7485169864661643e-05]
[9.40080116039188e-05, -0.0002684163536383899]
[6.54650880606289e-05, -0.0002848257242626939]
[6.541377569724283e-06, 8.241898689087535e-06]
[0.00026558234680879034, 6.36013221062548e-05]
[1.198437178528966e-05, 3.142641426062687e-05]
[0.00010403926256730145, -0.00016131808761965516]
[0.0002524373428858251, -0.00011309695660552399]
[0.00017540998553911002, 4.211166707457359e-06]
[-0.00011297962285050644, 5.3883131147458574e-05]
[0.00024636818026246843, 7.254032069564653e-05]
[0.00026551297092303194, 1.871594247582209e-06]
[-0.00016952072283515918, -4.4741880742930895e-05]
[0.00021293779150810543, -2.9357568003041123e-05]
[0.0002738958430497096, -9.003433354209944e-05]
[1.5504526190035506e-05, -0.00014415692086944265]
[5.414501219380696e-05, 3.300797545674472e-05]
[0.00032151996665102933, 4.240674379851761e-05]
[-0.00011467756806876617, 2.0422956245824686e-05]
[4.609395270616101e-05, -0.0002697422865690635]
[0.00015642804188870096, -0.0003438659144613665]
[7.620809486642843e-05, -8.494687239171683e-05]
[9.25806829636111e-05, 6.596936660832609e-05]
[0.0001097862697828425, 4.3013303334074604e-05]
[0.00010650802285362346, -0.00015092099937241699]
[0.00010517074083898903, -0.00034645517836773276]
[9.421839254852848e-05, -0.00020238439324249402]
[-9.668105611626565e-05, 9.59015805375718e-05]
[0.0002572107378668864, 7.518106066062291e-05]
[9.134348945072368e-05, 4.520893756243538e-06]
[4.238975401149592e-05, -0.00018562206405192683]
[0.0002077448224848677, -7.629871151225431e-05]
[0.0002382284123660927, 4.2401581740847405e-05]
[-9.294395441195036e-05, 9.807049765053755e-06]
[0.00013889467961725188, 2.4422159024206636e-05]
[0.0002820813503536801, 3.7834571618988733e-06]
[-8.775330831323203e-05, -1.8146787367424866e-05]
[8.018520242836225e-05, -1.2074374425519174e-05]
[0.00027060781436194503, -6.571466441196439e-05]
[0.00014494544138288212, -0.00010267145596265514]
[-8.170137917895559e-05, 2.9228719892693267e-05]
[0.0002722994217065622, -2.611691652509851e-05]
[2.9864000267720847e-05, -7.6301492297981e-05]
[-3.6971253815427235e-05, -0.000261786819046983]
[0.00014013335085169554, -0.00020105947696966164]
[0.00013556348708392008, 4.896981499283304e-05]
[1.02881511997166e-06, 7.296682988190695e-05]
[0.00012018624298065772, -0.00011167104808838813]
[0.00011759881543478394, -0.0002999378516713169]
[4.031384482755529e-05, -0.00026824746654979803]
[0.00018142102054874432, -4.234733859642681e-05]
[-9.03105341263366e-05, 0.0001639674883173181]
[0.00017034348445954528, 5.524260755229715e-05]
[0.0001773800272191206, -0.00010411364594803407]
[-5.405719626372374e-06, -0.00021946246223714105]
[7.361902169766843e-05, -2.8147406763226468e-05]
[0.0003147046828386735, 5.812506566771347e-05]
[-2.9574014266398052e-05, 3.7725858380632804e-05]
[5.869551682802232e-05, 2.3839103926948102e-05]
[0.0003047814018994899, -1.0148645940954992e-05]
[-2.3064030093111754e-05, 3.8007574459271443e-06]
[-8.657309411241876e-06, -6.395047179730273e-05]
[0.0001972045438214387, -8.12375556084044e-05]
[0.0002059075945117783, -3.4350472029820445e-05]
[-9.7063942702591e-05, 2.5569315285578487e-05]
[0.00019809144784860289, -4.455458422503167e-05]
[0.00013946391147362514, -0.00010534373555171062]
[-1.4829127217008686e-06, -0.00024872680928178514]
[3.415080678166593e-05, -9.267376934360416e-05]
[0.00014426897554776358, 6.0540291590416295e-05]
[-3.966378009340188e-06, -1.4346946230717195e-05]
[5.476204662540479e-05, -0.00018041938414202485]
[0.00017001446048595104, -0.00030685764396337634]
[4.146483753719732e-05, -0.0001098170502041862]
[0.00017090975799624597, 8.81694518501952e-05]
[-1.5203527081286694e-05, 7.9811763118387e-05]
[7.767478367387559e-05, -6.856487399931055e-05]
[0.00014287423844228098, -0.0001730551625643284]
[6.91179792234875e-05, -0.00017184778372136833]
[-4.276303587413821e-05, 9.841804732157317e-05]
[0.0003111697342710329, 0.0001035843663490521]
[0.00012659254088509542, 1.671565931776753e-05]
[-5.3316511293477475e-05, -2.4420824554005627e-05]
[0.0002475883488435304, -7.684109259786798e-05]
[9.057050119110066e-05, -1.1017005533400445e-05]
[-8.623852386679953e-05, -4.9349711426893705e-05]
[0.00013455573936471676, -3.318671281174468e-05]
[0.0002733682913845237, 4.7596692348217395e-05]
[-0.00010509697653027228, 2.5477764158343685e-05]
[0.00014623348483919218, -0.00012461349983228232]
[0.00016483305671666226, -0.00016282533500333596]
[2.8242337179580634e-05, -0.00021140411568598694]
[-7.264646208579584e-06, -1.6344103487164752e-05]
[0.00010691728806742906, 7.365452377372517e-05]
[4.7756734291443115e-05, -6.483880156379906e-05]
[4.1132991250789064e-05, -0.0002079616214508695]
[0.00013181693498516382, -0.00024772495815067463]
[5.961670970705546e-05, -2.050605570591557e-05]
[0.00013812038176838626, 8.813650285754981e-05]
[6.774310761570312e-06, -2.02603757835651e-05]
[8.947884418875063e-05, -0.00015547709206020777]
[8.836133163980797e-05, -0.000123186770796202]
[0.00013196255370395704, -3.3824046094199645e-05]
[-4.8871015216667146e-05, 0.00014150956990238717]
[0.00018861110138967963, 6.2580621296493e-05]
[0.00021865574655799414, -5.936215152407831e-05]
[-5.8184520669524176e-05, -9.240688954242904e-05]
[0.00011114781259380369, -5.140071764397902e-05]
[0.00022178241863546333, 3.7569498450058456e-05]
[-3.33480883858428e-05, -7.270038582363192e-06]
[-2.5801515305401423e-06, 1.859996557115884e-05]
[0.0003137909091993074, 1.5794648381972642e-05]
[-8.477278155305523e-05, -4.525257899706814e-05]
[3.609168790666417e-05, -0.0001748966495792592]
[0.00019984506102349586, -0.0001711128133253803]
[7.676477614033126e-05, -8.356372084905583e-05]
[-2.699724992631658e-05, 6.891543120113308e-05]
[0.00011391092231625294, 7.956040882356463e-06]
[5.3713540955062367e-05, -0.00013772523894128863]
[2.0964767781184168e-05, -0.00024362483725695605]
[9.655373456042039e-05, -0.00018557608300739936]
[2.576520785213532e-05, 7.664804624785138e-05]
[0.00015265066412140094, 6.185165306060725e-05]
[5.004476243464229e-05, -7.552019574735835e-05]
[8.85058879101508e-05, -0.00016984630507344]
[7.043416520224888e-05, -8.665134251337192e-05]
[0.00013757328150965087, 4.98091047289595e-05]
[-5.0614595419329333e-05, 0.00010390589448208004]
[0.00010614216449156277, -1.9938080619619214e-05]
[0.0002209743238819062, -5.6473584531535614e-05]
[1.4007153945394535e-05, -7.027578235951903e-05]
[4.1317734402190887e-05, 2.8359605737104943e-06]
[0.00022486333420168592, 7.098905822952584e-05]
[8.298073705825804e-05, -4.2341027995496106e-05]
[-0.00011321229218219653, -4.920452908896422e-06]
[0.00023151604242294122, -2.576647124730158e-05]
[3.328706588101582e-05, -7.880811477617433e-05]
[-3.175866811636063e-05, -0.00012693428002286122]
[0.00015681425503488722, -0.0001009498889643079]
[0.00018260757013730737, -1.0792570031725734e-05]
[-7.259764482310527e-05, 5.5398051401422954e-05]
[7.671043508817449e-05, -0.00012364240823760364]
[0.00010234949964454954, -0.00021206830613068606]
[-2.796777394629968e-05, -0.00017422793157104155]
[9.580419781321167e-05, -5.788248230736981e-05]
[3.760809072456128e-05, 0.00013943981870367939]
[0.00011252095786259964, 6.081494560050693e-06]
[0.00010199110323927396, -0.00016514249226406985]
[7.67982590414995e-05, -0.00018804535648919707]
[7.935294125238634e-06, -3.291292202650675e-05]
[0.00018089534564313947, 9.79379343023501e-05]
[-2.9246416992423363e-05, 8.54351436341428e-05]
[4.7775961788509846e-05, -4.9972666202768856e-05]
[0.00022128711770985632, -4.5907483444462827e-05]
[4.541046227646284e-05, -3.367346033492091e-05]
[2.6570315586615934e-06, 3.492390674320056e-06]
[0.0001785233424306254, 3.487265259196487e-05]
[0.00015079568360543139, -5.1868774542440654e-05]
[-0.00010606708102978146, -9.137250849139411e-06]
[0.00013597008404392374, -2.618215783756206e-05]
[0.00011176154051406595, -5.360617632832465e-05]
[-1.1209535193956732e-06, -0.00010448179872890595]
[2.9321521424097163e-05, -6.746558522890966e-05]
[0.00021505401488002094, -5.909796299607972e-06]
[-3.015431462605883e-05, -2.093935559273341e-05]
[6.191155928134129e-07, -0.0001736501912189825]
[0.000163940335048067, -0.00018809779293890716]
[2.3805130479198633e-06, -6.951284268563729e-05]
[3.565145872522213e-05, 4.612998672165469e-05]
[6.141893052241665e-05, 7.319725934312737e-05]
[7.251501224106449e-05, -0.00011388821708013808]
[6.935173499433844e-05, -0.0001914881214791775]
[0.00012817981578716608, -0.00014277746450297446]
[-2.907310665456464e-05, 7.529656993235379e-05]
[0.00018481316494523004, 0.0001369161239647143]
[6.196448304740532e-05, 9.927904093718146e-06]
[-2.7960879271260453e-05, -9.104236056123316e-05]
[0.00015800469278504092, -5.920654874203013e-05]
[0.00010344835108999639, -1.2316996271660718e-05]
[-3.652527862552102e-05, 3.946408922284039e-05]
[0.00013448563715745543, 1.899454030357406e-05]
[0.00022500547217851885, -3.185983310594054e-05]
[-8.590236382466365e-05, 2.5215172326231716e-06]
[7.221661293843606e-05, -7.268230469281711e-05]
[0.00012529066485256202, -5.7433187768851646e-05]
[2.530742405335018e-05, -8.939609098734813e-05]
[-4.1311795846349364e-05, -4.7173462122074294e-05]
[0.0001794969229538968, 1.8282596527252615e-05]
[4.946148201220857e-05, -6.217848561843042e-05]
[-7.352364268770062e-06, -0.00018463628110335084]
[0.00013237254331210924, -0.00013811272690533727]
[5.381481613543626e-05, -2.6796076614710174e-05]
[-9.188695215059384e-07, 5.393826931887613e-05]
[1.9738911529953995e-05, -1.0561322731417189e-05]
[0.00010345018848456622, -0.0001809211576294656]
[3.675091313815049e-05, -0.00011771525515230641]
[0.00013925614879056747, -3.5990564189458674e-05]
[8.355171155716157e-06, 0.00011028450197383965]
[0.00012157818389213482, 8.149475107488424e-05]
[0.00010915535252709052, -9.438040057730551e-05]
[-1.5436758265652273e-05, -0.00012012381710263531]
[4.495723360131709e-05, -2.4050180899570783e-06]
[0.0001672946315883772, 5.5816739060021714e-05]
[1.0799908832903604e-05, 6.634389507287342e-05]
[2.4776803870252273e-05, -2.314184333163105e-06]
[0.00026697174322132255, -6.382922281933379e-05]
[-3.907866713737107e-05, -2.937247048873104e-05]
[-1.56242540951812e-05, -9.61888541025635e-05]
[0.0001496312256294985, -4.4712980991623574e-05]
[7.16574084654309e-05, -2.965891376371932e-05]
[-8.460170611923612e-05, -1.2350743308076062e-06]
[0.00015209012512349025, -8.700468287659024e-06]
[7.58097035788996e-05, -0.00011323536788851452]
[-4.750460095223619e-06, -0.00019317498722201676]
[9.240095023847067e-05, -0.0001055276059585275]
[6.033589542908668e-05, 2.3722714674018208e-05]
[3.533339303101249e-05, 4.251021374840347e-05]
[4.902151101160435e-07, -6.899001562177265e-05]
[0.00010311970981607965, -0.0001763622438368806]
[4.0295338848972406e-05, -5.801025745377775e-05]
[9.832529386660793e-05, 2.3483160136783532e-05]
[1.9063494529625302e-05, 8.38840444095379e-05]
[0.0001031750947896315, -1.5977655746790553e-05]
[0.0001056087229408531, -0.00011351675719883936]
[4.67884228805282e-05, -6.722592714530906e-05]
[-1.2231480983615484e-07, 5.550271370324822e-05]
[0.00014036726496724494, 9.690204077442144e-05]
[8.646055636241101e-05, 1.3995468146843493e-05]
[-6.22363577077456e-05, -6.420434392488683e-05]
[0.0002023171795196843, -6.486373466019213e-05]
[7.114004723041134e-05, -3.0318570785364818e-05]
[-4.642694677065018e-05, -5.5970233069690956e-05]
[0.00011089742273057146, -1.568791132000591e-06]
[0.00016101794100449596, -2.29047286028905e-05]
[-0.0001231638457924733, -6.587417561848552e-06]
[7.43216800389232e-05, -8.017558828321558e-05]
[0.00011897561573403007, -0.00015791327161839008]
[-1.3389677633902919e-05, -0.00012271315824069484]
[6.774557978445062e-05, -3.790473043741027e-05]
[9.101547782387753e-05, 5.3794759279301996e-05]
[4.783496744107524e-05, 3.988211363881167e-06]
[6.3586387502034825e-06, -0.00015213913637501797]
[8.363285962967315e-05, -0.0001642000734233262]
[6.827904757811254e-06, 4.509113571804502e-06]
[9.867862222068258e-05, 5.665687035627531e-05]
[2.2298038301005185e-05, 6.742195080838842e-05]
[9.209006825683375e-05, -7.275899621372872e-05]
[0.0001222958140133512, -0.00010194359344205262]
[6.635801225907123e-05, -8.236305507280939e-06]
[-1.5466415067333372e-05, 5.4951523120128076e-05]
[0.00010100936848711495, 6.959280600971063e-05]
[0.00011172947392623644, -2.4735851538282283e-05]
[-6.10652354339214e-05, -7.854405062543424e-05]
[0.000124176683302335, -1.898615435824702e-05]
[0.000127297467779397, 3.6740948022861986e-06]
[8.562662412503474e-06, -4.8952599018714515e-05]
[1.442173965904292e-05, -1.044713717279766e-05]
[0.00018644365571514332, -5.330868857122972e-05]
[-6.796239325443376e-05, -3.747245926927212e-05]
[-2.4870729244695633e-05, -9.528290672072837e-05]
[0.00014812771428892105, -0.0001273169209791286]
[4.0000211321871565e-05, -3.942456931618765e-05]
[-5.333287782127716e-06, 7.263594027029363e-06]
[0.00010633431078295452, 1.27186023840542e-06]
[7.064024242224576e-05, -8.577724319197566e-05]
[-2.5186913833297186e-05, -0.0001770872852416283]
[0.00010680466142942713, -0.00010383355886345313]
[-6.769561500807875e-06, 8.722802976607325e-05]
[8.361134191148256e-05, 8.269047545628183e-05]
[6.078366681494529e-05, 3.181771328936156e-06]
[4.77854966266511e-05, -0.00012572838605340309]
[9.736287646322506e-05, -8.238548495461545e-05]
[0.00010433591284497723, 2.7498236430612e-05]
[-2.9782059665528493e-05, 6.682783565148398e-05]
[8.384010338469139e-05, 4.486242293130771e-05]
[0.0001471618210618919, -4.187819639211998e-05]
[-5.6462076529317784e-05, -5.2063281128528205e-05]
[6.681157831411877e-05, -1.0340880070458525e-05]
[0.00012100125287750618, 1.19193444891863e-06]
[5.221346019218531e-05, -5.035092750660386e-05]
[-3.0651829996952706e-05, -3.521289206920297e-05]
[0.00015854594478262318, -4.560395977204479e-05]
[2.2104919518817212e-05, -3.202957749220969e-05]
[-4.7991781463828376e-05, -0.00010048561441583503]
[9.357327534688029e-05, -8.509276172026514e-05]
[9.330591527180639e-05, -1.4351678047360567e-05]
[-4.453237871260979e-05, -1.0355173484383196e-05]
[5.123901704588707e-05, -4.458196248374735e-05]
[0.00013406304638487881, -0.00013646657267624152]
[-2.3393626715884075e-05, -0.00012030261699796929]
[9.209356957284864e-05, -9.23007474629145e-06]
[2.844044087246811e-05, 9.452282978733573e-05]
[4.337090055750448e-05, 3.958922476454685e-05]
[5.44613033041097e-05, -7.934258842301478e-05]
[5.439720850730634e-05, -0.00014836372780591134]
[3.8188433817309964e-05, 1.6889335700265296e-06]
[0.00014023829201881277, 8.06826946078143e-05]
[2.233574907306579e-05, 6.022447017894894e-05]
[2.480086210909782e-05, 6.056182705493907e-06]
[0.00016567988001781053, -8.50237787191066e-05]
[-2.732591167797782e-05, -3.8086368153694705e-05]
[-1.2638944995035928e-05, 2.1501248875788193e-06]
[0.00011995072328041534, 1.5279976953441743e-06]
[0.00010105111086111673, -2.0881231599934047e-05]
[-5.894823812357952e-05, -3.3338009052197304e-05]
[0.00013847951343069764, -5.559153501683012e-05]
[6.823216145629418e-05, -4.213413232850849e-05]
[-4.266054014953266e-05, -0.00011820114398891635]
[4.034217643095368e-05, -6.402852993698388e-05]
[9.379399950535175e-05, 1.2663870223687812e-05]
[-1.5008735663867012e-05, -2.1386559781094716e-05]
[8.96605514587312e-06, -6.473807291834666e-05]
[0.0001420515582693585, -0.000136598769738705]
[2.2174657197115977e-05, -7.181830547881018e-05]
[4.743554119437943e-05, 3.2204833438687075e-05]
[2.9011243169119183e-05, 5.1267230787188645e-05]
[6.201725408300218e-05, -2.9552969514234917e-05]
[2.1561480685661216e-05, -9.352292109107707e-05]
[7.579159990700468e-05, -9.079466669192904e-05]
[2.780379851929915e-05, 7.725851379714044e-05]
[0.00010462023292368006, 9.561788294776274e-05]
[8.229165877249311e-05, -4.124065961619294e-06]
[-9.850055906257538e-06, -6.236025146391655e-05]
[0.00011518861232573396, -8.302652235930852e-05]
[5.450840224907605e-05, 5.310887033566081e-06]
[-3.980103178014005e-05, 3.515713484913974e-05]
[6.841425453818495e-05, 1.6415233055788736e-05]
[0.00016801458776533051, -3.084200294345418e-05]
[-8.69909708988148e-05, -5.348130659771355e-05]
[7.423425009403517e-05, -7.848669763160787e-05]
[0.00012118047334216953, -6.212402915978243e-05]
[-2.7397531209415182e-05, -8.524075586738289e-05]
[9.385152124491598e-06, -2.1636188621089458e-05]
[0.00010397485062186521, 1.9588157227780345e-05]
[3.7576561889261784e-06, -3.564641699901894e-05]
[-1.2479833897183212e-05, -0.00010615813928371853]
[0.0001118705004452547, -0.00013491373908669502]
[3.456156974607216e-05, -1.4962555337338923e-05]
[4.89094283398217e-05, 4.33743093609662e-05]
[1.9334161540984773e-05, 2.0333135479888576e-05]
[8.847999972816378e-05, -6.372988918146305e-05]
[2.79826902143121e-05, -8.66516206596557e-05]
[5.478166807992846e-05, -2.1826754825537975e-05]
[2.190660887224638e-05, 9.155893240117563e-05]
[7.211936970208388e-05, 5.0789667011719164e-05]
[9.197416661654856e-05, -4.38044150509187e-05]
[1.2329108247000065e-05, -8.472967144736165e-05]
[7.427866476394929e-05, -3.0955514601971323e-05]
[9.200060624314776e-05, 6.220102353163282e-05]
[2.9421003912566412e-06, 1.570114739790629e-05]
[-1.4477052344474828e-05, -1.0034895873894945e-05]
[0.00016773583189777508, -5.8791373946376346e-05]
[-4.275262442976491e-05, -6.88693113202743e-05]
[-4.318037610473446e-06, -5.242859354148699e-05]
[0.00014465671556088133, -4.4406224433829466e-05]
[4.7861125356610246e-05, -4.8688363407267676e-05]
[-4.7272211107431345e-05, -1.444398627594226e-06]
[9.354115028056332e-05, -3.06586036569155e-05]
[4.0913367942683326e-05, -7.728633702638876e-05]
[-5.4756474658967935e-05, -0.00010997005843838004]
[9.906340150696996e-05, -9.493704557628213e-05]
[5.0232551889128896e-05, 5.5758848194642496e-05]
[4.45476077623741e-05, 4.5065244377640035e-05]
[3.6997001100491644e-05, -3.844891413223861e-05]
[8.216290965784578e-05, -9.793949243175337e-05]
[2.115548026559999e-05, -7.140547093185956e-05]
[5.7922287560185914e-05, 2.7991196722254585e-05]
[4.165508901143866e-07, 9.807488700391831e-05]
[6.348194649274941e-05, 1.2927398321149752e-05]
[0.00010801209434407877, -5.525066976830306e-05]
[1.3993872479911573e-05, -6.518013055886729e-05]
[5.6034640830593396e-05, -1.778643114291878e-06]
[8.91436876762075e-05, 6.737247488443343e-05]
[3.587977467206516e-05, -2.1638458488792978e-05]
[-4.0411976247156645e-05, -4.1326257960688784e-05]
[0.00012541374135877081, -4.766361503238947e-05]
[1.847565518092731e-05, -3.8313149467283925e-05]
[-2.037369652301696e-05, -3.1047776898329715e-05]
