[561.6893801913611, 529.0914447172944]
[-61.50338023597044, -12.07397218003451]
[6.5047006339763085, -1.5599925643711448]
[36.30275484496589, 9.035431464750168]
[6.04704596778831, -15.35825878758001]
[6.015545643256544, 1.5664378774635752]
[2.2508695325418753, 3.7560176405537273]
[-0.7574466454736379, 8.574423774542883]
[5.382292881840521, -7.65645582545255]
[6.841441678038328, 5.7062005647057825]
[2.116316624417875, -12.029532381141655]
[4.529913401166059, 11.561863849006144]
[0.9835975040105112, -7.982699409804032]
[0.709579557602571, 0.4032050980894102]
[-2.0919607299014817, -3.543706468752521]
[1.3199560389106706, -2.52086021875538]
[-0.04437930237357168, 1.6195838934642377]
[-0.9742795537356779, -1.5627281383659932]
[-1.7846041293770938, -2.2003018784227235]
[0.5823350386651311, -0.7058152504372837]
[-2.8490937399189837, -1.1184228279632173]
[0.5380354071287012, 0.8456177647098855]
[-1.168345833603139, -0.4572460608095139]
[1.6683008521761824, 0.45271761421831336]
[-1.0788004489371117, -0.47390264013325245]
[0.08632647771260782, -0.07686103514380438]
[0.6323930705887681, -0.21605943516792903]
[-0.005923246286786643, 0.34227911512772824]
[0.00416936882984853, 0.8648488048049254]
[1.4223022593381631, 0.8711253511865289]
[0.9584847806084174, -0.40808611836702924]
[1.5036236063496444, 0.9231603603229805]
[-0.4747412195806051, -0.4653892763973424]
[1.0052656133066673, 1.9381736878097096]
[-0.7410403865249444, -1.3691098119663643]
[0.547387931012385, 1.0982332586548909]
[-0.062083321797268276, -0.9163605574091553]
[0.40390327790926794, 1.8483543271934444]
[-0.42242086106426413, -0.9686316604623744]
[0.34196256509277445, 1.4954091555467208]
[-0.6337931894683262, -0.8904267672419843]
[-0.7593714131827427, 0.887035083036829]
[-1.1251758794040763, -0.7532712577458055]
[-0.1836632870381767, 0.3696129197735356]
[-0.7437484818337801, -0.3251345279165186]
[-0.889141040510083, 0.18504175034066872]
[-0.8254358232051846, -0.29183708154040744]
[-0.18755321660279733, 0.19047521299365844]
[-0.9050579545380613, -0.032976600819195734]
[-0.3404922837136957, -0.17659779496590122]
[-0.22789253720920488, 0.0583282898251789]
[0.26272768359852705, 0.1462790398334155]
[-0.3459081271522475, 0.40268774387368]
[0.138845797722333, -0.1177672289914149]
[0.2694316722667036, 0.11189638729806095]
[0.08155290085897982, -0.0793310981117985]
[0.3584347057281967, 0.5349253864210055]
[0.46308608204267754, 0.21335449084350966]
[0.24132490753363012, -0.14072070116744895]
[0.4784484951872041, 0.27906213226220444]
[-0.07151836835726222, -0.39774441102436464]
[0.17497283456811297, 0.4351615815683969]
[-0.22895034045585483, -0.6288472837361296]
[0.12868013948767332, 0.421544435203856]
[-0.05942220956752031, -0.5611160445256096]
[0.15354587108588347, 0.3145642769038206]
[-0.2286545616959046, -0.38680247469819395]
[-0.02798478347203548, 0.2378022479985047]
[-0.32065383283937976, -0.308913169657385]
[0.017771854828026123, 0.21559075300122466]
[-0.550753895172476, -0.3439926306006744]
[0.159190286723621, 0.17408302803144515]
[-0.2566930296019301, -0.3100448195786951]
[0.19704429366371423, 0.10589759543866961]
[-0.4284364188819181, -0.06784446990638227]
[0.2555477509399102, 0.033037294501895076]
[-0.2500997715112492, -0.08723648261439632]
[0.3228532290102484, 0.012777446671420556]
[-0.08255296187610295, -0.0026989089212161588]
[0.49970154931417143, 0.21934804078820402]
[-0.054076243325202, -0.032371875008332385]
[0.4679197046347525, 0.3204835731806952]
[-0.038076499483553405, 0.046699055612703155]
[0.38367944480534444, 0.30107113800372254]
[-0.04688399451762937, -0.1364428361659593]
[0.3070623025631498, 0.4931172369588861]
[0.040354825018526164, -0.10215722073548772]
[0.10776855281991082, 0.6370819248481174]
[-0.3002298972734092, -0.3334429344077172]
[0.03145044140616937, 0.5451379180939391]
[-0.10472586820134033, -0.28653918835874004]
[-0.24912558409766827, 0.4798347919244632]
[-0.24963071356367994, -0.17060199348632787]
[-0.06809403262231895, 0.43697880341051754]
[-0.18703902464437983, -0.0848858641671173]
[-0.2807311695952004, 0.10859603120660255]
[-0.21585991143708716, 0.04138170060984869]
[-0.11474392174407955, 0.24752303715621204]
[-0.19432010629160734, 0.020003803020925304]
[0.021663633750453215, 0.07234534678086346]
[-0.06882900561678795, -0.05154791450886265]
[0.07310936557962622, 0.09827122474254812]
[-0.019848166608559037, 0.03641072859388661]
[0.08649326735859963, -0.09203946616857639]
[0.11235424797446569, -0.04464797701592005]
[0.10305058818418589, 0.05251357645415]
[0.20899393312363257, -0.15033938106941136]
[0.27090175232875513, 0.0829103077715918]
[0.15613668610417397, -0.23951266275185734]
[0.18938211876461475, 0.17671900423580933]
[0.06836616603991952, -0.27698397511876705]
[0.2336215359749425, 0.16855667436916955]
[-0.07460393321104242, -0.41770340179039156]
[0.08369953784512552, 0.2430545421988235]
[0.0006234002086638046, -0.4147671510526134]
[0.043107853749673186, 0.2813599553165569]
[-0.22279355250914, -0.331721154263382]
[0.013659198073324053, 0.21686030429033054]
[-0.20777341758125223, -0.33307368875080057]
[-0.02033594799184657, 0.137643343916366]
[-0.2729055168673594, -0.2187492826606645]
[0.01791153599667572, 0.1505181273046412]
[-0.3048834154303617, -0.13073513792984448]
[0.08148367002479784, 0.03553123086072363]
[-0.2943417682054701, -0.04874613007461148]
[0.1374263956235766, -0.0016232123048283142]
[-0.22465924396557424, -0.0158401289489003]
[0.23015239678215815, 0.11387613656966511]
[-0.1843617456315349, -0.029653594767437674]
[0.2909662407901896, 0.10334419920483118]
[-0.12233926313856916, -0.052941805783222495]
[0.23576340146729002, 0.13101409103793593]
[0.008675423289539616, -0.0391586285563057]
[0.24254380339845705, 0.252259360762915]
[-0.01634062077182822, -0.13096303780580776]
[0.23178413042255386, 0.33550806326172006]
[0.003438725896213163, -0.17111346431507446]
[0.15685784140308856, 0.3333760393721676]
[-0.1282287759197731, -0.18773714725515633]
[0.0852515911334275, 0.3580712670876439]
[-0.15302546288660035, -0.2328422343014367]
[-0.013398443674245808, 0.3279595332870836]
[-0.16698132027930707, -0.17063008966501636]
[-0.06826956285572816, 0.27276753209419485]
[-0.1674307763704695, -0.06877960300597641]
[-0.09201279884340918, 0.16946611777119608]
[-0.1796950671473591, 0.009738931297833542]
[-0.07927791466745782, 0.14313149612199785]
[-0.1642029861391635, -0.029835454396640593]
[-0.03775407561522526, 0.08544593192528718]
[-0.09650293885107508, 0.06544425861459047]
[-0.007819247144882135, 0.06702108942671847]
[-0.07661852161968952, 0.04587917826952892]
[0.09441709166787415, -0.022541939129188365]
[0.036292217416519446, 0.012925621971266565]
[0.04611659916772726, 0.06389718026790142]
[0.06814522467047235, -0.0351051341194486]
[0.16483396859551935, 0.11412482020742992]
[0.07491536413679278, -0.11326085240783934]
[0.13623383935295674, 0.1187448380338712]
[0.12160117508538248, -0.17724694100153515]
[0.1387453411090327, 0.18890614763127933]
[0.056376427628546555, -0.21576495227228065]
[0.09226636433480184, 0.22367346338359412]
[-0.002419086895774636, -0.278811621669495]
[0.07282637948707171, 0.18684072123005685]
[-0.08281624340627458, -0.2803845080818306]
[0.014374885912895485, 0.15935902426968573]
[-0.14575663587803817, -0.2734804079615216]
[0.0015060876125230216, 0.1337489140611926]
[-0.1838527030930126, -0.21999127174024258]
[-0.0037856373668778698, 0.051573068428298396]
[-0.19299731115074786, -0.12061251742885859]
[0.029858707763182002, 0.009844935411929767]
[-0.17864571178633623, -0.06491598456524195]
[0.07810159446593756, 0.02813639208145355]
[-0.17945267880709737, -0.048025855280338536]
[0.1375671669732637, 0.05389907415941181]
[-0.11606346369236664, -0.023335153013207932]
[0.1716877650229678, 0.05446439955591165]
[-0.07775884356484813, 0.002418984443396943]
[0.19306324290057228, 0.10090377959660174]
[-0.03659353595713846, -0.04171363817911741]
[0.16548427500530513, 0.15724821214731324]
[0.011837512315812787, -0.06696940994748928]
[0.15818148520338854, 0.2345909943444438]
[-0.02206942697347197, -0.08862390432409212]
[0.16230738092207264, 0.27639379264920805]
[-0.03526680504497226, -0.14419156889369406]
[0.0845787835351176, 0.2627616528332471]
[-0.0732691054507269, -0.13991654278904525]
[0.004567245171698847, 0.28938302208718863]
[-0.09970411188472472, -0.11911243996865495]
[-0.02949346359582697, 0.2144787104739316]
[-0.11790140585811071, -0.11565590615645413]
[-0.07541619764927593, 0.16484564783866645]
[-0.10139367514528119, -0.07598179175246314]
[-0.0914563396246415, 0.11180698132416511]
[-0.11820076659842199, -0.04381847941753794]
[-0.0675883108527543, 0.05133195534954177]
[-0.06267020465792283, -0.009805062951038557]
[-0.02457257772732513, -0.00020414260201062628]
[-0.025299947023010194, 0.0023576662490890077]
[0.021426461066619107, 0.008299351841482228]
[0.02053390844711711, -0.00961857436058794]
[0.07060029946714719, 0.01871095235432918]
[0.04599643658317898, -0.035272447087047465]
[0.11224078950341909, 0.02625431005834411]
[0.07697798021512359, -0.0822645231074402]
[0.10947650788023489, 0.06632920202368398]
[0.0749341832747995, -0.13107577209721571]
[0.0976582168308116, 0.10969824973890296]
[0.06182723525584988, -0.18705916338633988]
[0.08799622680388747, 0.1288548972399589]
[0.006636371974430233, -0.20113110610362664]
[0.077109463583525, 0.14859328134729177]
[-0.06574661295573758, -0.2413897420992225]
[0.04659775385692155, 0.13250439437669237]
[-0.12560926654320803, -0.22846840450145786]
[0.006047517596121488, 0.10391002657252524]
[-0.13807112076743921, -0.17481919085396613]
[0.005374238413191845, 0.06849342077730913]
[-0.16758687369754854, -0.12162339219838149]
[0.031643931177463, 0.04044288594272727]
[-0.1513087718435644, -0.09995195149989272]
[0.03243872593688879, 0.02111325505780859]
[-0.1383440338583921, -0.03804263961668421]
[0.09702012612768493, 0.03409071728072721]
[-0.11315026891479807, -0.03343415914186981]
[0.13162767910467824, 0.026774699731454854]
[-0.05354704605660143, -0.01683294645593375]
[0.15131198544553096, 0.06301245690382862]
[-0.03680421314674631, -0.01733592012150556]
[0.15962017720084057, 0.09599505519793183]
[-0.001880601740935628, -0.040362731329651264]
[0.15851179911251467, 0.14017089582298659]
[-0.01345793672899287, -0.07027737466827932]
[0.12745275228391517, 0.18662947098895621]
[-0.007771435485397271, -0.1111551236203503]
[0.0749350006039108, 0.21133464225940468]
[-0.036084061049914906, -0.10495020955783674]
[0.030107930913648287, 0.21712012170967232]
[-0.060626393919712473, -0.11710347267034071]
[-0.009954883478223292, 0.1891418938926832]
[-0.09541713847680566, -0.10402098227213591]
[-0.05953467807337276, 0.17175170171499854]
[-0.11658654775325328, -0.09030739108019781]
[-0.06032353098241297, 0.1107541843220674]
[-0.09488093407885101, -0.037061735765499315]
[-0.06702136478106385, 0.059262491159959296]
[-0.08456451913749707, -0.0022921837529572553]
[-0.028833934612193912, 0.04020959243268707]
[-0.05183332815178687, 0.0016357680135052899]
[-0.010293889210519547, 0.011596449898818584]
[-0.009132111268471244, 0.0006058216648505699]
[0.04890116436551367, 0.026072077435545626]
[0.02194221403114227, -0.007822298846151043]
[0.07323380653358791, 0.020223892418532285]
[0.048615692043932235, -0.05194773713504042]
[0.07909416114582013, 0.039457794119046596]
[0.06411923219573556, -0.0766965940103902]
[0.07133069865445951, 0.053397559456691335]
[0.05648867438952432, -0.11854507524317526]
[0.07452396566372088, 0.08593523054859409]
[0.023020349789491856, -0.15584575794944566]
[0.05561765107305505, 0.10101025827249166]
[-0.019593551462241177, -0.18230803234939041]
[0.027188342252944975, 0.10272748811305377]
[-0.05743069436708148, -0.16581663319298467]
[0.013251076898748382, 0.08528160724212985]
[-0.08771024623386148, -0.1507907019764878]
[-0.002768995453817591, 0.06264289017121238]
[-0.11514018384146985, -0.11388303137075573]
[0.0025117183615641636, 0.042281688783564864]
[-0.12600207490765447, -0.08847689846724349]
[0.02407654953718885, 0.01709163813777259]
[-0.11273921800738385, -0.040898245704762415]
[0.06375142310139426, 0.00909101922075517]
[-0.10400698303837297, -0.02274532154762099]
[0.08421869594269626, 0.01100041722024514]
[-0.06661644982795378, -0.010537888243126625]
[0.11255634369569223, 0.04594246500407562]
[-0.04219467862574411, -0.01518941417371611]
[0.1432561707083937, 0.06855983958755774]
[-0.007736737090504597, -0.02495700155615377]
[0.13015863636142644, 0.10679552807949455]
[-0.012606178294882642, -0.046321647583781766]
[0.1069760538217257, 0.1356164880281887]
[-0.0009080857542311804, -0.07744855308512832]
[0.06276363140806596, 0.15588952864696015]
[-0.0070347224335226555, -0.07798062200657241]
[0.040372590235312256, 0.17100963422960036]
[-0.04048049848169066, -0.09762393869598007]
[-0.004718197892943143, 0.15949349835284732]
[-0.05971989370339703, -0.0892705740652937]
[-0.037532977769898945, 0.1353164995274957]
[-0.07964879712487305, -0.06707622043563921]
[-0.04651233388512632, 0.0979008681608613]
[-0.06518032993812706, -0.03820363468621246]
[-0.05958914468289134, 0.056064394059684]
[-0.06034854085514785, -0.004311458210643382]
[-0.04081116405788188, 0.02676972640449471]
[-0.03772935591319937, 0.0014774662296777041]
[-0.014109013154778305, 0.0005785071693128474]
[-0.010810520011302227, 0.005925315682056231]
[0.024843907755031536, 0.006157396311752827]
[0.012717318614090145, -0.014353372046727042]
[0.04687483706536755, 0.0008986170468657795]
[0.03751662233537917, -0.0338530757590243]
[0.06258986440953129, 0.023743971733878433]
[0.05508699108430609, -0.06404063320712261]
[0.08225069544953345, 0.043865180923274016]
[0.04949493550953407, -0.09561726778406565]
[0.07466092561222526, 0.06716164187522627]
[0.022899870134777844, -0.12786596335824485]
[0.05536123987789798, 0.08361029519812935]
[-0.003670499799421842, -0.14995849468029787]
[0.0373680546233679, 0.09280341549189519]
[-0.03135461465370356, -0.15085946888626633]
[0.02396361978559436, 0.08398490840079176]
[-0.07267427428421049, -0.13926792663334742]
[0.0036679314288725617, 0.06435362493057836]
[-0.09983492674018682, -0.11990381214869905]
[0.0026217775034302893, 0.04164771353749344]
[-0.10955009707145444, -0.08590884191994119]
[0.02025440542354673, 0.02446595908004387]
[-0.10456246709518342, -0.04644921805971869]
[0.03708809133753199, 0.0034639101926957766]
[-0.0897628292799724, -0.01780169966236378]
[0.05695444883496226, 0.00493984746917113]
[-0.06677873088056235, -0.0006189622366975511]
[0.08478513877991667, 0.02390430450850019]
[-0.04365669211151324, -0.007193949599990868]
[0.10866757240933445, 0.054391788834686185]
[-0.018495306017561552, -0.020474048630843455]
[0.10168884107893783, 0.08027891888076139]
[-0.008773489971503401, -0.03018380808602672]
[0.09566174863740184, 0.1053309771809092]
[0.0009736639927278579, -0.05178440917568028]
[0.06850972607148897, 0.12867342648557145]
[-0.010107928345455847, -0.06445031768749576]
[0.04578847602328584, 0.1494722457804927]
[-0.03564136714505228, -0.0771937324027051]
[0.012273305859518135, 0.13777652649577127]
[-0.05237161476311847, -0.07825434854212598]
[-0.014963283898200341, 0.1332746847449965]
[-0.06471456329650604, -0.061381399877351916]
[-0.03400841297528423, 0.10012662019449464]
[-0.07029458797789934, -0.04347830954844506]
[-0.05031589108630813, 0.06511325769711496]
[-0.06196158919427158, -0.01715996288043936]
[-0.04026152609316591, 0.033157952792626844]
[-0.04280430766997992, -0.004920548833887872]
[-0.01882607951965576, 0.01603676243291663]
[-0.020794876959143588, 0.011850198548840174]
[0.008553561828023748, -0.0024196612111616056]
[-0.001057605616704177, 0.0033842249456275675]
[0.025143927086456297, -0.002451799081793604]
[0.031782588150403746, -0.008632747958140397]
[0.04902490330819664, 0.01760107439668654]
[0.04269245051142459, -0.035855448147516206]
[0.06540044726520344, 0.040602745524279116]
[0.04646530675655969, -0.06840338224699802]
[0.05914295864615099, 0.05424164032672729]
[0.036708193577672105, -0.09259447159828924]
[0.0472979761319699, 0.07089550198909211]
[0.015040598002132685, -0.11400737233337846]
[0.033557675025082195, 0.07931140101578453]
[-0.015706567366454427, -0.1280016699583506]
[0.01383912594397052, 0.07578033230833375]
[-0.04995017591462141, -0.12311329137026066]
[0.008857570338221682, 0.06486434673232122]
[-0.08420524722592992, -0.11315516156645575]
[0.004263342196813438, 0.04226370088505303]
[-0.09077556531773731, -0.08657916411127749]
[0.005795488344576986, 0.031017520767388063]
[-0.09794365266311889, -0.055622813401802675]
[0.0221154071553894, 0.007523194602230006]
[-0.07961829322560225, -0.027017788118096263]
[0.041534122163818646, 0.005761502016276579]
[-0.0624014820612121, -0.00975243502853429]
[0.07015091705611452, 0.017093976010418843]
[-0.04412518749512473, -0.005210643007190624]
[0.08479734829355412, 0.034108983187256664]
[-0.0292182310548795, -0.010777422672059181]
[0.0936286515854109, 0.05360962929740756]
[-0.006891736163561812, -0.025570698750276663]
[0.08588158537615775, 0.08513637499838944]
[0.0028854418553403427, -0.03496771050104802]
[0.07429654960276025, 0.1102881353557158]
[-0.009086762529552483, -0.05124089093759704]
[0.048000064465174574, 0.12085502564257355]
[-0.016166644126707652, -0.06429443548465871]
[0.018051436306466606, 0.12780780563469712]
[-0.03222733075834111, -0.0647802007606651]
[-0.010205099249835342, 0.12374963881942291]
[-0.04911607536475443, -0.0587045349464663]
[-0.03146471284914201, 0.09452042758244206]
[-0.05844369770029606, -0.046478756326088916]
[-0.04728133396724776, 0.07037711059027318]
[-0.059317148959856736, -0.028407354940339635]
[-0.03780941752257566, 0.041398690407256855]
[-0.049118604552407574, -0.014846433243968851]
[-0.029856264599991716, 0.01777016077566307]
[-0.027610240035570555, 0.0001794062010983949]
[-0.005198002626237319, 0.001058400641533619]
[-0.004564742126806354, 0.006418989897432489]
[0.02014199833578245, -0.002453208638621196]
[0.01835423337326325, -0.008729279815173685]
[0.04297028637739428, 0.008395442976546152]
[0.031609382745966585, -0.02709029216723747]
[0.054099256706306664, 0.025233616021590355]
[0.034161462561678735, -0.05757375957690387]
[0.062434016989525484, 0.03918753078825976]
[0.03368002598070885, -0.0835416740074267]
[0.04971568300817565, 0.05460693271908268]
[0.0218726826427611, -0.10044015273130986]
[0.03833779384069175, 0.06583689200657028]
[-0.009737586440388246, -0.11094131180734029]
[0.02384055597667277, 0.06472056732474174]
[-0.037347136987673, -0.11447032839891136]
[0.013568106535864488, 0.06407260717664542]
[-0.06295618911656986, -0.10621626397004745]
[0.0045228811237176605, 0.051108098341804076]
[-0.08005211159943493, -0.07986479698937443]
[0.0028362567122649993, 0.03197159023335583]
[-0.09257808689057268, -0.057868772094633425]
[0.010760363325703397, 0.013890387903166213]
[-0.07706604681235407, -0.035235809451085204]
[0.025474663114478158, 0.01398417184896461]
[-0.07016121137554743, -0.012864063906277284]
[0.05474568089290065, 0.013643722125088908]
[-0.049822021890915114, -0.006828160700383112]
[0.06811428360271479, 0.01823319588114991]
[-0.029824452426519543, -0.0008843043010007823]
[0.08412274056631913, 0.04679617310401274]
[-0.015989173646762, -0.016394606974767134]
[0.08492493147201619, 0.06429906268097796]
[-0.003140900407441305, -0.027591753037953748]
[0.07388013464461013, 0.0917174171996411]
[-0.005739637626676175, -0.045793383388931075]
[0.058004464274095224, 0.10521365217626732]
[-0.010610674349139315, -0.058735649228828735]
[0.027271305187430483, 0.11496403586512116]
[-0.021414026712814005, -0.06393593169506373]
[0.0011497531039795783, 0.10836070713682444]
[-0.037694318530846815, -0.057727322489935395]
[-0.02177513168212447, 0.09569809583160449]
[-0.051180296308192874, -0.048280341695552176]
[-0.03047282654414568, 0.07516348509834381]
[-0.057285479791673644, -0.036535204221663564]
[-0.03709013708756681, 0.05047842482189091]
[-0.05032868502976995, -0.013833618846360252]
[-0.031206622768851777, 0.0247568478581649]
[-0.03978761792590024, -0.0005304818190909888]
[-0.016282629588390884, 0.007052806761264407]
[-0.01255076946455913, 0.0036816689156530247]
[0.002368858097352766, 0.00479418588197178]
[0.006435281775260093, 0.0016747098132215976]
[0.027748013457063125, 0.00684229323378982]
[0.01893136267539197, -0.012798731362662519]
[0.044056202778826825, 0.012728670412956555]
[0.02785828031374815, -0.037323254129029704]
[0.048017244767533995, 0.030623098261509774]
[0.031091514573314605, -0.06069365564021356]
[0.04683395489838027, 0.04573626943503439]
[0.020114349416274324, -0.079007653195727]
[0.04075242363245413, 0.051543884527595396]
[0.003914349495140468, -0.09598471344982351]
[0.025169190718484225, 0.05895331496418099]
[-0.01988074223992442, -0.10056596569854115]
[0.014568022544992787, 0.06014592354369597]
[-0.04411100112702071, -0.10039239493507424]
[0.004714423437414017, 0.0456350867150781]
[-0.05946933289240708, -0.08069335004954648]
[0.0026844289314775782, 0.03180829963534049]
[-0.07405350531533361, -0.06151244655828636]
[0.009202291141836794, 0.01796818714766879]
[-0.07511601796209183, -0.04280788641997224]
[0.020661111649016517, 0.007785386835983954]
[-0.06648771826869204, -0.019931389041111913]
[0.039302289801901646, 0.005034271745279595]
[-0.05020278899169395, -0.008565750297440888]
[0.05692867945190705, 0.011705277527491842]
[-0.03043825554934132, -0.0012006854208581608]
[0.06780190378736028, 0.03128608429869051]
[-0.015111293475094822, -0.008844345289836353]
[0.07700911533185706, 0.04950835717476454]
[-0.005695380192560995, -0.016705720006184532]
[0.07025838172963794, 0.07331345503878262]
[-0.006148246522821865, -0.036773899171483104]
[0.05785372976224534, 0.08876473936680418]
[-0.004861063489458001, -0.04899582770734756]
[0.029319881267702796, 0.10000901954030034]
[-0.016554480703323576, -0.05120633010371256]
[0.013734461593244651, 0.09771403146693891]
[-0.0289091864459618, -0.05425346727608127]
[-0.012975285307630702, 0.08778021842300582]
[-0.038459686903000334, -0.048249183917342564]
[-0.02429707460923103, 0.07881480890124437]
[-0.04767175736705512, -0.03682093141731235]
[-0.029416213709507533, 0.05035819298286137]
[-0.043221718321088023, -0.02071677112388426]
[-0.02693924536497494, 0.02714320507134843]
[-0.033480724938217396, -0.006531015494944836]
[-0.019951099197907607, 0.008173327539563652]
[-0.01809162084009259, -0.0015951208258428995]
[-0.0013772858673009036, -0.00035219027234315026]
[0.0007116152066825934, -0.0015227757923789165]
[0.020602256559672294, -0.004097465546984438]
[0.01724130355353292, -0.011553305818827186]
[0.03678053593043562, 0.0059076032744113105]
[0.027927466944311745, -0.026783760323919603]
[0.04437570948252956, 0.017873128449274855]
[0.03039228685672364, -0.048117230405277156]
[0.047901699546939125, 0.03434292927981945]
[0.024367247724285668, -0.06600956298586591]
[0.04309332076637662, 0.04648051699191972]
[0.009357040297210711, -0.08599246166689134]
[0.030624216759495893, 0.05502006377708075]
[-0.011402129778215322, -0.09327505950344828]
[0.017029253765983743, 0.053972979925886275]
[-0.032190997378284875, -0.0917169580238899]
[0.007002004980612431, 0.04675067736123176]
[-0.05297388798194644, -0.0805820655896895]
[0.004523262666491279, 0.0372694115466739]
[-0.06595515455522227, -0.06721092096768494]
[0.005843796777321553, 0.023792515430425945]
[-0.07038722686781115, -0.044035509603502276]
[0.018779212562863357, 0.013781091362681713]
[-0.06729500110901468, -0.024841363701192887]
[0.03146061470908623, 0.0040205721525176236]
[-0.051473342900202335, -0.011101173924229324]
[0.04224724842002486, 0.008320243176653114]
[-0.03341033545494046, -0.003080289155834637]
[0.05693418868398242, 0.019819871478393356]
[-0.018483455686506528, -0.004798529169827759]
[0.06828404896394002, 0.036439386459361636]
[-0.006425235635587306, -0.01460618080739029]
[0.0664373288894588, 0.0561164474243378]
[-0.002853599249282024, -0.027060621378755756]
[0.05561599018533442, 0.07426342069486155]
[-0.003143056468674632, -0.0387623220371649]
[0.03907564499013563, 0.08468249098861545]
[-0.009613842777769749, -0.043272840661196105]
[0.019772378882624786, 0.09068240386695141]
[-0.021212152328498435, -0.049448120266595674]
[-0.0027501618206366985, 0.08478141829615671]
[-0.03274310631333546, -0.04494503180681336]
[-0.01936002044115895, 0.07465417311493906]
[-0.04087858979107281, -0.03631611077372318]
[-0.02651215966816403, 0.054330468383318564]
[-0.04173340775470173, -0.02344427574968709]
[-0.02951979138660811, 0.03620687846769504]
[-0.03608787339493161, -0.010875057573778157]
[-0.02042501208251181, 0.014685709162902724]
[-0.024465430658229426, -0.0006671091210872851]
[-0.0052588149180338856, 0.0030857437198742663]
[-0.008564559824502264, 0.0022718458291849618]
[0.01130672280760326, -0.0017819011986428338]
[0.008209570474400615, -0.0045657782612393465]
[0.025757479644716478, 0.0025043835995440644]
[0.024906553086477073, -0.01629465575964411]
[0.03651891704891695, 0.012632674538969157]
[0.030603631723072885, -0.0316381049425997]
[0.04384338455211945, 0.027573472622884176]
[0.02678917954344885, -0.0554809744804273]
[0.03963180105746178, 0.03893798559484146]
[0.01713800768249385, -0.07273443039395636]
[0.02996074861823718, 0.047858035958319264]
[3.9617305202077624e-05, -0.08206196318144941]
[0.020173992815694416, 0.0469665951676803]
[-0.017990406890007138, -0.08297129090385033]
[0.007623995443273829, 0.04348929650935715]
[-0.040019243294536294, -0.07651843821287685]
[0.0020363093362453233, 0.03508294295559633]
[-0.05440191149911028, -0.06694632608385775]
[0.001971891325016545, 0.024377135503693553]
[-0.061372277767877736, -0.046625434874855154]
[0.010619158480586144, 0.01542736651804727]
[-0.06142944433266295, -0.030306267812591395]
[0.019843776092014737, 0.005832872490718621]
[-0.05058743987001041, -0.013757470310622688]
[0.03177445645884305, 0.005115881635231134]
[-0.038074738028540334, -0.004344277167764324]
[0.049739775483705506, 0.012340888101921244]
[-0.022323584020025655, -0.002661950266234489]
[0.0577146348827329, 0.026399485946279277]
[-0.012261375848895084, -0.010668458122359031]
[0.06235913181018404, 0.04521628786338944]
[-0.002313087189220908, -0.01914929155271096]
[0.055795800497208115, 0.06090739374893339]
[-0.0008955275881071256, -0.029056380261668957]
[0.044821362581556945, 0.0769897090045622]
[-0.005386005316700804, -0.04019457244656616]
[0.02355805109433426, 0.08291583268998659]
[-0.014717944871652344, -0.04647720697114889]
[0.0054114239469258835, 0.08178084297058358]
[-0.023087868976897796, -0.04384248219760961]
[-0.012223429323548543, 0.06990824491287395]
[-0.03331177957730913, -0.03687554060573128]
[-0.026371813150284737, 0.054837647327701466]
[-0.037236597774794156, -0.026562590385287212]
[-0.030416527557104223, 0.03600240012190592]
[-0.03567368680136762, -0.015247294724701335]
[-0.023436503700020442, 0.020134361735691053]
[-0.025561587572513367, -0.004434262707905201]
[-0.01087920026870609, 0.005399983388226115]
[-0.012995777168695044, 0.0010135036466791397]
[0.0014921206158141423, -0.0014691862717572945]
[0.002280158647890218, -9.32590324437127e-05]
[0.017008467921744257, -0.0022762210385151027]
[0.01837723235597455, -0.010048021091777146]
[0.03007087887737651, 0.006883260925697354]
[0.026048890857042983, -0.023431034545319362]
[0.03991724280750346, 0.019300167878336882]
[0.02262577142015665, -0.045820732726641805]
[0.03878220001226379, 0.030139316560029994]
[0.01800187975079759, -0.0619107209393909]
[0.03373347659953184, 0.04183077447425221]
[0.0034736575057168206, -0.0729650106895447]
[0.02551155570104198, 0.04489663006474931]
[-0.01170808863813555, -0.07839200036200678]
[0.011380723620894248, 0.04395645513953328]
[-0.03198196397767761, -0.0746090628208303]
[0.006483231045723653, 0.03740106725684178]
[-0.04581550498525255, -0.06585304740420977]
[0.0026700566433492112, 0.027706346248954072]
[-0.05652509805687844, -0.04933318001621295]
[0.004234066031387068, 0.016831119561686148]
[-0.058886914515601685, -0.034946868606668346]
[0.011183203969342415, 0.008068034507375477]
[-0.051474955303259184, -0.016390591569489965]
[0.02593581768250619, 0.006048132794073013]
[-0.04147543446916602, -0.005625121875691641]
[0.04081380793030681, 0.008497834804740756]
[-0.026701053185710033, -0.0018336476535250612]
[0.04832621162109835, 0.01845749551523479]
[-0.015608867824021044, -0.002026251606057572]
[0.05623261366838472, 0.034746244099073564]
[-0.003134933964441422, -0.011990361538167515]
[0.05379273461663436, 0.05064936112577145]
[1.0171208175702162e-06, -0.02087027746646608]
[0.04458762542215278, 0.06763615546383472]
[-0.00497548342856502, -0.034310777278981686]
[0.029869721424149454, 0.07429726990910013]
[-0.011691893640848328, -0.042392381476684005]
[0.010738132099990527, 0.079106101984174]
[-0.019262135080797882, -0.04334166972847886]
[-0.004883969750997974, 0.07136176499670166]
[-0.029114099213179312, -0.03701296004604859]
[-0.0205334925494442, 0.057841309096807625]
[-0.03554123347511473, -0.02874988908230358]
[-0.02568771559495886, 0.041836007870949654]
[-0.035484515391074, -0.017492459764197887]
[-0.024354962824574278, 0.027812255865466096]
[-0.031066605735336927, -0.007927876098531073]
[-0.01550810440403283, 0.011009067782429383]
[-0.019197316975244683, -0.0011857539772721637]
[-0.006829175687906974, 0.001159722139889463]
[-0.003650587797234539, 0.0022721261522599123]
[0.009906327522212321, -0.0013114307624355614]
[0.01044588426674431, -0.0030019829136549436]
[0.022602435009878796, 0.002468519501022781]
[0.01930980432526952, -0.015684950082012317]
[0.03164371989300274, 0.011063403054408949]
[0.02293657609446198, -0.03104562647923681]
[0.03527766046857439, 0.023340467918993635]
[0.02049594814160921, -0.04662640387975714]
[0.032866963329798216, 0.03455570424355142]
[0.009537012374423504, -0.060938854288171806]
[0.023192953639517455, 0.039584477033929644]
[-0.0038517538284357222, -0.06959629598357997]
[0.013700187272905673, 0.04229438808649305]
[-0.02236342315474865, -0.07028108850302739]
[0.00729430304188039, 0.03852305383613852]
[-0.03520293877715197, -0.06570399623551582]
[0.0009966844857199897, 0.029048940050298455]
[-0.048496362865846965, -0.050755521979177654]
[0.0023024917262695066, 0.01858584082277348]
[-0.054463521020487154, -0.03678725904777391]
[0.008798613768809749, 0.008691361956784938]
[-0.050672615710142005, -0.02249066195852134]
[0.01978749499400212, 0.0076978136865946956]
[-0.044132799107165735, -0.010015495584725032]
[0.03435105247514558, 0.006129764639124208]
[-0.031527391705683125, -0.004227819649882947]
[0.04283322292445224, 0.01196456920618072]
[-0.016450471228945565, -0.0020564845710214774]
[0.049924762432377756, 0.025742815259629764]
[-0.00579905265679629, -0.007646575982342307]
[0.05106840499381482, 0.0407876534038219]
[-0.0011272710705108983, -0.0166069762126817]
[0.04607293618790698, 0.054561718625252054]
[-0.002295140080455377, -0.028135477040770684]
[0.03396423459425113, 0.06623290583655972]
[-0.006258790661487858, -0.035133984592884526]
[0.0172218721529106, 0.07206643662166497]
[-0.016456809664044628, -0.038538571611611894]
[9.803202072666828e-06, 0.06784501559369774]
[-0.02222259966830961, -0.03722727410302895]
[-0.015211710430701353, 0.05940810674758855]
[-0.029157758909937458, -0.028518583024595534]
[-0.021212510679732066, 0.04710659188018475]
[-0.031828651460169305, -0.020835640313889237]
[-0.023740929737075533, 0.029650761946341062]
[-0.03063272370437392, -0.010898516207166753]
[-0.019530486260113167, 0.014392955331696182]
[-0.021215437926551603, -0.00277579917234394]
[-0.008031397578192934, 0.003647420345976135]
[-0.009473671896475258, -0.0008305456595255056]
[0.005270243354243864, -0.0015044801327737806]
[0.0045067997622340455, -0.003226858992264825]
[0.01838851236091993, -0.00026343557049366556]
[0.01351198277907742, -0.011653368420929622]
[0.030463188376054273, 0.0061325926215161225]
[0.022133298674998525, -0.026143761996026693]
[0.03320860886456278, 0.0175595487942648]
[0.022549086782901837, -0.03966510247383215]
[0.03365955556462935, 0.02889141765249692]
[0.013274975147905321, -0.05393660257180083]
[0.028191945719620026, 0.03517518647873981]
[0.0007798862253058508, -0.06452699859789832]
[0.019389906766064613, 0.03993526848149591]
[-0.014846293201521879, -0.06911356391945644]
[0.009420647517398989, 0.03837808132346204]
[-0.03066493088751672, -0.06387925672263375]
[0.0035905441146110717, 0.03094791208979819]
[-0.042822352340442835, -0.053814510356386486]
[0.0014685550509115353, 0.021583429551032374]
[-0.04808467003396581, -0.03933056013134231]
[0.006032181774729861, 0.01470162723765435]
[-0.05083490009843662, -0.024631817557127983]
[0.014718361456829532, 0.008370740230101509]
[-0.046434761506010516, -0.013327064691509252]
[0.0255619021381793, 0.005642943905734402]
[-0.034103727597324426, -0.005064705593742114]
[0.03535295451339632, 0.010705983297722092]
[-0.02143210915417465, -0.0018221412546589877]
[0.04456834880489367, 0.019087999611162712]
[-0.010889167645873034, -0.004882549190037208]
[0.04679264139500143, 0.031140753344194833]
[-0.0031821262263207334, -0.012764400275523405]
[0.04638299550399574, 0.0472349198450971]
[-0.0013805181420673968, -0.021910835022095856]
[0.03770872184544989, 0.05892071446283101]
[-0.0028979191560325954, -0.03137758170564453]
[0.023429409738587925, 0.06521282988413053]
[-0.011164809616747665, -0.033610875575321414]
[0.007402758645965516, 0.0655207517176841]
[-0.018968990505639046, -0.036658312714851246]
[-0.0066647441084390635, 0.059525493091034755]
[-0.024913395672335713, -0.03261967827643997]
[-0.018441260848580825, 0.04878471344358627]
[-0.029737304107220836, -0.02366790855736743]
[-0.02140804952236469, 0.0328556211187164]
[-0.029240916821708346, -0.013158941139976912]
[-0.02012997832739534, 0.01791442917490972]
[-0.02262478317163011, -0.005134300092564832]
[-0.011978389247712842, 0.007923369163706853]
[-0.013359654499201623, 0.00022673008967456776]
[0.0001331531687940174, 0.0003410659015551931]
[-0.00227670178125855, 4.131955431317669e-05]
[0.013356873562079596, -0.00020147846782786472]
[0.009978244355684174, -0.0068520201796837266]
[0.02260233790263365, 0.004363306925513344]
[0.019757793763062304, -0.017862275664486837]
[0.028254644226718223, 0.0133142660335126]
[0.02078573052321342, -0.030113143095201314]
[0.031134822200840517, 0.022494573978621257]
[0.017017071143931584, -0.046583995200800754]
[0.027394588191892416, 0.03190557517518802]
[0.0069272150209798156, -0.056546763120770616]
[0.022049522806579708, 0.038207181183658345]
[-0.008564049967461018, -0.06414057690216596]
[0.013172845517184631, 0.034681569677876445]
[-0.02209859805985659, -0.06112301451945143]
[0.004252821760867359, 0.03131082648001943]
[-0.03508084554302143, -0.055289883566627784]
[0.002082271625918772, 0.023527608226073415]
[-0.04229533457873713, -0.04424269111837236]
[0.0028497645699690627, 0.015328603312643685]
[-0.04587936686094546, -0.02975175131838724]
[0.010496702711779021, 0.007172963575018398]
[-0.04347782449113269, -0.01713329642475654]
[0.01888442294689864, 0.0043278034862345716]
[-0.03515829366761325, -0.007899047159354734]
[0.029481615467763567, 0.006474061001771891]
[-0.024013732160667822, -0.0029631032426553454]
[0.03926275718637427, 0.01268166235775603]
[-0.01381992705059204, -0.0020900561568058425]
[0.045158640791181016, 0.02425089514160228]
[-0.005444435270178016, -0.00905902048807311]
[0.04411210590854535, 0.03817186608763984]
[-0.00024315109735167928, -0.017446408705381694]
[0.03743819964011193, 0.05144624179562868]
[-0.0014747586062934248, -0.024932287363144567]
[0.027369798616261733, 0.05942281817029743]
[-0.00608636737896584, -0.031543063678726425]
[0.012681673778272206, 0.06298363662565021]
[-0.01456992638316279, -0.035212923940108276]
[-0.0016079215003645744, 0.05959074651134216]
[-0.022276992003038898, -0.033004217377262626]
[-0.013139950779624744, 0.04880809547445464]
[-0.027839373588737948, -0.02582877500735191]
[-0.01979477973013527, 0.03535503702724341]
[-0.026723058426945, -0.017788277359456317]
[-0.021791532019639334, 0.021847519999655007]
[-0.023768696842343007, -0.0074996092331117425]
[-0.013969453259822809, 0.010086901399565584]
[-0.01570083355909152, -0.0024522131454327023]
[-0.00404775802945076, 0.00025490284279450215]
[-0.004809433387887974, -0.0002157233286766702]
[0.00739095141110252, -0.0007256996526637804]
[0.00593465823249123, -0.004989573110984996]
[0.017937495016462468, -0.00019342831408819539]
[0.01610582852350978, -0.012656874475154734]
[0.0260989655059356, 0.006721106548028377]
[0.019492214391369722, -0.023499155626326595]
[0.03002806892092627, 0.0155469395326564]
[0.017682891967090164, -0.039211826043437426]
[0.02819889091179381, 0.026121043832252666]
[0.009956277577235106, -0.05025565232362672]
[0.023476098365990933, 0.03349959758248422]
[-0.002176062676011725, -0.05766294896364227]
[0.016628470511694582, 0.03438320120864069]
[-0.015323908533598773, -0.05844985701209904]
[0.0072717820690730295, 0.03266507567884869]
[-0.029867063444730335, -0.0552027338581198]
[0.0026400561325153893, 0.026199910595808396]
[-0.03897986583771129, -0.04587714809893717]
[0.0017440548548213197, 0.0175653709685335]
[-0.0445324515469957, -0.03289882179128778]
[0.007013755590874249, 0.01030725029448848]
[-0.04270058827563972, -0.020941784210969372]
[0.012773098049620457, 0.004494631285338002]
[-0.037064759243480905, -0.009000540327577355]
[0.024197482921162194, 0.005876209175510572]
[-0.027905286495432557, -0.0025604104960946783]
[0.03490935210951046, 0.009033799542827514]
[-0.016209016474158955, -0.001913240869750199]
[0.04079781034647828, 0.019819027778175458]
[-0.007176753343814901, -0.005524396929449393]
[0.04223885152530388, 0.029901046707311585]
[-0.0008384162409159623, -0.012020839801512972]
[0.03814782637869846, 0.04235661495552989]
[0.000694300195414832, -0.019737350014617017]
[0.029368404084824273, 0.0521487692776606]
[-0.003195698702601779, -0.028953730487092544]
[0.016392388472549257, 0.058514403880552124]
[-0.010291649929628999, -0.03230247670477593]
[0.003948424931888683, 0.057621484188406125]
[-0.017967587525034634, -0.031717532858087705]
[-0.008324655038521589, 0.05058049015531785]
[-0.02423769487461025, -0.02642497854444792]
[-0.01813891175111687, 0.039435921902537086]
[-0.026710195371800582, -0.01945447101072112]
[-0.021730589643940534, 0.026296573070589857]
[-0.024774362238878384, -0.00926829708054755]
[-0.016708992975943027, 0.014443139604831456]
[-0.019483333652226376, -0.003734487228817307]
[-0.009360411806583313, 0.003910177372901391]
[-0.009636196513524792, -5.895454907101083e-05]
[0.001007962953413044, -0.0003088930386416777]
[8.323870118898125e-05, -0.001424263924757807]
[0.012399176717269367, -0.0013113842768413542]
[0.011294166516175222, -0.0063548643916954695]
[0.02210465766051939, 0.004077742523165867]
[0.016736684827527604, -0.017331538135786362]
[0.027681530857188053, 0.011343411385184937]
[0.018426531377262786, -0.03008235878903781]
[0.026938963016279183, 0.020069579828858014]
[0.013500868329990007, -0.0411629146410058]
[0.02395303259807835, 0.027523709169617327]
[0.004788670305325336, -0.05091884059092289]
[0.016239070954519708, 0.03183595446371447]
[-0.007745953266886041, -0.05539275883635475]
[0.00904919586512859, 0.03134100837635449]
[-0.02158449195356968, -0.05368361556802054]
[0.003786060091332255, 0.02632806025334143]
[-0.03241595662789763, -0.04639669572116045]
[0.0016654525434469103, 0.01899543139077392]
[-0.03967346191627124, -0.03559423345389556]
[0.0026748315499681152, 0.011482610325251816]
[-0.040890693679438136, -0.02380572059603442]
[0.008928899532913093, 0.004970232793202259]
[-0.03638073617063485, -0.010874188257844197]
[0.018863344935091286, 0.004744056737415493]
[-0.030002701989133573, -0.004250980919583258]
[0.02895246436248644, 0.006596719382116173]
[-0.02008798067250745, -0.0028219682991303396]
[0.03525210975095261, 0.014430833753624521]
[-0.010200506715844063, -0.003335495942280775]
[0.040301418544354095, 0.024163869137515476]
[-0.0025915514689785757, -0.008241334089726604]
[0.03842607482986082, 0.035128653559963446]
[0.00013746214338569707, -0.01609819340745483]
[0.03158997175776196, 0.04578044135487089]
[-0.0020313323552329926, -0.023859561006651153]
[0.021516912350154516, 0.052773748248109625]
[-0.006415037116173555, -0.02902351074169829]
[0.009081390861326977, 0.055141866717875805]
[-0.013546731061519643, -0.030415576922569854]
[-0.004335777097626781, 0.051203680747560154]
[-0.019477929089778453, -0.027669508694942835]
[-0.01428745893671135, 0.04174941421377489]
[-0.023661491609556703, -0.020815678783204977]
[-0.018984601032893067, 0.02970263343407331]
[-0.023577924595957728, -0.013008602600878577]
[-0.01801470294110316, 0.01692913492553806]
[-0.020079527193819682, -0.006135451259892982]
[-0.012778622769762438, 0.006548602042945738]
[-0.01275423546828304, -0.0008378997155114865]
[-0.002771759166220883, -0.0008120717276378503]
[-0.002471081060318847, 0.0001901838680028467]
[0.007987675345619005, -0.0018279178774558355]
[0.007023789110404299, -0.003764291829026184]
[0.017976236481994867, 0.0018913391632770296]
[0.012981569205739271, -0.013794343784756968]
[0.024652102086742775, 0.008130433608004799]
[0.01788161894325835, -0.024582224752519227]
[0.02686584807415615, 0.01655924796703427]
[0.015135077545391312, -0.035056709676475784]
[0.025150523624808435, 0.024255630059208493]
[0.007235290071914549, -0.046147536563891534]
[0.01802096967468192, 0.02866174000851346]
[-0.004363765424841147, -0.052092233652210794]
[0.012779952090085783, 0.03165637595416425]
[-0.01644762288979279, -0.052826752848982424]
[0.007205597882078717, 0.028504145296516625]
[-0.028822755905392395, -0.04800728455485184]
[0.002253540185191201, 0.022286451460847317]
[-0.03636381487958861, -0.03860158631083081]
[0.0016666861479197308, 0.014423035279335743]
[-0.039412802522655416, -0.026026033744977455]
[0.006432405646543661, 0.008616844263499675]
[-0.03677262931750888, -0.015124596822350133]
[0.013939743302727226, 0.004372760946346435]
[-0.03206285261299665, -0.0066180766204899134]
[0.022259768518473923, 0.005408741637586853]
[-0.023299051096849197, -0.0017379623022652675]
[0.031008042268876684, 0.009732401375444302]
[-0.013484278088149948, -0.0014116176812610653]
[0.03565960980541741, 0.01907231323732233]
[-0.005394403012135118, -0.005262692841248154]
[0.036483219561622676, 0.029434970770820842]
[-0.0011298937072060228, -0.011405184529826098]
[0.032748487570066126, 0.040404573207932434]
[-0.0006496840706492618, -0.019129977517146728]
[0.025041057236015032, 0.04828442072474998]
[-0.003360589745439818, -0.025070832359514184]
[0.01233185435152323, 0.052427715109015116]
[-0.010660341310486127, -0.027835855329750157]
[0.00043808444376930433, 0.05065996078451343]
[-0.01725282752700616, -0.028105165380426483]
[-0.00997827473211911, 0.04377514144506103]
[-0.02099577718732412, -0.022867980647859963]
[-0.015431659728331687, 0.034582831759499694]
[-0.024727340418671667, -0.016331614610923105]
[-0.017108619403705214, 0.02050075954142483]
[-0.021498700263073017, -0.008922629745365888]
[-0.015001455768722957, 0.010206327818996636]
[-0.014999568725476392, -0.0015857869126514462]
[-0.005505111589015496, 0.002700381749327324]
[-0.005582440473365258, 0.0003113140583233878]
[0.003582531480868581, -0.001069907482726118]
[0.0024357537967076848, -0.0018326432659138137]
[0.013190979877400713, -1.8668919577136123e-05]
[0.010601710536979336, -0.008941213112712919]
[0.020503697973259447, 0.005614439091046974]
[0.015973595882524505, -0.018608640391088893]
[0.02433138234015826, 0.013225802664471986]
[0.015581716641805854, -0.02963404050753166]
[0.023058314669169744, 0.0197175608962456]
[0.010938224023317178, -0.03916281407760122]
[0.019713352408359593, 0.026264254333733028]
[0.0006031740091772542, -0.046240086655397854]
[0.014433602748865612, 0.029702785460907377]
[-0.01068798420156375, -0.05048929940889824]
[0.007583472784450533, 0.028206604853265538]
[-0.02295444903487176, -0.04702882744398048]
[0.0024344698260566205, 0.023888158312234564]
[-0.031895170676004114, -0.04020343272834103]
[0.001552175672111189, 0.016367938767027634]
[-0.03602401042172182, -0.03035090400032931]
[0.0032788578380385323, 0.010344934036327247]
[-0.03712166882832868, -0.019518221751988946]
[0.010578890832487118, 0.004825389785229395]
[-0.03303753414389893, -0.009985886293585516]
[0.018044715469086273, 0.003391907476649636]
[-0.024717870022102295, -0.0037332405962806625]
[0.027285472124091707, 0.007303035595203677]
[-0.01573843901515065, -0.000845459678997379]
[0.033108018662502244, 0.014205786109758256]
[-0.008907990093788287, -0.003776147412575759]
[0.036072104721007275, 0.023456801303049057]
[-0.0019175900537709012, -0.009464240044310873]
[0.03313096922013131, 0.03491383172640361]
[0.00017415019014122013, -0.0161936888040487]
[0.027465504920579545, 0.043993457451693696]
[-0.0018820624244171857, -0.02252956236348]
