[-337.19283703935014, -1063.7061104106813]
[-6.854523336820602, -27.93739082225129]
[8.93813724785934, -10.488155304206202]
[-76.95551172240697, 50.69950145372977]
[-80.8187035841564, 31.993611168491906]
[-0.7671526253752494, -1.0407661401717725]
[-3.197518214621368, 11.352606177089989]
[-6.388661117446256, -7.519529755920117]
[-4.068719587202194, -7.657897698430266]
[-2.436929683279606, -4.801270524924508]
[0.23660173015584673, -3.97919278139396]
[-6.2372649710633485, 5.550661044496099]
[-5.762577720413132, -0.6860790973776902]
[1.5571771613900778, -1.1403532610218399]
[-1.8228487918341516, 5.532498200006623]
[-3.40324738997691, -2.2680484340697387]
[-1.9042923021027365, -2.3771278918235024]
[-2.2750397023226325, -2.4001228935492493]
[-0.36518416866282033, -2.653648773843331]
[-0.6065565859197368, 2.1129245468869327]
[-1.066992557503911, -0.7246909055541852]
[0.591794994164416, -0.35070961296987946]
[-0.3381069079063659, 2.8675191147413277]
[-1.183721256785987, -0.032117762468536704]
[-0.6626386633412014, 0.010094911331520517]
[-1.572304871172584, -1.2219042108717204]
[-0.5727900101377905, -1.1416948041922268]
[-0.32260442671588985, 0.4657782476841881]
[-0.356967248300772, -1.0805183015273552]
[0.09299471863123587, -0.3840985214787498]
[-0.3590666308654713, 1.3032507020055584]
[-0.22728883599192673, 0.5126578900864702]
[-0.03484838762426623, 0.4193965650419691]
[-0.897573839786274, -0.5994333840179094]
[-0.4385257200589323, -0.27397478369838524]
[-0.3134416954487873, -0.1219917215158981]
[-0.16623856741779752, -0.8227689278970121]
[-0.2943742089131809, -0.40864240253260053]
[-0.3966712690408536, 0.3218623178334128]
[0.18044062097146307, 0.508673322259118]
[0.1584955243612911, 0.422624031799129]
[-0.4342841278623648, -0.3245962357861032]
[-0.29306547245578285, -0.05258559798332518]
[-0.27618277427240223, -0.3790033177403793]
[-0.15714528894776691, -0.49973667464192983]
[-0.5135918319370745, -0.26098243186377346]
[-0.22253636815541578, -0.10884194204419506]
[0.2766640887467785, 0.10947396358315498]
[-0.06858255514929112, 0.187312265365847]
[-0.1453485344604829, 0.04053543552877947]
[-0.1244072921217576, 0.1905105082519225]
[-0.181779189647295, -0.4241142824938233]
[-0.04925770777884564, -0.35596353743777565]
[-0.48847907530028545, -0.13044362601874937]
[-0.1771088125181577, -0.11422004344945158]
[0.14286985189050283, -0.010506337086241047]
[0.018225957296436945, 0.08740017471999106]
[-0.07660984678968419, 0.035342603169248754]
[-0.23537763517187082, 0.040010443734890266]
[0.022465739025450238, -0.16095026496160258]
[0.08437629236218136, 0.030789587443668776]
[-0.48394124708773995, -0.1976617885599996]
[-0.043364393662392864, -0.29440914912087246]
[0.07155763130666087, -0.02584177199751192]
[-0.09636724758701343, 0.17850261178405358]
[-0.095325823264797, 0.04628624881009902]
[-0.08033678509180353, -0.06973545083809052]
[0.14036092590733207, -0.10975672384612789]
[-0.09007361141557624, 0.09885801983505083]
[-0.3319643475238696, -0.10979719670109578]
[0.1430152627087189, -0.12470036188172129]
[-0.09188848323205992, -0.11217720884888394]
[-0.1284443368882937, -0.013464254460747949]
[-0.0691096427224909, 0.08855060979276441]
[-0.05118777507868799, 0.006800860493830996]
[0.1628550371599609, -0.14752385357696518]
[-0.13045721023598933, 0.03683574483178109]
[-0.21736833819554713, -0.03135058599850904]
[0.13187189369563157, -0.026263588871662247]
[-0.13347558703937695, -0.14822722635793806]
[-0.06160105235339097, -0.04979653117438154]
[-0.059071515271710166, 0.10699258060446315]
[-0.052115191437779096, -0.01171232923070864]
[0.07942112162263727, -0.15228160147718395]
[-0.1007979331709068, 0.014536297497637296]
[-0.007222848216549754, -0.053323671929167205]
[0.005945738935583034, 0.031349093537118566]
[-0.25924615809512364, -0.03151121615613661]
[0.11157916479565833, -0.038180810329625725]
[0.03793679276373446, -0.030354612263002068]
[-0.14976389810572277, -0.06837268628136561]
[-0.03695672972371733, -0.003724998104325472]
[0.007453072429027596, 0.05056366093541076]
[0.08189433054730483, -0.1488119763864031]
[-0.0698956772050292, -0.021491696545003602]
[-0.18969703744367616, 0.0029497197846160006]
[0.07129947776102696, 0.05779321912104818]
[-0.036614079155116996, 0.012106564979073475]
[-0.0036808004362889335, -0.08886341099549555]
[-0.030066031221800626, -0.0660060836340195]
[-0.10725385226347806, -0.025500274383935206]
[0.09241048431486154, -0.030929136549066705]
[0.03454083728796853, 0.06685398780866603]
[-0.1425331777497234, -0.0975626688352893]
[-0.015369362652915441, -0.00761684223098702]
[-0.04057159016200651, 0.037242212308671974]
[0.021024130248610273, 0.0003893432153536658]
[-0.0567215591089999, 0.003158268811503717]
[-0.03110950547612834, -0.06853034577531969]
[0.06750305789442779, -0.10942283011938336]
[-0.03894957848335645, -0.006676545948752333]
[-0.03989865959600536, -0.00986283510026631]
[0.016923051805995737, 0.10323944416900499]
[-0.10185327210853778, -0.0638926052362665]
[0.0011758271988711044, -0.06978213608388995]
[-0.01115861333361634, 0.06992908344228876]
[-0.023033196189857552, -0.0016558514698421511]
[0.021766963845954224, -0.102902364594605]
[0.00013494793829949003, -0.056894971776331404]
[-0.018509360495214455, -0.03241011612045508]
[-0.02934074762610539, 0.05425904593147912]
[-0.039933216761344426, -0.05018925670798069]
[0.00691162069695217, 0.03216536811919335]
[-0.06398803407625242, 0.04158766954841786]
[-0.0008914061993618994, -0.06744838626194594]
[0.03333497613635927, -0.06209095477341364]
[-0.012665106175000052, -0.01973023902597726]
[-0.013127480462111318, -0.0368922546835857]
[-0.008837655978235937, 0.007417686058695194]
[-0.027035280950943985, -0.05251221182299082]
[-0.019816461929575535, 0.034715018070846426]
[-0.04214600582854078, 0.02024640608176842]
[0.00971012364053081, -0.01250943009530836]
[0.004866445219451343, -0.028442593795884985]
[-0.00015523005882656093, -0.059971970369437466]
[-0.020682206225411504, -0.016600876515271423]
[0.01600944835374607, 0.017582905186908304]
[0.021730311987947504, -0.0970169257245499]
[-0.0692250916041357, 0.004977847341190222]
[-0.07714367993543836, 0.07062474763023019]
[0.059027955660852616, 0.033232949376096]
[0.02592962989287728, -0.09138030993841095]
[-0.047999055114630984, -0.08288544646786855]
[-0.023932552139470875, 0.06553617508097043]
[0.06830967052540426, 0.03500234325717344]
[-0.0020753584224462163, -0.13208938059666586]
[-0.07139781720386074, -0.028041995463288227]
[-0.01307342108147913, 0.03720326772975158]
[-0.0025974208010808297, 0.04525252525222745]
[-0.035370539135612944, -0.009902393937158305]
[0.03590457653244572, -0.03717328154009958]
[0.017724297564340796, -0.04022558369306806]
[-0.015104152884084066, -0.037583393451962155]
[-0.021886204770784845, 0.005700529363329654]
[0.023356399406992523, 0.04390733075973097]
[-0.005303556109852003, -0.08559359078894602]
[-0.06717847077720629, -0.036399918314394375]
[-0.017705763382523054, 0.05395251016824876]
[0.03438192611785951, 0.0370704119622563]
[-0.0028671648236691105, -0.050024488319403204]
[0.017423539587340997, -0.05962284320227479]
[-0.012916651436965854, -0.000802243368591693]
[-0.005926526829270529, 0.014636431303331254]
[0.007836666364079647, -0.05183813615684407]
[-0.02114903487761355, 0.004194704158013152]
[-0.027864934298934108, 0.002267552107393378]
[-0.017850087037400098, -0.003946360597169518]
[0.002042641058161321, -0.01196366622330558]
[0.035205846038425914, -0.014184778246403518]
[-0.006611578712995447, -0.001466777850368306]
[0.002861432050407231, -0.008791192138636134]
[-0.008072329211186835, -0.05143410819183103]
[-0.01419068853896377, -0.014000786557959555]
[-0.00044436675323611396, -0.002230078439898975]
[-0.02423327060975833, 0.02630413688162718]
[-0.021109707259944877, -0.015330171491940714]
[0.01849510124567333, -0.033547293884500944]
[0.0045864569751334905, 0.012442000325855851]
[0.019777916003103524, 0.010600283375240424]
[-0.0018969553778034332, -0.04856020612363787]
[-0.012629197437671102, -0.02741031614564307]
[-0.015748285465805978, -0.00248636114236378]
[-0.011983268433288341, 0.015846058098459334]
[-0.0012332348118833103, -0.028143544775950158]
[-0.00735469867095917, -0.008419665002581483]
[-0.0055272728348949585, 0.02219870290691839]
[0.02406654851998269, -0.005276302491468987]
[-0.0062095954010490395, -0.03387649595755171]
[0.007627570601725697, -0.014966622379898514]
[0.006875936826118867, -0.021801025337769175]
[-0.03063149549161892, -0.0031963282412180716]
[-0.02671325268480773, -0.007672946193512775]
[0.01443345140757879, 0.0035456116371767044]
[0.017155391716700663, -0.01170291141501334]
[-0.017354295508889894, -0.004170476046228888]
[-0.015201695473439969, 0.005164806473096473]
[0.03964219487585963, -0.014851646761704418]
[0.007873792658006806, -0.031209796317428484]
[-0.029357406689530574, -0.0025731625496380195]
[-0.015728416115736277, -0.02447958694825081]
[-0.0017666288051412238, -0.012944505163603126]
[0.0011833595190555712, 0.01799646955693346]
[-0.0019067610817811165, 0.02083558650426587]
[-0.000892145223907459, -0.0325588402280359]
[0.010376471403130694, -0.03733208715755576]
[0.007418419706273216, 0.017502447779690122]
[0.009530696616204537, 0.018857134741355308]
[-0.02140354144052381, -0.05664406653670406]
[-0.019582858992154506, -0.03170139460682142]
[0.008490286896936095, 0.024381019852270924]
[-0.006473723753826821, 0.021872466128451062]
[-0.006576006599998685, -0.019586809669580596]
[0.01377278450597652, -0.02047982954794958]
[0.012407784051438941, -0.0031265743659147915]
[0.004846075886109524, -0.005020883985537572]
[-0.017228436852660955, -0.019971161210103006]
[0.0026620836487580846, -0.002787229276367098]
[-0.0011082731523028855, -0.013985680260371058]
[-0.02651441955969247, -0.010946829856549711]
[0.0006641861427580942, 0.0064519242058080906]
[0.012854123375338311, 0.0041221396240004315]
[0.007316266000458871, -0.015750604772838184]
[0.009631971040890974, -0.016767691975084764]
[-0.006142997201375344, -0.006582395034349542]
[0.0042763626783810516, 0.0025644206265088565]
[-0.011375139030367798, -0.02069247092508153]
[-0.013316528414156537, -0.010015914538640147]
[0.0077190618347060536, 0.0033488857750416656]
[-0.01632299780834101, -0.0030434051409715668]
[-0.0034775592777629427, -0.008416352667363736]
[0.028631027987197744, -0.009486585274324666]
[0.013532553573014194, -0.008376669711241513]
[-0.004984326561122021, 0.0008973613234566358]
[-0.025421329749483412, -0.015034455650367207]
[0.004654660889265916, -0.010527788135789695]
[0.013229779311031198, -0.0037478275091482605]
[-0.030799244169286588, 5.613738886633968e-06]
[-0.005883857937033277, -0.006088352784135109]
[0.02020929017812856, -0.01906297817114533]
[0.013741513461298815, -0.003270991789284805]
[0.007594342724285497, 0.013488390008949969]
[-0.015185998820141933, -0.018083238245615973]
[0.001384459252186332, -0.018859866959654914]
[0.0006498726475263616, 0.002398093733444906]
[-0.02209750890031481, 0.004772616868534252]
[0.0010379097447379415, -0.013442516297576868]
[0.003210058205994848, -0.021608330804414377]
[0.008341796502635113, 0.0013168741419140595]
[0.01226922513346107, 0.008040079632683828]
[-0.007808183367879362, -0.012150565173262073]
[0.008762360370645705, -0.003413054406324667]
[-0.0015642322361619776, -0.0050414487627341575]
[-0.022540162340731307, -0.011612425697745676]
[-0.002473442560574135, -0.0049259019113487845]
[0.0015506965602294365, -0.00885500091494218]
[0.008810559942269869, -0.007922886174942745]
[0.0019101089130191262, -0.005139017324824691]
[-0.005182372908282051, -0.0019800333170503226]
[0.020718766663396337, 0.007294178624119185]
[0.0007580423686652793, -0.008743886884351681]
[-0.023769242435613513, -0.010149021742864361]
[-0.006124145247562218, -0.004723824779546915]
[0.002826471835238653, -0.014988001448105637]
[0.007874358792989256, -0.0056306982637728265]
[-0.0064013402416405185, -0.0038264849921272326]
[-0.0017553247796517901, -0.005599635792741031]
[0.021515546225360893, 0.005544931352392535]
[0.00011502534802998454, -0.0024806159005796857]
[-0.013638796701515687, -0.0024377825929791097]
[-0.0038532056209881205, -0.00834625653806298]
[-0.005711684085679902, -0.016590006037503713]
[0.0037878690037906892, -0.003005210954321269]
[-0.0032366154833249894, -0.010297742260364062]
[0.00020931552566549882, -0.006990461061570308]
[0.013203570596839409, 0.007610036798825881]
[0.002454465397437211, -0.0021213634649903668]
[-0.0055450103823333485, -8.905823171989624e-05]
[-0.004925474010882613, -0.002608033836277057]
[-0.0035742729967376263, -0.009372794150965591]
[0.004386540522818283, -0.00969756502504937]
[-0.010070621673360147, -0.021467813835883254]
[-0.0018307461272804026, -0.00032075793920827156]
[0.01334730697105213, 0.010510965852526422]
[0.0029116801727062658, -0.006535970446649997]
[-0.0038634923601796878, -0.0024428069025352883]
[0.00023676760148161335, 0.0006985796751544093]
[-0.004050722098568826, -0.0009067901080135332]
[-0.001960384825363093, -0.007187401127563331]
[-0.0035903775913681546, -0.022385144887610453]
[0.0015055805335202344, -0.006022380460327326]
[-0.0014573775231623287, -0.0014508392406535897]
[0.00046994739079853076, 0.0010884854820022438]
[0.008263243958728683, 0.008037415898311195]
[0.002928598373816982, -0.005307429040412592]
[-0.010508194777805402, -0.005884968545955438]
[-0.002174263781752117, -0.00218858147822254]
[0.003165815696150709, -0.011896305793443585]
[-9.1653811016279e-06, -0.005977951670329218]
[-0.007023740883467022, -0.01161618067783432]
[-0.0009136803096931878, -0.002226906102891557]
[0.00817800418944481, 0.004846733771829204]
[0.006410014717986634, -0.001009264874068938]
[-0.0095479757005692, 0.0036301682762607257]
[-0.004153654139756657, -0.0033049241530818674]
[0.005910079710748528, -0.014052829007093592]
[0.002165402268850869, -0.006303164378243242]
[-0.009927972728142054, -0.00950929678837209]
[-0.0031031751188166368, 0.00015452586695324788]
[0.008296406879327867, -0.0015171643622902131]
[0.004628880484121911, -0.004456599579000964]
[-0.01019499608200447, 0.003965085276524949]
[0.002148613239535191, 0.0016860816308301718]
[0.005377641383331744, -0.004585219553065123]
[-0.00270195784448779, -0.008220336569615072]
[-0.006100664042959059, -0.015105231016476761]
[-0.00121756737498524, -0.00039414134716397875]
[0.003660545667722115, -0.001476182890706168]
[0.002602724497527742, -0.002026428315771822]
[-0.00845746817072257, -0.00017498882361088874]
[0.002549657883730294, 0.00014764990091112318]
[0.004315014308299503, 0.0019674753476852658]
[0.0007777079101876083, -0.0058205301649532915]
[-0.006559679620392611, -0.014172455293801844]
[-0.005318253677466522, -0.0012231954614624896]
[0.0063409464587627085, -0.0035258291593212032]
[0.0027790213665337404, -0.0016015833191522222]
[-0.0102984454478523, -0.004965071232790885]
[0.002986426319128821, -0.000604057215247783]
[0.003176348467962109, 0.006620639175651588]
[0.0010440353875993402, -0.0022783675645630247]
[-0.004427481649916354, -0.011128372596922897]
[-0.004379918247058523, -0.005055689030001101]
[0.002735291396079642, -0.005770891203223938]
[0.0011721318064563668, 0.0021439801812642018]
[-0.003981065241770443, -0.006856338443344434]
[0.0007307949972172878, -0.003555935787036519]
[-0.002895627089870789, 0.0048549859013204966]
[0.004913073321497485, -0.00048019673901852173]
[-0.0015342160845861486, -0.004829251351360142]
[-0.004570832946797498, -0.003378367897871805]
[-0.0003004159103490167, -0.005232442057186981]
[-0.0015343531189766502, -0.0014307275599408364]
[0.0003118728772733004, -0.011688178677790706]
[0.0030597601952797593, 0.00037458373564168423]
[-0.005591743169142793, 0.00595605654968856]
[0.000658956127395971, -0.0016112878629137711]
[0.0002654802682215962, -0.004569372918757475]
[0.002687901866246234, -0.004563083788287847]
[-0.004497572681280482, -0.0003822041800318754]
[-0.006376706339389804, 0.001987076408662969]
[0.004137975851090991, -0.01299085992420812]
[0.0021681221023650554, -0.0032692643106318198]
[-0.006242271758189366, -0.00010873722707560596]
[0.0037199340936402425, 0.0022809485729666235]
[-0.0005540741907453794, 0.001196600479104637]
[-0.0007008500118534933, -0.0057534715932582026]
[-0.00487623690561112, -0.0022442942986464764]
[-0.0009860602874114388, 0.0003424918947262934]
[0.002599620695789784, -0.007071351361904288]
[-0.0031877970453302318, 0.0007247286156527588]
[-0.00328326279618818, -0.00762800414438547]
[0.004030632838029957, -0.0013405934925458107]
[-0.0007357323953022243, 0.003135626067103159]
[0.0016588814712170663, -0.0018947242366356143]
[-0.008119927763649226, -0.0015407864601837407]
[-0.002356983630009246, -0.0019987227441073396]
[0.004276904931846515, -0.003998797410745825]
[-0.0019417385287652245, 0.0006048927962638007]
[-0.004076798989738339, -0.009479940661957231]
[0.0006712909715498316, 0.000538406315182427]
[0.0022900535554687407, 0.0009295539585016943]
[0.0026824790460151515, -0.0019164761676974118]
[-0.010223954782088152, -0.0004071610702358619]
[0.0004147333678983234, -0.0027625929628230517]
[0.0017847208835386486, -0.0016396136117042825]
[-0.004253660728314124, 0.0008180030945748595]
[-0.0006255837685186227, -0.009308598698068327]
[0.0005984979563276038, 0.00017036826687238937]
[0.0010082418412746819, -0.0005142237466759791]
[0.0011265356538627813, 0.00011388499805720098]
[-0.0069538745683713765, -0.0023718393211600297]
[0.0034938561707702487, -0.0035036132458981517]
[-0.004053406432493134, 0.0025604331498461086]
[-0.005398003182285116, -0.0005648749248461926]
[0.0017925468693236746, -0.010474830518277578]
[0.0008632680532447701, 0.0015210740026088687]
[0.0015157661824763968, 0.0007906365823668882]
[-0.001087845685595834, 0.000572596846519613]
[-0.005291414053836763, -0.005452630926173763]
[0.004449753002811141, -0.003352849582911266]
[-0.00550069473177206, 0.004535395909648798]
[-0.0026365976744866515, -0.00030219698795169725]
[-0.0015242888047954928, -0.008479156848432146]
[-0.0034474502525201345, -0.00034130783841884726]
[0.004768701008035392, -0.0008374536596749138]
[0.002322847172646414, 0.0026854305811393475]
[-0.004157305989625271, -0.004551664929880017]
[-0.0009220404364598256, -0.002565219799800289]
[-0.0064178945975024715, 0.0019422550583059195]
[0.00332962030102979, -0.001936120455125312]
[-0.002582171784210663, -0.004460824381774975]
[-0.00608041261602299, 0.000350456977005531]
[0.0016532076977534005, -0.002357831677883837]
[0.0006335684263936159, 0.0015258914087634134]
[0.002718321010597352, -0.003435176438882026]
[0.0010559295679302139, -0.00016445847849244632]
[-0.010354514004268678, -0.0003124397168432491]
[0.000974130897998915, -0.0023685985415760613]
[-0.0005077110127810758, -0.002766279619152323]
[-0.0024082201698889527, -0.0019589072520659334]
[-0.00292005917013774, -0.0018053785242642117]
[-0.002740562867773355, 0.0035970045574247878]
[0.005834782422766777, -0.002732929631726888]
[0.0007565237239801625, -0.0008486941970449191]
[-0.007760682004141345, -0.0021485961708276324]
[0.0032774864369546908, -0.0010409614874694606]
[-0.003474749040203867, -0.0014635891955869784]
[-0.0046120580487699625, -0.0032493504743270063]
[-0.002116230997403906, -0.002727514459167968]
[0.00012313732717417203, 0.0026150604780343367]
[0.002528480512031417, 0.000759919074644011]
[-0.003446611199183547, 0.001509270325983525]
[-0.0017793309973637567, -0.005340415806731169]
[0.005723883457397383, -0.0019269120067921808]
[-0.005782242607202351, 0.000504873430889119]
[-0.004326313440039531, -0.002228895907032735]
[-0.0026525021402791504, -0.004487596198218702]
[-0.0005168018589238876, -0.00013614742801865143]
[0.0014325971906238508, 0.002713667597442404]
[-0.0030322860652771677, 0.0038441737990730918]
[-0.0015144221506370945, -0.004176931189793565]
[0.0027179644845043427, -0.002119375433453141]
[-0.0020578082740507625, -0.0016649067020115815]
[0.0002549121022890066, -0.001050797312481755]
[-0.006527183187503092, -0.0031358521599393896]
[-0.003796837667238373, -0.00297089915247456]
[0.002122251555426665, 0.0013161231856080313]
[-0.0012194138583576652, 0.005024887967112424]
[-0.0021603149645466977, -0.001270143113051625]
[-0.00010433081755323315, -0.000926828301219651]
[-0.0006686683747322841, -0.0024778144113929423]
[0.002042613544388061, -0.001174697932823321]
[-0.004514136345235446, -0.004259338852620975]
[-0.002993719190947708, -0.003597728945289702]
[-0.0025817495171118338, 0.001899776244562057]
[-0.0031661214389515635, 0.003552221025887259]
[0.0007487342603950328, -0.0015799951024551007]
[0.0007860390708578358, 0.0011089841328970618]
[-0.002199850875759815, 0.00010069549937985478]
[0.0008732609655374146, -0.0009858952083571793]
[-0.0013185612017516946, -0.0064259068417588106]
[-0.0015923487782976697, -0.0042189728373789315]
[-0.00456010298754729, 0.002202009100000568]
[-0.0026145653734976904, 0.002498316497270392]
[-0.0009100681991357357, -0.0017984608411876213]
[-0.001988396204675169, 0.0015406083964186745]
[-5.034770113469811e-05, 0.001086111019898528]
[0.0034262158523936104, 0.000427690768350808]
[-0.001515071271054741, -0.004869245455073057]
[-0.0037242971656529233, -0.0043650921318735825]
[-0.0028717478680569952, -0.0008934976049861376]
[0.00020456421111875178, 0.0005784711069878878]
[-0.003672853687754052, 0.0003858757040371419]
[-0.0046683625772594994, 0.0023570650974829577]
[-6.76107043758728e-05, -0.00043628447517096713]
[0.0036283298485796367, 0.0010225548384731331]
[0.0004952252458900602, -0.0017690233277252165]
[-0.00234067748655703, -0.0030490539252447935]
[-0.0031998855405012683, -0.0028823194549225106]
[-0.0011674348550340663, -0.002022215335259314]
[-0.0024954874946695044, 0.0003189557343969418]
[-0.0033338627426725553, 0.002855135617849669]
[-0.0037636262671054133, -2.1544066071466084e-05]
[0.0011363010546685537, 0.0014670628578642986]
[0.0028716850516874587, -0.0010532251648917579]
[-0.0002899034790931898, -0.001715354797842683]
[-0.0025268451630639094, -0.0025301975293458012]
[-0.0016663007681702868, -0.003502338933064064]
[-0.0025646844370915967, -0.00035222557169256596]
[-0.00389659235961623, 0.001916974666835658]
[-0.0038806153528735676, -0.0007662564652256565]
[0.0014392989868227957, 0.002020162115032864]
[-0.0001306222786845862, 0.0006907628159376067]
[-0.0013186139895405846, -0.000386928304454498]
[0.0017682056548555536, -0.0029452602094165448]
[0.00011024883237198413, -0.004125587427925459]
[-0.004105823486415555, 0.00033416480172354657]
[-0.004902303861919061, 0.001039234391184224]
[-0.0026704229828174303, -0.0024821263844228836]
[0.0006980589134244208, 0.0008693145353244058]
[-0.00231638366200608, 0.001796833064679454]
[-0.00033563634094121997, 0.002339962494292691]
[0.0021657724147197688, -0.002271760528315986]
[-0.0009712481254294247, -0.005187184299774911]
[-0.0015794859621800633, 0.00011470734833710083]
[-0.002228221523342816, 0.0011408368503421085]
[-0.003925780204725116, -0.0023286399718864814]
[-0.0029841274582979443, -0.0011935813801763617]
[-0.0020157143742644823, 0.0002162260129988658]
[0.00211984682634353, 0.00431603547686793]
[0.00014649788606443254, 0.00033136170887354544]
[-0.0022519495186020116, -0.004557289320219773]
[0.0010214707783145552, -0.0010154969882284204]
[-0.0006541076091464287, -2.3928113076776558e-05]
[-0.0037210732597738327, -0.0012622024757259626]
[-0.00420311621000221, -0.0013066289798222275]
[-0.002692691481497707, -0.001086029285805673]
[0.0015082376169978234, 0.0032402415961160502]
[-0.0006659354186889753, 0.00019858399921421355]
[-0.001154326771252441, -0.001638175754232661]
[0.0009127860503588964, 0.0011384585233736519]
[-0.0010326604418790138, -0.002206791989714109]
[-0.0012291967790224352, -0.002524279918137015]
[-0.0038365380537134404, -0.0002939380695632758]
[-0.004065375575406163, -0.00013583119265466945]
[0.00046852421815443343, 0.0010243656439627294]
[-0.0009654609669718425, -0.0016788968732970111]
[-0.0009527083351220898, 0.000750952161166803]
[0.0004294280727868364, 0.0026045468463129287]
[-0.00010718685216859827, -0.002776689417450136]
[-0.0003473215655684994, -0.0017138390409959896]
[-0.004450321538661432, -0.00048202102654974766]
[-0.0023617534113908115, -0.0008161823675474772]
[0.0004956190772691695, -0.00017744374841135307]
[-0.0033333287169185905, -0.0019983326797000794]
[-0.0017092403984664307, 0.0016810408275219624]
[0.0009570222614954868, 0.0018964942965666032]
[0.0011511748837439162, -0.002427006798080389]
[-0.0004869963275464101, -9.784144331385913e-05]
[-0.004335578670052256, -0.000440839511157462]
[-0.0008664863555210012, -0.0008196354558385466]
[-0.0006295687719505144, -0.0016868076656597897]
[-0.003258935788891762, -0.002217771356333789]
[-0.001238558697049176, 0.002767201425629723]
[-0.001013987328469454, 0.0005546197146267112]
[0.0008656005679883588, -0.002532218627204874]
[0.0006625892324712696, 0.0009267195904502645]
[-0.002823553800319359, 0.0001167108000770245]
[-0.00031178724127615964, -4.171659793356097e-05]
[-0.002157765177888467, -0.0027088059894923855]
[-0.00251427250310024, -0.002266000090530934]
[-0.0011353563634328573, 0.0026415038769533605]
[-0.0019222235322315373, -0.00031891434206240965]
[0.0009399003653078747, -0.0018588304337399664]
[-0.0003152605060514624, 0.00039253901577385175]
[-0.002083742937130706, 0.00010462964891497228]
[0.0011395677553847072, 0.001499751163353713]
[-0.00229538118391609, -0.0028609551526190546]
[-0.002237924619301751, -0.0019082208944615209]
[-0.0017636180693160336, 0.0017268084292795804]
[-0.0016496838992695328, -0.0012679147714791117]
[0.0003888719836880328, -0.001205664254916472]
[-0.001776965235087441, 0.00013095264611795443]
[-0.00047604637372530845, 0.00020585625447189226]
[0.0015544151056648414, 0.0014418711110745497]
[-0.0031325254907729055, -0.0026790697702346322]
[-0.0011712334231057386, -0.00017909953380959576]
[-0.0011877281947183516, 0.0004598068514891085]
[-0.001710622854968813, -0.0021253206382620127]
[-0.0014579445924370743, -0.0005518723780186807]
[-0.0016744374109668725, -0.0005272137335010085]
[0.0015277467806797118, 0.00012668445531766048]
[-0.0001964847576337303, 0.0012095083212846913]
[-0.003636822852151625, -0.0022343033940553925]
[0.0011167142924055629, 0.000980383304582999]
[-0.0007402261228713208, -0.0004261064422153571]
[-0.0025371045914093227, -0.0016671870825516466]
[-0.0028159764533378234, -0.00033686284375061826]
[-0.0006169395055227733, -0.0015773402736128372]
[0.0024800920793599385, -0.00012916583832150996]
[-0.001487465000835464, 0.00037403244419526027]
[-0.003210741808081334, -0.0013791106136379905]
[0.0013534721164737418, 0.0021008305663820503]
[-0.0008156064693318407, -0.0014815693821601528]
[-0.0014494562751906082, -0.0009904120925060544]
[-0.0031167912324604197, 0.00046908328094780183]
[-0.001298509608473719, -0.0017057068680774168]
[0.0017098095074966069, -0.0013109511643873972]
[-0.0006524395352653367, -0.001359890395595198]
[-0.0015851636602821073, -1.3972171555298729e-05]
[9.019786232145055e-05, 0.0030654405675087926]
[-0.001472765246918778, -0.0023995350404791282]
[-0.0002951698685574877, -0.0004384824190111769]
[-0.0027445843812548, 0.0008954558982887662]
[-0.0013323883044256135, -0.0007191522863117528]
[0.00038533855284173316, -0.0019025217538330974]
[-0.0006909457474943426, -0.003244700944837975]
[-0.00047059165898485217, 0.0005676881150997737]
[0.0002129287489059939, 0.002987528951054308]
[-0.0011907483449898094, -0.0028674658285777754]
[-0.0007874708936350672, 0.0003210891824222961]
[-0.002651644218094301, 0.001072729423811869]
[-0.0004396453949023216, 0.00042284716820401025]
[-0.0008830384989682392, -0.002132577208891262]
[-0.001085421971441125, -0.003938108826729847]
[0.0005384598216685065, 0.0006239999038460953]
[0.00022830856067518335, 0.0015521704429924954]
[-0.0012858088724794926, -0.002703904472522889]
[-0.000380449055547738, 0.0010304243930448487]
[-0.0017522978138967346, 0.0003726583421135299]
[-0.0012722507564264518, 0.0014369469983285255]
[-0.0021472051587581482, -0.0012749842327535177]
[0.00024299217981993415, -0.0036323109011582866]
[0.0007345690705874847, -6.279996395675003e-05]
[-0.0008864405085236005, -0.00011234301895757248]
[-0.0008705106051733816, -0.002362048357845037]
[0.0006787562090101451, 0.0007969419091444774]
[-0.0011580540385705135, 0.0003036828533740099]
[-0.0020172115070918872, 0.0026511559955795794]
[-0.002640633040958268, -0.0015945007975527448]
[0.0004494958288127071, -0.0032365098325120023]
[0.0005483592381243935, 0.0004883618251783073]
[-0.0003208587704303101, -0.0005796345546229542]
[-0.00122863987230519, -0.0026819862906830583]
[0.00036850390928999666, -0.0005932140297673083]
[0.0002785287927869473, 0.00016715531143807194]
[-0.0016798211283463038, 0.003311477646077754]
[-0.003176738344421476, -0.001175442152751005]
[-0.00013046021038198852, -0.0017485184792547792]
[0.00021670576361014493, -0.0003287811618803982]
[0.00012710096751378241, -0.0017873130419860939]
[-0.001354434662402773, -0.0014074189256098046]
[0.0007006525166444177, -0.00027757361766700406]
[0.0006221933647763689, -0.0012689573310370461]
[-0.0017484184463392172, 0.001491089260689582]
[-0.0024228903593825346, -0.0002717235736949819]
[-0.0003547169638848935, 0.001026626394777519]
[-0.0004649848572823023, -0.000961328204940437]
[-0.00034416990607732956, -0.0027239947073334214]
[-0.0015729125608554828, -0.0007554596523345891]
[0.001844797342067328, -0.0004278685866531684]
[0.0007873650981583269, -0.0019291421807531295]
[-0.001990969107054541, 0.0005356734660968421]
[-0.00184220196476223, -6.514922853373406e-05]
[-0.00027148967077261776, 0.00185032534417362]
[-0.0006247343090207969, -0.0011516640306239445]
[-0.00110028565926501, -0.0020682415358517225]
[-0.0013425209050721143, -0.00044952259770014713]
[0.0020361783729637706, -0.000806011637479287]
[-0.0002570985579542495, -0.002096487921781409]
[-0.00034188506477972336, -0.000649607253884632]
[-0.00039553598271560575, -0.0003093390288340103]
[-0.0019687304811774053, 0.002591593876388354]
[-0.0011311765360871862, -0.0010618823016955714]
[-5.3116811536524366e-05, -0.0018132350980600287]
[-0.0008776950609526435, -0.00023177939592267105]
[0.00035653078466280075, -0.0003514810965197235]
[-0.0009652446308509588, -0.0023386214646138326]
[0.0017607795995715492, -0.0019336654028803135]
[1.8874014263758898e-05, 0.0002494460419528721]
[-0.00214943772713283, 0.0027001134914601266]
[-0.0009030940699805701, -0.0022490689232502747]
[-0.0008858547767235381, -0.0014732098294153728]
[-0.0005303580106634231, 0.0009345234520389267]
[0.00039080089091581005, 0.0004397766472417908]
[-0.0018037024260177947, -0.0027116224439432957]
[0.001752796846614335, -0.002842856384890957]
[0.0006805226879791904, 0.00012078466042675373]
[-0.0009055430452664659, 0.0021175637759602295]
[-0.0012296157534013585, -0.0018222908023766138]
[-0.0011266038866563077, -0.0006164024586139127]
[8.818184109515848e-05, -0.0002603976355958215]
[-0.001069413001700159, 0.00014059406053620882]
[-0.0019260690738637787, -0.000979361524194533]
[0.0028043884954884746, -0.0017774656977783965]
[9.154430047159101e-05, -0.0012340568513466987]
[-0.0008811436443588727, 0.00015089877780313787]
[-0.0005595321817978283, -0.0010954739737537578]
[-0.00010990328394255844, 0.0004581444420641845]
[5.125574656156262e-05, -0.000748962743144066]
[-0.002659740279892686, 4.091353505172868e-05]
[-0.0015863486671757188, -0.0010321140542445262]
[0.002941995380339235, -0.0015962389386755121]
[-0.00034320228762663163, -0.000598309176515488]
[-0.00043274278175253755, 0.0002237190415078083]
[-0.0006741926657478636, -0.0014874567952118944]
[0.0007050470089274841, -0.0004377049425244445]
[0.0006275971575721018, -0.000833887513859044]
[-0.003267954413139651, 0.0005565846381341832]
[-0.0013984255075886742, -0.0009527203726745759]
[0.002035745232970787, -0.0011596345755863907]
[-0.0007033522689972593, -0.000714600741503979]
[0.00040671563683380985, -0.0006584195900889156]
[-0.0006964747830512374, -0.0006867680412309118]
[0.000861591917205029, 0.0005099773241010325]
[0.0007270066572647726, -0.0017883124125203098]
[-0.0025230771093208704, -0.0010210463626495192]
[-0.0010444263509518659, -0.000318499820117224]
[0.0002424073928464221, 0.0004937592111402267]
[-0.000511077336305843, -0.0013421753746499787]
[0.0010070331899505458, -0.0019239692791966218]
[-0.0012288967676843399, 0.0003307224623850802]
[0.0014007266414032271, 0.0012861541030318984]
[0.000780921661065026, -0.0024348186429423713]
[-0.0020466115799110396, -0.0015574894700789918]
[-0.000500172313065983, -0.00018990944012065025]
[-0.0006014962355379572, 0.0006194400173147024]
[-0.00075223477911468, -0.0013104249609863228]
[0.0005761793087067923, -0.0018546554470572872]
[-0.000761330928763515, -4.1193072743861414e-05]
[0.0017258918953980684, 0.0009822852066967563]
[-0.0002890420430976537, -0.0011898196931899863]
[-0.00059116535803172, -0.0010268008884259244]
[0.0005096653287818276, -0.0016573933681879316]
[-0.002072397995336317, -1.7364353588976422e-05]
[-0.0008302664009746108, -0.0004093847592976374]
[0.0009587479811646871, -0.001437617745308442]
[-0.0007441619614513284, -0.0006792055301187983]
[0.0007253469438198712, 0.000634416141791147]
[-0.0004129935036483179, -0.0005799757198975408]
[0.001272900191906512, -0.0007911044657411548]
[0.00043050175510717104, -0.0014570079791184076]
[-0.0026502688518320605, 0.00013718243486311732]
[-0.0003801463859214316, -0.0014871684159578624]
[0.0005480606285200862, -0.002059621048197291]
[-0.0006021925629173808, 0.00020506405356457424]
[0.0001030053826552857, 0.0010613513896495508]
[-0.0007881977795647366, -0.0008458810680421758]
[0.002072078119248366, -0.00110772848988816]
[0.0006728862811195002, -0.0010230016291262745]
[-0.0021258495246769815, 0.00043081994689178615]
[-0.000517361501611302, -0.001694571933840039]
[9.103857297254603e-05, -0.0020003719648071516]
[-5.9845566296901076e-05, -0.00045566324044532536]
[-0.0006937046609775122, 9.840781036604684e-05]
[-0.0011002569994189582, 0.00015486465856962006]
[0.0025223655251921384, 2.123995406411172e-05]
[0.000602489137372042, -0.0013298010298301577]
[-0.001564246285754911, -0.0005302045640836472]
[-0.00045032968501868, -0.0012182033842945694]
[0.00021773165658445226, -0.0008553101532401131]
[0.00021724686520419034, -0.001325284112258407]
[-0.0015210381198169642, -0.0014164211596382204]
[-0.0010547372539865263, 0.0003635349262418597]
[0.002477802897624004, 0.0008547043902712714]
[0.00022574648651207951, -0.0006251759498976384]
[-0.0009891983450480701, -0.0006682116781601133]
[-3.4467653277081567e-06, -0.0014312901746513784]
[0.0003833447218203334, -0.0005997712449251069]
[-3.476808017266464e-05, -0.0013355185643535439]
[-0.0016472845116975998, -0.001694708627947572]
[-0.0005493415989766826, -0.0005042550007199331]
[0.001605925248736484, 0.0004230516241776616]
[-0.00028232699906260983, 0.0004791958521329631]
[-0.00015985317315403424, -0.00019820786266777635]
[0.00027869526226975694, -0.0014330256384863516]
[0.000276104862148574, -0.0002782651876314657]
[2.7746569644993002e-05, -0.001510946112075251]
[-0.001155076054697557, -0.002202035675552938]
[-0.0005426097385299311, -0.0007510943304027684]
[0.0004003564053240982, 0.0005447263831429017]
[-0.0001562852131763437, 0.00015538498601952444]
[0.0005610607807662316, -0.000896291128953508]
[7.200514518823642e-05, -0.00020195857055826938]
[-2.1064414025273592e-06, 0.0010642974730974974]
[0.0001778161421370772, -0.002027949781212679]
[-0.0003450604386344702, -0.0028945157856903325]
[-0.0003497120417326194, -0.0008252751166090144]
[-0.0007107781028562465, 0.00040468349244099366]
[-0.00030621947540621086, -0.00015515166481894216]
[0.0009277408259587006, -0.0011539711284730414]
[0.00013213598027816964, 0.0001502683911031033]
[-0.000177156145056645, 0.0011747981231205462]
[0.00012445869909671892, -0.0011393090143708706]
[0.00023228212856085673, -0.0019210565240374011]
[-0.00013923062740128778, -0.00181775726829414]
[-0.0012046701285595152, -0.0008357383463379886]
[-0.00043218708761905145, 5.894988756810493e-05]
[0.0008533185242594055, -0.0007145375942499421]
[6.504803410034565e-05, -5.214638178119291e-05]
[-0.0004805268192932255, 0.0004970777529096915]
[0.00033570353976131173, -0.00019802757912307234]
[0.0009947713603000174, -0.000647099114124916]
[-0.00025367783074514705, -0.0020995018538250143]
[-0.0015685135185415922, -0.0015109487246802722]
[-0.0002788180205264279, -0.000536593404949437]
[0.0008490811598041992, -0.0007656011394124862]
[-0.0002897856196170112, 0.0003342744429581934]
[-0.0008260879337431692, 7.344521318181085e-05]
[0.0008155952378081643, -0.00023439653526874382]
[0.0012252320030965436, -0.00017413905737956314]
[-0.000365532454704276, -0.0012512842812206215]
[-0.0011791677390966537, -0.0010253836327120958]
[-0.00028029430647735776, -0.0016161259258237193]
[0.00041873792954172373, -0.001444355778781048]
[-0.0002961854017944354, 0.0005888358512077252]
[-0.0009054479136455518, -3.476208147623616e-05]
[0.0006473450812168879, -0.00010076944592790626]
[0.001153187039176884, -9.313388005582901e-06]
[0.00020435966210996526, -0.0008377258491720774]
[-0.0009561081679713146, -0.0008181397559916537]
[-0.0005115593411433306, -0.0015683922555206342]
[0.0004857814675457428, -0.0010250926959812778]
[-0.0004316619447327641, -0.0002645334025292989]
[-0.001079555796904219, -0.0013324229755491412]
[0.000592164059275202, 0.0004852276258517363]
[0.0008104262356836145, 0.0009676240902881661]
[0.0003837310045818887, -0.00047459612182843003]
[-0.000606261016400822, -0.0013011876176058923]
[-0.00018180285042423971, -0.0016148466301486586]
[0.00032600926355708104, -0.0003354369489219078]
[-0.0007667792086495373, -0.0004953911283230861]
[-0.0007659626016496279, -0.0019561583972995678]
[0.00025943943691708604, 0.00016045846739437541]
[0.0002665091084939064, 0.0006571890987475681]
[0.0008517742113262061, 0.000290704894984839]
[-0.0004161337767774054, -0.0006764796940633699]
[-0.0001224890415491009, -0.0015918703758408814]
[0.00022287018582856088, -0.0004521728264127445]
[-0.000736941423107873, -0.0007627436903382689]
[-0.0003386438042501938, -0.0018030332986777031]
[-0.00015829878026629718, -2.9555970154776512e-05]
[-0.00037503121514392834, -1.7248651657308933e-05]
[0.0009573397258636485, 0.0004999790984837604]
[0.00014348792808149824, -0.0004089701201317464]
[0.00019794683830365312, -0.0011494555376126703]
[-0.0005802181940901541, -4.984788552842012e-05]
[-0.0005673828112595647, -0.0009421164782191516]
[0.0006087149476118325, -0.0018074571836523834]
[-0.0007271545502668397, -0.000277791858901727]
[-0.0010219031518828858, -0.00040057830460382693]
[0.001135854211037235, 0.00038928051549555476]
[0.0004729104473949475, -0.0005510275329873027]
[0.0001825158783681502, -0.00043353053207914605]
[-0.0008875016956887416, 0.00031761938197183426]
[2.2349792476061836e-05, -0.0012022878270149806]
[0.0006639698701216279, -0.001504622928949817]
[-0.0012458696536582492, -0.00034051644449564766]
[-0.0007446502096911667, -0.0008314151407918802]
[0.000894506700933162, 0.00023901085884575624]
[0.00016477931982028515, -0.0005069451230336197]
[0.00041186445106378144, -0.0001715421859451033]
[-0.0008936815641999996, -0.00010956530577199697]
[0.0004937147183416979, -0.0008037158378343817]
[0.0005534428839560901, -0.00039121588969004417]
[-0.0015793381156327113, -0.0008275868288468297]
[-0.0005930428073466221, -0.001616048694287775]
[0.000627529691696882, 0.00033943543484907246]
[0.00014428309984504395, -0.00011515958735563991]
[0.0003061526797799585, 7.291079304182213e-05]
[-0.0010948016888620016, -0.0008153584216817888]
[0.0009615613106858101, -0.0009095206594998476]
[0.0005373371380300584, 0.00020890491591363247]
[-0.001368268311167542, -0.0003864358252024802]
[-0.0005771774740582769, -0.001322976590221736]
[-0.00021970781225355562, -0.0003986442197248044]
[0.0002487733051295682, -0.0006636643419941635]
[0.0006371839818527514, 0.0006914325600201505]
[-0.0011582193699554155, -0.0006404143145647412]
[0.0007878882856595659, -0.0010282037559391534]
[0.00025515192259717434, -0.00011653133131450666]
[-0.0006093279533909701, -0.00023190685015584203]
[-0.0003293093423675786, -0.0006367564199106779]
[-0.0007733491026283845, -0.0006342537985786914]
[8.27860547187309e-05, -0.0008132363102649753]
[0.0002722016570720909, 0.0007294476243207898]
[-0.0007822882384584395, -0.0010109286598460887]
[0.000981841076142742, -0.0008115149055624958]
[-0.00031605816258989394, 6.750854549175678e-05]
[1.8133308936407744e-05, -9.527714416622535e-05]
[-0.00011279042433171016, -0.0007709325338548512]
[-0.0011488992202230985, -0.0009333680900656671]
[6.065653462261622e-05, -0.00014270085265888355]
[0.00020639992167470478, 0.0007509400772295546]
[-0.0006841205478006485, -0.0015484578680430294]
[0.000351744788730346, -0.000494577364541178]
[-0.00035299507831609844, 1.993498485253209e-05]
[0.0010811732566657906, -0.0002186421096875002]
[-0.00039999651341787734, -0.0006480889350242158]
[-0.001407807978171416, -0.0007790720049470068]
[0.0002082850520321311, -3.7778573999447396e-05]
[-2.7227130341200834e-05, 0.0004655356678453515]
[-0.0006141483997947894, -0.0011241282935678942]
[7.46831299658357e-05, -0.00020896901971537152]
[-0.0004173635051599178, -0.0008645446573423143]
[0.0012020680372644144, -0.00015157729071842152]
[-0.0003196698640488549, -8.826356164759463e-05]
[-0.0008357683092882207, -0.0008394518856876393]
[-0.0002820742223763606, -0.00023973351048633962]
[-0.00038273883044503965, 0.0003660011880328995]
[-0.0001245875265991625, -0.0006342455411123549]
[-0.0002874853361993779, 2.9934695613589857e-05]
[-0.0007752075489612098, -0.0012220200365316014]
[0.0012182778944748174, -0.0003463794121362912]
[7.997226365175081e-05, -0.00034761517405845765]
[-0.00043119791347812075, -0.00038129204517747817]
[-0.0007442564261201379, 0.00012355100549354958]
[-0.00029156374372685256, -0.00031820459298798065]
[-2.4175524413611038e-05, -0.0005292951235759125]
[-0.0007886435747259668, 0.0006183812603394179]
[-0.000612355994862257, -0.0011472200538450439]
[0.0011480035474301653, -0.0005195902193292357]
[-0.0001270884564987529, -0.0007179853552667925]
[-0.00021129580964662775, -0.0002115988757929177]
[-0.0003609265168398601, 3.386162211849175e-05]
[9.612197599140337e-05, -0.0006111327989870574]
[-0.0005734427963206556, 7.016533763892774e-05]
[-0.0012647068859014121, 0.0007727610012836506]
[-0.00027403439809750574, -0.0012894767124879136]
[0.0009598174750694577, -0.0004137460586053354]
[-0.00023339573415387393, -0.0007185844553864174]
[0.00011403307382884531, 1.0814543397436038e-05]
[-0.00026486788645407877, -0.0004894178942272953]
[-1.320748722311027e-05, -0.0010844273616197053]
[-0.0005119334257487063, 0.0006451596130682136]
[-0.0007678134212868448, 0.0010293425598565942]
[-0.0006974611665339081, -0.0011044826402248908]
[-9.631464374759702e-05, -0.000406417892327815]
[0.00012896282157104366, -0.0008965616926860376]
[0.0007880697781906809, 0.0002493999812535619]
[-0.00040955216664537164, -0.0006193594988345152]
[-0.0002765121884377164, -0.0012280209883983872]
[-0.0003916125886964661, 0.0003889533854243288]
[-0.0003938989792079406, 0.0007999508517521903]
[-0.0009156461610930755, -0.0002926938184121264]
[-0.0005003705269325254, -0.00018913868063452632]
[5.7990890276624074e-05, -0.0012088344425019715]
[0.000518286864265527, 0.0004373086393586745]
[-0.00015832747944655168, -0.0006296622248331829]
[4.501164928050194e-05, -0.0012244688855024]
[-0.0004967795801270186, 0.00013814980896031948]
[-0.00022200835911889705, 0.00043296061694397814]
[-0.0009035419702380643, -0.00012271252973933278]
[-0.000865955311466382, 3.691120864929287e-06]
[-0.00020222968827925125, -0.0006333432924010007]
[0.0006010379928745313, 0.00047237337394823165]
[7.2385150394760345e-06, -0.00121227423891912]
[-0.00031648948869300586, -0.000812572957655161]
[-0.00030205948468539634, 0.0002752202770932022]
[0.0004937402375340683, -0.0002689304335659892]
[-0.0011120294212025317, -0.0002567204555698477]
[-0.0013886136966831386, 0.00035601031844048614]
[-0.0002163124491192242, -0.00019269791102516365]
[0.0007733197211175491, 0.0003180960629864116]
[-0.00023651742585893004, -0.001189155229768868]
[-0.0005976752558036758, -0.0003172417113788406]
[0.0002512949096114686, -0.00017994816304400807]
[0.000688317852687137, -0.0007104657833587047]
[-0.001301212630771098, 5.414639636508456e-05]
[-0.0011897308837987564, 0.000424809144210031]
[-0.0004023637779048128, -0.00026887103328809836]
[0.000363628760061796, 0.00017301165454078338]
[-0.00027369637845485115, -0.0007647304843089175]
[-0.00032633984143543016, 0.0002106790977953188]
[0.0003224380554484041, -0.0005990674997633505]
[0.00027517334973559127, -0.0010455386441876324]
[-0.0008748666944356637, 9.257968530856919e-05]
[-0.0005931497308877542, 0.00047125209209650243]
[-0.0008732901695519182, -0.00010086585702712147]
[-0.00011067599752928592, -0.00010518655045502201]
[-0.00033961248603530184, -0.0006731572477070569]
[-0.00024338603170720452, 0.0006816966166917071]
[0.00034368990931459443, -0.00045158922549914937]
[0.0002734188568015994, -0.0010994342475620644]
[-0.0005630501378595509, -0.0003875601627178482]
[-0.0006520430109976938, 0.0003049415732985228]
[-0.0008337379927723229, 0.00026458964011216723]
[6.287474624400158e-05, -0.00031314556720826725]
[-0.0008283175910070613, -0.0006331348577523488]
[-0.0005635741467433508, 0.0009966712791597276]
[0.00038542093681672406, -0.0003451052348554806]
[0.00036279075653755655, -0.001013548558155275]
[-0.00027286185516127784, -0.0005358359823162129]
[-0.0005014397334090759, 0.0001844645632881059]
[-0.0006371681235131654, 0.00010885008006950025]
[-0.000298035753346082, -0.00053839392870067]
[-0.0010468448499177975, -0.00024914975610268453]
[-5.524323326183689e-05, 0.001057181078174263]
[-8.088585788266003e-05, -0.00046524598225533564]
[-0.0003726513441421886, -0.0006573105468639096]
[0.00030860855152749916, -0.00045990521448247]
[0.0002558975464450608, -2.3056379264946303e-05]
[-0.0006925427469834516, -9.891861038724414e-05]
[-0.0009305204953657109, -0.0005321896508175827]
[-0.0007588219177892194, -9.751942545099812e-05]
[0.0004519402013953566, 0.000675209178742503]
[-0.0008159873767668441, -0.00035089433572493833]
[-0.000798741349756521, -8.807676253125285e-05]
[0.0006096765480259683, -0.00046545369051495533]
[0.00041170140871710226, -0.00018658429471840599]
[-0.0004389861024145861, -0.00014325764013184417]
[-0.0008594097455621175, -0.0004140729717750369]
[-0.0006651972249821295, -0.00014274270663869326]
[0.0002614820814592078, 0.00015777712596287685]
[-0.0010390226696647478, -0.00019130671782713327]
[-0.000659473723402082, 0.00031564476004450337]
[0.0002695022421488405, -0.0004152154254241647]
[0.00021426307276287138, -0.00016669107463915256]
[-1.308228042674886e-05, -0.00025573114148996767]
[-0.0007595393142148799, -0.0003196419715801868]
[-0.0004205360945233952, 5.609561915936867e-05]
[0.00022797572927471532, -0.00022272814412438446]
[-0.0013224315648226528, -0.0004299416891366259]
[-0.0007917041340283204, 0.00042735678067959415]
[2.7884746665811366e-05, -3.39949698954789e-06]
[0.0004085932157971983, -0.0001357879969008935]
[3.7355659566432053e-05, -0.0006734613508456166]
[-0.0010159908151188418, -5.098962217539582e-05]
[8.798904213042774e-05, 0.0004975964763432594]
[0.0003328359882957266, -0.0006345269071884735]
[-0.0014785100407238988, -0.0006440255101470282]
