[424.573545463496, -1021.0894406700926]
[0.42325390656634454, -8.111819619246106]
[0.7817728255280372, -4.392651035420897]
[-0.42939652841637743, 0.2448197554480629]
[-0.5171333633539952, -0.4549542906991846]
[-0.03654960180433875, -0.8761808427030635]
[0.08010337219862151, -0.2865704422042086]
[-0.031154455616438703, 0.06450365316660367]
[-0.13538500160422728, -0.26555088771083746]
[-0.07324314393277831, -0.2905869806944228]
[0.027155782406921958, -0.034107085218266775]
[0.03164307972873104, 0.008270928835493407]
[-0.052071235473356126, -0.1543665226522677]
[-0.0684302703459636, -0.126073066701613]
[-0.0008219986932367362, -0.004843172880988789]
[0.03737332532101689, -0.015102041378074915]
[-0.011381496301375194, -0.09026484248793842]
[-0.05221909092078292, -0.05670855157255161]
[-0.018703440503039293, -0.004864712298925156]
[0.028877605810642137, -0.02731584086994232]
[0.008405678947497108, -0.05447165352277494]
[-0.03599004112431903, -0.02211008346581611]
[-0.024329894120387552, -0.00790413241482213]
[0.01848791463537225, -0.031837109744232706]
[0.01344485745254076, -0.03239669684106339]
[-0.022252501023804605, -0.005872697751843958]
[-0.021508314890636537, -0.01223260273937532]
[0.008589347688463533, -0.030307407048264068]
[0.011421510349784114, -0.016681752570146813]
[-0.010662431724453247, 0.00010519653356144687]
[-0.0161073112408463, -0.016397098271355937]
[3.7376008179990095e-05, -0.025726549342597438]
[0.007684172523079624, -0.00635228122859921]
[-0.0018797106754400161, 0.001184496040014693]
[-0.01073302557905187, -0.017942228782781733]
[-0.005713296132070056, -0.020216503435841027]
[0.003561160788434492, -0.001405308971479613]
[0.00320749214651439, -0.00015932422104292243]
[-0.005440276065630911, -0.01657356766660456]
[-0.00818307006685437, -0.014324947337637894]
[-0.0007352463525260866, -9.435621806552774e-05]
[0.005106634591014014, -0.0029134324103701204]
[-0.000697083354944894, -0.01381024219651783]
[-0.00833797942048875, -0.008558366935212725]
[-0.004118105552466361, -0.0004429527438869485]
[0.005093413042656536, -0.0058327174252887914]
[0.0023528464841948704, -0.010667386147290348]
[-0.007196347909293577, -0.003979285966074553]
[-0.005645015191867109, -0.0017039657971080757]
[0.003890408354861208, -0.007684691949757294]
[0.0034185695860600163, -0.0072564906274239505]
[-0.00511926084356451, -0.0012100909747836397]
[-0.0055956185299885774, -0.00358115862830255]
[0.001800718011482516, -0.008186923546432467]
[0.0032214039526223814, -0.003940544030144544]
[-0.002500637980185877, 5.290686608372397e-05]
[-0.004731884242302975, -0.005294280324873668]
[-0.0005224612107976867, -0.007751481816734795]
[0.0023594520079806003, -0.0015095564994300759]
[-0.0001445600853962059, 0.0003051748399780507]
[-0.0033520523370622612, -0.006095016972625267]
[-0.0022630175573814526, -0.0066384787401023715]
[0.0009652685914640635, -0.00029827210533461823]
[0.0013530972732915814, -0.0002800433051994844]
[-0.001576598384250616, -0.005976502563505903]
[-0.003130848464215852, -0.004927663867692278]
[-0.0006671694133817407, 2.575667730919662e-05]
[0.002014934311175054, -0.001471550522074594]
[0.00011146357143232422, -0.005318808189626878]
[-0.00331683339407407, -0.0029931902951210176]
[-0.0019387158736771382, -0.00019950704087801086]
[0.0020625051548641693, -0.0027075294272931316]
[0.0011799530481475529, -0.0042737957120349]
[-0.0029536504223329763, -0.0014017122825329409]
[-0.0025167526991222156, -0.0009013780789879355]
[0.0015423500171518612, -0.003505685540991621]
[0.0015639495331036812, -0.0028989891829453995]
[-0.0020631566585176675, -0.0004084831796677957]
[-0.002539269610249084, -0.0018836700170423715]
[0.0005611017058679835, -0.0038028314734697144]
[0.001490779032724987, -0.001524227530223854]
[-0.0008910455353468016, 7.616026329237968e-05]
[-0.0021935101447843053, -0.0027058911720709844]
[-0.0005018191549126527, -0.0037038496180370473]
[0.0010562696757574486, -0.0005549171791479068]
[0.0001376278514060303, 0.00012091889345722251]
[-0.0015015670746798548, -0.003082423690983216]
[-0.0012773805935006877, -0.0032035346490260075]
[0.0002937002574987524, -8.212133260698806e-05]
[0.0007937343643646955, -0.00028326193155159274]
[-0.0005831188476221882, -0.00306866780077919]
[-0.0016873754637538596, -0.0023446039776859884]
[-0.0005554402906940981, 3.129982720517788e-05]
[0.001106837470084443, -0.0009733270826508544]
[0.0002389038023924428, -0.0027784905032180035]
[-0.0017891709778150577, -0.0013927854796764727]
[-0.001167246166441871, -0.000157362927179161]
[0.0011040859711872741, -0.0016249568417521232]
[0.0007293366500125131, -0.0022122833975897205]
[-0.0015623521039428712, -0.0006370528656075569]
[-0.0014387222755961604, -0.0006360443984876618]
[0.0007542704776390963, -0.0020393064970163355]
[0.0009069187117525246, -0.0014455470131164994]
[-0.0010202222833697039, -0.0001573881791789855]
[-0.0014499023799543487, -0.0012282675312174085]
[0.0001611608967380107, -0.002216307345079216]
[0.0008475322448351363, -0.0007240147303146927]
[-0.0003582252432713373, 7.705622638276566e-05]
[-0.0012310174598391121, -0.001674129955360426]
[-0.0004274708080780343, -0.0021618222194725867]
[0.0005434128669143945, -0.00024569933790719034]
[0.00018908679332563239, 3.9147790699800566e-05]
[-0.0007772727523280842, -0.0018723106005493761]
[-0.00084371680035078, -0.001834518243001515]
[4.387950767847926e-05, -1.3925326546981864e-05]
[0.0005419289066472821, -0.0002756467002535956]
[-0.00021657373946126768, -0.0018703189224746897]
[-0.0010751726638209558, -0.0012995725426216964]
[-0.0004580140020750689, 2.1696519794556224e-05]
[0.0007130122203617972, -0.0007214766788683491]
[0.0002417600549406984, -0.0016835618374443362]
[-0.001118839575332653, -0.0007498298903040324]
[-0.0007919777981256759, -0.00015249205363976337]
[0.0006705809011586794, -0.0011056106599753868]
[0.0005038045176926076, -0.001298113451446259]
[-0.0009313287283652105, -0.00032817695509712586]
[-0.0009404431397422308, -0.00050653660934874]
[0.000397309284681846, -0.0013519808422401969]
[0.0005982348184803143, -0.000808263546869803]
[-0.0005535108087325602, -5.347414672618456e-05]
[-0.0009356214173787958, -0.0008876027151996091]
[1.513577434053559e-06, -0.00146262317092119]
[0.0005326574914716886, -0.000385721686805951]
[-0.00013908256902539495, 6.651287763803637e-05]
[-0.000759303280479795, -0.0011491143301383122]
[-0.00035804765223668156, -0.0014044394148540196]
[0.0002887724886364573, -0.00011725236613902013]
[0.00018816065611493293, -1.14601684342297e-05]
[-0.0004266561055454865, -0.0012660589806969824]
[-0.0006114824918896922, -0.0011524203395278931]
[-6.276804251648116e-05, 1.286507737896514e-05]
[0.0004050564383017985, -0.0002636031944076578]
[-5.895878720973968e-05, -0.0012590232929774459]
[-0.0007554183610098963, -0.0007873128694273479]
[-0.00037869103955998074, 6.7633575269177015e-06]
[0.000500443253398597, -0.0005661730114869812]
[0.00021762676054937202, -0.001107807858096277]
[-0.0007579867949831232, -0.0004412343011395148]
[-0.0005785930544079526, -0.00015685619699223885]
[0.0004315780638419753, -0.00081133673683631]
[0.0003747690521676006, -0.0008174676310070961]
[-0.0005904093015691586, -0.00017804353044603705]
[-0.0006688010379845566, -0.0004255354489665075]
[0.00020932277797136578, -0.0009738905526299746]
[0.0004256949493175455, -0.00048525106761410086]
[-0.00031339445913351055, -4.35697986955752e-06]
[-0.0006473171581997672, -0.0006790346634557576]
[-6.656129143278733e-05, -0.001040955807019961]
[0.0003499151973707093, -0.00022073932538946295]
[-3.837145947271914e-05, 4.975352097513763e-05]
[-0.0004906411607152883, -0.000843460301150456]
[-0.00030220884429921213, -0.0009711772630642823]
[0.0001456897629565912, -5.401369932966915e-05]
[0.00017593771893920085, -4.650856900267897e-05]
[-0.00023684739457330295, -0.0009189427570706066]
[-0.00047217960548429083, -0.0007660837803815657]
[-0.00010822568532603549, 2.2766368333204667e-05]
[0.00032056231535593227, -0.00024781250967320645]
[1.2881332654313127e-05, -0.0009009882796933155]
[-0.0005633004453025059, -0.0005064848392282162]
[-0.00031577166330060136, -1.0819606486522915e-05]
[0.0003670686810912649, -0.0004595726460148164]
[0.00019110204485794924, -0.0007650994709570424]
[-0.0005364451135808079, -0.00027448811590746747]
[-0.0004459706018786688, -0.00016160728559000415]
[0.0002834314721140707, -0.0006278893854685386]
[0.0002939800212637955, -0.0005383656560584704]
[-0.00038667502496494977, -9.511454329458324e-05]
[-0.0005025258752363593, -0.0003657994178128954]
[0.0001026946219964131, -0.000742410959825579]
[0.00031570077895004545, -0.00030649472582222614]
[-0.00017989614298552503, 1.865849309523604e-05]
[-0.0004652073785895716, -0.0005389591170761321]
[-9.47298014830622e-05, -0.0007765089220422849]
[0.00023166580001610093, -0.00013116110231026212]
[1.1509987881019867e-05, 3.006362535540319e-05]
[-0.000323243709841492, -0.000650154022177496]
[-0.0002596510029011512, -0.0006977723516803369]
[6.057254491287356e-05, -1.9035142245105163e-05]
[0.00016308539825771184, -7.056160856189209e-05]
[-0.00012809776131028627, -0.0007001988716782703]
[-0.0003811961896271754, -0.0005295721142231091]
[-0.00012451687973807912, 2.3191188221360903e-05]
[0.00026212119010038393, -0.0002294288005666445]
[4.593667656571654e-05, -0.000669442726444501]
[-0.0004347864422620251, -0.0003405099314367499]
[-0.00026701455354033454, -2.8883997078010815e-05]
[0.0002740335305193575, -0.00038251415818324475]
[0.00016864229829005595, -0.0005443397504483194]
[-0.0003883748347355831, -0.00017548677505477284]
[-0.0003581445716495796, -0.0001632845212278175]
[0.00018554298327044805, -0.0005061865466903237]
[0.0002388908644297416, -0.00036632713713879994]
[-0.00025780733385652455, -4.5520121872755226e-05]
[-0.00039058149938631104, -0.000317636107823982]
[4.0322558544581e-05, -0.0005882080486929314]
[0.00023791514178306272, -0.00020101753587642435]
[-0.00010189223205342435, 2.6795748671482045e-05]
[-0.0003402666186158587, -0.000440069388958797]
[-0.00010498433479089186, -0.0005961654901951441]
[0.00015030965636131377, -7.769017032899228e-05]
[3.823726209151168e-05, 1.0129951220072542e-05]
[-0.00021369857574748963, -0.0005204261486628781]
[-0.0002278530608639251, -0.0005141464215008273]
[9.33782878320688e-06, 1.0754262800283243e-06]
[0.0001515436922610025, -8.569306294647916e-05]
[-6.408941375335431e-05, -0.0005510947773553765]
[-0.00031675023832145044, -0.0003774315161721997]
[-0.0001268329609199481, 1.7420520345146073e-05]
[0.0002172114152734217, -0.00021018386059679095]
[6.110074725640402e-05, -0.0005086174975207081]
[-0.00034148464726491135, -0.00023622849776672172]
[-0.00022994905318438064, -4.538767088313467e-05]
[0.0002047579313795289, -0.0003256456415647868]
[0.00015089531393108757, -0.00039514239435090026]
[-0.00028435339889024136, -0.00011189313000808943]
[-0.00029630357657074724, -0.00016093493152408156]
[0.000119069318563092, -0.00042119942979612635]
[0.00019767824257543865, -0.00025609671740167705]
[-0.00017370846517448385, -1.5206923363542124e-05]
[-0.00030891005013256034, -0.00027761190413000403]
[3.42796751251484e-06, -0.0004777140965400578]
[0.00017880426715821685, -0.000134949181935351]
[-5.419010172413863e-05, 2.5769862893376683e-05]
[-0.0002500846663719969, -0.00036834318379341813]
[-0.00010768512922476603, -0.00046572002324718476]
[9.299153546127314e-05, -4.319084296877662e-05]
[5.39603217143414e-05, -7.895030363025413e-06]
[-0.0001404326796754507, -0.0004286418265645464]
[-0.0002037398085847908, -0.00038610627868185254]
[-2.096417665653494e-05, 1.165850533735302e-05]
[0.0001406595421709067, -9.367635063384228e-05]
[-2.5724853009556625e-05, -0.00044244609588489636]
[-0.0002672548954411047, -0.00027593868880304573]
[-0.00012319034320869976, 7.820793214596833e-06]
[0.0001798143036175759, -0.00019184713901654327]
[6.825874754268213e-05, -0.0003915014261984817]
[-0.0002699406299618845, -0.0001667563837277064]
[-0.00020188110921708774, -5.87663332741184e-05]
[0.00015163872871504225, -0.00028327985015375035]
[0.00013653725767914793, -0.00029153647378299397]
[-0.00020949982960911245, -6.86679413087754e-05]
[-0.00024965801451948266, -0.000155065726439918]
[7.367777695987954e-05, -0.00035858871825744654]
[0.00016402161232020873, -0.00018317074497753438]
[-0.00011765522111497478, 2.390363329163314e-06]
[-0.0002456187872976745, -0.000244525999254952]
[-1.8749913386351125e-05, -0.00039354704070240776]
[0.00013220317420836736, -9.088766167208995e-05]
[-2.3296457389687664e-05, 1.937077304425827e-05]
[-0.00018342669283821778, -0.0003152395655194873]
[-0.00010765840260140713, -0.0003678566346249079]
[5.271978311616188e-05, -2.0006112754877847e-05]
[6.389074131729622e-05, -2.26010308599367e-05]
[-9.107261626750685e-05, -0.00036005660276650087]
[-0.0001843876471230299, -0.0002948270667676445]
[-3.835813761476903e-05, 1.532449852881257e-05]
[0.00012937242904409452, -9.645867787866358e-05]
[-2.0184538311873723e-06, -0.0003590017927904421]
[-0.00022651630642234188, -0.00020584414681457108]
[-0.00011781012252454204, -3.463584669183284e-06]
[0.0001473385128925031, -0.00017574454734980982]
[7.190363854236992e-05, -0.00030392943644796944]
[-0.0002135385510292076, -0.00011778223522360132]
[-0.00018008260630056339, -6.82211098999852e-05]
[0.00011080045764133573, -0.000251222974823162]
[0.00012384964886447136, -0.00021843429240142598]
[-0.0001551827926665264, -3.859888765761488e-05]
[-0.00021191398866826638, -0.00014695728889596582]
[4.271618726159332e-05, -0.0003096660292369602]
[0.00013481608810250734, -0.00013314406701470105]
[-7.934284241861711e-05, 1.099132236781486e-05]
[-0.00019481689687506076, -0.00021771453333552238]
[-3.272414834887272e-05, -0.0003265145690022897]
[9.524410311478881e-05, -5.9720953674347044e-05]
[-1.847093809570488e-06, 1.0486693595490593e-05]
[-0.0001339445699954922, -0.00027482236262033055]
[-0.00010677684335291815, -0.00029307645399090365]
[2.4896944238683716e-05, -4.685055548403483e-06]
[6.999409847407989e-05, -3.344434660879081e-05]
[-5.760336143278977e-05, -0.0003058919315744868]
[-0.00016745542925855617, -0.00022869575286987853]
[-4.819186309118484e-05, 1.3924238797535793e-05]
[0.0001170526374656422, -9.604473688584747e-05]
[1.3510132310212697e-05, -0.00029265942113997426]
[-0.00019147474776087803, -0.00015546996069193408]
[-0.00011258957797179864, -1.4569949976173113e-05]
[0.00011897524516113478, -0.00016249176113403152]
[7.371086020091511e-05, -0.00023773027420415094]
[-0.00016880294474191926, -8.164620786617338e-05]
[-0.0001620988493377211, -7.378322239461055e-05]
[7.978939968067422e-05, -0.0002260910814393391]
[0.00011147221685137154, -0.00016610127446514689]
[-0.00011561631441446563, -1.8054091879937673e-05]
[-0.0001796202280845427, -0.0001380896728473413]
[2.1404866685781343e-05, -0.00026920990523705834]
[0.00010887673658044328, -9.724797396293283e-05]
[-5.209731516980787e-05, 1.3283730734947596e-05]
[-0.0001535960201596298, -0.00019635528073369546]
[-4.2338732985092165e-05, -0.00027177623021151787]
[6.637193061220792e-05, -3.6814784227345854e-05]
[1.398262127427774e-05, 1.2814662799787158e-06]
[-9.741428527276774e-05, -0.00024272393689894756]
[-0.000105348901463298, -0.00023555190585766717]
[5.981637850815957e-06, 4.494545999600419e-06]
[7.285417296931662e-05, -4.068436617843396e-05]
[-3.4454930585736676e-05, -0.0002610315525410356]
[-0.00015141864235934666, -0.0001798710573497342]
[-5.398893036191732e-05, 9.184521920224675e-06]
[0.00010372149697501776, -9.420291750350529e-05]
[2.4506578438554527e-05, -0.0002390600216364558]
[-0.0001608787688524571, -0.0001176317483788103]
[-0.00010797113605733044, -2.414244142701083e-05]
[9.46697082382375e-05, -0.00015197067208549964]
[7.397352826510328e-05, -0.00018755385816282555]
[-0.00013356247506000896, -5.435623793902111e-05]
[-0.00014603808243564276, -7.61584225450751e-05]
[5.65812920196862e-05, -0.000205203952642119]
[9.871342564782282e-05, -0.00012781363670777424]
[-8.648238925572371e-05, -4.906638806256858e-06]
[-0.00015116883041749185, -0.00012969560009995496]
[6.212049989517965e-06, -0.0002343080020480448]
[8.603982171528912e-05, -7.022833023118125e-05]
[-3.164956837137245e-05, 1.1535383198202354e-05]
[-0.00012038414695192401, -0.00017930439132474163]
[-4.960423506039646e-05, -0.00022674097918279346]
[4.4367780301368676e-05, -1.9940249798011678e-05]
[2.5940231642818112e-05, -6.846795627790669e-06]
[-7.055634565267255e-05, -0.00021580640996199385]
[-0.00010301208862695255, -0.00019117073879360014]
[-6.924180192990903e-06, 8.725122983221922e-06]
[7.268158010664827e-05, -4.51477404452838e-05]
[-1.774571655155377e-05, -0.00022271045713889714]
[-0.0001355996129041026, -0.00014281570323715354]
[-5.784755441212708e-05, 2.761081138502597e-06]
[8.993627173259355e-05, -9.2201840368622e-05]
[3.275620584974881e-05, -0.0001956980279169962]
[-0.00013438026685261284, -8.80521962648706e-05]
[-0.00010360171105537608, -3.148467369579189e-05]
[7.446939939947939e-05, -0.0001435083085731259]
[7.24955531135052e-05, -0.00014941386826639036]
[-0.00010606331543374509, -3.3871310883892836e-05]
[-0.00013073701570498475, -7.642518305833734e-05]
[3.9260816772968e-05, -0.00018664520293654174]
[8.555848005742384e-05, -9.885522932218116e-05]
[-6.444695426530839e-05, 2.4665360154330074e-06]
[-0.00012604769649421366, -0.00012249244767220668]
[-5.338152347933445e-06, -0.00020356940492874398]
[6.650246663064685e-05, -4.913660159266975e-05]
[-1.5472914557224104e-05, 7.677121056648417e-06]
[-9.404140031799013e-05, -0.00016522493186610365]
[-5.529996320730035e-05, -0.00018983776567943478]
[2.7953173214578797e-05, -8.023193375450433e-06]
[3.466403986551736e-05, -1.3270411288512918e-05]
[-5.0629548833613924e-05, -0.00019202785118177523]
[-9.932533481604722e-05, -0.00015667549564213346]
[-1.6107107938589937e-05, 9.175061369326443e-06]
[6.981358966440254e-05, -4.789844932662213e-05]
[-4.942115951811488e-06, -0.00018960957399752343]
[-0.00012001396538036113, -0.00011365789073036758]
[-6.075110623277383e-05, -3.930158461784572e-06]
[7.651183312518128e-05, -9.068409663415267e-05]
[3.889718789240604e-05, -0.00016084913506242415]
[-0.00011190579260945965, -6.4367708432711e-05]
[-9.88639267601836e-05, -3.655404749017266e-05]
[5.817476375513664e-05, -0.00013617247850206127]
[6.912924540669607e-05, -0.00012009877610608122]
[-8.463253844621932e-05, -1.904602287389201e-05]
[-0.00011575531909438497, -7.569116012212662e-05]
[2.6044310054818e-05, -0.0001692879103100675]
[7.247648027353115e-05, -7.604704971031495e-05]
[-4.7037092055932095e-05, 5.580716057718149e-06]
[-0.00010424431011346602, -0.00011661633799253668]
[-1.4765634142488437e-05, -0.00017649359226890038]
[5.038084916331176e-05, -3.2491420982383445e-05]
[-2.2910375498952362e-06, 3.19799775883034e-06]
[-7.343308863383413e-05, -0.00015283608044269759]
[-5.949349152101213e-05, -0.00015982491746779903]
[1.5745852561921403e-05, -3.837856241695192e-07]
[4.0355780845935385e-05, -1.801560334047103e-05]
[-3.5385249793185025e-05, -0.0001702973147356679]
[-9.410784261154603e-05, -0.00012937209667129856]
[-2.3178490296954513e-05, 7.090546357613192e-06]
[6.486800458826991e-05, -4.991321047231878e-05]
[5.3899153416026024e-06, -0.0001611682963983986]
[-0.00010509607554276545, -8.985585926063466e-05]
[-6.29059501980403e-05, -9.899119481349139e-06]
[6.421460171446292e-05, -8.970754862203112e-05]
[4.2994579825483825e-05, -0.00013301912745966593]
[-9.327286976928278e-05, -4.539310156492782e-05]
[-9.326056461627513e-05, -3.980234542957928e-05]
[4.524344029821492e-05, -0.000129081513245477]
[6.402720369025339e-05, -9.701279372686944e-05]
[-6.765952969683964e-05, -9.006862024707463e-06]
[-0.00010121357441106316, -7.480850551572216e-05]
[1.5435501789173856e-05, -0.00015270628037498957]
[6.01329310649934e-05, -5.743848560824105e-05]
[-3.260435448890209e-05, 5.89366825498594e-06]
[-8.580697825621986e-05, -0.00011173328509977987]
[-2.27852638532422e-05, -0.00015296043947127247]
[3.748920142732093e-05, -1.9629444047097877e-05]
[8.37034021439198e-06, -9.578171380475453e-07]
[-5.732500496025139e-05, -0.00014115114280027763]
[-6.198346456476322e-05, -0.0001354768719592503]
[6.4007867401350005e-06, 3.6682309789703993e-06]
[4.3209516773834444e-05, -2.153595036746836e-05]
[-2.3138532686539648e-05, -0.00015024986823519715]
[-8.755082144329407e-05, -0.0001071036477476861]
[-2.9063166676251972e-05, 3.684424307093259e-06]
[5.867130508807605e-05, -5.184826462767411e-05]
[1.3862065640690702e-05, -0.00013708016737264128]
[-9.139144138919919e-05, -6.992517865772596e-05]
[-6.41020016058369e-05, -1.467358658358009e-05]
[5.3530581659799736e-05, -8.892362932255704e-05]
[4.497779840550997e-05, -0.00011074601967425712]
[-7.803295430302767e-05, -3.054715960386367e-05]
[-8.662342091162595e-05, -4.1922812502169504e-05]
[3.488104851689933e-05, -0.00012163835130613032]
[5.766601454038067e-05, -7.818511658619354e-05]
[-5.3725871285489196e-05, -2.8516865249739176e-06]
[-8.753589130117145e-05, -7.42169446097396e-05]
[6.3722059275850285e-06, -0.00013697560542743834]
[4.911077716185375e-05, -4.200688950417586e-05]
[-2.024120445107136e-05, 4.690900735404568e-06]
[-7.058719615304909e-05, -0.00010726138537320296]
[-2.9538609704893304e-05, -0.0001328649825398931]
[2.7317840395446602e-05, -1.0212119799124508e-05]
[1.6592290902561757e-05, -4.399221727569014e-06]
[-4.447252447326022e-05, -0.00012961713976339384]
[-6.262584209837385e-05, -0.00011553150009996349]
[-1.198644493494161e-06, 4.96732291310753e-06]
[4.361709736988573e-05, -2.4438072211863116e-05]
[-1.2812722438138024e-05, -0.00013195843409474772]
[-8.01501443441488e-05, -8.829733179199772e-05]
[-3.409557078512537e-05, -4.19970332954378e-08]
[5.2074510998867396e-05, -5.39459314893298e-05]
[2.0579426018407787e-05, -0.00011697908206287355]
[-7.930177119391812e-05, -5.314388247643076e-05]
[-6.404077029808358e-05, -1.825934719740241e-05]
[4.4564410627723205e-05, -8.782342078150762e-05]
[4.491632032332937e-05, -9.26232812666905e-05]
[-6.549886230547766e-05, -1.94341977860224e-05]
[-7.914650033985504e-05, -4.358685786207128e-05]
[2.6231309846025397e-05, -0.00011363519554791202]
[5.071688866542523e-05, -6.22887293149077e-05]
[-4.175433545946031e-05, 4.123624656182656e-07]
[-7.51795677193523e-05, -7.393655835907786e-05]
[-1.717966543024474e-06, -0.00012241318560553271]
[3.9719602805909915e-05, -2.9333211545967686e-05]
[-9.611922741903367e-06, 2.9408374481176836e-06]
[-5.816318576434831e-05, -0.0001026188388667526]
[-3.487063365836818e-05, -0.0001159196262501827]
[1.915471213209674e-05, -3.900459027539327e-06]
[2.239011465698937e-05, -7.181694883229284e-06]
[-3.378609369852903e-05, -0.00011812087702711693]
[-6.151059031456185e-05, -9.878778901228902e-05]
[-7.798672757713954e-06, 4.440551829021366e-06]
[4.218610304429493e-05, -2.723607202081979e-05]
[-3.891203551154021e-06, -0.00011564149029635873]
[-7.253321659039802e-05, -7.197118928486956e-05]
[-3.821070047088648e-05, -3.438700162672337e-06]
[4.575936722162055e-05, -5.6082152269709695e-05]
[2.5449698867197057e-05, -0.00010031270489702093]
[-6.894178180613664e-05, -3.9238804393743054e-05]
[-6.25709312116092e-05, -2.0988667011417883e-05]
[3.7076245632094995e-05, -8.59712260273815e-05]
[4.312547390794563e-05, -7.7424922739322e-05]
[-5.488759928887893e-05, -1.1594953485655202e-05]
[-7.128138609777124e-05, -4.524607207559428e-05]
[1.8575204243864718e-05, -0.0001052212906061667]
[4.385162927711406e-05, -4.858868228629909e-05]
[-3.109154989936955e-05, 1.7825355784761854e-06]
[-6.442735887707274e-05, -7.368536172719375e-05]
[-8.977016866085208e-06, -0.00010933185382061561]
[3.193254976696647e-05, -1.9284932644580977e-05]
[-7.216018310107764e-07, 1.209226375920025e-06]
[-4.7909081962504985e-05, -9.741958581310772e-05]
[-3.8588446288123635e-05, -0.00010161759491511546]
[1.2272696098603042e-05, -2.032826853515246e-07]
[2.5918184479944983e-05, -9.619011594907967e-06]
[-2.4476614641111283e-05, -0.00010687637764866809]
[-5.8987570306534565e-05, -8.425067574890921e-05]
[-1.3736312440143505e-05, 2.963551982260171e-06]
[3.9631549256902154e-05, -3.0195833089163848e-05]
[3.7268092323294866e-06, -0.00010143199215692511]
[-6.526303124781974e-05, -5.7654495561776375e-05]
[-4.117686506292101e-05, -6.2498067809335645e-06]
[4.011080718013815e-05, -5.7914903013656094e-05]
[2.8427284070042802e-05, -8.637001066419403e-05]
[-6.012585548773042e-05, -2.8098125875862523e-05]
[-5.979594887295207e-05, -2.3314035224909768e-05]
[3.062025748956643e-05, -8.316054284468466e-05]
[4.012748538606559e-05, -6.423262012278386e-05]
[-4.5497543965190845e-05, -6.421715010140883e-06]
[-6.356037897795042e-05, -4.704518365411525e-05]
[1.146734235746294e-05, -9.67682324078678e-05]
[3.7567138628458174e-05, -3.6803951110053745e-05]
[-2.148814406523203e-05, 2.1179734299714426e-06]
[-5.5288978183576365e-05, -7.306381492944158e-05]
[-1.526711428767591e-05, -9.786828253402491e-05]
[2.5445689534664417e-05, -1.1758506746395447e-05]
[6.321391101626883e-06, -3.276032224386327e-07]
[-3.91464465435698e-05, -9.156693558820539e-05]
[-4.064379483736946e-05, -8.931770305442566e-05]
[6.1040311245541545e-06, 1.5236275495711382e-06]
[2.7537743019112604e-05, -1.20736580051517e-05]
[-1.6119430997330042e-05, -9.624452423792618e-05]
[-5.557604938855043e-05, -7.124112323803056e-05]
[-1.900965181467207e-05, 1.2114471434898633e-06]
[3.661731040349725e-05, -3.329629665937972e-05]
[9.926706754592729e-06, -8.925238504699229e-05]
[-5.869058154508999e-05, -4.522958729444304e-05]
[-4.280486481936241e-05, -8.54979688535984e-06]
[3.519236844473639e-05, -5.906969103830484e-05]
[2.964991407705675e-05, -7.440311914824749e-05]
[-5.24618160926936e-05, -1.9560649828713472e-05]
[-5.6055455925609066e-05, -2.5615135863181482e-05]
[2.4723261303982724e-05, -7.946042663259378e-05]
[3.652219798411238e-05, -5.249783280547593e-05]
[-3.684813382505078e-05, -3.203028474674241e-06]
[-5.64203481602521e-05, -4.8851471728061924e-05]
[4.772252347740036e-06, -8.869273633977e-05]
[3.208701888623988e-05, -2.6913042389442587e-05]
[-1.2986212934718022e-05, 2.0198207729693607e-06]
[-4.751909252598274e-05, -7.173750058792061e-05]
[-2.0358753622273795e-05, -8.79189742159503e-05]
[1.9818249643033248e-05, -6.523241209421826e-06]
[1.1491183881384703e-05, -1.7774508241918952e-06]
[-3.130587564581511e-05, -8.523474226845851e-05]
[-4.1207289891542764e-05, -7.838794696524154e-05]
[3.4355730024748787e-07, 1.9781221879400235e-06]
[2.776772917467696e-05, -1.4787900583734803e-05]
[-8.618305814334093e-06, -8.654993652720822e-05]
[-5.181662472414361e-05, -5.9424437290567234e-05]
[-2.3424037388499602e-05, -4.3105624469852444e-07]
[3.3618614065700214e-05, -3.629621923917359e-05]
[1.4576423893020163e-05, -7.880593860074003e-05]
[-5.289747750188145e-05, -3.473795737629626e-05]
[-4.308115765727649e-05, -1.0603382917973025e-05]
[3.0819668149772994e-05, -5.929735390719504e-05]
[2.9457754033401784e-05, -6.377286425301998e-05]
[-4.5500661615526655e-05, -1.3312748145546949e-05]
[-5.181639146092931e-05, -2.8074036682118608e-05]
[1.903948065629102e-05, -7.515864080037682e-05]
[3.2834785539836986e-05, -4.20129830995819e-05]
[-2.8737340559640417e-05, -1.2403720668352491e-06]
[-5.00859941804932e-05, -5.036979844974532e-05]
[-1.3973656525223532e-06, -8.130029259498239e-05]
[2.736235147127175e-05, -1.895632871784514e-05]
[-5.756494289438363e-06, 1.7837959898070466e-06]
[-4.0722787104985336e-05, -6.956085610559937e-05]
[-2.4096496202274942e-05, -7.918031022441374e-05]
[1.463389748229682e-05, -3.1800938570247794e-06]
[1.493964605719933e-05, -3.375070340205788e-06]
[-2.4038626283640063e-05, -7.8762303219293e-05]
[-4.063736761128478e-05, -6.834211740258667e-05]
[-5.0437146120740906e-06, 1.7770565751140666e-06]
[2.7166072303796973e-05, -1.779755051489751e-05]
[-2.0897292101196285e-06, -7.795154437652274e-05]
[-4.812941226051137e-05, -4.8749653104251944e-05]
[-2.6759652350331203e-05, -1.8712544815335796e-06]
[3.0854210226971546e-05, -3.8864718840514456e-05]
[1.766847837014751e-05, -6.965986536339175e-05]
[-4.773388396045464e-05, -2.620513489728915e-05]
[-4.2201773076955273e-05, -1.2701707079385005e-05]
[2.6694739992283445e-05, -5.855853293684765e-05]
[2.831864944718987e-05, -5.405678173531214e-05]
[-3.888238132497557e-05, -8.892638948598819e-06]
[-4.752979754941988e-05, -3.064456093557211e-05]
[1.3435270390216303e-05, -7.063905206594612e-05]
[2.940043564314543e-05, -3.280482077838709e-05]
[-2.1207803095370237e-05, 2.7167622929091806e-08]
[-4.454177591289854e-05, -5.1290704064843595e-05]
[-6.806263367797882e-06, -7.469638016893709e-05]
[2.3157049750976988e-05, -1.2886991924587754e-05]
[5.987359608106146e-08, 1.4384925387522784e-06]
[-3.449719558057396e-05, -6.661258596851738e-05]
[-2.6496829699573787e-05, -7.12581165775994e-05]
[9.626393041473058e-06, -1.216476563814517e-06]
[1.6993530686015834e-05, -5.326814297323956e-06]
[-1.72459531946334e-05, -7.251225959101215e-05]
[-3.937748708709998e-05, -5.891951708858478e-05]
[-9.899494710821632e-06, 1.3468715905906592e-06]
[2.6199727001796624e-05, -2.0939113368756423e-05]
[3.2870442094878882e-06, -7.03979320162626e-05]
[-4.47279975137882e-05, -3.932653776189676e-05]
[-2.8906024581814432e-05, -3.229189722231407e-06]
[2.830394057573571e-05, -4.0720804080685014e-05]
[1.937591197243016e-05, -6.137247005422175e-05]
[-4.292459069184934e-05, -1.9528853933199752e-05]
[-4.0517160852368214e-05, -1.5028739769502863e-05]
[2.2549080733513804e-05, -5.701990974948945e-05]
[2.6706420798605635e-05, -4.508337740305457e-05]
[-3.242923701708353e-05, -5.772097009831834e-06]
[-4.3509585669399e-05, -3.310828852290393e-05]
[7.98750231467693e-06, -6.624560603876034e-05]
[2.632223656695576e-05, -2.4989958213317287e-05]
[-1.4444893360061883e-05, 9.420878868127147e-07]
[-3.958786531071956e-05, -5.14169179329782e-05]
[-1.1235884262439377e-05, -6.87828048692718e-05]
[1.9177189773733616e-05, -8.502693153888963e-06]
[4.458138568308456e-06, 8.493861231029243e-07]
[-2.855497951192998e-05, -6.314639313209636e-05]
[-2.7760375928886916e-05, -6.379620560426069e-05]
[4.733532049272515e-06, -1.1414531730924438e-07]
[1.8076408687228707e-05, -7.703945359094355e-06]
[-1.102701762256686e-05, -6.674489636429581e-05]
[-3.783140304464139e-05, -5.008621851526618e-05]
[-1.3995892324272785e-05, 8.786745779865157e-07]
[2.5153797010513124e-05, -2.393011675505541e-05]
[7.402948274171095e-06, -6.366668271493015e-05]
[-4.161137344971255e-05, -3.128557768602991e-05]
[-2.9927070954754997e-05, -4.712497466391463e-06]
[2.5795356101587785e-05, -4.173312555433295e-05]
[2.0022570955458008e-05, -5.361120199637304e-05]
[-3.819748455556257e-05, -1.445048401095897e-05]
[-3.842421885372205e-05, -1.7594773040342793e-05]
[1.8247715233732364e-05, -5.4978363262514485e-05]
[2.4985067433758168e-05, -3.688843350047044e-05]
[-2.616297596376438e-05, -3.4682520432816055e-06]
[-3.987251455686569e-05, -3.518307131722409e-05]
[2.910141924106213e-06, -6.218123533726326e-05]
[2.350743207624184e-05, -1.8641278393349836e-05]
[-8.649702208915477e-06, 1.6180139131849458e-06]
[-3.494828448080689e-05, -5.072931377742007e-05]
[-1.4589675559673054e-05, -6.33261335237778e-05]
[1.5194959448072698e-05, -5.46136842138889e-06]
[7.601114918376339e-06, -1.5224217009279783e-07]
[-2.2790097122249442e-05, -5.9487779550393416e-05]
[-2.8210625131253053e-05, -5.657563795724574e-05]
[7.255376693882098e-08, 5.408749317314943e-07]
[1.859786824143228e-05, -1.0409632640318023e-05]
[-5.573845025197421e-06, -6.154854919596109e-05]
[-3.6264799521568136e-05, -4.196685272561673e-05]
[-1.7158028400882097e-05, 3.5755768967860035e-07]
[2.4107844447174287e-05, -2.648206945587983e-05]
[1.0295992553199795e-05, -5.7459754919844674e-05]
[-3.8626001042388336e-05, -2.466679248386283e-05]
[-3.004797198007808e-05, -6.491642655620522e-06]
[2.3121509566625953e-05, -4.195206812429575e-05]
[1.999499134774929e-05, -4.622063844123003e-05]
[-3.338789915026917e-05, -1.0601117275743643e-05]
[-3.6252754850696345e-05, -2.024689875373964e-05]
[1.382625945289817e-05, -5.275058176795744e-05]
[2.334035734197215e-05, -2.9617063987852355e-05]
[-2.0251535063086495e-05, -1.637493115214106e-06]
[-3.655160508114763e-05, -3.66380810047362e-05]
[-1.554753979560175e-06, -5.847092969606116e-05]
[2.0759421384908272e-05, -1.3704632481847945e-05]
[-3.932454789190576e-06, 1.996667599923896e-06]
[-3.038660928622594e-05, -4.937944871502564e-05]
[-1.6935010277552287e-05, -5.806320482870664e-05]
[1.1126728040655731e-05, -3.357887272903426e-06]
[9.77850031635974e-06, -1.6599182112164712e-06]
[-1.727178864674439e-05, -5.5920891723237887e-05]
[-2.8193410768984073e-05, -4.955400242373509e-05]
[-4.1425029181085815e-06, 9.885514087315528e-07]
[1.8855867773726054e-05, -1.3217185661718034e-05]
[-1.0558568297458493e-06, -5.6841069793395205e-05]
[-3.476473358920984e-05, -3.473876246745666e-05]
[-1.9344882319154502e-05, -3.5190685399033583e-07]
[2.297967076758667e-05, -2.8401128487343108e-05]
[1.2156780727634597e-05, -5.1512653467145064e-05]
[-3.556718163401362e-05, -1.936791986521802e-05]
[-2.9582083269995285e-05, -8.61579195807205e-06]
[2.0146449571600833e-05, -4.157333730614443e-05]
[1.9637682619033647e-05, -3.922303575626396e-05]
[-2.8487130363189644e-05, -7.591302053133742e-06]
[-3.418782012271082e-05, -2.2739598802556937e-05]
[9.459324936678115e-06, -5.057165258677554e-05]
[2.1777256361543706e-05, -2.34109450654163e-05]
[-1.4913900734971064e-05, -1.1812246170084251e-07]
[-3.336820288696307e-05, -3.7374281306401524e-05]
[-5.238720800382346e-06, -5.4992124089714434e-05]
[1.788681075298726e-05, -9.983659851053872e-06]
[-2.5872756942435515e-07, 1.945657025492764e-06]
[-2.5788513254521028e-05, -4.762251048023858e-05]
[-1.8477724010534935e-05, -5.280137795116158e-05]
[7.0459304997716465e-06, -1.8224856112025734e-06]
[1.1321143962017555e-05, -3.634445613243109e-06]
[-1.2179227587783004e-05, -5.2606190865278624e-05]
[-2.7979136898503842e-05, -4.283918802794329e-05]
[-7.704328531157878e-06, 1.286466979388834e-06]
[1.898616245421536e-05, -1.5853933037601742e-05]
[2.4657536833450067e-06, -5.243104193555781e-05]
[-3.326360327576827e-05, -2.85291200291804e-05]
[-2.066750171327708e-05, -1.3994723792598585e-06]
[2.1613152341615205e-05, -2.9642593881051837e-05]
[1.3273180994088918e-05, -4.567685748238515e-05]
[-3.227964273644357e-05, -1.5158751707614049e-05]
[-2.883337708960848e-05, -1.0990607358325744e-05]
[1.686490747998537e-05, -4.0855721362254016e-05]
[1.9172476140250083e-05, -3.276001385521532e-05]
[-2.362686783056664e-05, -5.1040306545679925e-06]
[-3.2250690775087465e-05, -2.483096372463134e-05]
[5.382020025312961e-06, -4.853675384110939e-05]
[2.0175926633392294e-05, -1.8320193284515618e-05]
[-1.0322066257117957e-05, 1.0882759231001238e-06]
[-3.0129722760674493e-05, -3.744709108638444e-05]
[-8.106997681722738e-06, -5.1552035776752936e-05]
[1.4790143440690517e-05, -7.1855952742394535e-06]
[2.5415107890724986e-06, 1.359422773239416e-06]
[-2.1187507908582148e-05, -4.5722853279861475e-05]
[-1.9488680562340654e-05, -4.747909301749953e-05]
[3.136327789254878e-06, -6.009638991999466e-07]
[1.2508189797200142e-05, -5.908890671091349e-06]
[-7.707936689915762e-06, -4.955329145084342e-05]
[-2.7702498408443965e-05, -3.661561923318235e-05]
[-1.049770666144284e-05, 1.3590832195764513e-06]
[1.897119012794768e-05, -1.809357582160942e-05]
[5.069173848681885e-06, -4.8108576275955606e-05]
[-3.1610875481619116e-05, -2.3349293457097797e-05]
[-2.1347946126813733e-05, -2.860566195972414e-06]
[1.9874370280725806e-05, -3.03062386214914e-05]
[1.394361875373118e-05, -3.9950059305626784e-05]
[-2.8722895227132998e-05, -1.1745303890798447e-05]
[-2.8012984197255814e-05, -1.3415446027887495e-05]
[1.3402794426964348e-05, -4.0028348973292216e-05]
[1.8668093937024288e-05, -2.700331766281039e-05]
[-1.9014433811019582e-05, -2.955854987940487e-06]
[-3.0337565996185756e-05, -2.63663682597004e-05]
[1.7992620523488156e-06, -4.660037915523406e-05]
[1.8379430238968375e-05, -1.4265822675829654e-05]
[-6.534673418198689e-06, 1.8834984434890067e-06]
[-2.6715655400411098e-05, -3.703130080534578e-05]
[-1.026192880626553e-05, -4.797816258536591e-05]
[1.1499844849272023e-05, -5.001498102008561e-06]
[4.71487839914797e-06, 2.29167727461288e-07]
[-1.673307944194402e-05, -4.3869277621844116e-05]
[-2.0215515647570292e-05, -4.217086782992707e-05]
[-3.890954894947285e-07, 4.1083447588352584e-07]
[1.350186940668463e-05, -8.244106925014982e-06]
[-3.984611368634816e-06, -4.66508017994971e-05]
[-2.7356390693955568e-05, -3.105509707868048e-05]
[-1.2539329059670784e-05, 1.0808743137191712e-06]
[1.8698074256473518e-05, -1.9822345301956368e-05]
[6.946061118506819e-06, -4.3729445365514596e-05]
[-2.9661282753598583e-05, -1.90834326876943e-05]
[-2.1642256238917773e-05, -4.6925623974625186e-06]
[1.7721937713099933e-05, -3.058196013272507e-05]
[1.439495939004054e-05, -3.445049088979246e-05]
[-2.4983689754941654e-05, -8.85286370479188e-06]
[-2.7197988020963293e-05, -1.5657518054809638e-05]
[9.967282228018348e-06, -3.922161778263655e-05]
[1.8064704859543923e-05, -2.206975673069156e-05]
[-1.4848745125976143e-05, -1.1073985073939419e-06]
[-2.8294891810998202e-05, -2.7321204914498853e-05]
[-1.1829748016722874e-06, -4.462549530011989e-05]
[1.627859861652592e-05, -1.1057944436565492e-05]
[-3.4812590910260344e-06, 2.1586974247589374e-06]
[-2.312344466631755e-05, -3.6348468104685505e-05]
[-1.1896325359583848e-05, -4.4188105092185515e-05]
[8.15929778541502e-06, -3.1863953837696357e-06]
[6.50394116602504e-06, -1.337413400803733e-06]
[-1.262057491024926e-05, -4.21287544004334e-05]
[-2.0813292316068654e-05, -3.704243541585717e-05]
[-3.3698501054335583e-06, 1.1856095534223954e-06]
[1.4330118051408824e-05, -1.0407128585687708e-05]
[-1.0191877342080602e-06, -4.373482495650949e-05]
[-2.6835329894364657e-05, -2.6245597700619294e-05]
[-1.396424990401067e-05, 3.604886995023371e-07]
[1.8039306757255957e-05, -2.10583300790379e-05]
[8.336102070738427e-06, -3.926352704838876e-05]
[-2.7346422480020727e-05, -1.5527234367221365e-05]
[-2.176008746391893e-05, -6.744330307228985e-06]
[1.5230753438122413e-05, -3.067149421526194e-05]
[1.4734293956708555e-05, -2.9351778230934933e-05]
[-2.123866337743266e-05, -6.294785690225124e-06]
[-2.634189962867628e-05, -1.753085154851397e-05]
[6.771588255904959e-06, -3.844315277219679e-05]
[1.7238068407143814e-05, -1.7969474906842642e-05]
[-1.1249676918673526e-05, 3.748397911507162e-07]
[-2.6000009937021673e-05, -2.7792549104510567e-05]
[-3.5826443368636163e-06, -4.2458464837941134e-05]
[1.3864873910474085e-05, -8.454889418474387e-06]
[-9.957996678910952e-07, 1.8675692261549415e-06]
[-1.9463583333045875e-05, -3.5587565269001864e-05]
[-1.3220166399374733e-05, -4.021657546743329e-05]
[4.966898007163767e-06, -1.609739692765011e-06]
[8.077073012147107e-06, -3.145946892768592e-06]
[-9.013063472340654e-06, -4.04499962976812e-05]
[-2.1316632622392362e-05, -3.22785697817185e-05]
[-5.750807146417958e-06, 1.623618084589662e-06]
[1.4917503163514034e-05, -1.2240567191179608e-05]
[1.2938407344398328e-06, -4.066654434758954e-05]
[-2.600671921257347e-05, -2.2160804834941983e-05]
[-1.4970964711249687e-05, -8.032925898904253e-07]
[1.6924892680347803e-05, -2.1922702169108188e-05]
[9.451090211776147e-06, -3.479489994959173e-05]
[-2.4706702331747654e-05, -1.2455836560870681e-05]
[-2.1810485053966322e-05, -8.807792394933955e-06]
[1.2567361733051285e-05, -3.0717131188129354e-05]
[1.4947988520863653e-05, -2.4806628144302678e-05]
[-1.7687381625754173e-05, -4.003458515450253e-06]
[-2.5326648292842147e-05, -1.895055375597532e-05]
[3.965164218744377e-06, -3.7601485202508333e-05]
[1.6075676914528714e-05, -1.46012914901128e-05]
[-8.224536773640545e-06, 1.386227218014291e-06]
[-2.3417870691877507e-05, -2.7949083777845107e-05]
[-5.5193670426278985e-06, -3.9999522619127426e-05]
[1.1236853555085524e-05, -6.236063804010428e-06]
[1.1190120977055962e-06, 1.0630068913997093e-06]
[-1.5912539361506717e-05, -3.4848125555236864e-05]
[-1.4390467149683062e-05, -3.619544479868675e-05]
[2.103585868828972e-06, -2.6113206241795694e-07]
[9.493010192318518e-06, -4.9768292936791525e-06]
[-5.9843619438781914e-06, -3.87091426743702e-05]
[-2.1658231169396913e-05, -2.801299609933583e-05]
[-7.590772184297434e-06, 1.6264983073721595e-06]
[1.5147591724717913e-05, -1.3698567872255651e-05]
[3.1318096685994945e-06, -3.738984458114339e-05]
[-2.4781042222504768e-05, -1.8675881458818377e-05]
[-1.5750243422357063e-05, -2.3095470237655125e-06]
[1.53815579310157e-05, -2.2578947832863072e-05]
[1.0417514176075393e-05, -3.0479720197179594e-05]
[-2.1877486581052367e-05, -9.692216662533781e-06]
[-2.1790194914054345e-05, -1.0686903807462234e-05]
[9.932409802848596e-06, -3.076204658961079e-05]
[1.4942732816658477e-05, -2.088810574474298e-05]
[-1.4483915560605659e-05, -2.016480616567895e-06]
[-2.40323381537344e-05, -1.9945496443157795e-05]
[1.5941270192776358e-06, -3.6562814365601395e-05]
[1.4536360792294367e-05, -1.1790479737983084e-05]
[-5.679147750549396e-06, 1.8537710446686617e-06]
[-2.0616652190275087e-05, -2.79623842709964e-05]
[-7.158764510739601e-06, -3.724393048290531e-05]
[8.564430848512217e-06, -4.260006458145504e-06]
[3.0239440609036716e-06, -1.1074653238907217e-07]
[-1.2646029698748507e-05, -3.412348254314135e-05]
[-1.5469297817150007e-05, -3.2299948543673684e-05]
[-3.258480690271348e-07, 7.857274358924471e-07]
[1.0708828499517153e-05, -6.651507851396232e-06]
[-3.5012221516472763e-06, -3.6775749714293426e-05]
[-2.1721420019604754e-05, -2.428542830523739e-05]
[-9.029088753755021e-06, 1.1579832610020269e-06]
[1.4930613214780841e-05, -1.4839986180792408e-05]
[4.679139626651008e-06, -3.395063272999821e-05]
[-2.3155931234364324e-05, -1.561782520533017e-05]
[-1.642553731292032e-05, -3.985413953355721e-06]
[1.3529284868862845e-05, -2.3165766775079533e-05]
[1.1256381194368892e-05, -2.648235932400933e-05]
[-1.904037204416946e-05, -7.150902008215554e-06]
[-2.1613616101395783e-05, -1.2256400284071933e-05]
[7.495484742214842e-06, -3.075256459042497e-05]
[1.4608834213114541e-05, -1.7567479456748192e-05]
[-1.1692138346923106e-05, -4.2811860406777313e-07]
[-2.23974978834085e-05, -2.0629599922217245e-05]
[-3.971654811696368e-07, -3.52161367612111e-05]
[1.2674125516920487e-05, -9.349788334334086e-06]
[-3.4641148021763435e-06, 1.7828686234566682e-06]
[-1.7741887848699012e-05, -2.794657878613105e-05]
[-8.647570707842611e-06, -3.428245985434564e-05]
[6.029070025503902e-06, -2.4880071898270018e-06]
[4.797001056655592e-06, -1.461623962195624e-06]
[-9.779437516233003e-06, -3.332519226778574e-05]
[-1.642179571359481e-05, -2.8684741573192785e-05]
[-2.317812591662305e-06, 1.4331200641204411e-06]
[1.162335350668453e-05, -8.078412503942367e-06]
[-1.4464313786710647e-06, -3.457261379430365e-05]
[-2.1403652271489992e-05, -2.1038025625474965e-05]
[-1.022741574783527e-05, 2.7151910286793424e-07]
[1.4251420430100303e-05, -1.5786055800548482e-05]
[6.067648710472717e-06, -3.0475492063614107e-05]
[-2.1221397835127775e-05, -1.282775445564377e-05]
[-1.702526069791155e-05, -5.641936453359975e-06]
[1.1541878263798822e-05, -2.3748582255123107e-05]
[1.190330100042658e-05, -2.2915660144617878e-05]
[-1.6361727787919667e-05, -4.843772912960231e-06]
[-2.1168578792085668e-05, -1.348975051754242e-05]
[5.347276201383977e-06, -3.057636130741892e-05]
[1.3880270334221123e-05, -1.4732209779155792e-05]
[-9.278350269642868e-06, 6.724489424736468e-07]
[-2.0449169486069785e-05, -2.1146858469600627e-05]
[-2.1286709802614823e-06, -3.352194123208696e-05]
[1.062208866042802e-05, -7.1384791653361646e-06]
[-1.4352583916354966e-06, 1.2671255367191492e-06]
[-1.4963666508660545e-05, -2.792721633376738e-05]
[-1.0064198310399952e-05, -3.1265867820845505e-05]
[3.765107240927268e-06, -9.684851209890155e-07]
[6.423165511526552e-06, -2.8083887190222256e-06]
[-7.336398835211533e-06, -3.233474575906059e-05]
[-1.7150165488477587e-05, -2.5434372104810032e-05]
[-3.9559834483920975e-06, 1.6189906145713806e-06]
[1.2136094628412142e-05, -9.263765641809307e-06]
[3.3041187508242587e-07, -3.2108291210291434e-05]
[-2.0666492365289946e-05, -1.814788860254879e-05]
[-1.1310796723775982e-05, -9.010053909075388e-07]
[1.3182730173033619e-05, -1.666189070836932e-05]
[7.3431930329714845e-06, -2.712227643225651e-05]
[-1.912900625535008e-05, -1.0210826176561272e-05]
[-1.7493337769704936e-05, -7.131725299237834e-06]
[9.590441230389324e-06, -2.430501444200539e-05]
[1.2256888408224142e-05, -1.9806669950106492e-05]
[-1.3942638733128315e-05, -2.8500644982110135e-06]
[-2.0374590706667695e-05, -1.4449368320415545e-05]
[3.484791600394388e-06, -3.0118309537509325e-05]
[1.2770088396840684e-05, -1.2232735347728063e-05]
[-7.139712496120887e-06, 1.2522105583001597e-06]
[-1.8295462847206512e-05, -2.1613062056363708e-05]
[-3.7290672623147003e-06, -3.152848242901629e-05]
[8.54726244192694e-06, -5.097833506995109e-06]
[4.955288530339441e-07, 4.622399198406235e-07]
[-1.241951821634446e-05, -2.7847208487613573e-05]
[-1.1401013522593928e-05, -2.8350554112793747e-05]
[1.8236799719795194e-06, 2.07824068121365e-07]
[7.819746708825903e-06, -4.030816129318993e-06]
[-5.253926145809551e-06, -3.106038059330629e-05]
[-1.754703767964383e-05, -2.2544703733334837e-05]
[-5.367843971211539e-06, 1.3546609987646896e-06]
[1.2198386377892945e-05, -1.0287018953725191e-05]
[1.9562223729785444e-06, -2.9473508919873603e-05]
[-1.9555360120132592e-05, -1.5479508847004997e-05]
[-1.2329654267458079e-05, -2.1905015832879293e-06]
[1.1862907477455664e-05, -1.7544902516319905e-05]
[8.467894710317836e-06, -2.4024011609946605e-05]
[-1.7040538253065667e-05, -7.756771743777646e-06]
[-1.7729755553322346e-05, -8.386750161383516e-06]
[7.792675312368047e-06, -2.4745611586107774e-05]
[1.223456358023789e-05, -1.709753035206152e-05]
[-1.179748678811765e-05, -1.2655179051079823e-06]
[-1.9221917977901848e-05, -1.524671741251482e-05]
[1.8314974220556834e-06, -2.93113133204969e-05]
[1.1371085786526791e-05, -9.937526853798229e-06]
[-5.1540762766866255e-06, 1.3573448378600972e-06]
[-1.6087672261300145e-05, -2.2075823332912137e-05]
[-5.284373585490165e-06, -2.935326203581945e-05]
[6.596295039629219e-06, -3.2526200262061877e-06]
[2.336598911523158e-06, -4.6212974219583813e-07]
[-1.0174605100943257e-05, -2.760333898729761e-05]
[-1.2581199451633385e-05, -2.5647531584849226e-05]
[1.7018223277820432e-07, 9.622496460193197e-07]
[8.884016527876959e-06, -5.093592315374984e-06]
[-3.4181615927719733e-06, -2.947742972077283e-05]
[-1.7546335464940777e-05, -1.993867703012353e-05]
[-6.670893906074449e-06, 7.293681524300766e-07]
[1.1838825836330003e-05, -1.1253666280075514e-05]
[3.4933549633020533e-06, -2.6806817164326535e-05]
[-1.8185159716632704e-05, -1.2935594188689947e-05]
[-1.3254304587304033e-05, -3.44309371208551e-06]
[1.0450556933050414e-05, -1.8438179857749315e-05]
[9.353179345916729e-06, -2.1247545591907002e-05]
[-1.507745257548973e-05, -5.526679017320291e-06]
[-1.7642809019217942e-05, -9.424282472636492e-06]
[6.186224236537363e-06, -2.4958121362606e-05]
[1.181440827646707e-05, -1.4677286846564996e-05]
[-9.86601165702504e-06, -1.516519371747016e-07]
[-1.7779241148596636e-05, -1.599015111239388e-05]
[2.812463745227589e-07, -2.816381700551651e-05]
[9.82547915134857e-06, -7.775139300447709e-06]
[-3.2305289356521216e-06, 1.1029312942945069e-06]
[-1.396938464476305e-05, -2.2505478302126125e-05]
[-6.809190211343186e-06, -2.7140343231563113e-05]
[4.8533517879034704e-06, -1.681654192287052e-06]
[4.0257642351382295e-06, -1.3721049376136385e-06]
[-8.21211683232903e-06, -2.7096373227147863e-05]
[-1.3500110557507217e-05, -2.319321419078091e-05]
[-1.2873533663942949e-06, 1.2711142056698321e-06]
[9.543077175544479e-06, -6.037738833120088e-06]
[-1.7142656392188371e-06, -2.763903109057053e-05]
[-1.7153076639214726e-05, -1.750684789320056e-05]
[-7.929436110281837e-06, -1.162536916732293e-07]
[1.1156439240100902e-05, -1.2245145470990426e-05]
[4.927582558655885e-06, -2.42455318968382e-05]
[-1.670084322830112e-05, -1.0487627589275683e-05]
[-1.4000411163377774e-05, -4.562889181630725e-06]
[9.075342840114686e-06, -1.9275798220530493e-05]
[9.90804623690611e-06, -1.8780656513617267e-05]
[-1.3289839493170821e-05, -3.6145301349488346e-06]
[-1.7192404719888754e-05, -1.0322036531826284e-05]
[4.733468276452157e-06, -2.485622456439851e-05]
[1.1049134295726404e-05, -1.242949995838849e-05]
[-8.050860215784786e-06, 4.961354831967135e-07]
[-1.6170469432946755e-05, -1.6740948672294698e-05]
[-1.2527229135139706e-06, -2.675620998071615e-05]
[8.278234191638756e-06, -5.749062637616653e-06]
[-1.3419130093228482e-06, 6.368602505357757e-07]
[-1.203290546986091e-05, -2.281676339871419e-05]
[-8.248694882861951e-06, -2.5011880253195118e-05]
[3.3245666008485664e-06, -4.7162939581513186e-07]
[5.465429221640505e-06, -2.2021468064625793e-06]
[-6.454276459288977e-06, -2.6274621588134872e-05]
[-1.4073086780141963e-05, -2.0950536409103382e-05]
[-2.652662463534239e-06, 1.182603408478311e-06]
[9.787201544153579e-06, -6.946021394893531e-06]
[-7.049134087555586e-08, -2.5656332626692452e-05]
[-1.644325203631336e-05, -1.5155032365932186e-05]
[-9.136753365843533e-06, -1.0344603716960776e-06]
[1.0287567712263801e-05, -1.3284562330351246e-05]
[6.18645391670114e-06, -2.1881726856992634e-05]
[-1.5230226802564334e-05, -8.176955584360268e-06]
[-1.4472574997934431e-05, -5.530080438326257e-06]
