[588.422506837432, 374.3278723438836]
[-4.195588533420242, 0.9848127679130272]
[-0.09500700917971017, -0.6622661411262296]
[1.1169854438335456, 0.9389322619623499]
[-0.8591337584197305, 1.0396864293096328]
[-0.08131919717141045, 0.6356634055490531]
[-0.46429691734587664, 0.31275629702106755]
[-0.3618489814342851, -0.15969560331588184]
[0.05324460083484306, 0.32012969043184114]
[-0.008752889071462988, 0.15498866724666405]
[0.18742494260836295, 0.044374860234064784]
[0.015280017109625454, 0.1177727533881634]
[-0.06529699208460471, -0.018402498451936644]
[0.005381998668381627, 0.02442944688765536]
[-0.03635417729787349, 0.007681479102148447]
[-0.10153421627059522, 0.0305487337264303]
[-0.06482942897217114, 0.01800326865740942]
[-0.002360986072094562, 0.024690210570433635]
[-0.01639789039195083, 0.06993921718930451]
[0.005795425847479052, 0.04896997619762633]
[0.019998622202363148, 0.011495321104680656]
[-0.031813819951611144, -0.02085972243832268]
[-0.005938854054021725, 0.019583270007532683]
[0.0011802275064254353, 0.017049053053970198]
[-0.005845707967027991, -0.003964700625722406]
[-0.011990437381284247, 0.03211131863800887]
[-0.0264494250921814, -0.00444856761755652]
[-0.0005102511049255298, 0.005474214528236487]
[0.00200375760369198, 0.025876423689789263]
[-0.016372965726450417, 0.006980974626354275]
[-0.009511300485356422, 0.013373095082689801]
[-0.006434819482114662, 0.0006227514712194848]
[-0.008366983935290673, 0.010826562912001236]
[7.679787873482447e-05, 0.016258199560242326]
[0.011584519935562532, -0.007307413978741351]
[-0.00764581792339758, 9.568117206892879e-05]
[-0.006975490202386858, 0.007307189844643069]
[0.0043245375263036845, 0.005277044175521439]
[-0.011084723003303765, 0.009270287165821678]
[-0.010981691417237371, 0.011602725583642837]
[-0.010138034688170983, -0.0011173832880313483]
[-0.00500544986693896, 0.000436762226707188]
[0.007530253201061932, 0.010079296427013773]
[-0.0007447156653936915, 0.0050081675045240415]
[0.0007451586012403588, 0.005038705619063055]
[-0.0015135406720235833, -0.0005875223920989159]
[-0.009646066246984608, 0.003040139792216623]
[-0.0013263472701716683, 0.006403376450383469]
[0.0015944115965700334, -0.0045784409010510285]
[-0.0059176018567803634, 0.004357991876437595]
[-0.003592672793483409, 0.004235954136864173]
[0.002344918827366982, 0.0027848347454266786]
[-0.0032652116474536363, 0.01043951407595145]
[-0.005326632436077894, 0.0035596662917118937]
[-0.003133072059688935, -0.0006529795260004079]
[-0.003521200249393619, -0.002059241315635396]
[0.002470545314513961, 0.0014283533011809624]
[0.0015588609199830294, 0.005307672148669118]
[0.0006935603612161501, 0.0007963661234415831]
[-0.0011407348190082267, 0.0021526984580271247]
[-0.006823616835219148, 0.0035101745823571395]
[-0.0011642565271818839, 0.0019241322280745266]
[-0.0007065815784157436, 0.0008970419189680001]
[-0.004801191417727502, 0.00238628835010557]
[-0.0015765309040443043, 0.0015019803211124838]
[0.0005457652863274376, 0.001241376360166413]
[0.000751690998938237, 0.005356792104135533]
[-0.001163123748625594, 0.0023458316542392943]
[-0.0005080240630539468, -0.0007965853572752257]
[-0.0013374246904493958, -0.0013769230495377371]
[-0.0023799755304936276, 0.0006268729429724784]
[0.0004134456762596439, 0.003952802050917192]
[-0.0007867084334423069, 0.0005019030766861832]
[-0.0027943492445290374, 0.002609534285281434]
[-0.0024640415760885936, 0.0027352852173470055]
[-0.0002652253622015266, 9.042564473782377e-05]
[0.000666727827661806, 0.0028694517310912104]
[-0.0018859155867998467, 0.0008388528593524791]
[-0.0015113346650916792, -6.227551285364896e-05]
[-0.0003358630176814037, 0.00039524100953228225]
[-6.637078863030998e-05, 0.0012852027707736802]
[-0.0003582139558186981, 0.0028339282600802207]
[0.00029089869872533924, -0.0005252916748277187]
[-0.0007370360051256464, 0.00014863819643995413]
[-0.003053232465494382, 0.0023343646723517075]
[-0.00012289895079131696, 0.001677600174918581]
[-0.0008942311149819915, 0.0013813983633257365]
[-0.0031043114872830735, 0.0012247583424993547]
[-0.0001852738974230661, 0.00035943670076310497]
[0.0003343842503948924, -6.51812643331362e-05]
[0.0012907024284986024, 0.001914677664212272]
[0.00025747718405821907, 0.0013554241785938004]
[-0.0017507774460071568, 7.155586929769031e-05]
[-0.0008102714264879296, 0.00011107953252675884]
[-0.0017239149378558416, 0.0005603839233149221]
[-0.0009556198253817261, 0.00210884376426268]
[0.000595020195100826, -0.00010437716186117996]
[-0.00100888310395586, 0.0007955969585879963]
[-0.0013650744050059949, 0.0024442040877232785]
[0.0003771303565947015, 0.0003541455661234538]
[-0.00021744221023523025, 0.0015616322278302341]
[-0.0018509048188449784, 0.0003198233566549802]
[-0.0003610709457753103, -0.0011275000401984037]
[0.00014794354876446203, 0.0002537044705330782]
[0.0002977084669752994, 0.0008408080513567229]
[0.00035824918642318737, 0.002145310700881975]
[-0.0011030448478792643, 0.0007515948800378425]
[-0.0010601450456682038, 1.543657657698816e-06]
[-0.0016658162790967879, 0.001216468043151231]
[-0.0007722866132953143, 0.0006204384592232159]
[0.000591743547058099, 0.00011148279528017113]
[-0.0010118585498388732, 0.0007018547809440126]
[-0.0003642808913064677, 0.0009469741317920111]
[0.0006175583805455576, 0.0003374718269433391]
[0.0001308050639238622, 0.001081751672759491]
[-0.00064535553103795, 0.0005677199124616283]
[-0.000954007256998235, -0.0007731376779234397]
[-0.00032318633896460947, 0.00020899425347042921]
[-0.0008080767981892834, 0.0008543736271431346]
[-0.0003712511768516613, 0.001753424731479214]
[-4.4080275167113214e-05, 0.0007454919969838159]
[-0.001026095699432794, -1.5069323425098702e-05]
[-0.0005659648705220177, 0.0010822965370151927]
[0.00020468881921131832, -7.284413874242279e-05]
[0.00025004193190802937, 0.0002929397557649427]
[-0.0006483566171845978, 0.000621217627100934]
[-0.0007203825604019665, -0.00015251916258801623]
[3.1479930597266836e-05, 0.0005268355609180375]
[5.646688582938708e-06, 0.0006495276836627206]
[-0.0003210938742717051, 0.001011452026874693]
[-0.0005818829986461438, 0.00016349585682995382]
[-0.0004194470055871591, -6.210067039802425e-05]
[-0.000985290412845341, 0.0012173400764066145]
[-0.00048315327934167485, 0.0006917211924740707]
[0.000388229129987705, 0.00015380831559363983]
[-0.0008419306457367881, 0.00013004487037471257]
[-3.741842009907792e-05, 0.0001631540261326503]
[0.0007316630687611569, 0.00025917926542340375]
[-9.870601643857668e-05, 0.0006376460446059218]
[-0.0003757723601557905, 0.0007288979768409476]
[-0.0011123726935151623, -3.173470030548575e-05]
[-0.0006395516328951967, 0.00015392396971414257]
[-0.00018282236640221328, 0.0004830239780924117]
[-0.00037313852088738386, 0.0009052972592165087]
[0.00022627119479551316, 0.0003669005738147213]
[-0.0001964243919732045, -3.112136525909581e-05]
[-0.0006060296843494184, 0.0010803767168638956]
[6.193719658847963e-06, 0.00010909460925644099]
[8.907780198710857e-05, -0.00013854973436519535]
[-0.0007011577891793408, 0.0003147319399328108]
[-0.00034749341914830367, -0.0003845432322810982]
[0.0003603081777008993, 0.0006075029883185756]
[-0.00014370029220467373, 0.0009182140195298505]
[-0.00033380103779978576, 0.0007517333168665097]
[-0.0006687219071108697, 0.00040991553055036434]
[-0.0006511560104147662, -0.00037256254498641006]
[-0.0002585421060265665, 0.0003902688294297185]
[-0.00017998460590451515, 0.0005067663736828543]
[0.000424138012450892, -6.358892051361309e-06]
[-0.00016063129031262946, 0.0003132076950157492]
[-0.0003928181562121713, 0.0005525029676102522]
[0.00026347523718384114, 0.00018455016617147102]
[-0.00019303353723909566, 0.00015696327447889402]
[-0.0005688086315820406, 0.00036673674805243195]
[-0.0006395343856935298, -0.0001651144209056099]
[-0.00018722398325943246, 0.00035136904029253735]
[-3.9427594031860025e-05, 0.0008380816418811499]
[-0.00031842008661620014, 0.0005858188286054222]
[6.599175969940196e-05, 0.0002778025099519077]
[-0.00024364300747070633, -0.00037321984619592685]
[-0.00031095061973474003, 0.0002872235793304201]
[0.00017077324198250254, 0.000327815427520306]
[2.14971569589828e-06, -7.454232469433775e-05]
[-0.0004323389308117931, 0.000497669800492595]
[-0.0004450506508744123, 0.00016077143471276978]
[2.4767184482521465e-05, 0.0002804978254609125]
[-3.3252522333881984e-05, 0.0004834604160719458]
[-0.0003243998254411906, 0.00034462086721087637]
[-0.0004165478490807395, 0.00021495052148434723]
[-0.00025471384281283704, -9.324927594531185e-05]
[-0.00011473094623171143, 0.0005237758926359692]
[-0.00021521088056569715, 0.0003826470789943526]
[0.0002745756638294905, -0.00019174039926911357]
[-9.235377815131063e-05, 6.916363569686723e-05]
[-0.0003552054423665574, 0.00024120225501705894]
[0.00029263359766481395, 0.000380056000137019]
[-0.0002698390527988703, 0.00034793715934711145]
[-0.0006123072335995072, 0.00031262002733667416]
[-0.0004489089217298847, 5.1902041180884595e-05]
[-0.0002420390472563927, 5.718300143298105e-05]
[0.0002024782593182256, 0.00038661103336323777]
[-5.517189446035964e-05, 0.0004110007594751858]
[-2.7640346151658335e-05, 0.00023544843944900418]
[-4.4061245130039284e-05, -0.00014710310394506348]
[-0.00034435538793396725, 0.00033766021909355237]
[-9.918106753270539e-05, 0.0002470878716458458]
[3.8090402556534286e-06, -0.000310355069801746]
[-0.00031123209157485343, 0.0003526608008650456]
[-0.00031738428446215217, 0.0002320685529002553]
[0.00014151657388783434, 0.00036006050432235703]
[-6.400890256241798e-05, 0.0006642521967261672]
[-0.0004313044571317981, 8.074614125308521e-05]
[-0.0002892473239061444, 1.4447976953935182e-05]
[-0.0001873790443939205, -0.00018648369521376273]
[7.543872186305256e-05, 0.00011452086034868802]
[3.798664629478532e-05, 0.0005229771405330652]
[8.06611535458801e-05, 5.3228655301579275e-05]
[-6.066047085567794e-05, 0.0001031843100256502]
[-0.0004206591199291676, 0.00034730898226381646]
[-2.458170755170741e-05, 0.00014960023253052235]
[-0.00015484273306731744, 4.291982407034212e-06]
[-0.00044970059992932576, 0.00025559152158494136]
[-0.00022995131138103808, 0.00016999216578739151]
[-2.635049797716782e-05, 0.00017458012450338734]
[0.0001869421426656248, 0.0004981708276625696]
[-0.00012760010051016124, 0.00012356270110036593]
[-0.00012121626620531512, -7.104798159848769e-05]
[-6.8916057952561616e-06, -0.00013376084046268222]
[-0.000259070140475548, 0.00011469273934355817]
[-3.856606532309792e-05, 0.00048299291200892824]
[-3.3706697591062706e-05, 2.8915434744591906e-05]
[-0.0003186848191346625, 0.00020233430104998895]
[-0.0002574802338357607, 0.0002936024419706307]
[3.7464648448892746e-05, 7.756018975157986e-05]
[5.35976356175194e-06, 0.00027725512551235454]
[-0.0002617511033302655, 0.00012075324611826761]
[-0.00019556458678021693, 8.104166259537138e-05]
[-7.04005348531947e-05, -7.974123736435162e-06]
[7.671026910589449e-05, 0.00016428312849422512]
[-4.399770558449756e-05, 0.0003090065538595699]
[-5.0588809304419335e-05, -0.0001230558942065113]
[-1.0614638957850975e-05, 9.17824158181979e-05]
[-0.0003603288633342583, 0.00034761620792034265]
[-7.282464621960472e-05, 0.00026646045136313745]
[-7.16014025362588e-05, 0.00016980380936781891]
[-0.00043900126251639193, 4.759049175762087e-05]
[-0.00011030097157455065, 5.498533507486414e-05]
[7.883840496791805e-05, 6.862027555110117e-05]
[0.00016194685287246324, 0.0002476283018036929]
[-1.649909554504725e-05, 0.00022733520599216295]
[-0.00019741580765447742, 6.884125261358287e-05]
[-7.069356714750619e-05, -6.812231143316083e-05]
[-0.00021351693617543965, 9.08360748671233e-05]
[-0.00013830151914778765, 0.0003199125218513732]
[-2.4546122289414996e-05, -8.094334672859027e-05]
[-0.00016861385326394362, 0.00019724706121815316]
[-0.00017035410402976847, 0.0004220248530191206]
[2.643794860901494e-05, 8.000081715514584e-05]
[2.4205190038650848e-05, 0.0002420866566994473]
[-0.00027552610319231396, -5.985602698402315e-05]
[-0.00016326814177503035, -0.00015214476731212345]
[4.5917452354382604e-05, 9.89370409874013e-05]
[6.807848584156062e-05, 0.00013341815894671316]
[-1.3940903986153774e-05, 0.0003985997879907277]
[-0.0001280022028435912, 0.00011709003344273494]
[-0.00010849834489856658, -5.6240974966481616e-05]
[-0.0002936854515884768, 0.0002243326760822395]
[-0.00012622572264198162, 0.00014603145817926322]
[9.897215027310224e-06, 2.0587232751889672e-06]
[-0.0002499007794658503, 0.00014099333240387424]
[-2.688661086641675e-05, 0.00021413279674109553]
[0.0001065523220466491, 5.6969817847724036e-05]
[8.084811201958253e-05, 0.00017024126389349886]
[-7.380074138196857e-05, 6.149693824941682e-05]
[-0.000262223438679543, -0.00011926428600357586]
[-4.0600545687996537e-05, 8.759213572040458e-05]
[-0.00011940083512973487, 0.0001794461894502053]
[-0.00015185953320462353, 0.00034839686340060183]
[4.862755870527202e-06, 0.00010082678403922074]
[-0.00015182070136354753, -4.1283847273643204e-05]
[-0.00014595559801934208, 0.0002360333498292455]
[4.872172117187379e-05, 5.006951864779119e-05]
[3.016612883627312e-05, 7.560192355515749e-05]
[-0.00018849054737538062, 9.315306827889502e-05]
[-0.00011493507260101898, 2.596507769431211e-06]
[3.432045802786998e-05, 8.144773093188284e-05]
[1.5138808858172759e-05, 8.764482444065247e-05]
[-5.202144841703893e-05, 0.00023963006679594834]
[-0.00018555054313762476, 4.006710025106219e-05]
[-8.725474085902185e-05, 3.0146507811856793e-05]
[-0.0001582114676514923, 0.0003030294771191322]
[-0.00015024894763127072, 0.0001253903178193294]
[6.387492940290729e-05, 1.9434058096123863e-07]
[-0.00015777724173232643, -1.3689109449904757e-05]
[-5.685306132119372e-05, 5.917351875733834e-05]
[0.00015671667081262886, 0.00013615887947282523]
[2.5652186930735787e-05, 0.00014707429241908598]
[-0.0001127028962479848, 0.00013202675903678518]
[-0.0002364880645617795, 8.336864595392957e-06]
[-8.974455938093318e-05, 4.861502776787319e-06]
[-7.844127513823018e-05, 8.874502224842651e-05]
[-0.00012150856457449066, 0.0002613917136233823]
[9.170675914216275e-06, 8.243879455105407e-05]
[-7.130671152710821e-05, 1.1813709104274706e-05]
[-7.22822027427461e-05, 0.00029628491469857465]
[1.2232622180474717e-05, -1.7170490608370281e-06]
[-1.4384659698385427e-06, -5.165590225164607e-05]
[-0.00014558393195768238, 4.2338047831602665e-05]
[-0.00014125536511266912, -6.897194276821172e-05]
[6.209735833410251e-05, 0.000214788639667729]
[2.9290401348358586e-05, 0.0002058988764922498]
[-0.00010538624153400011, 0.00017151667879455879]
[-0.0001718304174254115, 0.00010028781459836544]
[-9.747423488648543e-05, -0.00011018478912738772]
[-0.00011048867125741657, 0.00012354104404477262]
[-9.871295549945813e-05, 0.00016661658972868393]
[9.287111187272767e-05, -4.048044066617962e-06]
[-7.388346403952584e-05, 6.049356963845273e-05]
[-4.261200693633088e-05, 0.0001539288961849225]
[0.00011371596233822334, 4.7949237973687886e-05]
[-6.836431111822971e-05, 2.2347444251599735e-05]
[-0.00013638920145264688, 9.65049611032498e-05]
[-0.00021814874124936878, -9.785589124455818e-06]
[-8.156941274517493e-05, 0.00012356562816751016]
[3.922771594710994e-05, 0.00020646671802748706]
[-0.00011106531636762007, 0.0001417372575003295]
[-8.134586154784351e-06, 5.9942109427169044e-05]
[-1.4710108404203392e-05, -0.00010038581919759315]
[-0.00010224242848405618, 0.00012526152989528194]
[8.832213471338113e-06, 0.00012068263263828594]
[1.759204465129338e-05, -2.5939992096421505e-05]
[-0.00013468737287572474, 9.170738783537136e-05]
[-0.00011290049336143415, 3.679757607474854e-05]
[4.9081051075150484e-05, 0.00010229167161157626]
[-3.197677229693774e-05, 0.00011859085951937409]
[-0.00011307187465825486, 0.00012762294355506132]
[-0.00013703743084692022, 9.6958205819897e-05]
[-8.682508606694395e-05, -3.273061577060976e-05]
[6.604727780662456e-06, 0.00015316751136640328]
[-6.879867982545473e-05, 8.613227183913719e-05]
[3.5688656968985155e-05, -7.614635135347325e-05]
[-5.2017430890449745e-06, 3.126655288232527e-05]
[-9.956507904690381e-05, 0.00010422314969897595]
[6.089986068619213e-05, 0.00015002472135772216]
[-4.082339874722507e-05, 8.770456351908651e-05]
[-0.00017373770927864296, 4.751803882308003e-05]
[-0.00016807991926037769, 1.9012549264729728e-05]
[-4.601831805017831e-05, 3.9401880550071766e-05]
[3.619901186058261e-05, 0.00011516983135173575]
[-7.274792193445734e-05, 0.0001541106765690324]
[6.349605078781462e-06, 8.543724983600676e-05]
[-1.3681574013192643e-06, -6.676476270706805e-05]
[-6.990935238115892e-05, 0.00011414760611825996]
[-6.4629879870103935e-06, 6.562963717571257e-05]
[-5.159253701669808e-05, -0.00010845072063983205]
[-0.00010608973142506306, 0.00011875474601463765]
[-9.66309218709549e-05, 9.006191926308471e-05]
[1.7328775319458423e-05, 0.00014652290995131878]
[2.2748491740220977e-05, 0.00018417291050187856]
[-0.00011865226271823293, -1.6690420747145218e-06]
[-0.00013797207920275556, 2.718597472761708e-05]
[-3.800726537661614e-05, -4.745054215633815e-05]
[1.3699788240950639e-05, 5.599369479847294e-05]
[-4.9980906179247775e-05, 0.000178027587068183]
[4.940560258262505e-05, -1.4398712909896583e-06]
[5.409492182889553e-06, 1.254870383482487e-05]
[-0.00011891039192701847, 0.00011695802868885719]
[2.4929823370378745e-05, 7.200911366722629e-05]
[-9.236252114375176e-05, 5.204350601473173e-06]
[-0.00017768392307571101, 8.40079734940602e-05]
[-7.787585584334566e-05, 7.433394275890848e-05]
[-2.90192725879157e-05, 6.444980737482786e-05]
[9.305971337822405e-05, 0.00013885138837776978]
[-2.9088668492160963e-05, 3.287572004131989e-05]
[-7.771500963785205e-05, -2.967514177193431e-06]
[1.645823172716221e-05, -3.162602041772988e-05]
[-7.372074729472544e-05, 6.528457404078591e-05]
[-5.4252250377861966e-05, 0.00016199360852753308]
[-1.9693947891363806e-06, -2.3165030960503596e-05]
[-8.549650799249964e-05, 4.9325213108630805e-05]
[-0.00010265445791091121, 0.00010505433643870354]
[2.5345951227051522e-05, 7.071000212377498e-05]
[-1.08720935980966e-05, 0.00010717269017912479]
[-0.0001269263828787004, 3.423015596423079e-05]
[-5.956736494194814e-05, 4.68649144543809e-05]
[-1.5128074103101796e-05, -2.074601926919939e-05]
[3.7648453063324205e-05, 3.979516290837648e-05]
[-1.028032084859909e-05, 0.00011349022240630946]
[-5.123449467592245e-05, -3.839406023728453e-05]
[-3.1793843094062024e-06, 5.111603240626206e-05]
[-9.753077741037064e-05, 0.00014138291921622637]
[-4.2275264691249426e-05, 9.690148817254052e-05]
[-2.700531023436259e-05, 3.668688392410857e-05]
[-0.00013655650533939134, -4.797185609806132e-06]
[-7.760726786947697e-05, 3.966055710324934e-05]
[1.7610684477364913e-05, 6.03783907171182e-05]
[7.307443457915674e-05, 9.264537721842547e-05]
[-4.038874492738598e-05, 7.343083865819083e-05]
[-5.316795309630307e-05, 2.702231913908476e-05]
[1.5209768078339181e-05, -4.0821125638190736e-05]
[-8.467202934492324e-05, 3.423626439227889e-05]
[-5.351970058026234e-05, 0.00013257842491420924]
[-4.4051206852024904e-05, -3.0414319130644962e-05]
[-8.69981396287578e-05, 8.046746875922661e-05]
[-3.243366103872214e-05, 0.0001617253061092505]
[9.115971737139184e-06, 3.794585218735991e-05]
[1.0575588423933358e-05, 7.790743219282525e-05]
[-8.177168902478993e-05, -3.793284931971619e-05]
[-9.906974939788427e-05, -2.284928158030608e-05]
[2.1817124281897637e-06, 5.243311785141369e-05]
[5.025700608674022e-05, 4.1527142058822575e-05]
[-3.434850331160422e-05, 0.0001428183526246407]
[-3.954391563165682e-05, 2.451232207245635e-05]
[5.236758252147311e-06, -1.9283757014765257e-05]
[-0.00012504791241652047, 0.00010578102812552892]
[-5.907842453389822e-05, 7.819773087525128e-05]
[-1.8528004408630006e-05, 6.968581090616155e-06]
[-0.00012834364567348988, 3.69300886809143e-05]
[9.253499184735947e-06, 8.02660343199868e-05]
[5.226016741297079e-05, 2.966679685939555e-05]
[3.5091184292485034e-05, 5.4686977267334735e-05]
[-1.5297929531060683e-05, 2.627722006021127e-05]
[-0.00012565516564705392, -1.4846506633345302e-05]
[-2.354681049741847e-05, 3.841207487020881e-05]
[-2.3846860226273137e-05, 6.0969520401688015e-05]
[-7.84166539463671e-05, 0.00012879087912298637]
[-1.1816995052260637e-05, 1.5604114224410104e-05]
[-3.201106653638597e-05, -6.709527781090241e-06]
[-6.821539973028701e-05, 0.0001228689937226024]
[6.722875124376415e-07, 4.391006651965901e-05]
[1.803192313262758e-05, 3.4880682037941035e-05]
[-9.154435356216462e-05, 5.768993421003191e-06]
[-4.100339396256175e-05, -2.1824942140966086e-06]
[3.7696268459563864e-05, 3.872686823269689e-05]
[-3.122023283230746e-07, 2.611306974636962e-05]
[-2.9915699422206066e-05, 0.0001132755595251167]
[-8.60995441506196e-05, 3.202939504520774e-05]
[-4.0567688784576283e-05, 1.3432254421519296e-05]
[-4.104208600291814e-05, 0.00012092750385594986]
[-6.264952828438641e-05, 4.533469937723078e-05]
[-4.310092591580661e-07, -9.616113365806811e-06]
[-5.512002343022182e-05, -4.5253493645841525e-06]
[-3.0917236503613665e-05, 5.115619071366373e-05]
[4.116962661124268e-05, 7.454277005328191e-05]
[3.763571743548022e-05, 4.789923673542695e-05]
[-4.461054765614314e-05, 3.228614643280281e-05]
[-0.00010559772697193992, 3.487995255208043e-06]
[-5.490563430632367e-06, 1.2078235820167649e-05]
[-4.905409550848283e-05, 4.3706583298108725e-05]
[-8.212408452368258e-05, 0.00012247947041288398]
[-1.3909416172741551e-06, 3.43120086363502e-05]
[-3.740367849869308e-05, -1.178771749071883e-06]
[-6.0032279495525476e-06, 0.00012365874490261053]
[2.066304607786784e-05, 4.546386466186547e-06]
[-2.1760053276531632e-05, -1.7195029155092634e-05]
[-5.9602896288091234e-05, 1.1541869459064102e-05]
[-6.811247973104173e-05, -8.258137722247372e-06]
[5.416322872292545e-06, 9.897589589979994e-05]
[3.7801590042851885e-05, 5.910217673499307e-05]
[-4.0034824316192985e-05, 6.848121413804975e-05]
[-8.944245470876577e-05, 4.675694100431116e-05]
[-1.4770124311724864e-05, -3.1516291559841036e-05]
[-5.6950339394484795e-05, 7.876600359402186e-05]
[-7.841950911702256e-05, 7.202971298786963e-05]
[3.936831950113184e-05, -1.1992589433629242e-05]
[-3.488440497371667e-05, 8.635763830679155e-06]
[-4.131613338852896e-06, 6.139839028505151e-05]
[6.983331604268339e-05, 4.1472087820293435e-05]
[-3.9630742230511995e-05, 1.6971144340752198e-05]
[-6.454641942398032e-05, 3.9093878033247265e-05]
[-0.00010181116920848776, 1.241425799136664e-05]
[-4.607483646401622e-05, 5.088171195766211e-05]
[2.9146005423918986e-05, 6.525303334115051e-05]
[-4.923585431404476e-05, 6.540936952809107e-05]
[-2.4042727383901535e-05, 3.251063289100298e-05]
[5.606761135201754e-06, -2.978859026842029e-05]
[-3.662709528778896e-05, 8.324646890212062e-05]
[-1.9931617624979747e-05, 4.8599175171387676e-05]
[1.2572832658194755e-05, -2.8262181717683688e-05]
[-5.011392711234963e-05, 2.0371681080710857e-05]
[-5.6926351458042035e-05, 1.4376706480787038e-05]
[3.394798028416579e-05, 7.334906039102584e-05]
[-1.825188782578202e-05, 5.7677893159246985e-05]
[-7.024970492264249e-05, 5.813893839179407e-05]
[-6.0583478015852066e-05, 5.26370120427222e-05]
[-3.4034550533856844e-05, -2.2912651311907117e-05]
[8.239741902754671e-06, 6.019980341798181e-05]
[-3.0282166435913194e-05, 4.2552546432705896e-05]
[-5.892420618880401e-06, -2.6921025486736916e-05]
[-5.51718761798714e-06, 1.8971337175710534e-05]
[-2.79123111158186e-05, 6.0267254243823176e-05]
[1.6136111171946577e-05, 6.964076976889721e-05]
[-1.0858277812997308e-05, 1.8682043390727543e-05]
[-6.098814318628021e-05, 1.167898533360745e-05]
[-9.854839820866435e-05, 2.208041464213384e-05]
[-1.9407722962716534e-05, 3.875051577023614e-05]
[1.6102524114824934e-05, 5.82993447524327e-05]
[-6.464216353097019e-05, 6.567385146760696e-05]
[9.468867340378662e-06, 3.3543074147157625e-05]
[1.6913531187975894e-05, -3.59024865518448e-05]
[-2.6043403158967915e-05, 5.652230787377144e-05]
[3.896921800833342e-06, 4.0206740644810335e-05]
[-4.3052667910770115e-05, -4.0674263310176706e-05]
[-6.115622575415466e-05, 4.775069832163581e-05]
[-3.492893523460161e-05, 4.125767246909717e-05]
[1.5329142320497091e-06, 7.489157202567043e-05]
[1.641768146964928e-05, 6.459119621793352e-05]
[-4.14597300819608e-05, 3.0048493525058895e-06]
[-8.424017998905076e-05, 3.9440715529415193e-05]
[-1.8939745187018797e-05, -1.397151251186085e-05]
[1.3179631415588533e-05, 3.36688989408529e-05]
[-5.059926026632078e-05, 6.942876630178924e-05]
[2.4820198080172107e-05, -2.070408291020287e-05]
[2.3446098578433494e-05, 7.430770642580242e-06]
[-5.264985172115377e-05, 6.356106667554373e-05]
[1.638249635099731e-05, 5.501995123569081e-05]
[-5.33110750237098e-05, 1.2708203076805535e-05]
[-9.823102816608476e-05, 2.419210641613212e-05]
[-3.697208535929919e-05, 3.314963101530566e-05]
[-1.428236487266421e-05, 3.438283096299233e-05]
[4.5377099032309354e-05, 5.144426089809251e-05]
[-1.178488760167351e-05, 2.577400142887709e-05]
[-4.66250582233374e-05, 2.2771260103832125e-05]
[7.995641843117074e-06, -1.4209305176815512e-05]
[-2.0340757908243745e-05, 3.517114833984092e-05]
[-3.7225945829250096e-05, 6.510103087087327e-05]
[-1.063339267048935e-05, -3.259788604645375e-05]
[-2.5138317404638233e-05, 2.8533561359678217e-05]
[-5.483545931717071e-05, 6.401914450837598e-05]
[4.4082888768226525e-06, 5.712744884356358e-05]
[-1.43170118052649e-06, 5.65344937887291e-05]
[-7.341304905184032e-05, -1.1254191669973768e-06]
[-3.053216511789136e-05, 2.2699709339990548e-05]
[5.242871647381797e-06, -8.926006808678e-06]
[1.554144470455876e-05, 1.6442332338217902e-05]
[-1.2443848364573906e-05, 6.411290473734566e-05]
[-3.079521361404325e-05, -7.802651172617026e-06]
[-4.287590892389226e-06, 2.2636800502739973e-05]
[-3.1096877104341836e-05, 6.516033789349951e-05]
[-1.9051444509476934e-05, 4.7609840268858505e-05]
[-2.7248414516733988e-05, 7.542120828540888e-06]
[-5.7625886213830135e-05, 8.664364402610758e-07]
[-4.8754454735233654e-05, 4.149204530912165e-05]
[-7.678643406505703e-06, 4.038394405099857e-05]
[4.836759671775215e-05, 3.8811685512119e-05]
[-2.855974760728082e-05, 2.199803099512017e-05]
[-2.7072599363513195e-05, 9.471221316087464e-06]
[3.086709781524588e-05, -1.2464651934829263e-05]
[-4.466072034686741e-05, 2.7058836089258968e-05]
[-3.826115553977327e-05, 7.19253230018202e-05]
[-3.040558422029438e-05, -1.3586709003365893e-05]
[-5.114980165021876e-05, 3.110221428292981e-05]
[-6.311430475802737e-06, 7.161725175819367e-05]
[9.511753691571201e-06, 3.120668118819503e-05]
[-2.1167197952753902e-06, 3.901712278986391e-05]
[-3.656968300208563e-05, -1.7324003511946795e-05]
[-5.618333564574862e-05, 1.4396066132210672e-05]
[-1.020219370348463e-05, 2.2306986679182517e-05]
[3.617689110710365e-05, 4.8188809780788655e-06]
[-2.270866988546283e-05, 6.401438883474331e-05]
[-2.6597887565982248e-05, 3.361591765171923e-06]
[2.2665111027581064e-05, 7.061023703514024e-06]
[-6.153560992538942e-05, 7.230635332133861e-05]
[-4.330356181847517e-05, 4.398015242046416e-05]
[-1.593341742048282e-05, 2.4879763095286833e-06]
[-7.111765487832766e-05, 1.1288047625512831e-06]
[4.8680306029558196e-06, 3.37252134495758e-05]
[3.144173968133712e-05, 3.115313637476469e-05]
[1.8179720230104834e-05, 3.0264744129426813e-05]
[-1.0151745796938005e-05, 1.598384504919448e-05]
[-6.379961487801289e-05, 1.0692337563407428e-05]
[-1.1959714723917825e-05, 1.1170615551669982e-05]
[-7.185562710176896e-06, 1.5865345198540215e-05]
[-4.2382443448729656e-05, 6.518651650211371e-05]
[-2.1607688963587446e-05, 2.687850333193964e-06]
[-1.007382791762268e-05, 1.1773960234828795e-05]
[-2.8446258870037933e-05, 8.282625022393297e-05]
[-1.3590069440128083e-05, 2.477081838590583e-05]
[1.1405190912389118e-05, 1.204861381859379e-05]
[-4.387116104328723e-05, -1.5017830800181237e-05]
[-2.791697558814782e-05, -1.343095004761874e-06]
[2.6573625561659986e-05, 3.521322017041584e-05]
[1.0936556597562763e-06, 1.619503936219069e-05]
[-2.7652089045898665e-05, 6.033610443645365e-05]
[-4.3406640591658885e-05, 2.0721877877716288e-05]
[-1.5328679944970336e-05, 2.0276895859039357e-06]
[-1.85150622371566e-05, 5.515909858089252e-05]
[-3.1369754194598976e-05, 3.009630708580846e-05]
[-1.6381683979847794e-05, 4.1048019849831974e-07]
[-3.2221949201438616e-05, 4.323868439265466e-07]
[-8.728811321662144e-06, 4.065769290850785e-05]
[1.0080735104597838e-05, 3.765994483949375e-05]
[2.6780473584758768e-05, 9.02768801461229e-06]
[-1.3912150375522403e-05, 1.0173260432400077e-05]
[-6.462559313796801e-05, 8.670776448872763e-06]
[5.884359073698997e-06, 2.1123177904480706e-05]
[-2.5447643659304298e-05, 3.0791898825988095e-05]
[-6.210603060696762e-05, 5.9681100087694006e-05]
[-4.163637857212965e-06, 1.1141063196995482e-05]
[-1.464002520068508e-05, -3.7799408219851838e-06]
[9.048680118112218e-07, 6.358502650727349e-05]
[1.4046443734094805e-05, 1.6364695040842203e-05]
[-1.823530571654075e-05, 2.6129291591237003e-06]
[-3.5567065049313396e-05, -2.0064672745234713e-06]
[-3.285251167198244e-05, 2.8982384951067863e-06]
[-2.204843743081053e-06, 4.873627060442143e-05]
[2.226483972089799e-05, 9.805549587932338e-06]
[-1.6400055719123507e-05, 4.252229520651518e-05]
[-5.614443440576933e-05, 3.6015922358578756e-05]
[-2.392914689286485e-06, -3.6628948318351284e-06]
[-2.5099623524371673e-05, 5.515692086610624e-05]
[-5.777219341207562e-05, 2.691544994412945e-05]
[1.3585063624838023e-05, -1.7754326046948155e-05]
[-1.3035617329064386e-05, -2.789943216036095e-08]
[-8.848429322583229e-08, 3.396048324750406e-05]
[3.8300852013062325e-05, 4.126474943744185e-05]
[-1.8172267756189076e-05, 1.7348780076427428e-05]
[-3.767247025830006e-05, 1.0804689968280101e-05]
[-5.6234834279522694e-05, 9.815962801862366e-06]
[-2.1759966420509258e-05, 2.4428876552406997e-05]
[1.0889238436839754e-05, 2.0583027739773385e-05]
[-3.067764340658474e-05, 4.538346334304055e-05]
[-1.9503543737125345e-05, 2.9348779827520488e-05]
[2.3598049942452626e-06, -9.842479383244396e-06]
[-7.2914618584329904e-06, 5.4704874906497114e-05]
[-1.6933719475149822e-05, 1.6026229977206263e-05]
[-9.109349611846618e-07, -2.7326797313362294e-05]
[-1.81999192297444e-05, 8.05723216867893e-06]
[-3.4797054244140035e-05, 1.4117002304078058e-05]
[1.4182049415265019e-05, 5.7229034223560404e-05]
[-3.938920334345397e-06, 3.263922313001544e-05]
[-4.4953928965085765e-05, 2.2763650882273723e-05]
[-3.643858111679332e-05, 2.8179878684642112e-05]
[-9.115693708316996e-06, -1.1243734177740494e-05]
[5.777350315927521e-07, 3.195515065279597e-05]
[-2.3986687262583795e-05, 3.0687797525817684e-05]
[-7.808439537515532e-06, -4.958749987571398e-06]
[-6.882143371439442e-06, 6.0546222857560394e-06]
[-3.499259499772922e-06, 3.2292816529409796e-05]
[9.584745841548226e-06, 3.706264275071813e-05]
[-1.2088431823209511e-05, -1.0425176101003242e-06]
[-2.4792443375692974e-05, 1.015125403724948e-05]
[-6.0736188823073967e-05, 2.7403809516546307e-05]
[-1.7360751490058668e-05, 3.0040365934402846e-05]
[1.3569385888340113e-05, 3.0013652293270354e-05]
[-4.59286098807854e-05, 2.561136488152954e-05]
[3.7519642340222426e-07, 1.2629146737552777e-05]
[2.0778211632099808e-05, -1.3102323468149046e-05]
[-1.1284664859542715e-05, 3.914214735024901e-05]
[-3.0393629173453007e-06, 2.9009745975028256e-05]
[-2.647736870908801e-05, -1.597658059675211e-05]
[-3.6108647754017065e-05, 1.3876513103361354e-05]
[-1.7511952272175613e-05, 1.6022656957270787e-05]
[1.9152665976518435e-06, 4.867211913694991e-05]
[4.505481898786634e-06, 2.7392059627429077e-05]
[-2.162808497618851e-05, 1.0640797241279198e-05]
[-4.860665670183839e-05, 4.1983449097227066e-05]
[-1.3654964711617978e-05, -8.622070406024557e-06]
[1.1979608998680114e-05, 1.6183248777890125e-05]
[-3.522025724510096e-05, 2.6920867516232183e-05]
[4.804573873393864e-06, -2.1182642018439946e-05]
[2.157163425220432e-05, 1.4298938923962279e-05]
[-2.2360891066164346e-05, 4.503306630766106e-05]
[4.087059106233637e-06, 3.980676147996576e-05]
[-2.9717559424269346e-05, 9.510382225907943e-06]
[-5.399616320533873e-05, -1.111471483405957e-06]
[-2.8020962689279116e-05, 1.4947391987374381e-05]
[-7.447805225435644e-06, 2.8368724189153927e-05]
[2.2894501252528066e-05, 2.5877953647501784e-05]
[-1.4096852025774487e-05, 2.161282459491043e-05]
[-2.219329892649835e-05, 2.715746139450581e-05]
[7.202698163150112e-06, -1.3272183029947038e-05]
[-6.108336761970201e-06, 1.5635158280971617e-05]
[-2.0776706987746252e-05, 3.10551185659369e-05]
[-1.9196628155859763e-05, -2.5153526308177576e-05]
[-1.1234138399318638e-05, 2.512311658364741e-05]
[-2.5882928917697612e-05, 4.630322474191706e-05]
[-6.103658853229277e-06, 3.9514997269674e-05]
[2.0254435016131556e-06, 2.8479109025258964e-05]
[-3.9028508473260004e-05, -1.2172795978079853e-05]
[-2.5768856070779167e-05, 1.4867985737299083e-05]
[6.825897636980605e-06, 3.832087557366359e-06]
[9.774979271626183e-06, 1.2724344707143453e-05]
[-1.8137427929554306e-05, 3.7309846186356355e-05]
[-1.4895148056526253e-05, -1.2083868226459016e-06]
[2.5182418896679826e-06, 7.419428672439388e-06]
[-1.455118115611942e-05, 3.069646555012295e-05]
[-8.075363704285188e-06, 3.315269432746515e-05]
[-2.652128264685194e-05, 5.1782004271139215e-06]
[-3.415380089066833e-05, 4.576279753865098e-06]
[-2.5126450165405267e-05, 3.627560196284296e-05]
[-1.2942450438202524e-05, 2.237597667372783e-05]
[3.0211855786221875e-05, 1.221796893696725e-05]
[-1.4727047485382783e-05, 6.54677598136387e-06]
[-2.1308847820058346e-05, 8.201099264214251e-06]
[2.44609999422718e-05, 4.271881237694064e-06]
[-2.005920640640868e-05, 2.3624673245611905e-05]
[-3.1049664961341206e-05, 3.7784518231775976e-05]
[-2.157915082795503e-05, -1.1326072225925632e-05]
[-2.5617503917163553e-05, 1.1703053353628867e-05]
[-5.499705349965023e-06, 3.58370247690587e-05]
[4.317972861045405e-06, 3.2155360192631655e-05]
[-3.4589750653596374e-06, 2.7926237432085443e-05]
[-2.3838075417559335e-05, -1.092396510605359e-05]
[-2.9005781106483663e-05, 2.0696930677716052e-05]
[-6.9156791571989285e-06, 5.813453228725729e-06]
[1.9440862600569875e-05, -9.811784904861787e-06]
[-1.3853074091213502e-05, 3.664961411387058e-05]
[-2.1406498412923636e-05, 2.9843340771801286e-06]
[1.673617610439826e-05, 1.727927599159962e-05]
[-2.6164508708403922e-05, 5.117992050729381e-05]
[-3.093945059340353e-05, 2.1453560196893484e-05]
[-1.6892933033807456e-05, -2.803487410774075e-06]
[-3.740300933169349e-05, -6.989972130985733e-06]
[-2.805564051230891e-06, 1.9552938422096044e-05]
[1.312449417592565e-05, 3.242603368699276e-05]
[1.608608544499679e-05, 2.1048880295679306e-05]
[-9.470630955785153e-06, 5.600712978393041e-06]
[-3.369502139619063e-05, 1.253546978276232e-05]
[6.921076440152829e-07, 1.2135207729246922e-06]
[-9.263713423135478e-06, 6.41890921110333e-07]
[-2.798003678464167e-05, 4.241309957886408e-05]
[-2.0311459671629173e-05, 4.372104990602033e-06]
[-8.650318177094718e-06, 1.4759034800859716e-05]
[-6.14684799073173e-06, 5.5257695577570765e-05]
[-1.1501987115081214e-05, 1.142509301968811e-05]
[1.1116249142573142e-06, 1.86085597980723e-06]
[-1.9783315501842313e-05, -1.408792454116875e-05]
[-2.178348799969365e-05, 5.408275689997022e-06]
[1.121278463564468e-05, 3.1128977800609636e-05]
[7.534836517164578e-06, 9.463351807514897e-06]
[-2.1493172014844242e-05, 2.9842888181419447e-05]
[-2.6720500660826207e-05, 1.052003910570476e-05]
[5.542686825621423e-07, 2.2300171883538056e-06]
[-1.4791963007187992e-05, 3.112477472455577e-05]
[-2.357192163709998e-05, 2.543455806827688e-05]
[-1.4548235409540464e-05, 7.227824856848031e-06]
[-2.3371446958964093e-05, -2.537693079205511e-06]
[2.005567840357436e-06, 2.6766954889401173e-05]
[4.811079447664124e-06, 2.011346368309408e-05]
[1.2129700957146106e-05, -3.5160469124412286e-06]
[-3.4469248658131058e-06, 7.795397683529881e-06]
[-4.063574633533795e-05, 1.4814614455561231e-05]
[2.2332714543493726e-06, 2.0069808923217636e-05]
[-9.93034107255042e-06, 1.857905886459843e-05]
[-4.2525373763258045e-05, 2.72392058632831e-05]
[-1.0731345354647592e-05, 1.1552750597276784e-06]
[-3.1458400982509183e-06, 1.918451320526149e-06]
[1.2334979233238896e-06, 4.1158795716700336e-05]
[2.1012754374549747e-06, 1.9300737234065335e-05]
[-8.653463261718009e-06, 8.558950267356646e-06]
[-2.0859313214258157e-05, -1.1236322653249142e-05]
[-1.8788986970497135e-05, 2.05511459996921e-06]
[7.250298469374528e-07, 2.877430237030465e-05]
[7.724398209341121e-06, -3.979573082485421e-06]
[-1.189506970403209e-05, 3.2741203346953185e-05]
[-3.284914640727665e-05, 3.101583608028369e-05]
[-1.307526688920646e-06, 2.8323206865965567e-06]
[-9.426739117329719e-06, 3.5277993792437456e-05]
[-3.709442582722211e-05, 7.200403674391398e-06]
[-3.926251074273801e-06, -1.4999525679237902e-05]
[-5.6252166584641605e-06, 2.8269912662887142e-06]
[3.388470601800586e-06, 2.4928634284306084e-05]
[1.586933415478886e-05, 3.407178765926777e-05]
[-4.1467212221479866e-06, 1.150929250784416e-05]
[-1.8207477941456496e-05, -3.1187729330750535e-06]
[-3.870412276862911e-05, 6.523148299825143e-06]
[-8.602930264944852e-06, 1.7904539573398992e-05]
[7.691723102887238e-08, 8.257639228181901e-06]
[-2.7859469292790262e-05, 3.354146914535949e-05]
[-9.65961338168786e-06, 2.453863896767494e-05]
[1.6688248760110547e-06, -5.68654191995116e-06]
[2.336773054389951e-06, 3.366690259831717e-05]
[-8.335845756448322e-06, 5.212927585973408e-06]
[-1.1202575908772147e-05, -1.875867624119218e-05]
[-9.34771137720003e-06, 6.841630486975614e-06]
[-1.8207311099971424e-05, 1.4531717829822412e-05]
[1.6588642909112772e-06, 4.070572290681973e-05]
[2.5512951490336278e-06, 1.4766136256616491e-05]
[-2.4176736563130685e-05, 7.584472677624188e-06]
[-2.949460193180098e-05, 1.8587478591958195e-05]
[-1.0508941760134505e-06, 1.8258870287946039e-07]
[-1.0411876094837402e-06, 2.301281637506758e-05]
[-2.5082645111002e-05, 1.998591085604351e-05]
[-3.083271235077012e-06, 3.4796172213025223e-07]
[-2.0342040199933242e-06, -1.843282311828065e-06]
[1.2159954683732543e-06, 1.6284970476919403e-05]
[8.34248081710287e-06, 2.603692207570063e-05]
[-1.40484863238588e-05, -2.187286018813517e-06]
[-1.4966037840291602e-05, 9.725637003632492e-06]
[-3.444161948706892e-05, 2.562986436444037e-05]
[-1.4507174103006726e-05, 1.9238698750201344e-05]
[8.690841341640887e-06, 1.2184881619137222e-05]
[-2.8502371796468307e-05, 1.0604943508754627e-05]
[-7.669573126881102e-06, 8.620333195874519e-06]
[1.4783809653140523e-05, 8.911878484202385e-07]
[-2.5616589283128377e-07, 3.0227977239061232e-05]
[-8.326477888911943e-06, 1.710157602954898e-05]
[-1.6035519387364028e-05, -9.586641383591e-06]
[-1.6379926181003812e-05, 2.506967735627086e-07]
[-1.4837739989004284e-05, 6.34443129274298e-06]
[-1.1179780032288811e-07, 3.872913871949546e-05]
[-2.8057631662470328e-08, 1.551240836539236e-05]
[-1.7577662010492823e-05, 1.0323942262580044e-05]
[-2.516153085184436e-05, 3.515788800545483e-05]
[-6.506840164788308e-06, -8.05821617446724e-06]
[5.63785490535762e-06, 6.15839672912788e-06]
[-2.2743553803189487e-05, 1.2212267651552991e-05]
[-5.475789093947747e-06, -1.298311689371806e-05]
[1.2163070010146049e-05, 1.651156156001754e-05]
[-3.4157484173347186e-06, 3.155974637803968e-05]
[-7.609409900660724e-07, 2.5525931387215817e-05]
[-1.9674608676689687e-05, 3.5558524311973816e-06]
[-2.5717809180481055e-05, -7.14225246739586e-06]
[-2.6022616195164883e-05, 1.1179017069151698e-05]
[-9.166219100575912e-06, 2.6323380747345082e-05]
[1.5027520741955555e-05, 1.5761792731605606e-05]
[-1.658066619700249e-05, 1.3317039184619628e-05]
[-8.354539436233877e-06, 2.1357454956794086e-05]
[1.1563763693364648e-05, -1.0782907786013873e-05]
[-5.271825863378821e-06, 7.628182950913942e-06]
[-1.2927383804539616e-05, 1.926101581406492e-05]
[-1.989631835830341e-05, -1.4290392406968166e-05]
[-1.0178886115944086e-05, 1.938715250848766e-05]
[-8.063719079520748e-06, 3.066095696740989e-05]
[-6.605360458322718e-06, 2.598536727882461e-05]
[-1.3728455666162098e-06, 1.3278552876638816e-05]
[-1.8661411623377422e-05, -1.0189619970582542e-05]
[-2.2685845909226066e-05, 1.6276795304748237e-05]
[4.7568006669718166e-07, 8.981255364436114e-06]
[1.0781667692014163e-05, 8.89873737139335e-06]
[-1.7880238523143577e-05, 1.832256771726326e-05]
[-8.540046660371337e-06, -2.392632386043203e-06]
[9.77888004062566e-06, 4.37595401819868e-06]
[-1.0915166652969432e-05, 1.7774450908225603e-05]
[-7.130540280703146e-06, 2.722807812099992e-05]
[-2.056939963579474e-05, 6.733816441339968e-06]
[-2.429323604963285e-05, 1.8889158297508146e-06]
[-1.1454594165516419e-05, 2.5830616363520242e-05]
[-9.172871964502338e-06, 1.2967856116381793e-05]
[1.465134574414606e-05, 1.9618167507173823e-06]
[-8.177450943280817e-06, 4.4156741450321335e-06]
[-1.5448602590020788e-05, 1.1837866524956608e-05]
[1.3929836968573639e-05, 8.706036235012204e-06]
[-4.842089766254887e-06, 1.5918365134884316e-05]
[-2.146383501036315e-05, 1.761860818000338e-05]
[-1.9957630761013867e-05, -1.0477462512814562e-05]
[-1.0300710081678766e-05, 8.002904236470432e-06]
[-6.55264255411403e-06, 2.3152610068966073e-05]
[-4.34660791376329e-06, 2.957391394856068e-05]
[2.7803617079491527e-07, 2.034431348485466e-05]
[-1.585179559718264e-05, -1.1127241967872487e-05]
[-1.5882472860884178e-05, 1.7219880201313487e-05]
[-4.5504552683567345e-07, 1.5256640062064064e-06]
[6.349269306857308e-06, -1.0824660090721222e-05]
[-1.219083767312057e-05, 2.475477642777113e-05]
[-1.4050173255397702e-05, 5.186140040257942e-06]
[9.30845570168426e-06, 1.6428551631419985e-05]
[-8.026682215833691e-06, 3.2405696425485964e-05]
[-1.8173435771817736e-05, 1.0320340476543954e-05]
[-2.0388907084278873e-05, -2.6173094763159988e-06]
[-2.034416509161252e-05, -4.646102029701171e-06]
[-4.5476334474062186e-06, 1.664287642949569e-05]
[-1.2768270257479397e-06, 2.7117747247083768e-05]
[1.6625810230749827e-05, 1.1801622012669322e-05]
[-4.907218667402069e-06, -1.5251060774684744e-06]
[-2.1036325166395864e-05, 1.0254242179479067e-05]
[8.219061050293575e-06, 2.122182468811129e-06]
[-1.139320264648136e-05, -5.679652097523302e-07]
[-2.4218779207413332e-05, 2.9034107595526937e-05]
[-1.418925939639104e-05, 4.637475662983004e-06]
[-7.560769061665251e-06, 1.102299359001524e-05]
[2.44460529426338e-06, 3.412482011999618e-05]
[-5.548226816420865e-06, 7.494965025799105e-06]
[-6.988409411351482e-06, 1.8305959394449012e-06]
[-1.0704665702243599e-05, -9.102869774867128e-06]
[-1.3761724085771532e-05, 1.0234925366017777e-05]
[5.059511746369205e-07, 2.237461427462284e-05]
[1.0103408688344473e-05, 9.096732012311981e-07]
[-1.2157362939496652e-05, 1.4473262305858547e-05]
[-2.1294352630263358e-05, 6.574955507654412e-06]
[6.38330640506668e-06, 7.411589970029997e-06]
[-1.1197177905375444e-05, 2.266277551049578e-05]
[-2.283689566695557e-05, 1.8506578631255488e-05]
[-9.478604224753828e-06, 6.937132104034571e-06]
[-1.4703491566070426e-05, -5.744579009897555e-06]
[3.340091381906496e-06, 1.6212652877711786e-05]
[4.16031334118808e-06, 1.5071898153481457e-05]
[2.9406143006449614e-06, -3.307092499830848e-06]
[-2.958379541742606e-06, 6.716782647991915e-06]
[-2.2710634126843487e-05, 1.5621676762670594e-05]
[1.0446819632969895e-07, 1.4121023142688038e-05]
[-4.244149913734674e-06, 7.480253113339996e-06]
[-2.5973227342379612e-05, 1.3549738878460005e-05]
[-1.5924283371521186e-05, 1.063802424816629e-06]
[-1.336082847747111e-06, 7.584497151352787e-06]
[4.102821518359168e-06, 3.0105104522892834e-05]
[-6.23083053791218e-06, 1.4525661041361881e-05]
[-2.7531786793433266e-06, 6.214967102374791e-06]
[-8.089332966608465e-06, -1.3672455391300353e-05]
[-1.4624685572992013e-05, 2.2678370882184273e-06]
[1.3348171741117687e-06, 2.2041075715351077e-05]
[9.63947271170884e-07, -4.932269936919198e-06]
[-1.3084633511295518e-05, 2.3407899127914078e-05]
[-1.6866681305516273e-05, 2.3243230862557418e-05]
[1.2414697327378654e-06, 3.486367426419612e-06]
[-5.0845482868489e-06, 2.1350288483434898e-05]
[-2.2373177023027324e-05, 2.143652817393482e-06]
[-1.2471491538323942e-05, -6.799221607511896e-06]
[-6.237976250295096e-06, 4.41277652492994e-06]
[8.11465386635346e-06, 1.8121162985593187e-05]
[4.222378785778691e-06, 2.3637288505184983e-05]
[7.239577339002157e-07, 3.899547119511071e-06]
[-3.831622695404935e-06, -5.6777755779169325e-06]
[-3.0365248406716283e-05, 7.998868496630895e-06]
[-5.1548924791255946e-06, 1.6671659408828976e-05]
[-2.602344775226584e-06, 4.911440993071725e-06]
[-2.6697020901522706e-05, 2.1231313040770416e-05]
[-3.505586861379806e-06, 1.635173982611482e-05]
[4.572084815579469e-06, -2.8871049318939315e-06]
[2.7889575877071415e-06, 2.1802731042352974e-05]
[-4.015616321299126e-06, 4.2312293568359804e-06]
[-1.3839800509923839e-05, -8.32768919253879e-06]
[-8.335002989037776e-06, 3.869661532734936e-06]
[-6.632954902413557e-06, 1.0410145343961452e-05]
[-2.1788872707310947e-06, 2.7244685315952477e-05]
[1.5695323696829355e-06, 3.4564734589515034e-06]
[-1.0554984870347894e-05, 4.829583095611323e-06]
[-2.4695660460871682e-05, 1.7728330123756297e-05]
[-1.8477375044456679e-06, 6.0487268402353855e-06]
[1.3334361896356894e-06, 1.6980191974491632e-05]
[-2.3347999195455493e-05, 9.095613829387256e-06]
[-1.935403193681351e-06, -8.557507900908146e-07]
[3.811324478249223e-06, -2.2873805206810593e-06]
[4.157002184632108e-07, 1.042821422297599e-05]
[4.358814767652097e-06, 2.1725482511059102e-05]
[-1.1435002136683803e-05, 4.039930124252744e-07]
[-1.1411611803791022e-05, 5.386193023537711e-06]
[-1.8772092920948946e-05, 1.8545320583873703e-05]
[-8.908109834226963e-06, 1.2770512203774675e-05]
[1.7302471102542683e-06, 3.8136874986327562e-06]
[-1.8324885315113004e-05, 7.217045919993836e-06]
[-9.36613807415998e-06, 1.0868169081912349e-05]
[6.645804635094232e-06, 5.3591386034168575e-06]
[7.128516209750635e-06, 2.0719301426261327e-05]
[-7.751754354967666e-06, 7.4953106311281825e-06]
[-1.2919246972886711e-05, -7.728383471475309e-06]
[-3.821102186669922e-06, -1.25404936590634e-06]
[-1.3421394239432338e-05, 5.715643869308451e-06]
[-5.18101943045024e-06, 3.136345714171984e-05]
[4.4355741474211285e-07, 9.115980841134519e-06]
[-1.4301957223461503e-05, 5.640721898791945e-06]
[-1.3339140825990858e-05, 2.5358537574238227e-05]
[2.1002981120954445e-07, -4.457405538640241e-06]
[-5.779004056682968e-07, 4.026349257779671e-06]
[-1.7175906036240307e-05, 7.144277233809421e-06]
[-7.049939470697708e-06, -5.074162290018974e-06]
[4.4275989184161535e-06, 1.2756536870717206e-05]
[6.016218462606693e-06, 1.8311950367902452e-05]
[2.0369478587059855e-07, 1.6653842133285135e-05]
[-1.7026621381366347e-05, 1.163457386071931e-06]
[-1.0592041024742871e-05, -4.406516237009939e-06]
[-2.1715185020088068e-05, 1.295201242795807e-05]
[-1.3164425414435854e-05, 2.1096323641195402e-05]
[1.1923419950807257e-05, 7.700814645517085e-06]
[-1.4280477111050516e-05, 5.679704401892471e-06]
[-3.773897298858797e-06, 1.4765182664217003e-05]
[1.415368168783751e-05, -4.30168069015871e-06]
[-5.402597548297139e-06, 7.273833081467007e-06]
[-1.1414724930478015e-05, 1.2700805950033311e-05]
[-1.5718479416504394e-05, -7.406655860181868e-06]
[-8.918891251888383e-06, 1.1647118235091902e-05]
[-7.0345268160521e-07, 1.6841443782084076e-05]
[-3.680924478222103e-06, 1.9740229040110524e-05]
[-5.688171247603124e-06, 8.083004950532047e-06]
[-9.756587416587248e-06, -5.068822553591645e-06]
[-1.6400397197101346e-05, 1.84854989701555e-05]
[-4.903109670967298e-06, 7.057503340374138e-06]
[1.0566225016286901e-05, 2.7104352862544756e-06]
[-1.2916592717446274e-05, 7.43199008683415e-06]
[-8.023644216190173e-06, -2.4525314536588683e-06]
[1.188921493952555e-05, 7.340615562567709e-06]
[-7.39978560521104e-06, 1.4039486695149872e-05]
[-9.455278840247994e-06, 2.0413373387040412e-05]
[-1.4169194198387913e-05, 5.329729907965763e-06]
[-1.5740216610882207e-05, -1.7383640479318174e-06]
[-6.8170383546450886e-06, 1.6587928990452472e-05]
[-5.408596006839517e-06, 1.117781722249217e-05]
[5.0350608194055235e-06, 1.1812290317547713e-06]
[-7.514712206030394e-06, 3.8305679256507574e-06]
[-8.137583124852299e-06, 1.300471896885369e-05]
[7.554137541679329e-06, 6.560559460300208e-06]
[1.0369966306211786e-06, 7.1280909924309466e-06]
[-1.2053474998875019e-05, 8.69079562254571e-06]
[-2.0091371640995614e-05, -6.420667172019057e-06]
[-4.506963122818952e-06, 9.088544129065568e-06]
[-4.153794453731763e-06, 1.7796715953366515e-05]
[-1.0405912369004788e-05, 2.234687475682895e-05]
[2.253948923516824e-06, 1.2031831989334218e-05]
[-7.748815580077562e-06, -1.0450365667322332e-05]
[-1.1123354285477727e-05, 1.419257239820837e-05]
[2.136017443954614e-06, 3.4948907820814973e-06]
[4.1645867782102997e-07, -6.4417430203429944e-06]
[-1.3168470654231768e-05, 1.538481315774276e-05]
[-7.2957571615184236e-06, 4.087026619478164e-06]
[6.482740983165813e-06, 1.2508312710712843e-05]
[-1.804899716351116e-06, 1.830258904736426e-05]
[-9.129808579255716e-06, 7.892654053376358e-06]
[-2.1197241933029742e-05, 1.991938545053973e-06]
[-1.364673188508636e-05, -1.9503149420729837e-06]
[-2.0485467399390667e-06, 1.4416525891514098e-05]
