[589.2952530389119, -1157.4303172735702]
[40.2989835753159, 31.36311099607964]
[-15.160683958162924, -13.523415516956803]
[-18.583823429111618, -35.02582223143306]
[-5.115308158603822, 16.363632323300436]
[0.5669528819696268, -18.267332066756865]
[5.326348882307933, 16.61264730495718]
[11.899302149304901, -7.4788936126533425]
[3.7807023297984585, 8.48928342935956]
[4.693268668153152, 0.2939513695134366]
[0.23550762913619394, 0.49004425525951945]
[-3.440461017636757, 0.9716319858486671]
[-1.5333008292472243, 2.9601295606254183]
[-6.288636792769047, -3.742092479527777]
[-3.544273956878726, 5.083383130374597]
[-1.9420294995014729, -7.066475616626391]
[-1.8224337229327219, 7.000464188573943]
[1.1847251296654502, -7.333556067996426]
[1.5956541541058549, 6.260872225259693]
[2.7964594384813766, -3.3863673411030213]
[3.548366267865749, 3.4236927759435503]
[1.8984626841300658, -0.4211941051244459]
[1.628726013148384, 0.7637807500663261]
[-1.0268041260997904, -0.2850000892223177]
[-1.2415264322271624, 0.002806467950374092]
[-2.355891282530356, -2.37600792319547]
[-2.052816433569141, 2.5638763852583324]
[-1.186279401246967, -4.104905113956955]
[-0.6296349608287795, 4.127872773847486]
[1.5881870652046146, -3.531265929660817]
[1.2473031212229966, 3.382457788461103]
[1.9613970989211964, -1.461382636602639]
[1.6017527754954841, 1.333373176806166]
[0.25455650532493834, 0.21048572114370323]
[0.3975224453856683, 0.23530839200233444]
[-1.413175601698537, -0.4088092255803719]
[-1.2212359452377726, 0.9367279627317897]
[-1.6510039276462667, -2.186300169803655]
[-1.3654857692582638, 2.1358756829654957]
[-0.279296267431393, -3.1631653972912144]
[-0.07746981140191345, 3.0460610192865953]
[1.0128974697150404, -2.354446966088716]
[1.2812459001432153, 2.3574167200688407]
[1.3599076716237242, -0.813808718795733]
[1.3069730166198519, 0.798655804139317]
[0.13243210072571576, -0.049701002362596336]
[0.0586184329438644, -0.04311259716723642]
[-1.1572944023750869, -0.5636038473851639]
[-1.0072660201681258, 0.6506082607341375]
[-1.058929360631038, -1.838860424012568]
[-0.9527278019332729, 1.9793480274012243]
[0.12385894653310103, -2.3397768028183035]
[0.20286503396736144, 2.2334726034593118]
[1.111882909475348, -1.5585575505099265]
[1.0358608161113239, 1.432646226152288]
[0.7425285966740667, -0.25909388403897404]
[0.7434592675880172, 0.3952415840445944]
[-0.29852372447808584, 0.05573521218643496]
[-0.2857592035647851, 0.1503818068973617]
[-1.0479918927365617, -0.8079782243789282]
[-0.9509311378932903, 0.8489082337463087]
[-0.7344806074374759, -1.7382945753883554]
[-0.5278694648334241, 1.7338144184736635]
[0.2981347697268193, -1.865957008628354]
[0.3889564367439524, 1.880947891642414]
[0.9157188961102974, -1.0523325558938312]
[0.9651359425773194, 1.0092310923062158]
[0.5493752140194288, -0.20997460484955877]
[0.5312310097355779, 0.1222243627063817]
[-0.43229211156923264, -0.061900894097096204]
[-0.3967179369517415, 0.12110097461372327]
[-0.8607602116540369, -0.8073938228393089]
[-0.8073668949756975, 0.9059209419962189]
[-0.37842312710270853, -1.5864102692099444]
[-0.31913823082445014, 1.547095169490607]
[0.46439551519924116, -1.4513434880796023]
[0.5338520054723546, 1.3820722469610587]
[0.7671617162983608, -0.6290276269540042]
[0.7295352624195672, 0.6441294875883008]
[0.2194293053565861, 0.02056512986949466]
[0.20114194832424914, 0.07454564337908565]
[-0.5503482975823735, -0.2209017508501745]
[-0.5011876586383259, 0.2563066974186534]
[-0.7572780976574967, -0.9293245814786939]
[-0.6444102847327233, 0.9686379296205903]
[-0.17083064479435128, -1.3966315763529398]
[-0.08258988936988931, 1.4276785801724143]
[0.5268317970043939, -1.1665469126742556]
[0.5662627419734907, 1.1145645557447055]
[0.6217958676768618, -0.4310776807523746]
[0.6642254993425074, 0.3808347248065489]
[0.049128537081376406, 0.0028115843784009276]
[0.04352304155740404, 0.0017593203730564833]
[-0.5561352880217634, -0.26811193981447556]
[-0.5492245859495806, 0.33922943528854654]
[-0.559800342445234, -0.9754047437568261]
[-0.49695905185701195, 0.9756564204810569]
[0.01897909515856977, -1.2515236386248292]
[0.09007103514633608, 1.2166653680443744]
[0.560729286637982, -0.8278796091611931]
[0.5669867889242148, 0.8255215954083859]
[0.4574773832714989, -0.20484406067238847]
[0.42383436871049973, 0.21331614954604117]
[-0.1438043038852106, 0.0003471813054245487]
[-0.11667351946465043, 0.04307711282123572]
[-0.5930539031742645, -0.41707772654546726]
[-0.5298070819046528, 0.45444589465691765]
[-0.41105210208853427, -0.9603335147258845]
[-0.3564242927634922, 0.9981262142675222]
[0.16046442309544706, -1.101569651513465]
[0.22094258392658084, 1.0775849496349839]
[0.5213610378260254, -0.65272417056442]
[0.5685499056627066, 0.6052549392847952]
[0.32370984025036587, -0.09678192754309423]
[0.325537252669632, 0.09693452949248604]
[-0.23078316017692674, -0.04242874050852852]
[-0.24562725808936015, 0.06028317522078053]
[-0.5290217080091089, -0.499783437878883]
[-0.49074606510114094, 0.5302282112622732]
[-0.2679219865312197, -0.9613661454811715]
[-0.19670963827314059, 0.9551154483136486]
[0.2812564724905897, -0.9016248175467503]
[0.29903929766458326, 0.8882073174317808]
[0.48813896810452384, -0.4258065344108447]
[0.4781127239747782, 0.4150971633807661]
[0.14751320101514231, -0.02597599520375793]
[0.15669803935264603, 0.03641363916104323]
[-0.3380281468426185, -0.10807138049937359]
[-0.3097662067567333, 0.15602931001106168]
[-0.47493609496195477, -0.5803439741726715]
[-0.43657608840018813, 0.6047729357591642]
[-0.12327386250523653, -0.919622209904202]
[-0.07211564345516042, 0.9210356352494045]
[0.31985341057310945, -0.7707392338475754]
[0.3801124042725923, 0.744460498658003]
[0.419413083423386, -0.28655242111174006]
[0.4267586389184552, 0.26560141796693304]
[0.054150643709431165, 0.0024342731222589745]
[0.038732522950660736, 0.001250553886077449]
[-0.3789823455964402, -0.19189237422642114]
[-0.35808015528154186, 0.20936966506576238]
[-0.390008498761369, -0.6344688247532897]
[-0.34299175549420957, 0.6589220443471917]
[0.006327591744944794, -0.8446587780694561]
[0.0425604008166256, 0.8322714068955266]
[0.37872159758763946, -0.5956384489701716]
[0.38140700062530897, 0.5742805339077277]
[0.3108954976112468, -0.15754680941756583]
[0.3208807221377956, 0.15981185304520018]
[-0.08279182170661947, 0.004727440646016934]
[-0.07405903035888439, 0.020476168894918434]
[-0.3910680757146259, -0.2724911734375324]
[-0.37362001289458835, 0.3022201120202038]
[-0.3049339428688782, -0.6772345998948333]
[-0.2564314222369086, 0.6847593825108501]
[0.09539715081806566, -0.772695438027708]
[0.14560024902692525, 0.7690566752462833]
[0.3730033617058453, -0.46334451634715323]
[0.39924325980220443, 0.44109771969272105]
[0.2429152682379805, -0.08550251830304345]
[0.23240333445976696, 0.06734171805127642]
[-0.16488727774502543, -0.028064309760852613]
[-0.15830732818893684, 0.04400300375323851]
[-0.38594504973410193, -0.3454073272248699]
[-0.3552478233936667, 0.3696280746738354]
[-0.18933420703460024, -0.6842156571605058]
[-0.1591998615837702, 0.688288754520793]
[0.18701717476313506, -0.6709405896909983]
[0.21265275471449496, 0.6495454900551016]
[0.3480231164959626, -0.32432389088452923]
[0.35471319642093, 0.31696954388813836]
[0.12458311393380139, -0.017346338346255985]
[0.12874779252533397, 0.03179942559354876]
[-0.23163547753917557, -0.08009363852071694]
[-0.22578907917088475, 0.09562802857896546]
[-0.35522823761466915, -0.4193094956520187]
[-0.3238219682004262, 0.4398196799618986]
[-0.11040025034641676, -0.6740648249453041]
[-0.061775758243912904, 0.6806950399014831]
[0.24310818932271158, -0.5770905903332393]
[0.2707317058969472, 0.5620677540350494]
[0.3148656992441565, -0.22852340193721044]
[0.3239843294529555, 0.20416584270369276]
[0.04082609548299461, -0.0016247338872744793]
[0.03805711860036558, 0.0015463521006510716]
[-0.27752390081611444, -0.12903615429373372]
[-0.2641158593279153, 0.15568409727563415]
[-0.2943595051513985, -0.4750071390631041]
[-0.26701723703631386, 0.4827025723714544]
[-0.005991801547090336, -0.6441533273910443]
[0.021832858957659518, 0.6350125380072633]
[0.27200777757773187, -0.45849825585768317]
[0.2915257524422006, 0.44814339137395276]
[0.2510759392262738, -0.1286015457504589]
[0.24929889384904413, 0.12876749016871214]
[-0.04901771595795301, -0.00020136915774804365]
[-0.045424456673144764, 0.010178186594904881]
[-0.3030558965702501, -0.20268893495982576]
[-0.284893767021011, 0.2187688646045267]
[-0.23959278597379163, -0.5067610825946942]
[-0.20545397954145628, 0.5269755402011401]
[0.06819776800413213, -0.5999125595632067]
[0.10417048672046825, 0.5920442335613962]
[0.2889036137264729, -0.37287840563893604]
[0.3051223902502611, 0.3494080822920109]
[0.18590421577219712, -0.06721384760547755]
[0.19000344899820998, 0.05927225476415332]
[-0.11722118566179585, -0.01697940750220145]
[-0.1184045772370978, 0.03052097901950568]
[-0.2954825953013047, -0.26446844425883964]
[-0.2774609565175531, 0.2806012015289765]
[-0.16227057396750277, -0.534213762109627]
[-0.13141119739360185, 0.5315896354824252]
[0.13817856979959764, -0.5261487273237915]
[0.1583222862979634, 0.5207943568408222]
[0.27588462036856853, -0.2640535760748048]
[0.28369628632899735, 0.2569173071754318]
[0.10990790244980442, -0.025931040296228502]
[0.10859535143418908, 0.024609696591557206]
[-0.18116625286352805, -0.0546892600515938]
[-0.17047926851367423, 0.07022003408520427]
[-0.28197731819568395, -0.3206096489072028]
[-0.260712123078251, 0.3396850541609876]
[-0.08952209531587751, -0.5351362577545657]
[-0.058332163052596364, 0.5406192395806254]
[0.18303220915491697, -0.4682385998089933]
[0.21262046569068715, 0.4497004330766222]
[0.2524300641693414, -0.1863397202449082]
[0.25835530956750385, 0.17237569636258498]
[0.04141166820136459, 0.0010574591915140374]
[0.03953858298012055, 0.003372758344314594]
[-0.21566811102487737, -0.10486059797736103]
[-0.20905301587779157, 0.11580884246908807]
[-0.24335624523412958, -0.37305921960443233]
[-0.21768492959523658, 0.3824713206187147]
[-0.014666103249827422, -0.5142025978935086]
[0.009802904254005762, 0.5114572653750349]
[0.2204851389941136, -0.37915417077968544]
[0.23047685189737166, 0.37126683499832325]
[0.20399858427045015, -0.1147962170746939]
[0.21042881405480207, 0.1075591669671363]
[-0.032773213594292194, 0.0010716174342488838]
[-0.031090133021414612, 0.005452520603471456]
[-0.2404201847247558, -0.15189968344786964]
[-0.22865033638924714, 0.1720454219497909]
[-0.1980839598682893, -0.4116928808448552]
[-0.17321106037952738, 0.42093731405730656]
[0.04655569852957031, -0.4908538257130406]
[0.07787052008245166, 0.4849468924960305]
[0.23146688876324317, -0.3063564665069878]
[0.24870216091142638, 0.290985293241137]
[0.1616368197972782, -0.06053714893246259]
[0.15752831513379045, 0.05433566567240289]
[-0.09153989584931502, -0.014227930125084276]
[-0.08810559012091002, 0.021884393258195245]
[-0.24424316289422543, -0.21088492245923274]
[-0.22828532259773787, 0.2212146290575001]
[-0.13693780328352334, -0.4294883654946773]
[-0.11455014557830767, 0.43602188006274223]
[0.10776533517270881, -0.44003725544595906]
[0.12457040233489569, 0.43185982601277306]
[0.22610539843294708, -0.22841671181142914]
[0.23472282566100633, 0.21931042164963932]
[0.09507568274798395, -0.02097772733549519]
[0.0991134442653121, 0.021602705380879605]
[-0.1396429343133314, -0.04138062522283592]
[-0.1388142895198694, 0.05308776552443695]
[-0.23454229547047079, -0.2602854386411466]
[-0.21667862871315346, 0.2757084470491873]
[-0.08433276868369077, -0.4433075213293436]
[-0.05452077750426376, 0.4443505255217931]
[0.14975556367096357, -0.389044504342168]
[0.17139959583710973, 0.37999752434423906]
[0.21268380678479692, -0.16211483462029408]
[0.21715340526743354, 0.1490758636829248]
[0.03946768391820055, -0.00437845277795379]
[0.03774331865419478, 0.003715583537602818]
[-0.17841242764817794, -0.07920464079637646]
[-0.16811801645654117, 0.0914882998636366]
[-0.2031761144346964, -0.305471705776601]
[-0.18701298456303717, 0.31311168580765103]
[-0.017705681860413103, -0.4310583068780429]
[0.0011667998755638953, 0.43029301222296334]
[0.17664356045504004, -0.3255364027008917]
[0.19198509511405137, 0.3154237221151708]
[0.17647207196118098, -0.0998121248183681]
[0.18044279556873954, 0.0960176364695493]
[-0.018793636325807217, 0.001865022238843883]
[-0.019117503470008845, 0.0031907754532776167]
[-0.20035984097090465, -0.12585253149996634]
[-0.1925610864418057, 0.13772764178070068]
[-0.17300254500924583, -0.3392598069186774]
[-0.14817294963414307, 0.3509357422685605]
[0.034822893479574735, -0.41434060005552387]
[0.05943242719346853, 0.40922609010136646]
[0.1964552521716931, -0.26542174813014063]
[0.20687513043607852, 0.2530055020227683]
[0.13661249367481212, -0.056486119641566135]
[0.13891548172589113, 0.048811266572488965]
[-0.07160622036299291, -0.008995931373312338]
[-0.06944148397982791, 0.016390276245641378]
[-0.2036248512917802, -0.17125442974170413]
[-0.1923232267460556, 0.18233767120452093]
[-0.12186969317610563, -0.36448851904554813]
[-0.10441380151764501, 0.36571840726550664]
[0.0838123869637677, -0.37512349503630893]
[0.10187376871620746, 0.37169685160981736]
[0.19237833107729507, -0.19951678972452047]
[0.20177323809093362, 0.19157921899673425]
[0.08994977180088615, -0.02239584762786595]
[0.08814767620291297, 0.02104301329975522]
[-0.11686594991380694, -0.032497750273062787]
[-0.11307597274052616, 0.04075437617368649]
[-0.2018432357929869, -0.21574895517278292]
[-0.1863912038262039, 0.22908416802643092]
[-0.07461307488716706, -0.3747613139170354]
[-0.05122652494982982, 0.37937011811151555]
[0.12366911314580273, -0.33933663522359647]
[0.14125735411354823, 0.32720463469885963]
[0.1817428463840079, -0.1434061946712013]
[0.18714492657734744, 0.13389771146298612]
[0.03825728392990361, -0.003166022525217402]
[0.039710711954308274, 0.0040307251063307625]
[-0.14626916543869284, -0.06554139186522212]
[-0.14258738871073043, 0.07411306010016305]
[-0.17805198166588632, -0.25749068495105776]
[-0.16297765333562847, 0.2639136023682487]
[-0.023230860466256775, -0.36978643893503094]
[-0.004634633846106628, 0.369192120660331]
[0.15124961300263084, -0.28335788828577446]
[0.1635252896890922, 0.27843122337127624]
[0.15509314030833865, -0.09348768429447502]
[0.15863347613062762, 0.08561657876556827]
[-0.011447332257842113, 0.0014106354123992748]
[-0.012204517986180718, 0.001745859612435896]
[-0.17165503460019105, -0.10103886634598158]
[-0.1625606157050279, 0.11420216284677198]
[-0.1503218181191357, -0.29034628720849787]
[-0.13257896802958902, 0.2989469275539914]
[0.024969814756094055, -0.3596883686759702]
[0.04598876705717525, 0.3551650365754597]
[0.16568318275833116, -0.2342184182751793]
[0.17778328353032502, 0.2226374500583484]
[0.12371272440584616, -0.05097030197438074]
[0.1241929027670634, 0.04769613063973466]
[-0.056737858886144604, -0.007928784381521614]
[-0.05487699708144983, 0.011750132684631515]
[-0.1764814902266154, -0.14482779484033093]
[-0.16781063054009196, 0.15208969822274077]
[-0.11114763560328345, -0.31051172191753595]
[-0.09385962294231387, 0.3157999713280011]
[0.06912257359054985, -0.32943796200552083]
[0.08383593995336225, 0.3258441486218995]
[0.16812863954793178, -0.18027416934687324]
[0.17557720907091934, 0.17227979386501135]
[0.08047182879259163, -0.02193126807510004]
[0.08211382325653771, 0.018660461947384466]
[-0.0960881809499512, -0.024031007392553594]
[-0.09503546170748622, 0.03352821923242655]
[-0.1757363944207091, -0.18376976241200116]
[-0.16277274330701408, 0.19522785756727745]
[-0.07039848530692638, -0.32723790466871994]
[-0.05048837513208926, 0.3280108691383834]
[0.10370985050409148, -0.2970080557005941]
[0.12040398043995837, 0.2898666028690947]
[0.16019544537819844, -0.13008514075291178]
[0.16497739662359945, 0.12185354451632457]
[0.03941738539671048, -0.005684730934493613]
[0.03869614143168437, 0.005179264259403349]
[-0.12693577204544781, -0.05371729718625351]
[-0.12093412161301853, 0.05965655849114704]
[-0.15707129502945283, -0.2197613278747041]
[-0.14558362425691795, 0.22723199403063488]
[-0.024390132903312267, -0.32356693620863675]
[-0.008553503346488855, 0.3250263518859029]
[0.1289171653878627, -0.25524985880980267]
[0.14085205735827966, 0.2472494747968823]
[0.1384740378349263, -0.08502752158552546]
[0.1424133958717193, 0.07939789496582672]
[-0.005069044928448729, 0.0022182885204371505]
[-0.005500508040256813, 0.0009678801174937135]
[-0.14741916845274305, -0.0862128636193682]
[-0.14239972571960835, 0.09664625176088418]
[-0.13667323873803283, -0.2518322936935291]
[-0.11870007637293978, 0.25864347976961577]
[0.017519540104798004, -0.3164917072763873]
[0.03559239105978329, 0.31316516245391945]
[0.14585318279045867, -0.2099660329173948]
[0.15516672897145323, 0.2022259714665698]
[0.110996070634663, -0.05030632298475496]
[0.11274554852893706, 0.04430819225334298]
[-0.04577356647316906, -0.0053626198398123714]
[-0.04405286055674226, 0.008756129624641618]
[-0.15492940117402565, -0.12183590220316709]
[-0.1469077929804682, 0.129830918967351]
[-0.10074342907327138, -0.27284486524154183]
[-0.08815003007163044, 0.27703431598891837]
[0.05555899066448755, -0.29366575013165114]
[0.0709028823029969, 0.29039186332593636]
[0.14794964915360742, -0.16380690304050555]
[0.1559918004016927, 0.15599269288775908]
[0.07707278564267317, -0.021014356922794963]
[0.07631020516577824, 0.01968846428925164]
[-0.08216568361668464, -0.020182830371464622]
[-0.08062038815126815, 0.02654247321928449]
[-0.1564192825695836, -0.15889614756586057]
[-0.14508501582378797, 0.1683267097794295]
[-0.06635157844873618, -0.28679432849875286]
[-0.04795319240230311, 0.2895911501314237]
[0.08966275882103106, -0.26721172398144977]
[0.10234459238485782, 0.2602600923952816]
[0.14234189389020713, -0.12027050938128225]
[0.14760354593726072, 0.11291406102432788]
[0.03798398623628822, -0.006030830874144043]
[0.03955430271266065, 0.004630332925045735]
[-0.10804356267779369, -0.04403623378631499]
[-0.10534675065948754, 0.050478103604951585]
[-0.1416796320821906, -0.19187698682061394]
[-0.1314352811047211, 0.1982178679220904]
[-0.02691255414792848, -0.2884212434727357]
[-0.012261802293754231, 0.28877983899853343]
[0.11232476768028143, -0.22962961320255784]
[0.12447738348122639, 0.22441932662593955]
[0.12636642273515397, -0.0802929023057074]
[0.1286366151715681, 0.07406156435400035]
[-0.00023170333999056325, 0.0013105792183311094]
[-0.0013369780462737513, 0.0009438656517587463]
[-0.13103557137884536, -0.07283614323160825]
[-0.12428494167452864, 0.08173626026514819]
[-0.12290775779279717, -0.2211267287186498]
[-0.10889300158627813, 0.22793118655362865]
[0.011797709746794505, -0.2831405602850885]
[0.027478495587787588, 0.2806777393750809]
[0.1278503155687996, -0.19248610852355041]
[0.13688030066945944, 0.18412593154904472]
[0.10183741548133153, -0.04700481354803904]
[0.10459663544793332, 0.04318793609079413]
[-0.03628071705164462, -0.003991840568692201]
[-0.035442651222632474, 0.006249971602963644]
[-0.13733848727161457, -0.1058201845499786]
[-0.1320444737539044, 0.1123482367359303]
[-0.09502002329276737, -0.24119627436496505]
[-0.08144899406699987, 0.2456059354787148]
[0.046595559650504326, -0.26486750070955084]
[0.059978594782490235, 0.26230451110680075]
[0.13317248690450234, -0.15096506697454581]
[0.1398399760406699, 0.1443346372176013]
[0.07175970362421524, -0.021988293716723617]
[0.07157625899898612, 0.01870654492598589]
[-0.07045534832906286, -0.015352423538881554]
[-0.06868544256505338, 0.02210216992453734]
[-0.14017692622141675, -0.13848844149108386]
[-0.13011282486446674, 0.14716356828938992]
[-0.06241309164855302, -0.2569595038110015]
[-0.04791282648009987, 0.2584967208135349]
[0.07627425652678396, -0.24190724460356583]
[0.08937039584964901, 0.23648068817724155]
[0.12852767385514063, -0.11200523163503795]
[0.13382692039542904, 0.10542782541039225]
[0.03899874470490704, -0.006611807082510419]
[0.03934835521135353, 0.005739461099717208]
[-0.09508968275038898, -0.03761947535969362]
[-0.09256638341803143, 0.041660235759331365]
[-0.1292049013663712, -0.16861271492474694]
[-0.1200143862321325, 0.1752025596206127]
[-0.02806548623587557, -0.2586749674681029]
[-0.014089369870479873, 0.26039134365650174]
[0.09960536245538232, -0.21142499791439373]
[0.10944753647385097, 0.205265971048451]
[0.11512581904231323, -0.07559675624687451]
[0.11805433566112145, 0.07003630559661289]
[0.0031021403202211584, 0.0012862319497164432]
[0.0029292456793352795, 0.0005436947600951925]
[-0.11530031485417469, -0.062456476553287565]
[-0.110643637644807, 0.07106001631706527]
[-0.11327826534904062, -0.19713254342268693]
[-0.10059997513335905, 0.20215171899569956]
[0.006523294366444499, -0.2560169759962627]
[0.020640506618281318, 0.25389421694259057]
[0.11410261161506727, -0.1764753339054127]
[0.12311715351637542, 0.1707580056412692]
[0.0949233453584809, -0.046488307134831874]
[0.09681865479582852, 0.04155973389476622]
[-0.02922881283677059, -0.0028369683559924253]
[-0.028660223645281438, 0.004455508099126371]
[-0.1241707429114377, -0.09162859025580816]
[-0.11853704425065076, 0.09777432387173013]
[-0.08811157617173604, -0.21589169093016097]
[-0.07693899044885136, 0.2209183301489922]
[0.03866129710645816, -0.24187582798934698]
[0.05123783760002132, 0.23909761115349348]
[0.11985992129984391, -0.140893650680473]
[0.12631530160292948, 0.13377876682595913]
[0.06824191282450665, -0.020939890227683833]
[0.06843200175539987, 0.019449387354702585]
[-0.06046455135372675, -0.012904012017451727]
[-0.059295778566862634, 0.018087707459046976]
[-0.12697892130664445, -0.1225506609079483]
[-0.11862410446311866, 0.12975604143913122]
[-0.060546994155466105, -0.2310042746912635]
[-0.04642545024247968, 0.23281244157877634]
[0.06681247964827253, -0.22154188410234765]
[0.07799251853582256, 0.21749209434307482]
[0.11740416263958664, -0.10565507426287274]
[0.12241186418769201, 0.09967624737283404]
[0.03828351000220147, -0.007850885620658832]
[0.03912070051991292, 0.00534193488746601]
[-0.08365950555529347, -0.03078213029065857]
[-0.08167003651557155, 0.03567973025549831]
[-0.11850280888660647, -0.15005066178237686]
[-0.11037679374513454, 0.15630667368066942]
[-0.028873018745426027, -0.2355608764907537]
[-0.016667713565435782, 0.23651222406722727]
[0.08789025295041841, -0.19488514319610992]
[0.0981868787393233, 0.18942059866598093]
[0.10655314740530164, -0.07182248041092798]
[0.10895516388715687, 0.06692497907942274]
[0.006762117737902917, 0.0007891433827227345]
[0.00603027350335128, 0.0011138283050783349]
[-0.10385603051944092, -0.05471405824605213]
[-0.09908303062677448, 0.06096481405791776]
[-0.10480128367073094, -0.17614328548684166]
[-0.09365656229532426, 0.18146461009235643]
[0.0026457783486140696, -0.23325022530256556]
[0.015437018536109903, 0.23227534948934503]
[0.10277173833245803, -0.1649917251112375]
[0.11062069946771946, 0.15904590153023368]
[0.08830013720661059, -0.044985785116419125]
[0.09110526367937322, 0.0403177640344336]
[-0.023280761237448988, -0.0016015399665643693]
[-0.022814999602823988, 0.002945669700099976]
[-0.11184869853564083, -0.08033027438977741]
[-0.10798704524627725, 0.08666786119784009]
[-0.0836963872956833, -0.19556801901641013]
[-0.07275262774828384, 0.19939320914318426]
[0.0320995529790391, -0.22210869955485474]
[0.04387748948339376, 0.21969880508174944]
[0.10943094114882945, -0.13156225580953637]
[0.11544210099858865, 0.125958931279591]
[0.0652482963673795, -0.021846264103173696]
[0.06493075717555596, 0.019531800824350465]
[-0.05266102938564288, -0.010442998789780833]
[-0.0511517208946588, 0.014871278904086849]
[-0.11629060486765819, -0.10852562254745957]
[-0.10829806678567167, 0.11506035522358558]
[-0.05750868136365139, -0.2097415881868594]
[-0.04604174561681251, 0.21217319983751604]
[0.05793027835483733, -0.20510135709177213]
[0.06876709532865977, 0.20115458046454315]
[0.1075513370147381, -0.10026088897278562]
[0.11286288699372377, 0.09428703810051398]
[0.03858162312716433, -0.007724631351952331]
[0.03924257880762949, 0.006160615195696245]
[-0.07409963994350244, -0.02645446637765403]
[-0.07304135039060039, 0.030319020172025424]
[-0.1098089833145024, -0.13470959602973326]
[-0.10240661539214554, 0.14040475109992]
[-0.030134818134283425, -0.21510409499955457]
[-0.017812436466052517, 0.21627703326018688]
[0.07935118161842292, -0.18129233863714486]
[0.08787214436127022, 0.17662011428738822]
[0.0989104792407367, -0.06916142658090657]
[0.10123234725780117, 0.06441603354388303]
[0.008787935027022131, 8.863178822882123e-05]
[0.008875165516956773, 0.0007889089238427571]
[-0.09321880945705119, -0.04707905156151071]
[-0.08910904944980635, 0.05348941691384532]
[-0.09752315234153974, -0.15923229472908051]
[-0.08799880856941122, 0.1639402213433397]
[-0.0008844474124673485, -0.21481200123063326]
[0.010525016970589718, 0.21377490832060636]
[0.09247157567302888, -0.15419622701738223]
[0.10111940222027282, 0.14914772145823874]
[0.08368219930213956, -0.04390367196421949]
[0.08576919894089685, 0.039540820962568335]
[-0.01802301320859278, -0.0010998463645418288]
[-0.018295351267657675, 0.00213434234644215]
[-0.10275841290219112, -0.0711601835480477]
[-0.09860801840271395, 0.07641311379893628]
[-0.0791126439973463, -0.1774580622101946]
[-0.06902767617859762, 0.18182642678929628]
[0.026933417710460983, -0.20551790603672226]
[0.03762729670712367, 0.20347599259145122]
[0.1002837002209207, -0.12475948974289074]
[0.10543123551312605, 0.11887979499553714]
[0.061954878104576894, -0.021679249252743837]
[0.06279482136699954, 0.019785026285787488]
[-0.04544781130715525, -0.00830317129965108]
[-0.04421510397766726, 0.01228365759709349]
[-0.1064115444354462, -0.09721538189566459]
[-0.10023473047183873, 0.10311953237992934]
[-0.05631674220677435, -0.19197420156153644]
[-0.045250483487331405, 0.1938864896528144]
[0.05075783863203685, -0.19049827613853676]
[0.06106624319067111, 0.18752821633066186]
[0.09982710826462472, -0.09542812134686557]
[0.10482873627225991, 0.0902803899028447]
[0.038553386693386246, -0.00889831458408875]
[0.0385755411897204, 0.006323629593428484]
[-0.06658978413838154, -0.02215523069769093]
[-0.06517791934908607, 0.02594958508084605]
[-0.10216554100021802, -0.12121061058218369]
[-0.09506761336519784, 0.1269475612656561]
[-0.030080672942721987, -0.19831446411881737]
[-0.019651606078461503, 0.19941998549092899]
[0.07087366326444733, -0.16990199492355812]
[0.07932520933718068, 0.16516521069905332]
[0.09218798535338624, -0.06650711354327143]
[0.09479872822790947, 0.0622170996486584]
[0.011405831052070603, -6.385962214805474e-05]
[0.01144245445733505, 0.0013955238115566093]
[-0.08428334889952538, -0.04176296694114068]
[-0.08112586044867709, 0.04659115814718304]
[-0.09182162066420396, -0.14452498351414633]
[-0.08304822050055893, 0.14893809984175044]
[-0.004018752626154809, -0.1982087808500419]
[0.007143838803124414, 0.19812749140809904]
[0.08478097220746236, -0.14567371471573531]
[0.09215257572340924, 0.1409662634090672]
[0.07895637690113178, -0.043276579910031726]
[0.08119653591093973, 0.038632587976565186]
[-0.014166676134770372, -0.00043843087730532915]
[-0.014108116078582804, 0.001119622830564923]
[-0.0939447161136514, -0.06275152060709249]
[-0.09042053528789828, 0.06857475956615772]
[-0.07515151801299946, -0.16285498912536017]
[-0.06611255438366387, 0.16638162414408408]
[0.02200823249684314, -0.19143593536332992]
[0.031993308275381604, 0.1891948357618901]
[0.09209253843867815, -0.1178113499563867]
[0.09766079904509073, 0.11313298758131396]
[0.06006447471416565, -0.02220393202950166]
[0.06035611792381346, 0.020279953204149215]
[-0.039487374233247996, -0.00696069342578054]
[-0.03848659646654373, 0.010043434293348197]
[-0.09884290368484638, -0.08725321228687877]
[-0.0928179367030526, 0.09231405491045241]
[-0.05437676245328249, -0.17607842418787067]
[-0.04451366696528192, 0.1789526927406146]
[0.044767002492414984, -0.1785312821246663]
[0.054297656957352336, 0.17576096950170056]
[0.09263702871525464, -0.09188404417924584]
[0.09745194476161345, 0.08622684737674505]
[0.03817677065186726, -0.008769261543242333]
[0.03872887770703508, 0.006890958797477864]
[-0.05938261307033538, -0.01885966394958155]
[-0.05861481180004151, 0.02246600796675513]
[-0.09535163675883751, -0.11026167122716529]
[-0.08918066488820672, 0.1153933425062389]
[-0.03108228863268636, -0.1835390237955466]
[-0.02069537756146006, 0.18421794457716179]
[0.06417507980268766, -0.15946853203078454]
[0.0718963573573832, 0.15579009493977658]
[0.08676841017092429, -0.06452499047189231]
[0.08911822867022134, 0.06072803431844853]
[0.013099819964799364, -0.0011595039427598763]
[0.013249216743711045, 0.0012156889741690158]
[-0.07681552268294178, -0.0361645365503086]
[-0.0736531417168298, 0.04095755187082567]
[-0.08636970549852652, -0.13175113416634243]
[-0.07864288691098176, 0.1362491199669488]
[-0.006298856801078279, -0.18469108015581526]
[0.003548302234991918, 0.18464966922667841]
[0.07707435048848268, -0.13808043219588695]
[0.08487270042574041, 0.13333438470470613]
[0.07513291258484778, -0.04224347689185354]
[0.077254765842593, 0.038065305698469]
[-0.010138645072960958, 5.629351526519055e-05]
[-0.01061679399256852, 0.0009935539914761315]
[-0.08684355819629946, -0.05651939261102201]
[-0.0835600580381863, 0.06107649161922357]
[-0.07193699191301195, -0.14945801236800355]
[-0.06322627407195072, 0.15303493603441698]
[0.018080519632638015, -0.17868657598883503]
[0.02742278368269524, 0.17712535221237014]
[0.08544962690899305, -0.1127220065726448]
[0.09009295728056599, 0.1082205550944133]
[0.057542870883923625, -0.022628888775369782]
[0.0585787417850987, 0.0204099137446645]
[-0.034358975914419054, -0.005380161176423703]
[-0.03324224642908602, 0.008031073616647899]
[-0.09131393987773706, -0.07845998715485769]
[-0.08657434952937715, 0.08376114307501176]
[-0.05318963193934839, -0.16316248320772941]
[-0.04402033039301201, 0.16540073277142592]
[0.039190734348015385, -0.16778980841973445]
[0.04853338057960044, 0.16530263849705285]
[0.0866377211181619, -0.08799138723893207]
[0.09146982916804036, 0.08314720320248384]
[0.03832623268119571, -0.009591590490664978]
[0.03811364206623055, 0.007473121687651713]
[-0.05367463910460846, -0.01616496644580248]
[-0.0527507763793834, 0.01932713077678333]
[-0.08975680607175823, -0.10028223732817038]
[-0.08349983740934655, 0.10501332631346028]
[-0.030912215180021074, -0.17039388134747657]
[-0.02190715845263691, 0.1716620629536415]
[0.05795731370238966, -0.15103637902167305]
[0.06522722353831523, 0.14732566910402245]
[0.08146107039901729, -0.06289291243743553]
[0.08413190272133131, 0.05903164525330251]
[0.014858976315619277, -0.0012194692957653297]
[0.015349853765963761, 0.0016199064291204657]
[-0.0698001079364422, -0.032005720941850835]
[-0.06762356926896529, 0.03608962132242144]
[-0.08188873224645155, -0.12092586433174102]
[-0.07495200667611213, 0.12510941068687623]
[-0.008936453561917329, -0.17237818570220986]
[0.0010930067936851806, 0.1724865648175648]
[0.07125335680344734, -0.13120797954444474]
[0.07818798623194917, 0.12717632168567786]
[0.07170446701108558, -0.04183028511994949]
[0.07356299077871666, 0.03763847260668113]
[-0.007336925982734707, 8.406204034080988e-05]
[-0.007591487411249792, 0.00036205805214682696]
[-0.08030866486379057, -0.05019185378510366]
[-0.07701762393412853, 0.0550440456931412]
[-0.06864828674356382, -0.13810482331182722]
[-0.060899517356643465, 0.14135759508688694]
[0.014551617653439153, -0.16801451409411705]
[0.022908731751703548, 0.16644209582386083]
[0.07879687757923515, -0.10775589106371676]
[0.08411265262039858, 0.10364759151519876]
[0.05600218200714169, -0.022857508800681436]
[0.056853158626431255, 0.020875132188634682]
[-0.029530592748673423, -0.004348328392105416]
[-0.02891237418835213, 0.006605666637611807]
[-0.08549579017402664, -0.07122360301420805]
[-0.08107807016706381, 0.0756246472541125]
[-0.05192980452300339, -0.15105644448406474]
[-0.04319704448017503, 0.1538845844937123]
[0.03467928587826569, -0.15839705766341894]
[0.043508746439469115, 0.1562351133711919]
[0.08140258252971384, -0.08528958270924142]
[0.08549904938322331, 0.08028499488566479]
[0.037673003330334826, -0.009890064133771012]
[0.038112539751986814, 0.007897265672301729]
[-0.0482749485807161, -0.013648027938714502]
[-0.04747072001758376, 0.0167407210219217]
[-0.08414309567282896, -0.09175157824505606]
[-0.07881119447427051, 0.09631829531708935]
[-0.03154616258681475, -0.15923489336810326]
[-0.022954064722600476, 0.1599456102172253]
[0.05248602716144557, -0.14305408729353267]
[0.05950859995015567, 0.1400539118177052]
[0.07712046077928247, -0.06124182594830052]
[0.07995394765137731, 0.05789813696729029]
[0.016548362996508303, -0.002147486590061365]
[0.016525536148647935, 0.0017814669488521728]
[-0.06418071649922563, -0.02802687857780295]
[-0.0619608712419063, 0.03178392961025958]
[-0.07789515485022869, -0.11107333905829808]
[-0.07132637939882547, 0.11529153316643942]
[-0.01043242872791375, -0.16172504049653036]
[-0.00147019564968065, 0.1622049287345353]
[0.06542888078148615, -0.12550088623796324]
[0.07228435183956078, 0.12122698345535407]
[0.0684682796275177, -0.041198837995310156]
[0.0703114036526141, 0.03723436491652238]
[-0.004484171471919714, 0.0005097899443956]
[-0.004582361717094745, 0.00038578823383861316]
[-0.07433598157954474, -0.04545233590307074]
[-0.07169432907734685, 0.0494787007397105]
[-0.06606398733017071, -0.1279208153266359]
[-0.05876982774564872, 0.13095145302768918]
[0.011159273230766487, -0.15806723359777305]
[0.01940368196129194, 0.15691032011798367]
[0.0736917679505803, -0.10359892417344274]
[0.07836236633320193, 0.10004173978067177]
[0.054191562210846866, -0.023410913582218085]
[0.05531324384105207, 0.021061309640743486]
[-0.025614271314150727, -0.0034079170239944556]
[-0.02506496048954121, 0.005076235144051033]
[-0.07990420415055, -0.06425361939359875]
[-0.0758799501837707, 0.06905605241871846]
[-0.050659849039555394, -0.140972976990956]
[-0.04270465603334739, 0.14348360378007544]
[0.030497134012880192, -0.15019957217777602]
[0.03883401955229038, 0.14802983981630596]
[0.0763101642443362, -0.08228259515298542]
[0.08073244759582271, 0.07769926582668457]
[0.037744790371470084, -0.010412080583474773]
[0.03772791522022114, 0.008661794221625274]
[-0.04358918715674148, -0.011751120813635912]
[-0.04280858492628026, 0.014498596059673907]
[-0.07963504117568682, -0.0842729287342173]
[-0.07454345419979698, 0.08809342711586893]
[-0.031680739050421014, -0.14870092577186106]
[-0.023696498448196324, 0.15006031396708297]
[0.04770702875775912, -0.136313448160522]
[0.05434048342665265, 0.13356577985582097]
[0.0731423597775015, -0.060235601058818145]
[0.07582431885757712, 0.05668544579384216]
[0.01761443687572084, -0.0023698758702799805]
[0.018108523915766228, 0.0019562687704161585]
[-0.05869596836217972, -0.024645002603292054]
[-0.057117777302846506, 0.028197314217799863]
[-0.07414980561752782, -0.1025882552306856]
[-0.0682330684595891, 0.10679157105422711]
[-0.012371397382630683, -0.1523807150452342]
[-0.0035799281861792487, 0.15245412312906503]
[0.060562419119927734, -0.11991429346397436]
[0.06705173402396475, 0.11626576697944849]
[0.06569001122412733, -0.04071319302568999]
[0.06745032080109709, 0.037106717160992064]
[-0.0020219913327082888, 0.00017789985391473973]
[-0.002343698625962204, 0.00017975977661265768]
[-0.06931737120757789, -0.04070874045753542]
[-0.06645923318064495, 0.04456955536060997]
[-0.06347832702520517, -0.1187902058226471]
[-0.05684401106235651, 0.12171712296840942]
[0.00851145956605237, -0.1494370731386629]
[0.01594318159017538, 0.1487271439362765]
[0.06846072099040601, -0.10004995510408131]
[0.07341395220167923, 0.09634034277295156]
[0.05273946674973273, -0.023640663179694876]
[0.0539055449449114, 0.021357985591465067]
[-0.02186513459626349, -0.0023952773098590008]
[-0.02149221002835655, 0.004149974133202949]
[-0.07498017703918247, -0.058777316323475715]
[-0.07161310987746283, 0.06292213027735331]
[-0.04973629025145265, -0.13159377029653607]
[-0.041953466943505435, 0.1342109957775155]
[0.026798083467045708, -0.14262618944394312]
[0.034874811739592115, 0.14063392101318556]
[0.0722272765591048, -0.0798750418680601]
[0.0759812111343878, 0.07573231602237065]
[0.03722683854759519, -0.011052896590893771]
[0.037552802970215494, 0.009111121743325581]
[-0.0394089496035612, -0.010013774724488167]
[-0.03859218393785175, 0.012392339130299662]
[-0.07517184969621554, -0.07720894093113537]
[-0.07054302444995958, 0.0812326392070149]
[-0.03189117689125176, -0.13987653481061818]
[-0.024662139800840505, 0.14092521742924125]
[0.04323611421603324, -0.13014158087510225]
[0.049743831828740814, 0.12773727438660043]
[0.06943039626168312, -0.05896834718117988]
[0.07250728666881567, 0.05557563336665661]
[0.01908498362212574, -0.0029015738410408387]
[0.019045064946469292, 0.0024059161058261336]
[-0.05411534043631183, -0.02174904290904711]
[-0.052676550049075344, 0.024974379257500123]
[-0.07103153749104396, -0.09504069623467815]
[-0.06531482442886527, 0.09885371453261395]
[-0.01362031074092962, -0.1435512481735548]
[-0.005342681196769616, 0.1441758280071999]
[0.05610114967750215, -0.11531592593087203]
[0.062139308864754494, 0.11162581447497427]
[0.0630106628090881, -0.0404382797304422]
[0.06467254005010721, 0.0369388335507114]
[-2.338464290808223e-05, 0.00030455402480761284]
[0.00018029604633856833, 7.868968814724042e-05]
[-0.06431585942902684, -0.0367557987023841]
[-0.06206935419884049, 0.040313935731287276]
[-0.06119601410982639, -0.1106691878813773]
[-0.05517219555126518, 0.1135333202047819]
[0.005649845403474241, -0.1417479421137049]
[0.013012228967827, 0.14093580781167114]
[0.0641807011068406, -0.09648558408561798]
[0.06900524996616075, 0.09341959793555954]
[0.05142875441336969, -0.02408095933333171]
[0.05255050629983582, 0.021636280565502708]
[-0.01864212905704088, -0.0018852124787754887]
[-0.018608125068079295, 0.003175624130225263]
[-0.07074534380644704, -0.05337620590217507]
[-0.06724900724506588, 0.05755130967052364]
[-0.048561401871144605, -0.12333353279069403]
[-0.04137227584124248, 0.12587978419686177]
[0.023660847124461787, -0.13591683834736124]
[0.031041191281355796, 0.1341536761926746]
[0.06792071585988325, -0.07776948027631148]
[0.0718766129958176, 0.07355307359448543]
[0.0370488084664185, -0.011415954147991361]
[0.037406794200291936, 0.009828402277198861]
[-0.03546518827812871, -0.008504176768733107]
[-0.03472535154745791, 0.010713689550117339]
[-0.07126117134701082, -0.07135355423502435]
[-0.06727572802862576, 0.07476037946862035]
[-0.032249547855996874, -0.13144709307812363]
[-0.02516614539622969, 0.13281865498081247]
[0.0393129240359017, -0.12458445850072232]
[0.04569173900083745, 0.12245656218376477]
[0.06643514970347453, -0.058060324721280865]
[0.0690933505919632, 0.05480390566020643]
[0.019823059082732852, -0.0034431549606994682]
[0.02006244037734195, 0.0025213485672274105]
[-0.04985888771766134, -0.019031864926111308]
[-0.04861710835185051, 0.02220018991328901]
[-0.06787536118255427, -0.08809586937345348]
[-0.0625363707651011, 0.09205534196745316]
[-0.014881439378883726, -0.13609732671186403]
[-0.007234166473502945, 0.13631830478055373]
[0.05191189140060802, -0.11082321310662996]
[0.057816463749380154, 0.10751002915201152]
[0.060506208297926224, -0.0400363208649705]
[0.062425611225283784, 0.03684301783292648]
[0.0022371796138985524, 4.783445540376685e-05]
[0.0020331905482736737, 0.00022993107922460176]
[-0.06018536267045385, -0.033235454754514115]
[-0.05794292760106704, 0.03628461751934886]
[-0.0592149007743627, -0.10324084579715978]
[-0.05355714976845735, 0.10602144371325439]
[0.0034750973790945716, -0.13452655990097728]
[0.010449302957436513, 0.13434219332776842]
[0.06013964157802065, -0.0937435018425537]
[0.06478804714835618, 0.09045501350995466]
[0.0501100034466464, -0.02439483748546295]
[0.05123327960624324, 0.021883276073573155]
[-0.01587121411512371, -0.001103100142177571]
[-0.015594616734892597, 0.0024459460135994315]
[-0.06645041674447505, -0.04887478229891695]
[-0.0636353315074284, 0.05287552244069952]
[-0.04767168758828544, -0.11591214839831199]
[-0.04078957379010151, 0.11823940265179717]
[0.020502055173835243, -0.12974945009510708]
[0.027708779316915844, 0.12797940124713458]
[0.06443080316266878, -0.07557512507574227]
[0.06813892985348557, 0.07207399277032789]
[0.03675915055638106, -0.012154675716767288]
[0.037166226043184244, 0.010353649324331221]
[-0.031982231098697966, -0.007319481148554352]
[-0.031391897823703746, 0.009055036702100089]
[-0.06782878953147015, -0.06556752523329473]
[-0.06385327725791827, 0.06906109695621027]
[-0.03222018239867652, -0.12407545445432114]
[-0.025856403606891676, 0.12556576620041804]
[0.03574416405435299, -0.11967818071932519]
[0.041883737660928455, 0.11767215079673288]
[0.06322731019311156, -0.057175277844403516]
[0.0661901733990895, 0.053740812301565466]
[0.02088624536983741, -0.003703361301021779]
[0.020920313912116018, 0.0030745337091887537]
[-0.04598754909901803, -0.01681778642565601]
[-0.04492842178339862, 0.019773960716311156]
[-0.06512226777849389, -0.08215026961456695]
[-0.060201263055912335, 0.0855881169710345]
[-0.016114797816414977, -0.1287870503246329]
[-0.008562199885264632, 0.12931394832971232]
[0.04829634095471672, -0.10685375900678845]
[0.053764850218838756, 0.10384380788874628]
[0.058355322748480654, -0.03995483272310929]
[0.06007599368294078, 0.036878967663228526]
[0.0037619039036198045, -0.00016671773650737964]
[0.004001920510296068, 5.10464640008923e-05]
[-0.05608592204968471, -0.029853622356228515]
[-0.054210274614386135, 0.03289404459387746]
[-0.05723860829598254, -0.09652559894360083]
[-0.05206450951527397, 0.09943315340629905]
[0.0012856350332340893, -0.1283984904680654]
[0.007913409460497345, 0.12795662140160247]
[0.05636894238567203, -0.0908058423839668]
[0.0611971556671812, 0.087855677237478]
[0.04899311785578586, -0.02463417509254831]
[0.0500657921023655, 0.022227533559153134]
[-0.013093384207715775, -0.0007973593900473808]
[-0.013252706245006296, 0.001956678105205001]
[-0.06301211685313168, -0.044756958849731965]
[-0.06002230124108898, 0.04837691640634809]
[-0.04666895257830306, -0.10898745430526613]
[-0.04019874127826195, 0.11132062483736205]
[0.017930344817049665, -0.12401603381561677]
[0.024619456328185962, 0.1227012267872728]
[0.06094799751931582, -0.07404260967842657]
[0.06452834274630709, 0.07037921170008038]
[0.03639223065637163, -0.01260534568769145]
[0.037076004101741195, 0.010894829937539333]
[-0.028733077645035965, -0.006031739445220313]
[-0.02812460305490999, 0.00771810626605593]
[-0.06435494954580229, -0.06072070336635968]
[-0.06114982979281264, 0.06397938810784193]
[-0.03257802192131898, -0.11731622538017347]
[-0.026260253858645638, 0.118781756732112]
[0.03244068182732607, -0.11505028501223441]
[0.038546250562341566, 0.11317896086393253]
[0.06070635173351291, -0.0562222801313817]
[0.06340433612661212, 0.05318862051461204]
[0.021576593853241732, -0.004370961149730068]
[0.021546203474832493, 0.0033619444960391043]
[-0.04257340052894698, -0.014785880100293802]
[-0.041504908090265746, 0.017527442566675377]
[-0.06251994858546095, -0.07634802504560745]
[-0.05770284451820684, 0.0798848041821023]
[-0.016907606307266204, -0.12248586774708281]
[-0.010166179464641378, 0.12293711037544292]
[0.044705209754144076, -0.10324197823696757]
[0.050085442997569396, 0.10041594398147005]
[0.05611680085733034, -0.03975721707012525]
[0.058159593706798435, 0.03674187584518404]
[0.005637646269608575, -0.00027083282918376195]
[0.005667472946593491, 0.00031152964557184387]
[-0.052473240129197074, -0.027078708102784732]
[-0.05088287800031812, 0.029702765579715518]
[-0.055613288287645446, -0.09050629153121106]
[-0.050713441413045096, 0.09321803483658103]
[-0.0006539763004914656, -0.1223136852145155]
[0.005967051852866001, 0.12233661913931715]
[0.05317735190496198, -0.08842400724741606]
[0.057602724694561236, 0.08547229918563737]
[0.04782362494545034, -0.025000039869037927]
[0.04882222068176589, 0.0225445746789113]
