[-287.19525559336694, -529.1769716642967]
[-53.34880073677282, -0.03967400615225003]
[-10.664089351241465, 19.597968587806196]
[0.8001704855230543, -0.9088806366994397]
[-0.7656878047324511, -0.1584732167104299]
[-3.1580809677845556, -6.315713500556988]
[-1.6417077051068993, -3.2159800818053554]
[0.2648212349968603, -0.07088069324271729]
[-0.09698821164738192, -0.122127044086767]
[0.6029460447493555, -0.8517754020523682]
[-1.8357229694258663, -0.3715956380124634]
[-0.05571612085554545, -0.10944508678495168]
[-0.045467622200497715, -0.21464397333923957]
[-0.6512229757061849, 0.06895227718758079]
[-0.2914849319937005, 0.140461404738065]
[0.013621529893976358, -0.08559342112874191]
[-0.0519403136002623, -0.1446473191245019]
[-0.46529091580116777, -0.5790419154810706]
[-0.13369760471514525, -0.3558390753119731]
[0.008498401559812407, 0.027840135568622415]
[-0.01866736649794376, -0.06590143221185585]
[0.08558452755860202, -0.2753605856394188]
[-0.36309468364879827, -0.12709090371147624]
[-0.05845940873935618, 0.01040212862752643]
[0.0070873606608952144, -0.05524810126581059]
[-0.1182815526052643, 0.023142020713549982]
[-0.11700833622702156, 0.07144967318651751]
[-0.02980789331719258, -0.030201113018957115]
[-0.003933690477000873, -0.06562989435279576]
[-0.18875719882089648, -0.17720509321207867]
[-0.016203512919164886, -0.086970308705693]
[-0.0034888024105494964, 0.004672637744953745]
[-0.013397866129936653, -0.042402400266466245]
[0.02425700161846489, -0.15842831253551504]
[-0.1270138068192703, -0.07235973777920268]
[-0.033985616855616296, 0.014360421735353235]
[0.004021667010197794, -0.02702007606402379]
[-0.01502158395284825, -0.0018976711413414282]
[-0.06983428558170546, 0.031027882741186286]
[-0.030383014368947636, -0.016596833364398877]
[0.0028786080074944542, -0.04054467639444914]
[-0.08923072955715805, -0.0708273823494957]
[-0.0016258154459284913, -0.02351991426120098]
[-0.0023616330605512603, -0.005069155254540769]
[-0.012649847993920993, -0.03252594031801692]
[0.007552112490459173, -0.09674902555995235]
[-0.05271620126416732, -0.045323675175162004]
[-0.01827039419973925, 0.0140064217018816]
[-0.0030301798798162416, -0.017004680658837534]
[0.012127652476813022, -0.0096026016946551]
[-0.04753058284288603, 0.010799471746868239]
[-0.026792847486198257, -0.00654936771824044]
[0.0020232937626651903, -0.025181828357720093]
[-0.042800686281023737, -0.027548343460865432]
[-0.0025244246978735063, -0.002158515212441217]
[-0.005664750092984949, -0.006469513247018277]
[-0.010221094870894731, -0.02421089253527209]
[-0.0019337366923339872, -0.057212593758455554]
[-0.02195133412745154, -0.027504236170814877]
[-0.012477838551895992, 0.010371457898786574]
[-0.006508517220225052, -0.011649273972659913]
[0.01432576131040264, -0.011983112631338777]
[-0.031942702597533845, 0.0008948967590329815]
[-0.02387977940149355, -0.001852361694961946]
[0.001166933869230391, -0.015386863000360407]
[-0.020718413086982856, -0.010419497914011755]
[-0.004139918529639353, 0.004230239939581715]
[-0.010265076420411745, -0.008062135463136388]
[-0.006735121906699337, -0.01841423478003712]
[-0.006201157359607912, -0.034294216354520735]
[-0.007927255089237972, -0.01645402215648417]
[-0.009473408578697828, 0.0035621922085530278]
[-0.007500311295300044, -0.009431361203021904]
[0.01075812252532593, -0.012617572355776097]
[-0.02076434009323136, -0.004492372861445215]
[-0.019005289866406816, -0.0015383575997751642]
[-0.00018463893586101454, -0.009914411082572627]
[-0.008840901396247824, -0.005208847480068002]
[-0.005597896934661617, 0.0043459402817558335]
[-0.01112531538306294, -0.009272347418213811]
[-0.0044635407178538755, -0.014249547383418215]
[-0.005065846401614393, -0.020456738216994064]
[-0.0024380914267580767, -0.009473617669173207]
[-0.006452701089697005, -0.0015599268394003163]
[-0.007694183873327265, -0.008186951810326026]
[0.007329421458262653, -0.010227153860172145]
[-0.013339075732354377, -0.006494507473678746]
[-0.013159818082124741, -0.0019344036362953787]
[-0.0018526349796270658, -0.006337457761245058]
[-0.0027659452156184733, -0.0031010038115071303]
[-0.006373916231333876, 0.002916483394050595]
[-0.009516437829906077, -0.008092440740880225]
[-0.0030973090855694885, -0.010418966062213708]
[-0.0028483461394409604, -0.011057135654908734]
[-0.0006055291433466614, -0.004730651346863568]
[-0.005033516884441314, -0.0035854855828318932]
[-0.006884402581688764, -0.006895586943966581]
[0.003935436921557622, -0.006205286657222864]
[-0.008013504758060286, -0.006299372382182589]
[-0.008985897740247495, -0.002407812045227331]
[-0.00276763409910874, -0.004025706045249322]
[-0.001435057671833384, -0.0017749439870722306]
[-0.005904738338134763, 0.0011761164269241675]
[-0.007786388430294444, -0.0063314251189035]
[-0.0019867860629179113, -0.0073448923838044244]
[-0.002053674809441741, -0.0059742718348680945]
[-4.68181489967634e-05, -0.0021705402163867404]
[-0.0048413790297190396, -0.004470600924351142]
[-0.005434574708632844, -0.0059922859397669725]
[0.0013007916806064834, -0.00324688185473887]
[-0.004351116125243415, -0.00553051786799319]
[-0.006430239163996543, -0.0035597769984531263]
[-0.0031875070404490113, -0.003049783007231799]
[-0.002208598033285547, -0.00132736292843888]
[-0.004950934791958239, -0.0005947546538092041]
[-0.005656872433879467, -0.005623545440374689]
[-0.0015203081151032166, -0.005275176984443242]
[-0.0017690059529738011, -0.004322100985868382]
[-0.000343183768117733, -0.0012980135457758557]
[-0.003947901742785476, -0.00467361553443113]
[-0.004275466570822339, -0.0052497788797183365]
[0.00036530418923641506, -0.0016274182584826158]
[-0.0024351948248891586, -0.004546309017117334]
[-0.004484794046416704, -0.004394778783805488]
[-0.0035136462967310517, -0.0025861377555835598]
[-0.002862740250253376, -0.0008589068124743027]
[-0.004046763676630316, -0.0016590874426012925]
[-0.003103430351817732, -0.0052112831623831735]
[-0.001620469459640006, -0.003665831857820767]
[-0.0016515699151273266, -0.003660485838440808]
[-0.0009188220333140595, -0.0010454924383782593]
[-0.002409114731426444, -0.003682273555554172]
[-0.0033898363976514467, -0.004169131733685716]
[0.00020019614520472295, -0.0006683813619106083]
[-0.0015208710171399353, -0.0033691571845554935]
[-0.0033135470881724416, -0.0040637234698435165]
[-0.003367403697872362, -0.0021003061191506717]
[-0.0032525912300200854, 1.8280192083608426e-05]
[-0.0030093984963657228, -0.001947159599324011]
[-0.0013931587462749917, -0.0045971764679340055]
[-0.001670965592600826, -0.0024623355916241207]
[-0.002305461757855065, -0.0030714232667605756]
[-0.0010995224678520543, -0.0010965249898176044]
[-0.001203081084308888, -0.0023921842878489308]
[-0.0025124374738862976, -0.0030995809479392733]
[-0.00017873405462065506, -0.0006197688611009333]
[-0.0010085841194964473, -0.0025719596298334757]
[-0.0028889978415072015, -0.003151951542221587]
[-0.0027610833378082233, -0.0018082369469614168]
[-0.0034419234904552454, 0.0004898133701781715]
[-0.002067132810066985, -0.0019976899883284993]
[-0.0008290743686942825, -0.004245356855055837]
[-0.0016136537298412357, -0.0018867123920145445]
[-0.0031821168063785876, -0.0028648904436875677]
[-0.0010224612725701077, -0.0014381000690326662]
[-0.00020209220741151945, -0.0017755026285961595]
[-0.0019622938775744614, -0.002394928998020518]
[-0.0004983835446212836, -0.0013810705943813062]
[-0.00095123208932512, -0.002306531660875466]
[-0.0024206022554477125, -0.0021608444141653083]
[-0.002212315279545546, -0.0016065946039769408]
[-0.0030175056492564023, 0.00029678345664191363]
[-0.0016298258413582345, -0.0018916473252488242]
[-0.0006900137389378724, -0.003945792948067406]
[-0.0015873834989787589, -0.0016210963002187828]
[-0.0033842564771290953, -0.002691646962958691]
[-0.0009762662838883607, -0.0016450707536171671]
[0.000744641548468622, -0.0014959891309663242]
[-0.0018242635568633259, -0.0018328382684938416]
[-0.00060671321715422, -0.002026420708148624]
[-0.001131114822203183, -0.002147171656881719]
[-0.0017186285878389579, -0.0010289726098600127]
[-0.0017858056238286846, -0.0011806062791562266]
[-0.0022187803881454637, -5.869558566207189e-05]
[-0.0015082412999616324, -0.0015600435953410652]
[-0.0007994473381054412, -0.003160629242311419]
[-0.0013558113402598604, -0.001344611376218413]
[-0.0031061606717083245, -0.002193083434419263]
[-0.0008431247016260635, -0.0015110665686572638]
[0.0010629817657051843, -0.0012008001247987288]
[-0.001691798573406178, -0.0013831044708698115]
[-0.0008567979445492924, -0.002221094427684589]
[-0.0011080372362375357, -0.0020057229919250297]
[-0.0012007664913074034, -8.831155232691401e-05]
[-0.0013463453488542498, -0.000731901151833636]
[-0.0016390037693321258, -0.000460996604378483]
[-0.0014260197474136316, -0.0013151577178798224]
[-0.0012153187404937427, -0.0021808592120735604]
[-0.0008723533235908132, -0.0011582373944261093]
[-0.002729143218107355, -0.0018068454152387892]
[-0.0006626829744460494, -0.001293516227793834]
[0.0006793940900629014, -0.001136238566272707]
[-0.0014511178830861615, -0.0012766877565364432]
[-0.0010942388172170414, -0.0022827200485229238]
[-0.000948205709069283, -0.0019959980692911827]
[-0.0008829576984894505, 0.00023381610123990315]
[-0.0011073175157075288, -0.0005212831307670474]
[-0.0012585150721104998, -0.0009664432018620661]
[-0.0014597886107869662, -0.0012976835087883387]
[-0.0014950059290291806, -0.0014705047736654486]
[-0.0004606860536566504, -0.0010405525118269976]
[-0.0021132563861646636, -0.0017512117516455539]
[-0.0006819699357928088, -0.001078751951087198]
[0.0001804874380140764, -0.00118842405290992]
[-0.0012499405367175642, -0.0013732669998849922]
[-0.0009417794602483848, -0.0021811749438027106]
[-0.000874223548725777, -0.0018917312725953844]
[-0.0006345964548022803, 0.00015741620507578324]
[-0.001142872912294507, -0.000416730847628749]
[-0.0008778617604214278, -0.0012430609834404582]
[-0.0015478963217792074, -0.0012725192711967037]
[-0.0014011870705029073, -0.0009648536136298569]
[-0.00022457194128566726, -0.0007961461300262096]
[-0.0013813364387911115, -0.001659755076166003]
[-0.0008260566152005211, -0.0007832602847484549]
[-0.00022924010806457673, -0.0009879379413473277]
[-0.000989522858573899, -0.001392519344482701]
[-0.000602447619080182, -0.0017988627356690934]
[-0.0007747283064352128, -0.0015471259505245305]
[-0.000655677610718719, 2.3257085667083288e-05]
[-0.0011689921116737612, -0.00037534830612503955]
[-0.0006302839242572356, -0.0011257946243847794]
[-0.0014544540439178633, -0.0011823952338410049]
[-0.0012490331823533651, -0.0006524030331793718]
[-6.475843204678533e-05, -0.0005201764148999866]
[-0.0009547123619164655, -0.0014440840422738077]
[-0.0008861760005027808, -0.0005525450171647295]
[-0.0006156901933063175, -0.0007024130530510764]
[-0.0006002423915509869, -0.0013685601464634711]
[-0.0003768437967042182, -0.0014388077480622652]
[-0.0006058676217388648, -0.0011899683656138027]
[-0.0009540692597662659, -0.0001817573812029627]
[-0.001095485518221695, -0.0005409575542199008]
[-0.0005221515046056613, -0.0008857585862799]
[-0.0012371335122121074, -0.001133562886281192]
[-0.001189140993619553, -0.0007246853776556872]
[-5.911633872790478e-05, -0.00040396580124135717]
[-0.0007996633879630011, -0.0012882921373900125]
[-0.0009051353724886801, -0.0005039182355615068]
[-0.0007460935190637397, -0.0006350447110411439]
[-0.0003017512360534193, -0.0013453353444285998]
[-0.0001837053946304179, -0.001272309182969833]
[-0.000546188354259472, -0.0009362046630225773]
[-0.0011755085195100934, -0.00038301095194559487]
[-0.0010476560199039753, -0.0007916985690502032]
[-0.0003488934445486924, -0.0006632824209898691]
[-0.0010700141238519645, -0.0010296849546847509]
[-0.001103679560947722, -0.0010228425576575507]
[-0.00024302348425738265, -0.0003819997230302373]
[-0.0006566244066609217, -0.001077622280752144]
[-0.0009203646640860708, -0.0004866314086311996]
[-0.0005241807611689464, -0.0006784474449625932]
[-0.00020190573458500616, -0.0012008660988862552]
[-3.1465830624161084e-05, -0.0010889120141113207]
[-0.0005701403471995992, -0.0006909526165637114]
[-0.0011815222386553983, -0.0003721114378052448]
[-0.0009648473411164593, -0.0008939685157361987]
[-0.0001646014784758565, -0.00040644622953989185]
[-0.0008987058019245264, -0.0008031732723703666]
[-0.00106596573546347, -0.0012085906340437713]
[-0.0004180092917798195, -0.0003812757501019254]
[-0.0005814977221195727, -0.0007028786328064918]
[-0.0008178808446102082, -0.00042003634096093867]
[-0.0002642892933167884, -0.0007451301532315213]
[-0.0001854736615662933, -0.0009820573818194456]
[-0.00010613978933893264, -0.000846522443317177]
[-0.0005085598432925664, -0.0005129551754745609]
[-0.0010729270672120705, -0.00024303424354765735]
[-0.0007795471751737004, -0.0008852546766427993]
[-0.00014459189073434686, -0.00023411998429201386]
[-0.0006909479892867054, -0.0006222180135371236]
[-0.0011526313777512343, -0.0012486159422306908]
[-0.00048193053480849457, -0.00046121403960941443]
[-0.0006290311585681607, -0.00039311161360278124]
[-0.000630228692416468, -0.0003922599540591154]
[-0.00013190108459526506, -0.0009509777204265712]
[-0.0002390215617600333, -0.0008613996883108932]
[-0.00031257563508702013, -0.0006959525512131998]
[-0.00040485505433568436, -0.0004935797103688966]
[-0.0008161947247556922, -0.0002070413328137677]
[-0.000652842712921653, -0.0008478206390580834]
[-0.00021848719215755708, -0.0002449534094826622]
[-0.0005699778957839151, -0.0005618745439135431]
[-0.0011749615543056313, -0.0011992333885644246]
[-0.0005100016189368839, -0.0005526130515520755]
[-0.0006285921908830705, -0.0002805144156932393]
[-0.00050775589147245, -0.00038432486170725255]
[-2.516909683650259e-05, -0.0011852582836985454]
[-0.00038842830423746477, -0.0008154780312945031]
[-0.0004294131873301757, -0.0005818139827116348]
[-0.00034690796759503234, -0.0005089137338463723]
[-0.00041752950564302727, -0.00022330850960144977]
[-0.0006668411776127037, -0.00071602583982594]
[-0.00028941686868433347, -0.0002929925686912527]
[-0.0005218104878774721, -0.0005213172744760741]
[-0.001025221978598001, -0.0009889429686277262]
[-0.000491426933731498, -0.0005122640183439775]
[-0.0005652643205375021, -0.00023888212477052306]
[-0.0004423383783104251, -0.00033139049130848086]
[1.612894302649437e-05, -0.0012091528565979504]
[-0.0004919245093715219, -0.0007536001941978177]
[-0.0004924698679181216, -0.00042591139223646657]
[-0.00026705678577498837, -0.00046620811340384065]
[-0.0001014583060491292, -0.00022276836767054498]
[-0.0007030558609797399, -0.0005339059129981227]
[-0.0004097423637100528, -0.00029023233793346037]
[-0.0004247636618603945, -0.0005056977750127478]
[-0.0008286580045683278, -0.000685810669774356]
[-0.0003938686096731647, -0.0003808771413811307]
[-0.0005839497045718733, -0.0002495631266171694]
[-0.0003741372738172988, -0.0003114035972138218]
[-8.119666337202958e-05, -0.001065751689600769]
[-0.0004504209331571696, -0.0007153780287213474]
[-0.0005653567216015176, -0.000365493157649055]
[-0.00016858828195998043, -0.00044591471761790125]
[1.784272180316293e-05, -0.0002704871339499204]
[-0.0007260071969967807, -0.0004531371981592036]
[-0.0005341380825227837, -0.00032031296515474053]
[-0.0003188778874707032, -0.0005656783884154803]
[-0.0006394980223056734, -0.00048400898109159096]
[-0.00032675996896158743, -0.00025318958632247757]
[-0.0006376719230821726, -0.00036714099838433545]
[-0.00035242435228088204, -0.00037438406943846037]
[-0.00016542942281094764, -0.0008937402941395778]
[-0.00034889711488721165, -0.000695544224549649]
[-0.0005509056047253713, -0.0004485011982704179]
[-0.00016484334318357663, -0.00045572000174365357]
[3.6825622913572165e-05, -0.00031995079976568364]
[-0.0007713065344247955, -0.000457560069474533]
[-0.0005313437305762836, -0.0003771743669068184]
[-0.0002847552270917736, -0.0006047399215002025]
[-0.0004407643282824808, -0.00039300995675289885]
[-0.00035243130698724145, -0.00011375937430189997]
[-0.0006088919503627888, -0.00047100443518510726]
[-0.00037706920380359277, -0.00043390329995868226]
[-0.00013465490953967763, -0.0006756120488028983]
[-0.0002407684377727093, -0.0005978151143623822]
[-0.00046234611203539375, -0.0005258404961473451]
[-0.0002328374081752571, -0.0004222053628232525]
[-1.3853585797113377e-05, -0.00024705766605070956]
[-0.0007526378103355214, -0.00045393819641068034]
[-0.00043720519899709265, -0.00039347406422685083]
[-0.0002682802588249711, -0.0005554045324677043]
[-0.00033899077535676225, -0.00032226476195651443]
[-0.00038473796292604057, 8.1974451446587e-06]
[-0.0005465963129729356, -0.0004631377377263268]
[-0.00036363344747658566, -0.0004560984181551653]
[-0.0001008253555956351, -0.0004556774801305341]
[-0.00010705247189002343, -0.0004438242798600056]
[-0.00042883008275018675, -0.0005541940475534135]
[-0.0002725206146610981, -0.0003891083825035002]
[-0.000142796519882471, -0.00010824835727629711]
[-0.0006126859393912332, -0.0004683468554370629]
[-0.000353494504855556, -0.00042262645692803247]
[-0.00024796075859156996, -0.0004973387249250782]
[-0.0004019360705818098, -0.0002917879932983758]
[-0.000389303848126743, 1.768200825802424e-05]
[-0.0004823390311489151, -0.0004333902032025855]
[-0.0003252702323359169, -0.00047796250944709406]
[-0.00011109873369785639, -0.00038063655595559423]
[-1.0996968363208293e-05, -0.0003327252026714689]
[-0.00041994470296458086, -0.0005846816679763167]
[-0.00030176158625627725, -0.00041150408025658614]
[-0.00023199911661875294, -1.9500636717323383e-05]
[-0.0004542120085172692, -0.0005065569729254538]
[-0.0002672952448362631, -0.0004970852040482032]
[-0.0002877800969334904, -0.0004588250989151499]
[-0.0005188888247187884, -0.00029980710992122406]
[-0.00040226377427299287, -5.759030825142064e-05]
[-0.00034484903085740815, -0.0004272283432660423]
[-0.00032725145314452253, -0.00046210546940947395]
[-0.00010977368749016947, -0.0004310153200199618]
[-1.2021745758051747e-05, -0.00026555604331239373]
[-0.00034451330369517086, -0.0005522011676878935]
[-0.00034416041031842814, -0.00041665369376255035]
[-0.00020973355756809253, 3.258186868243529e-05]
[-0.00034326214092517127, -0.0004861072022056545]
[-0.0001829805897046663, -0.0005239017740946705]
[-0.0003530947786969385, -0.0003904553917727094]
[-0.000603054656080803, -0.00025865506118805115]
[-0.0003839726635938012, -0.00012250967590213269]
[-0.00017409744291330131, -0.00038657047769696806]
[-0.00033947563829017646, -0.000376439072561241]
[-0.0001444864197905349, -0.000482187771814635]
[-4.5403780962627316e-05, -0.00022498878229706976]
[-0.00025573946975560036, -0.0004151121923182677]
[-0.0003376265138361756, -0.00036225727231940785]
[-0.00016387997796074583, 4.7055319652544725e-05]
[-0.0002487359116645216, -0.00042015478602489]
[-0.00017180480330702963, -0.00046976746806381975]
[-0.000355826859406827, -0.0003263621169997122]
[-0.0006630531819666885, -0.00017870047588319782]
[-0.0003028633309321016, -0.00017554365860095178]
[-8.765372411290162e-05, -0.0003399940804613699]
[-0.00032818213501983884, -0.0002933837277672158]
[-0.0002615454217063107, -0.0005302391967907938]
[-5.7895233669946755e-05, -0.00025243787284168206]
[-0.00019995558080088127, -0.000283785203491177]
[-0.00028639994748314024, -0.00030518063448636834]
[-0.00013928753889347334, -4.128368268668803e-05]
[-0.00020019223429906807, -0.00039785017216842355]
[-0.00020841742555610665, -0.0003941106284170645]
[-0.0003190298650192769, -0.00031113209695066146]
[-0.0006587095632415441, -0.00014699541685819772]
[-0.000235308739113399, -0.00022416371767886023]
[-7.664080056424272e-05, -0.0003412229904262154]
[-0.00032916767177074667, -0.00025760902780713746]
[-0.00036009622441945943, -0.0005864494113507479]
[-7.64229061326338e-05, -0.0003242238112556861]
[-0.00012654929158401051, -0.0002177514194551533]
[-0.00026576625065358184, -0.00025313782036201493]
[-9.60384715248952e-05, -0.00018600552404679505]
[-0.00023885475868760941, -0.0004088653181533314]
[-0.00021198281075482904, -0.00029770520298669223]
[-0.0002841734679466801, -0.00028550139841066954]
[-0.0005532060747537315, -0.00015617137803103365]
[-0.0002276329268256494, -0.0002179079698937797]
[-8.840134076291972e-05, -0.00032869844840638374]
[-0.0003307658001198144, -0.00023237166070447235]
[-0.0003714353606880036, -0.0005767985831623967]
[-8.945704269430754e-05, -0.000354058968055182]
[-6.13288240289625e-05, -0.00016538331026416664]
[-0.00026813119405888486, -0.00017994311854160894]
[-6.426413897353545e-05, -0.0002763034638225692]
[-0.0002941929800782672, -0.00040947157868638506]
[-0.00020067126792666645, -0.0001734213910340454]
[-0.00021951337400893944, -0.00021855815143400096]
[-0.00042313121211740023, -0.0001674437241188098]
[-0.00024093440948202982, -0.00017081832771617678]
[-0.00014546212944277492, -0.00026036974428911286]
[-0.0002772798235988194, -0.00021875229204459945]
[-0.000347466388931128, -0.0005050370821159111]
[-6.407568585264922e-05, -0.00033379504353225897]
[-8.515898315886172e-05, -0.0001362453615442183]
[-0.0002498644622356272, -0.00013666240868204227]
[-8.20375802267348e-05, -0.0003108459786887452]
[-0.0003027779829704036, -0.0004280254837611963]
[-0.000211517155307539, -9.905216178801579e-05]
[-0.00014119229801534683, -0.00016897679139848965]
[-0.00033508272166282715, -0.00020326317014171535]
[-0.0002731097323486198, -0.0001528504213001991]
[-0.00022784174857515271, -0.00019952731132901955]
[-0.00019128985393346287, -0.0002400592454069317]
[-0.00029883168076072497, -0.0004604881916182857]
[-4.353971197576523e-05, -0.0002981132199254555]
[-0.00016090765487319914, -0.00016420727791102707]
[-0.0002353505302777753, -0.00016256063932595932]
[-8.583655078187036e-05, -0.00032021917473298855]
[-0.0002961219951725137, -0.0004592866842929588]
[-0.00021327470068160936, -0.00011251566723086137]
[-0.0001196607562383295, -0.00014828060286919964]
[-0.0002662461979585362, -0.00024611953905726014]
[-0.00033999875010967684, -0.0001574729987817991]
[-0.0002538549266404566, -0.00017282619459554893]
[-0.00012564794546385434, -0.00025428955907595696]
[-0.000201548895853651, -0.00044186205811393153]
[-6.744949952761092e-05, -0.0002333720958498653]
[-0.00021420069869480113, -0.00018552904943294757]
[-0.00023259779046269635, -0.00020707624999985463]
[-3.878041836778007e-05, -0.0002744509351623181]
[-0.0002822564616457579, -0.0004380733368867795]
[-0.0002107554891229678, -0.00015482978642289424]
[-0.00014211625635746072, -0.00012390320389155107]
[-0.00021685736820686863, -0.0002283261765989586]
[-0.00038545000935807927, -0.00014860229234398004]
[-0.00022650990092590306, -0.00015438373797260763]
[-7.461137329978218e-05, -0.00023106500930210327]
[-0.00012078225489481342, -0.00039998320861867054]
[-9.844912292444885e-05, -0.00014754452699339282]
[-0.0002561679016994667, -0.00015735389313853432]
[-0.0001973677209875513, -0.00023913971248201715]
[3.832212146392955e-06, -0.00019351898957309377]
[-0.0002311008557167593, -0.00037017903001079766]
[-0.00025119354000735505, -0.00019744045359926243]
[-0.00015421423932004963, -0.00012538317214183525]
[-0.00021406587158134815, -0.00015914366467406627]
[-0.0003683137066292641, -0.00014933038485820394]
[-0.00020318023529386497, -0.0001735128946468989]
[-4.186399698702381e-05, -0.00021033870083853046]
[-0.00011607819686776377, -0.00036073875775075037]
[-0.00011416777395661937, -9.741016659026158e-05]
[-0.0002799521126741755, -0.00013796234660112816]
[-0.0001422195255276204, -0.000276309899362559]
[2.5674020027621758e-05, -0.00015309806996685257]
[-0.0001762406480094736, -0.000311400415766383]
[-0.0003065190198658918, -0.0002480208013275753]
[-0.00016768130114483415, -0.0001755107022304303]
[-0.00022032721832210278, -9.415904247814244e-05]
[-0.0003296119806603919, -0.00016346794894833705]
[-0.0001789496926916101, -0.0002519355064835027]
[-6.334808682657844e-05, -0.00020822181571916731]
[-0.00014363899918043432, -0.00033887684914507554]
[-0.00013263841371612128, -8.82250808096341e-05]
[-0.00023000364550740393, -0.0001494902260857217]
[-0.00012203905987776681, -0.0002943929953296426]
[5.1718293163204726e-05, -0.00014981033801854046]
[-0.0001594764988505212, -0.00025944722978720434]
[-0.0003182874550599693, -0.0002647023508851182]
[-0.0001907197510267189, -0.00021800950724423784]
[-0.00019741936120269005, -3.493006929089493e-05]
[-0.0002919319867713821, -0.00014767561121570294]
[-0.00014711941559187452, -0.0003264648473516041]
[-0.00011737871918765519, -0.00019990775917316794]
[-0.00017085472428693578, -0.00028785305768225244]
[-0.0001349204342900312, -8.127135026125831e-05]
[-0.00013197689493620046, -0.0001544147680451191]
[-0.00013162574569069996, -0.00026414071296841646]
[4.795635144519417e-05, -0.00013908407872231798]
[-0.0001475109266338981, -0.00020784931299000498]
[-0.0002965509372975239, -0.00022243908033525717]
[-0.00018409382744910552, -0.00021992898476926037]
[-0.00017875263881372838, 1.604578680147739e-05]
[-0.00023733990586238818, -0.00011227660547494245]
[-0.0001471845077708478, -0.0003520063785505956]
[-0.00014856073090208088, -0.0001980300384692435]
[-0.000218300809802896, -0.00021618645317023066]
[-9.819296274715672e-05, -7.973776053132875e-05]
[-6.196143513681474e-05, -0.00016766510371141186]
[-0.00014700757284402677, -0.00022472417345931195]
[-1.0875600663040608e-05, -0.00013954874549182428]
[-0.00011652994259431226, -0.00019687669725754198]
[-0.0002566222320332656, -0.00017241788134730873]
[-0.00015680820612623547, -0.00020781904941769014]
[-0.00018345076251580217, 1.8247313080713146e-05]
[-0.00019123396149589578, -0.00010477834568867195]
[-0.00017093806362000752, -0.0003484597433131287]
[-0.0001565207003703939, -0.00021743761708026277]
[-0.00026066714639161326, -0.0001815740182330161]
[-5.8377010535681784e-05, -9.304404521492948e-05]
[-2.2362749476312338e-05, -0.00021069977447438215]
[-0.00018281073204073385, -0.00021013778450823528]
[-6.977812503494718e-05, -0.00016335168568745728]
[-9.619369717384779e-05, -0.0002247073435439062]
[-0.00018080062258046814, -0.00014434757292697276]
[-0.00015812070606911754, -0.00017781122113619263]
[-0.00018351614863262866, -2.1111389889819088e-05]
[-0.0001849990857613476, -0.00011700281714747962]
[-0.0001659937336796133, -0.0003139690650006931]
[-0.00015440109364518728, -0.000218928304460516]
[-0.00025816108900907075, -0.00017840685976332205]
[-4.473382734496156e-05, -9.334229117541337e-05]
[4.150106799855058e-06, -0.00023157602900106267]
[-0.00022631622143204355, -0.00020013829212406353]
[-9.539564566457548e-05, -0.00017019764831538442]
[-8.477325307437722e-05, -0.00024029066396011323]
[-9.92330317995671e-05, -0.0001165596486896181]
[-0.00017908691570184265, -0.00011573612120102661]
[-0.0001819117347233723, -5.308936686754251e-05]
[-0.0001878492182572078, -0.0001282926695723302]
[-0.00013668887023576826, -0.00023824550987749937]
[-0.00012364795480646062, -0.00018098411264371936]
[-0.0002418798547867418, -0.00017800073652507464]
[-4.045823320342201e-05, -7.967121829438595e-05]
[-9.1989841958795e-06, -0.0001990152182836935]
[-0.00022954628065441351, -0.00019158770052601914]
[-0.0001133946731972646, -0.00016273900024543764]
[-5.713164802634285e-05, -0.00023912604261921988]
[-6.987340370556705e-05, -9.7536633674844e-05]
[-0.00018977993329227782, -6.534136675140356e-05]
[-0.0001946840119286808, -7.476239747716829e-05]
[-0.00017638324252688964, -0.0001576790240864212]
[-0.00011467327216230228, -0.0001686646296965022]
[-7.652163522242628e-05, -0.00013483221135768275]
[-0.00024144698795158792, -0.00019811282859508172]
[-4.654340422560743e-05, -8.479692900720259e-05]
[-5.0359086086970706e-05, -0.00015290225760203335]
[-0.00019258936053204168, -0.00020097886463199544]
[-0.00011721411454801434, -0.00018263012407986057]
[-3.8114813497885924e-05, -0.00024245880372553152]
[-8.571164216236715e-05, -0.00010325814005313072]
[-0.00020408639985596, -5.9885960983052655e-05]
[-0.00019130346007106835, -9.997610604225993e-05]
[-0.00017488997863704392, -0.0001974120151446157]
[-9.270859265286813e-05, -0.00014521303962333754]
[-5.6097264953230974e-05, -9.282247399519661e-05]
[-0.00022878575101858978, -0.00023314720621236962]
[-7.843045315847341e-05, -0.0001027043358310109]
[-6.364924676909717e-05, -0.00011002715692363246]
[-0.0001479968351578275, -0.0002048439822012263]
[-8.545573029674833e-05, -0.00021443994758557627]
[-5.3202485191909676e-05, -0.00023198610613463927]
[-0.0001144876045316573, -9.822266036452199e-05]
[-0.00021926788415699283, -7.087260550255048e-05]
[-0.00015247246767724487, -0.00010778450916376636]
[-0.00018248787249633414, -0.00020612002120870554]
[-7.629044722928455e-05, -0.0001458732095064308]
[-5.973050505531097e-05, -4.858671859153674e-05]
[-0.00019864398537023514, -0.00023551626060797082]
[-0.0001111497646452686, -0.00010741327566125836]
[-5.0898420851291926e-05, -6.0891928987505395e-05]
[-9.788241899755246e-05, -0.0001808682652271812]
[-5.30757445502128e-05, -0.00022368279035911431]
[-7.428148337296214e-05, -0.00020060002920077244]
[-0.00015882993613230978, -6.207768115129575e-05]
[-0.00019857918922705498, -8.354703405361041e-05]
[-0.0001094277333409388, -9.703248771913975e-05]
[-0.00017510053640634737, -0.00018841975947128664]
[-0.00010014468207547589, -0.0001547606898615328]
[-6.0793902753486506e-05, -2.914421956812241e-05]
[-0.0001790587508873065, -0.00020509062716178583]
[-0.00011985642126122187, -0.00010763502716992779]
[-4.6743117354863806e-05, -4.0547708963889484e-05]
[-4.907196993919616e-05, -0.0001556213173474208]
[-4.868034304061908e-05, -0.0002249419120282925]
[-8.391823345010874e-05, -0.00018047043964453113]
[-0.00020255077681385902, -2.9865084291841315e-05]
[-0.00015103647996195235, -0.00011150157854245002]
[-7.667391404464485e-05, -9.841555396183574e-05]
[-0.0001690420665384773, -0.00017395414400372955]
[-0.000154466570177203, -0.00017949404365262545]
[-6.554484672957606e-05, -5.1445816752482276e-05]
[-0.00015865996578640074, -0.0001772123388942698]
[-0.00012297662558857433, -0.0001082970581456344]
[-4.145579795511445e-05, -7.51755190486203e-05]
[-3.459683370794081e-05, -0.00014767754040539982]
[-4.4972969633017e-05, -0.00022257934772386412]
[-9.725802759787128e-05, -0.00017357273074991575]
[-0.0002035658681148883, -1.7119612132507345e-05]
[-0.00011832511849367566, -0.00013351701822954254]
[-4.335835423224105e-05, -0.00010617476009094733]
[-0.0001812268880104842, -0.00015437822517589024]
[-0.00019686677209254655, -0.00019690287431467501]
[-7.436134221680546e-05, -8.307209869941323e-05]
[-0.0001192058118085898, -0.00014818317319426066]
[-0.00013017511167554008, -8.850700135497325e-05]
[-2.9429954767706823e-05, -0.00012534617439974305]
[-5.282206028714431e-05, -0.00014416062957570142]
[-3.3758869615591394e-05, -0.0001886402579963642]
[-0.00010294121734921724, -0.00015284327875303427]
[-0.00016907831672852147, -9.870851705617856e-06]
[-0.00010225931875518235, -0.00012519524698827167]
[-2.7184167810889726e-05, -9.402378980832848e-05]
[-0.00018309432319640884, -0.00012547534720654466]
[-0.00022013434790091324, -0.00018391543006968103]
[-6.296934374816487e-05, -0.00010213021796994654]
[-9.073666034425942e-05, -0.00011094600359645712]
[-0.0001255150411932915, -5.542462569824158e-05]
[-4.075139350684376e-05, -0.00016054472962812039]
[-6.941816655148259e-05, -0.00015115897318232485]
[-3.9229732776202564e-05, -0.0001373869832652086]
[-8.187493172306937e-05, -0.00012600721928152092]
[-0.0001361657876476352, -2.2117786811159945e-05]
[-9.530689044556784e-05, -0.0001120972595649028]
[-4.3283912997016394e-05, -7.363765043080783e-05]
[-0.00016090479693914306, -0.00011518623331524536]
[-0.00022642854834187265, -0.0001649125232010551]
[-3.971849179057463e-05, -0.00011638418278209217]
[-9.307710545136683e-05, -9.21330872721976e-05]
[-0.00011596948147649111, -3.904502816470812e-05]
[-6.8945053616154e-05, -0.00019079623258242556]
[-7.859358927317373e-05, -0.0001797079256229961]
[-5.039057984213002e-05, -0.00010973048411618003]
[-5.732729981339224e-05, -0.00011009858000737838]
[-0.00010539927616848299, -6.30284374937562e-05]
[-0.0001165573279443416, -0.00011504392738503899]
[-6.357596196610027e-05, -5.994049492266673e-05]
[-0.00013769340743968045, -0.00012262886358463398]
[-0.0001977648336593807, -0.00015969584179383045]
[-3.642400929364242e-05, -0.00011412086227247098]
[-0.0001040899895777131, -9.311473160515671e-05]
[-0.00011624882528451022, -3.8104985425571614e-05]
[-7.38840786914715e-05, -0.00020376943217841753]
[-8.685437746661778e-05, -0.00020326308198965332]
[-4.8062084725811194e-05, -0.000100701190916902]
[-5.005219252660065e-05, -9.131793286916434e-05]
[-7.4198160663827e-05, -9.578021999906428e-05]
[-0.0001582163348816945, -0.00011729024378044628]
[-6.984530700403918e-05, -4.0878492042095704e-05]
[-0.00011445792276942868, -0.00011907572963329449]
[-0.000145237342702019, -0.00015402798802000017]
[-4.9482399817168954e-05, -8.290300587142363e-05]
[-0.00011831931708261578, -8.436671782108274e-05]
[-0.00010994364675886992, -4.1102612821156126e-05]
[-5.7086601018274674e-05, -0.00018037804106113553]
[-7.905592318424581e-05, -0.000198480037761844]
[-5.6383705250462324e-05, -9.44440289440962e-05]
[-4.434195582458944e-05, -6.978746869397423e-05]
[-6.527202014428024e-05, -9.752605769636213e-05]
[-0.00018149072763995466, -0.00011853091303451468]
[-7.69003005929858e-05, -2.468317172493739e-05]
[-8.009296889099904e-05, -0.0001098112219031222]
[-0.00010863208470401897, -0.00014826150913310743]
[-6.382988169617576e-05, -4.9741093037569684e-05]
[-0.00014449498534874206, -6.941824544248743e-05]
[-8.739818969077939e-05, -5.805956661508738e-05]
[-3.926753367866631e-05, -0.00014881486143672462]
[-5.6139129396337584e-05, -0.0001783428263268383]
[-8.771618764535916e-05, -0.00010640399788905408]
[-3.7221122789588e-05, -7.110065703508361e-05]
[-7.286247309973293e-05, -8.541448551729024e-05]
[-0.0001812869424667185, -0.00013257620428819283]
[-8.27405336190079e-05, -3.744929743488418e-05]
[-5.722276038336305e-05, -0.00011211859844101335]
[-9.560758210214182e-05, -0.0001531720597828662]
[-8.813267202688324e-05, -3.604614087548974e-05]
[-0.0001587970681830586, -6.822399759096043e-05]
[-6.944807009005502e-05, -8.397673091231628e-05]
[-1.2230193164430858e-05, -0.00013652155907646624]
[-4.430707653709648e-05, -0.000150759201127032]
[-0.00011239130996407165, -0.00013103484690783762]
[-4.351413725853237e-05, -9.122031623909344e-05]
[-6.565983738370668e-05, -6.178115160093353e-05]
[-0.00017418197763790187, -0.00014020426989434093]
[-7.542345737130557e-05, -6.947427870929862e-05]
[-6.226633274018095e-05, -0.0001129428719454928]
[-9.331938439997856e-05, -0.000149328677018723]
[-0.00011552004597346899, -2.7890527863699832e-05]
[-0.0001417526013379189, -7.069081238572639e-05]
[-6.305581991430942e-05, -9.385394127373048e-05]
[1.8437523251391488e-05, -0.000128678445019903]
[-4.553529734829809e-05, -0.0001118762989465033]
[-0.00012049907559548434, -0.0001354739690312412]
[-5.1303764108889816e-05, -0.0001052318870790464]
[-4.809719972867499e-05, -2.0669827560049203e-05]
[-0.0001528477259524763, -0.00012303563675940266]
[-7.168500466239736e-05, -9.640419890583063e-05]
[-7.311615084582002e-05, -0.00010819982655763463]
[-0.0001077878528925047, -0.0001207464447694484]
[-0.00011799134684764567, -2.196964175577021e-05]
[-0.00011500115171469982, -7.151823341511321e-05]
[-5.8386456026293665e-05, -8.982302958884802e-05]
[2.0178282001293013e-05, -0.0001200693107846762]
[-4.320519611028528e-05, -8.084990611062493e-05]
[-0.00012523864710689558, -0.00012298351526029982]
[-4.510501987065041e-05, -0.00011387135998763842]
[-3.987189235016286e-05, 1.0310541691010977e-05]
[-0.00011822900408331449, -0.00010181877808906892]
[-8.229740143173014e-05, -0.00011960224628587701]
[-7.871948090582004e-05, -0.00011737342087736469]
[-0.00013475283745467692, -8.723862315701547e-05]
[-9.831365745574527e-05, -2.9162241233449127e-05]
[-9.360493607274423e-05, -8.863842194933337e-05]
[-6.52448850030074e-05, -8.980112414935792e-05]
[-6.2128580892717444e-06, -0.00012530138331770524]
[-4.078908426875805e-05, -7.606214648558929e-05]
[-0.0001136633890634342, -0.00011732634095662497]
[-4.161508637334256e-05, -0.00012029656044892922]
[-3.211197463545701e-05, 1.019110788329225e-05]
[-9.8070626321934e-05, -9.131885198276901e-05]
[-8.594337023923315e-05, -0.00013514086917797152]
[-8.948842261928547e-05, -0.00013335624263544066]
[-0.00014793181352203144, -6.282608019730906e-05]
[-7.928020020553372e-05, -3.541323562429588e-05]
[-6.954004120068857e-05, -0.0001149212748466355]
[-9.0502765288142e-05, -8.866780297544889e-05]
[-3.3103694091339564e-05, -0.00013142206368745718]
[-4.084069214355113e-05, -8.315294075754431e-05]
[-7.633655206067125e-05, -0.00011126468085370655]
[-5.2238678991997634e-05, -0.0001082003436784218]
[-2.2963844835612035e-05, -1.5638842108811613e-06]
[-9.653795290134881e-05, -8.206284297405941e-05]
[-7.477080842899567e-05, -0.0001237848514676898]
[-9.42802815257493e-05, -0.00013127014750534405]
[-0.00014469312747289464, -4.236291668568981e-05]
[-6.079440169465267e-05, -2.6553067329418423e-05]
[-5.2622782379538324e-05, -0.00012278465723680743]
[-0.0001114437111813249, -8.203229117084015e-05]
[-5.87302703155268e-05, -0.00012080658056029536]
[-2.7868829414801066e-05, -8.897166246472216e-05]
[-4.263325982029054e-05, -9.825513114875006e-05]
[-6.35877324697276e-05, -8.075372646941525e-05]
[-3.247234032521806e-05, -1.3316461122736545e-05]
[-9.266951376474264e-05, -8.163024944599084e-05]
[-6.303254661338409e-05, -9.489758492525757e-05]
[-7.972873036954375e-05, -0.00011629424821246737]
[-0.00014266590668343682, -3.596086074458826e-05]
[-4.3289304257509986e-05, -1.9886610433561547e-05]
[-5.6137904878350575e-05, -0.00011279922109044827]
[-0.00011374917583245603, -8.371708108045883e-05]
[-8.485225820409337e-05, -0.00011179763479587934]
[-4.631082350492477e-06, -9.89415944192551e-05]
[-3.11356249230732e-05, -9.607531762947236e-05]
[-7.456899337601741e-05, -6.229281719194457e-05]
[-5.382639858081406e-05, -3.420531894364129e-05]
[-8.761196197561161e-05, -0.00010302991953503593]
[-4.793310847689414e-05, -7.524791471784364e-05]
[-6.530660690424323e-05, -0.00010049569915226986]
[-0.00013920495533026322, -5.3189145833340556e-05]
[-4.565516257204298e-05, -2.584347394579689e-05]
[-6.224860714429403e-05, -9.675796067486198e-05]
[-0.00010721710227732523, -9.044276659686545e-05]
[-9.052892315944416e-05, -0.00011859338052018498]
[7.315656414812188e-06, -0.00010567862867411071]
[-2.8985613233320495e-05, -0.00010056033865563779]
[-9.199032552016997e-05, -5.5121432408475335e-05]
[-6.075142324428462e-05, -5.260579569487181e-05]
[-8.998487601343669e-05, -0.00012772575956773377]
[-2.5340081855916574e-05, -6.468746705051709e-05]
[-6.506785499479917e-05, -7.48291470850787e-05]
[-0.0001285537491467273, -7.388921183704156e-05]
[-6.559680665460532e-05, -3.1497674041688906e-05]
[-5.588294502457264e-05, -6.941081428643581e-05]
[-9.175963410418264e-05, -8.393148311598708e-05]
[-7.45764882962522e-05, -0.0001263051896219225]
[6.720886158995132e-06, -9.668151666406e-05]
[-3.700418781377168e-05, -8.751248724275795e-05]
[-9.980496863881694e-05, -4.9891436389268295e-05]
[-5.536843597381269e-05, -5.328888069860982e-05]
[-8.677289203384841e-05, -0.00013690834832690794]
[-1.7082487874159336e-05, -5.646860048175162e-05]
[-6.470113092010843e-05, -4.49428262415813e-05]
[-0.00012331650282310092, -8.141709746872783e-05]
[-8.021038297961747e-05, -3.8076343219090036e-05]
[-4.906313627278669e-05, -3.855152802928474e-05]
[-6.368023743841267e-05, -6.899497335269289e-05]
[-6.193796671799534e-05, -0.00013233186409816744]
[2.4938393752838017e-06, -8.379629748511697e-05]
[-6.231080858576377e-05, -6.306539324577032e-05]
[-8.540353747393814e-05, -5.394814693654437e-05]
[-4.761210775655611e-05, -5.218600173967358e-05]
[-7.519574439679433e-05, -0.00013910956684920484]
[-3.423361200449726e-05, -6.069384969392688e-05]
[-6.132666245220464e-05, -3.5214470118560826e-05]
[-0.0001229512178949621, -8.316822176913062e-05]
[-8.886354642795302e-05, -5.41369461857788e-05]
[-4.578964541551711e-05, -2.8960009092617034e-05]
[-4.143998509417712e-05, -5.908781680413755e-05]
[-5.586366482163152e-05, -0.00014611776411820043]
[-1.1173394762316324e-05, -7.92543877596863e-05]
[-8.266996931013959e-05, -4.5992838124842006e-05]
[-6.4046436140908e-05, -6.669386891497431e-05]
[-2.7538099281326778e-05, -6.067004954550537e-05]
[-7.342452980676345e-05, -0.00013651516244492234]
[-5.8887181222377905e-05, -7.25683920132919e-05]
[-6.459064531384034e-05, -4.414155860880953e-05]
[-0.0001104981567707046, -7.850845200792905e-05]
[-0.00010015983198581949, -6.40131551355623e-05]
[-3.895757123074939e-05, -4.09192889211582e-05]
[-3.794082113404984e-05, -5.006670004461394e-05]
[-4.581926208301751e-05, -0.00015312436557286813]
[-3.180173893864435e-05, -7.371806314149243e-05]
[-8.0348733637714e-05, -3.142582432255625e-05]
[-4.680160798603561e-05, -6.991528954813919e-05]
[3.06553971832213e-07, -6.364870355032859e-05]
[-8.064278862660035e-05, -0.00011987319604685187]
[-8.206426822761695e-05, -7.183345710076727e-05]
[-6.301646934292471e-05, -5.391589717806955e-05]
[-8.972610773247403e-05, -5.976076369118566e-05]
[-0.00010332309765087588, -5.525428814697614e-05]
[-3.969740364054286e-05, -5.7530541432593285e-05]
[-4.041087810013888e-05, -4.403999783442712e-05]
[-4.141920981831637e-05, -0.00013891427940515566]
[-4.116493792544196e-05, -6.398370123407437e-05]
[-7.078719343778239e-05, -2.0336642403973038e-05]
[-3.073578532869492e-05, -6.32783358922584e-05]
[1.2388942545127346e-05, -5.909873101994645e-05]
[-8.121922989695607e-05, -0.0001008090642710402]
[-0.00010491846155707973, -6.223004309358071e-05]
[-4.61269169385603e-05, -6.582159831830525e-05]
[-7.550689254343101e-05, -4.000587049632354e-05]
[-9.553759705166476e-05, -4.261417831535885e-05]
[-5.711341401265502e-05, -7.754458370934358e-05]
[-4.233015160992615e-05, -5.5315230604702226e-05]
[-4.7756646427588034e-05, -0.00011824862156584875]
[-3.784991640692903e-05, -5.8324579405910626e-05]
[-6.311565654615325e-05, -3.0949978438910355e-05]
[-2.563432022253953e-05, -6.194974058271185e-05]
[9.658744026586064e-06, -5.9210467111957266e-05]
[-7.857043476850595e-05, -9.47811491699424e-05]
[-0.00011180428739354653, -5.908741580333554e-05]
[-3.103409216459983e-05, -7.929025888986363e-05]
[-6.479326400313234e-05, -3.203116891255242e-05]
[-9.308486656598239e-05, -3.425538186910271e-05]
[-7.404242460234967e-05, -9.801965940166302e-05]
[-4.907238548139403e-05, -7.725555968626785e-05]
[-4.942771360191833e-05, -0.00010209424765054986]
[-3.3883621978248596e-05, -5.0856746380237294e-05]
[-4.953472897281132e-05, -5.734645199859632e-05]
[-4.105320322420492e-05, -6.478009884694318e-05]
[7.720769016183321e-06, -5.563315863284929e-05]
[-7.75866327472341e-05, -9.216490748665401e-05]
[-9.39659129193457e-05, -5.805368802073996e-05]
[-2.9220369993990247e-05, -7.749488925214154e-05]
[-5.611671598414886e-05, -2.584781125217206e-05]
[-9.540346290715096e-05, -2.324576848868054e-05]
[-7.76990911721823e-05, -0.00010226450007469468]
[-5.1467224944978796e-05, -9.026277574890329e-05]
[-4.621797875357936e-05, -8.40282669798964e-05]
[-2.7242508369995644e-05, -3.4422494330693665e-05]
[-3.916047372373721e-05, -7.5233081010595e-05]
[-6.211048073179182e-05, -6.67814766060898e-05]
[1.4064549202774668e-06, -3.9860181723916366e-05]
[-6.620490412778679e-05, -8.495612353660864e-05]
[-7.067737209281999e-05, -5.668319139695566e-05]
[-3.221793330704381e-05, -6.179756216297128e-05]
[-6.090351210741307e-05, -1.6595666887331273e-05]
[-8.860377115749163e-05, -1.7665540867822793e-05]
[-7.397226011118807e-05, -9.117894046473118e-05]
[-4.094153714367943e-05, -9.370858431295703e-05]
[-5.332244855216217e-05, -7.09943869354468e-05]
[-1.5908208521986378e-05, -2.157190072843429e-05]
[-4.3321469226142995e-05, -8.231873258068845e-05]
[-7.428335069215031e-05, -7.592923072508029e-05]
[-1.2889002991345322e-05, -2.934859818398694e-05]
[-4.502715827689463e-05, -8.279381865794466e-05]
[-5.506454849379949e-05, -6.599860796449586e-05]
[-4.218629150687381e-05, -5.121812651842639e-05]
[-7.469266019644039e-05, -1.3554297018086164e-05]
[-7.81718696088729e-05, -2.783130314143456e-05]
[-6.10754937441782e-05, -8.259952743677745e-05]
[-3.147033526005455e-05, -9.108008533892376e-05]
[-6.642434912793038e-05, -7.42226585803002e-05]
[-1.1649785237786113e-05, -2.0648663172695425e-05]
[-4.673856170209212e-05, -8.323058470065259e-05]
[-8.072618669512435e-05, -8.941546489593666e-05]
[-1.9899400472575546e-05, -3.403556867118129e-05]
[-3.142369521823285e-05, -8.451383686559899e-05]
[-4.2467297084070044e-05, -7.922641327018365e-05]
[-6.497292624890738e-05, -4.620149048693151e-05]
[-8.066542138525194e-05, -1.367299537696244e-05]
[-7.290933875449095e-05, -4.072599422581466e-05]
[-3.563183502426279e-05, -7.84586140847171e-05]
[-3.262179753304312e-05, -7.447552726244644e-05]
[-7.454475139494904e-05, -8.144324766548583e-05]
[-1.5286655306007146e-05, -2.3219346577313393e-05]
[-3.7475847804249035e-05, -6.826592239156382e-05]
[-7.95997795532688e-05, -9.11287475992284e-05]
[-1.8935481990872e-05, -4.198934903149043e-05]
[-2.661713259710652e-05, -8.022803482404806e-05]
[-3.8694362881383504e-05, -7.72362170712304e-05]
[-8.395648311843029e-05, -3.931811776581445e-05]
[-7.960110249222163e-05, -9.961092067523047e-06]
[-6.481141355418885e-05, -4.602269659758403e-05]
[-1.4444082514303291e-05, -7.336594305984434e-05]
[-3.545915952657408e-05, -4.943518225648813e-05]
[-8.356953201077433e-05, -8.070678436544743e-05]
[-1.4862427116790755e-05, -2.836356153633479e-05]
[-2.656655746730019e-05, -4.198530147087043e-05]
[-6.537218424174096e-05, -8.100400386149009e-05]
[-2.478355497015361e-05, -5.227393585949258e-05]
[-2.2152112322704198e-05, -7.757489393289685e-05]
[-5.0492194425599823e-05, -6.274512751922035e-05]
[-8.462788079488526e-05, -3.858259975253464e-05]
[-7.76082370563258e-05, -1.2612679359313983e-05]
[-5.493406664641709e-05, -5.2513208302573666e-05]
[-1.1647454824237347e-05, -7.392147101382973e-05]
[-3.8615010006654016e-05, -3.4628725460617016e-05]
[-9.297974934679987e-05, -8.046957504921105e-05]
[-1.2722533429182503e-05, -4.0476632040986615e-05]
[-1.7170465529292578e-05, -2.644068514980058e-05]
[-4.9785048625947126e-05, -6.938598862027412e-05]
[-3.282371652413296e-05, -7.071492437679683e-05]
[-2.3398076494096642e-05, -8.488120413308042e-05]
[-6.249732717783507e-05, -4.660783071303021e-05]
[-7.628424278037158e-05, -4.456776821323838e-05]
[-6.8019311800116e-05, -2.6867651538281523e-05]
[-5.753120005497561e-05, -5.994518985286135e-05]
[-2.009874644597065e-05, -7.90320839046399e-05]
[-4.635903294987476e-05, -3.105299028147157e-05]
[-8.847427610250702e-05, -8.277440351156518e-05]
[-1.7450504467900196e-05, -4.8907287568299845e-05]
[-3.3970739125727123e-06, -2.4287349637382855e-05]
[-4.4735147667684244e-05, -5.5587591707741135e-05]
[-3.142452891247843e-05, -8.356997862689342e-05]
[-3.1725179153910266e-05, -9.133179075522524e-05]
[-6.298594589056183e-05, -2.592676710813646e-05]
[-6.514424054326895e-05, -4.220368815614772e-05]
[-5.2608170444634964e-05, -3.950873256736154e-05]
[-6.88548585699722e-05, -5.9000941310866084e-05]
[-3.454381892632752e-05, -7.52193619945607e-05]
[-4.745443018361328e-05, -3.0012497446829656e-05]
[-7.234226523576692e-05, -7.895195808071964e-05]
[-2.3728948762957724e-05, -4.482787209594136e-05]
[3.0891870927141074e-06, -2.474817696801468e-05]
[-4.3407404630824153e-05, -4.22280520183619e-05]
[-2.7732684184350598e-05, -8.02824759354448e-05]
[-3.433638376520998e-05, -9.041516004884564e-05]
[-6.143573822359194e-05, -5.7220268048219225e-06]
[-4.763994865647492e-05, -3.186371555091716e-05]
[-4.485321183406166e-05, -4.518416711052353e-05]
[-7.503298840683126e-05, -5.7089582883862455e-05]
[-5.593661270303363e-05, -6.393639940163731e-05]
[-3.3913723965717235e-05, -3.4935737708990944e-05]
[-5.92603778512002e-05, -7.448770375892422e-05]
[-2.866282792113317e-05, -3.7326259979098e-05]
[-8.37396906672172e-06, -3.139947999430959e-05]
[-4.082538812213987e-05, -4.2478819178293215e-05]
[-2.528457645190052e-05, -7.332687485529094e-05]
[-3.043737040037131e-05, -8.826510687870437e-05]
[-6.105790212446172e-05, -2.4048433352763e-06]
[-3.4221370856360456e-05, -2.6946359838853073e-05]
[-4.281277443757281e-05, -4.8782492113291775e-05]
[-7.861851376685103e-05, -6.264305004788362e-05]
[-7.233656683500178e-05, -5.719542887382134e-05]
[-1.8120487434960392e-05, -4.445317762147294e-05]
[-4.9418301250159224e-05, -7.703514899497221e-05]
[-3.972764650914118e-05, -3.176433927953859e-05]
[-2.4436377076678117e-05, -4.4995648961557166e-05]
[-4.156974215708403e-05, -5.578161807359705e-05]
[-1.3986297908587242e-05, -6.90762543466561e-05]
[-3.085148813385119e-05, -8.135056344349412e-05]
[-5.564529581058089e-05, -1.3410786303296937e-05]
[-3.680016188457175e-05, -2.640704704189728e-05]
[-3.608070772100416e-05, -4.422168073587446e-05]
[-8.218304423402573e-05, -6.485934308662206e-05]
[-7.296588062020992e-05, -5.4255553402784984e-05]
[-8.218235567861165e-06, -4.523731657281316e-05]
[-4.089265034117398e-05, -7.625541990702311e-05]
[-5.2760629161568984e-05, -2.366887695497144e-05]
[-3.392940363173679e-05, -5.113080334270825e-05]
[-4.0719808900635535e-05, -6.868061675026349e-05]
