[29.22944143933138, 179.74844976948802]
[20.405838125302125, 13.473164647191407]
[3.6562634737232145, 1.2804867575913441]
[-0.06609140648895462, -0.02349353943014698]
[0.045223171635420556, 0.0518972235296975]
[0.1442211151908026, 0.6275058183591109]
[1.7697024957085894, 1.7890884112233962]
[0.051905899746322426, 0.015188246180677822]
[0.0462940222442243, 0.018518206395439663]
[0.9202969799224365, 0.35035480941128894]
[0.2977811454724746, -0.023729212436293334]
[-0.030542238904843977, 0.011765438111071447]
[0.03975865048750471, 0.034629320657152185]
[0.019672282686066467, 0.22976158433984084]
[0.21657902626729797, 0.3310550141910036]
[0.011249955669750733, -0.009323872101725694]
[0.0313577290306859, 0.003236063096239583]
[0.2724172411736894, 0.04268956995251941]
[0.12929373786692433, -0.0033998250896876137]
[-0.010751407052486783, 0.00872169485391261]
[0.021558598668713458, 0.02240539981355072]
[0.029439204532893726, 0.1370975379717314]
[0.05010737079813854, 0.1156544303576107]
[0.0020674803267430875, -0.01097038191146038]
[0.026447887538446402, 0.004061878924988438]
[0.10665735769881524, -0.0017068696097848335]
[0.07088691647852441, 0.007681390398744714]
[-0.0014170612574172514, 0.004735945265739394]
[0.013109124471021971, 0.01570543496346244]
[0.037334506635594344, 0.08798713434666627]
[0.013826936004641244, 0.046749016434352364]
[-0.001890040967608364, -0.008625080892081027]
[0.022494637511889515, 0.006878552709608687]
[0.042797376050623726, -0.0033458109828770066]
[0.04105851667641791, 0.010422104907724883]
[0.0025470753682142466, 0.00046069361211448223]
[0.009036367928917988, 0.011083524772882436]
[0.03812109585263701, 0.05502254973297438]
[0.004996080351228782, 0.019034978352051812]
[-0.0030106339766269308, -0.0053425954191301805]
[0.018251529933846822, 0.009224789905685829]
[0.016451613849939317, 0.0038368451061276954]
[0.024168069041876183, 0.009298240796956847]
[0.003083889339604573, -0.0030196140118895487]
[0.007231846945204512, 0.007932868343466737]
[0.03338588211068172, 0.03229505841878888]
[0.0032272915886674136, 0.0070873209143814675]
[-0.002204180684518775, -0.0025704737546947687]
[0.013904061559833814, 0.010372497919169499]
[0.007279470837539215, 0.010456776914549715]
[0.014511305219188309, 0.006987143231663495]
[0.001660184973180323, -0.004906685179876913]
[0.006524877484317404, 0.006005430581214499]
[0.025759318217398963, 0.017748364305338105]
[0.0031611447641362034, 0.0019182735419483454]
[-0.000430597762437257, -0.00105103947663987]
[0.009921402244135624, 0.010247681779428808]
[0.0058965491962625904, 0.013689997617205352]
[0.00904314507940307, 0.004809539684994882]
[-0.00035520745900918804, -0.00497211971894905]
[0.00618245261291106, 0.005017488723330521]
[0.017756907093974705, 0.009730969659214606]
[0.003374487436647422, -0.00020118072199259984]
[0.0013314257097011284, -0.0008771077910321723]
[0.00670714988503418, 0.009121441563030963]
[0.007105614045433972, 0.013454219847770288]
[0.005898411282354132, 0.003197995372918261]
[-0.0018549031222891976, -0.00359211348630728]
[0.005781864440325579, 0.004624005965687239]
[0.011174265066406841, 0.006325411746634146]
[0.0035433455205676756, -0.0008690604527807899]
[0.0023599275974378053, -0.0016081402194184635]
[0.0044720791645529445, 0.007425594686169212]
[0.008120805418805555, 0.010933381267268505]
[0.003983714876218847, 0.002112768247147956]
[-0.0022269422720757603, -0.0015536988630489024]
[0.005150798025065573, 0.004477098582314737]
[0.0068192815102960935, 0.005528754517131751]
[0.0035753118468953016, -0.0007797803943365711]
[0.0023986644829220305, -0.002539850063998206]
[0.0032097923046285892, 0.005611697969934215]
[0.007861997356839914, 0.007646799821138944]
[0.002745209073608923, 0.0013694015946889848]
[-0.0014504217610971093, 0.00027985136835972924]
[0.004308185357329686, 0.004292652246320583]
[0.00458843254877217, 0.005651225398006554]
[0.003394341454638683, -0.000294946429671622]
[0.0016736810265038926, -0.0030381215878885204]
[0.002731985481828181, 0.004045858500167587]
[0.006392689396870543, 0.004819596483363275]
[0.001946880734636558, 0.0008298824921518788]
[1.7930490268935895e-05, 0.001300229717614787]
[0.0033946842114583875, 0.003899825118419631]
[0.003800796945940599, 0.005616380888551542]
[0.00295493780164513, 0.00031701455389157585]
[0.0007125719811795772, -0.0027987750773731113]
[0.0027396950156328703, 0.0029422390716847824]
[0.004348454203409902, 0.0030733139405130228]
[0.0014790368924160746, 0.00045379117558774773]
[0.0015191308562145373, 0.001344631723489087]
[0.002595402472163, 0.0032628791893473293]
[0.0036230660178077634, 0.005025618965472489]
[0.002294156808834824, 0.0008313595232956605]
[5.9019364747392444e-05, -0.0019291440272531934]
[0.0029122174625322295, 0.002340158105834822]
[0.002436459630110077, 0.0024254131798236434]
[0.0012415219028099056, 0.0002560894493937038]
[0.002504498274465472, 0.0006783165036194916]
[0.002064079765980137, 0.0024692099445995375]
[0.003415026822618919, 0.003997172925696346]
[0.001537856747117372, 0.0011015125828152394]
[1.9373513189369085e-05, -0.0008340003582857358]
[0.0029933997909169507, 0.0021275699449732344]
[0.0011136847624448887, 0.002502307321609859]
[0.001113513082437123, 0.00023962272912109173]
[0.0027497982084623285, -0.00020005255588423365]
[0.0018642639771174752, 0.0016831546119855378]
[0.0028916231873738624, 0.002887057894712896]
[0.0008515486195470462, 0.001095186774610818]
[0.0005530867431588482, 2.0172516144834063e-05]
[0.002852079382273942, 0.0021049530441559217]
[0.00048615164308429826, 0.00282223008739374]
[0.0009824159719971082, 0.0003562024749742959]
[0.002390805101024629, -0.0008220238778437056]
[0.001945141208605894, 0.001076124778241594]
[0.0020940777836137014, 0.002025513557116665]
[0.0003692073556623987, 0.0008884408343819428]
[0.0013412958838335959, 0.00033830046412980375]
[0.0024972591251569143, 0.002070153519747514]
[0.00038703894991909404, 0.0030185705214214043]
[0.0007861160549575974, 0.0005149462725962117]
[0.0017900364188453421, -0.0009533949353393856]
[0.0021623228168963227, 0.0007558508147562648]
[0.0012407243080548858, 0.0015638914493469325]
[0.00014183474851581224, 0.0006163429266893283]
[0.0019795426150830686, 0.00011667302183374778]
[0.002042731718728097, 0.001894214291972507]
[0.0005383778496303726, 0.002936331906563283]
[0.0005316440796665489, 0.0006228944708294715]
[0.0013219212282358228, -0.0006531859131108098]
[0.002337370697530483, 0.0007226047494571716]
[0.0005573430208045682, 0.0014561171283723057]
[0.00012955760489219426, 0.0004072383661948842]
[0.0021863547654040194, -0.00039428803939259294]
[0.0016361623314370966, 0.001559189578801412]
[0.0006992505442012936, 0.002607394974095928]
[0.00027837431783916955, 0.0006272906510444431]
[0.0011912290689178873, -0.00018214493010049182]
[0.0023317867203931364, 0.0008720073405078244]
[0.00016511951518249912, 0.0015357380050861902]
[0.00023399183051286965, 0.00033294020350660425]
[0.0019237824961070293, -0.0008465328839432906]
[0.0013838773902210555, 0.0011442186252098585]
[0.0007426398690156821, 0.0021593910029466257]
[9.815674558705939e-05, 0.0005344450547007662]
[0.0013678287219656693, 0.00017076550233702248]
[0.002102397728619587, 0.001043989646287491]
[5.442969032853906e-05, 0.0016213210291751157]
[0.00034834428411700813, 0.00039354543699135144]
[0.0013817274768880283, -0.000977613194621415]
[0.0013048650187715838, 0.0007696812649222728]
[0.0006550287545963873, 0.001722412952760738]
[3.583526691225414e-05, 0.0003981055118530419]
[0.0016515543857779785, 0.0002444085899334092]
[0.0017123778105317816, 0.0010952842098218285]
[0.00012529070380118412, 0.0015934644362780026]
[0.0003993739454454248, 0.0005353829683958089]
[0.0008518396402527051, -0.0007259676365725665]
[0.0013329562211857882, 0.00052898171590815]
[0.0004897977650312191, 0.0013747301331072659]
[8.916309579021231e-05, 0.000287786124861078]
[0.0018133423920484726, 6.758482651839093e-05]
[0.0012933480023165633, 0.0009607959936354105]
[0.00025225091999857285, 0.0014198008853028021]
[0.0003654369724163109, 0.0006860735654233285]
[0.0005691725090356536, -0.0002297670535434393]
[0.0013617212261258782, 0.00044236483537854476]
[0.0003144171799350781, 0.0011344429803160638]
[0.0002137330194011966, 0.0002553792150144507]
[0.0017274421009083052, -0.0001900294258214419]
[0.0009783184030030256, 0.0006747849266798833]
[0.0003363965882155484, 0.001136984089364329]
[0.000269598029816312, 0.0007876029700439047]
[0.0006059485662061048, 0.00027370846601326715]
[0.0013053398789600323, 0.0004540979075095264]
[0.00017733322662483175, 0.0009794937568300688]
[0.00034563491582739747, 0.00031513610964568894]
[0.001426452182552218, -0.0003349845715643618]
[0.0008394395384329068, 0.00034359308500370167]
[0.00032822846972183073, 0.0008145962412118984]
[0.0001575980039176736, 0.000814782650783219]
[0.0008637161540009375, 0.0005826151602806029]
[0.001142207089063041, 0.00047047139896491674]
[9.892695774244009e-05, 0.0008729911762019871]
[0.00042852737551646314, 0.0004425821585211098]
[0.0010614446132027888, -0.0002623690778175286]
[0.0008607425464510765, 8.64784836546173e-05]
[0.00022562074167542523, 0.0005228992760404616]
[7.349335893569453e-05, 0.0007763052316568375]
[0.0011530236120686488, 0.000625191129985686]
[0.0009195805125393336, 0.0004146752195152911]
[7.668307379338213e-05, 0.0007801811355356292]
[0.00043344971080772066, 0.0005887091891010054]
[0.0008025780344698141, -3.4076654686632235e-06]
[0.0009565403618969626, -2.3582168636765433e-05]
[5.997365859150561e-05, 0.0003134194232283366]
[4.2474642039436183e-05, 0.0007030773677774715]
[0.001305935518081669, 0.0004720776167829177]
[0.0007201708549517682, 0.0002673726363823514]
[9.324195174388594e-05, 0.0006760723163821425]
[0.00036560196044038706, 0.0007010044225808226]
[0.0007426341844217199, 0.0003083453787934287]
[0.0010220109052012094, 1.0491605211465638e-05]
[-0.00011931313411006617, 0.00021029584449691607]
[6.475964584029548e-05, 0.0006313523559051681]
[0.0012577564067621227, 0.00027323947620724875]
[0.0006121951761836331, 7.203375944780932e-05]
[0.00012286879306764448, 0.0005490353991698081]
[0.00025829917962760796, 0.0007428325537061492]
[0.0008556396310133441, 0.0005225371325406347]
[0.0009870214047550951, 0.00012170884607912158]
[-0.0002593804871217076, 0.00020752664936668497]
[0.00011985128644231846, 0.0005874220598062752]
[0.0010603486899153358, 0.0001650116072483554]
[0.0006117311967507311, -9.490208556084401e-05]
[0.00013836072521763998, 0.0004036240939211677]
[0.00015806948203704596, 0.0007052717255888186]
[0.0010255980574456341, 0.0005556090499284627]
[0.0008453535827541436, 0.00022146324433400255]
[-0.00031875459819818985, 0.00027095935450843767]
[0.0001778545883939775, 0.000578456769749297]
[0.0008316652399169566, 0.00020142671803922985]
[0.0006770395605000257, -0.00016961321603062296]
[0.00012079435984790887, 0.0002604549470975326]
[0.00010643552698458292, 0.0006085903530383407]
[0.0011201418948473402, 0.00042728512398561985]
[0.0006473327237335666, 0.00024693800861944754]
[-0.0002816203430828501, 0.0003476157494596843]
[0.00021330181041159801, 0.0005918086185237315]
[0.0006794680742417403, 0.0003422230204097876]
[0.0007352055305042682, -0.00013579782584026076]
[6.967453322054284e-05, 0.00014892656512462132]
[0.00012424973726143929, 0.0004933942352851051]
[0.001063015234190945, 0.00023673004117336083]
[0.0004645499421058463, 0.00018814982806247826]
[-0.00016598988994788455, 0.00038361152610448535]
[0.00021638421132470775, 0.000602690340004236]
[0.0006448503670486994, 0.0004940309646963015]
[0.0007236143099331738, -3.0712214659917025e-05]
[6.6381619985289575e-06, 9.254321155330314e-05]
[0.00020389222847067012, 0.0004043236523337268]
[0.0008665158613272439, 9.979726191440552e-05]
[0.00034911144263213845, 8.32868654241925e-05]
[-1.903083417317819e-05, 0.000345899487959031]
[0.0001969662806818595, 0.0005872942366831474]
[0.0006927784439888091, 0.0005729277791613197]
[0.0006222671738107532, 7.826182077524946e-05]
[-3.2902459503714176e-05, 9.34536063941227e-05]
[0.00031263704496592437, 0.00037196889387652]
[0.0006124201948592978, 8.672028486145407e-05]
[0.0003098250095632804, -1.0537051700620914e-05]
[0.00010200163232174098, 0.0002375321487294857]
[0.00017909028974603947, 0.0005357522620733357]
[0.0007465181057969492, 0.0005502333242135837]
[0.000460347870667413, 0.00013093497769540302]
[-1.86016388256105e-05, 0.00012636947601213366]
[0.00040663297978410506, 0.00040024363937624097]
[0.00039948945124157476, 0.0001933801490060505]
[0.00031550542885444566, -5.1710617063480124e-05]
[0.0001559063293027907, 9.668369644251495e-05]
[0.00018783696386506787, 0.0004585023191764903]
[0.0007391516257227587, 0.00045916170452430655]
[0.00029623228663490375, 0.00010401979763632885]
[5.527597471466361e-05, 0.00014827266791936355]
[0.0004501734957630399, 0.00046519568553499147]
[0.0002907936236882791, 0.00035595098874177666]
[0.00031938272407400214, -3.429808661797873e-05]
[0.00013724740216386477, -2.2434908670794854e-05]
[0.00023469956766375422, 0.0003820260080179827]
[0.000650511351070554, 0.00036548262590498093]
[0.0001846037868558914, 1.8300341294824607e-05]
[0.00016214632658435174, 0.00012077420381807757]
[0.00043163971549430025, 0.0005266246698873399]
[0.0002886857726298597, 0.0004937967856693537]
[0.0002879365709265169, 1.4807074613779059e-05]
[7.7908513212821e-05, -7.781605316684037e-05]
[0.0003093801462951684, 0.00033518342810738566]
[0.0005114312909498264, 0.00032483597229548966]
[0.00014960115498144355, -7.771740086931489e-05]
[0.0002540395616374147, 3.2910518430198654e-05]
[0.00036814165757699524, 0.0005475891677047956]
[0.00034560229157367534, 0.0005529753962493777]
[0.00021756620261256798, 5.65103500275721e-05]
[2.8491255850304764e-05, -6.157782326063344e-05]
[0.0003833299529363843, 0.00033291277621398663]
[0.0003785861700256188, 0.0003528613430878874]
[0.0001772036897957907, -0.00013595730833720898]
[0.00028673451285635143, -8.98358824794332e-05]
[0.00029602234866998867, 0.0005122959664811966]
[0.00039819951286450966, 0.0005274299832984108]
[0.00013179382013017715, 6.365714339786298e-05]
[2.9547639098237433e-05, -2.795986169812359e-06]
[0.00042415981971336003, 0.0003664259843905865]
[0.00029901920494873613, 0.0004225755478418358]
[0.00022796374215083848, -0.00013241718566602695]
[0.00024507660267414355, -0.00019725344021645497]
[0.0002517590349157828, 0.0004330432419331065]
[0.0004022641865476517, 0.00045128319025874997]
[6.364612227606481e-05, 3.4703034298783075e-05]
[8.917131141100015e-05, 5.062164160812843e-05]
[0.0004135494147789187, 0.0004061870072799706]
[0.00028579859404792574, 0.0004857042600122097]
[0.00026029632381013856, -7.488609680092462e-05]
[0.00015315274594823736, -0.00024139399453372568]
[0.0002532770733332246, 0.0003423899801361652]
[0.00034999384330219874, 0.0003724249035706867]
[3.5349769146181265e-05, -9.032469537956223e-06]
[0.00018002335144257087, 6.03458967172359e-05]
[0.0003585291359960996, 0.00041698513190214365]
[0.00031617669900405043, 0.0005020128922795797]
[0.00025063290477661537, 6.438199250141663e-06]
[6.237057822522374e-05, -0.00020359880630080318]
[0.0002917982913909767, 0.0002747994941375842]
[0.00026459726137051387, 0.00032540623363981613]
[4.699998567486707e-05, -3.84181552429419e-05]
[0.0002572625350496516, 1.939397557274014e-05]
[0.00028912839066812246, 0.00037721062548876083]
[0.00034911851914724845, 0.00045929011610403025]
[0.0002008367985269488, 7.748893785056166e-05]
[2.3629788125367757e-05, -0.00010561638990116973]
[0.00033859847291156653, 0.0002480080722657707]
[0.00018043508896659066, 0.00031796712882344036]
[7.898725781774196e-05, -3.366140942268059e-05]
[0.00028623009940950683, -4.557531042326257e-05]
[0.00024296733272574644, 0.00029145200144908845]
[0.00034914218062065405, 0.0003751363632094225]
[0.00013172684158198333, 0.00011687912742548712]
[5.950876861976484e-05, 1.9961430947623704e-06]
[0.00036257455675217654, 0.0002545825600406004]
[0.00012271309292838373, 0.0003348197453651447]
[0.00010464071995114343, 6.0513139999197885e-06]
[0.0002629912807572965, -9.230203228673128e-05]
[0.00024506033140481165, 0.0001889013133065387]
[0.0003027340893005104, 0.00028332996414465184]
[6.894152479320487e-05, 0.00012265200480091054]
[0.00015255967525122302, 6.754902828709497e-05]
[0.00034831050577308065, 0.0002682080664108827]
[9.746699997312258e-05, 0.0003521474719036799]
[0.00010467484130860516, 6.427507168503543e-05]
[0.00021551486630866368, -8.980309080108828e-05]
[0.000294199440147358, 0.00010806149387321273]
[0.0002205847367743874, 0.00021509950521954313]
[2.9897429236230844e-05, 0.00010817437458346402]
[0.0002562369184628266, 6.586425406083368e-05]
[0.00030417080842244995, 0.0002606117418143261]
[9.420655026334823e-05, 0.0003522626013582608]
[7.565096585060438e-05, 0.00011750204681457155]
[0.00018535187227985972, -3.7499801640000774e-05]
[0.0003637294906627675, 7.621458738842415e-05]
[0.00012789447048144886, 0.0001858079878323468]
[1.7942710127338835e-05, 9.186964371468709e-05]
[0.00032159310716423084, 1.0074898203926708e-05]
[0.000256004766679932, 0.00021885468358648352]
[9.612875753282901e-05, 0.0003307512922239991]
[2.9322716613724986e-05, 0.00014713481895120561]
[0.0002015479600274983, 3.480617728962576e-05]
[0.00041628924812758816, 9.521954674139577e-05]
[5.0496700037760966e-05, 0.0001920435804353554]
[2.4626937558613893e-05, 8.736783612146859e-05]
[0.00032387334001413026, -5.850999091729092e-05]
[0.0002306653045292817, 0.0001527401105955728]
[9.02893909457414e-05, 0.0002947576722034176]
[-1.4998949060065353e-05, 0.0001470869125982932]
[0.000262882006114018, 8.550602459550527e-05]
[0.000424061731520764, 0.00014153108506280432]
[4.3877124616398255e-06, 0.00021748921026121248]
[3.67395371340673e-05, 9.862343147493818e-05]
[0.0002738544124291642, -9.554192981656336e-05]
[0.00023950449100157423, 8.823699522067519e-05]
[7.260533964761895e-05, 0.0002562043078353504]
[-4.0028132930164384e-05, 0.00012442710980292704]
[0.0003389235841726214, 8.646777134280192e-05]
[0.0003830523196880903, 0.00018005657481613702]
[-7.843986452593654e-06, 0.0002422374648896053]
[4.345552497414529e-05, 0.00012078828569304922]
[0.00020843059793707042, -7.847660457650785e-05]
[0.0002717384236848308, 5.1295659165423446e-05]
[4.70830450553239e-05, 0.000225062320300895]
[-3.73820078554965e-05, 9.43832230725361e-05]
[0.0003886355138913722, 3.957562520098129e-05]
[0.0003136457694163895, 0.00018356766824434434]
[5.336215532392163e-06, 0.00025058408038437785]
[4.0375718045243536e-05, 0.0001446691277561668]
[0.00016734920470848347, -1.6938992281251286e-05]
[0.00030136718779827376, 5.205861269145032e-05]
[2.186667758496963e-05, 0.00020574747996899428]
[-9.59511936138302e-06, 7.312753008947848e-05]
[0.00038474698146157005, -2.503888993000969e-05]
[0.0002478291344348016, 0.00014653605187231467]
[2.9561024319068457e-05, 0.00023509863437557246]
[2.9755936036941766e-05, 0.00016174949034752223]
[0.00017057824171116953, 5.616041061387578e-05]
[0.0003030994111750396, 7.89172567069174e-05]
[5.095143407074509e-06, 0.00019679049978384155]
[3.225983158422485e-05, 7.16132893152921e-05]
[0.0003292091121939178, -6.72581703558689e-05]
[0.00021105829150014355, 8.59983895146188e-05]
[4.9865687126671165e-05, 0.00019731580794356968]
[1.805827640609034e-05, 0.00016765702166197938]
[0.00020930536049396098, 0.00010593525940366666]
[0.00026750363494167095, 0.00010565937633627565]
[2.028464252706863e-06, 0.0001923521013168783]
[7.345407983405661e-05, 9.227725801359138e-05]
[0.00025108816146512947, -6.021824523672753e-05]
[0.00020933039456638713, 2.9904615060388773e-05]
[5.50425676551225e-05, 0.00014621397437863948]
[1.2465831545752093e-05, 0.0001633606445201885]
[0.00025451477150820537, 0.00011573491963302006]
[0.00020643218401400487, 0.00010703934646804497]
[1.3400919296663316e-05, 0.00018441853073888903]
[0.00010098711685443962, 0.00012895940833873576]
[0.00018909812356954214, -4.740694687296876e-06]
[0.00022832249103732494, 5.356211673981925e-07]
[4.0807845529622355e-05, 9.512775035822735e-05]
[1.763609158914048e-05, 0.00015429434890787408]
[0.00027642661576261773, 9.456931136070379e-05]
[0.0001458914915027365, 7.33098909501545e-05]
[3.4720558903925114e-05, 0.0001654709307827712]
[0.0001079514816051258, 0.00016956326844764363]
[0.00016981761271642193, 7.278411325067902e-05]
[0.0002440081443518538, 2.826715517531553e-06]
[1.1261943977380895e-05, 5.729369361273662e-05]
[3.353200162159453e-05, 0.0001479006372519659]
[0.0002623065196348251, 6.86624013781778e-05]
[0.0001110459258344132, 1.530546732300686e-05]
[5.693730853312262e-05, 0.00013164280567963364]
[9.577195244843753e-05, 0.00020059649294478649]
[0.000194337647156817, 0.00013662774304340486]
[0.00023760258042249127, 2.3789251571884606e-05]
[-2.2367562683339726e-05, 4.079305282758683e-05]
[5.5003468457659466e-05, 0.00015025569553463874]
[0.00022230444760573675, 6.371461141508467e-05]
[0.000112384893758255, -4.2373387254907025e-05]
[6.924095654282925e-05, 8.551500361302089e-05]
[7.353893693308466e-05, 0.00021232209892296794]
[0.00024018249142701564, 0.00016168953532197383]
[0.00020582055615547823, 4.225457571623015e-05]
[-4.6195625070022395e-05, 4.4814454788377756e-05]
[7.358547506366997e-05, 0.0001628515363531688]
[0.00018107510720200004, 8.930986443954347e-05]
[0.00014086424508497064, -7.548824770227391e-05]
[6.38173638655426e-05, 3.673700682632619e-05]
[5.430928774796673e-05, 0.00020275294363739094]
[0.0002759648209987864, 0.00014562011804693242]
[0.000160997595498074, 4.224430909284538e-05]
[-5.0114788995449244e-05, 5.9558794530734094e-05]
[8.127082969881794e-05, 0.0001810322721069041]
[0.0001615785488570387, 0.00013449268461965258]
[0.00017414139062535416, -7.31329377195401e-05]
[4.06244187741156e-05, -1.0350008022297352e-06]
[4.943846777463734e-05, 0.00017864059555341982]
[0.00027922614122281864, 0.0001071639402290131]
[0.000122063743267814, 2.1810319785001142e-05]
[-3.313348627177748e-05, 7.075627514962352e-05]
[7.485432473062353e-05, 0.00019536048048117427]
[0.00017143916698517114, 0.00017600953120036622]
[0.00018953667607593538, -4.23966381537938e-05]
[9.166935118432029e-06, -1.6432708759103742e-05]
[6.327065507613638e-05, 0.00015252228077022867]
[0.0002471586461297026, 7.326862343834395e-05]
[0.00010260669163666969, -7.34535235766276e-06]
[-4.317610070622702e-06, 6.708657438687926e-05]
[5.856743266519082e-05, 0.00019594476912833392]
[0.00019965105232645775, 0.00019307103259250114]
[0.00017593437764611142, -2.899655309002158e-06]
[-1.4816779216914044e-05, -6.9574871216782075e-06]
[9.09011407953797e-05, 0.00013674562409601507]
[0.00019517895554024833, 6.35646532813356e-05]
[0.00010332476663255097, -2.8279513341056273e-05]
[2.1891489546052578e-05, 4.653416295638535e-05]
[4.3036885818296955e-05, 0.000177941211658747]
[0.00022449686726739096, 0.00017931136030986672]
[0.00013820184890885046, 2.4749569341300792e-05]
[-1.6990398313182498e-05, 1.8200854790179077e-05]
[0.00012056335819049524, 0.00013726213453300884]
[0.00014584809897855155, 8.118172363622e-05]
[0.00011283372399290004, -2.9477457924843853e-05]
[3.3813792923081953e-05, 1.7701970501639297e-05]
[4.036510909521951e-05, 0.00014521601221800795]
[0.00022689156507872676, 0.00014529463446737861]
[9.258895289076391e-05, 2.9578583538587833e-05]
[7.4543292891277035e-06, 4.1632309138103785e-05]
[0.0001397875700906298, 0.0001505690542305954]
[0.00011573278979556956, 0.00011402928353776431]
[0.00011548324560450851, -1.1311767653298527e-05]
[2.9442421410258435e-05, -5.200085185062472e-06]
[5.751837259040937e-05, 0.00010961442517924691]
[0.00020088604393539433, 0.00011117875755967122]
[5.676681062882771e-05, 1.4318614251496165e-05]
[5.006854736870972e-05, 4.6383744382955117e-05]
[0.00014215304179575686, 0.00016577267425971556]
[0.0001078230654129042, 0.00014413991581987973]
[0.00010090643747201478, 1.5017492822344547e-05]
[1.773098272922491e-05, -1.1055232288129102e-05]
[9.169264200076244e-05, 8.552885196869142e-05]
[0.0001557171677816216, 9.485582993480624e-05]
[4.064248047036534e-05, -8.344977688923283e-06]
[9.264609246846522e-05, 2.5280612878236797e-05]
[0.00013077041827647476, 0.00017089962780245105]
[0.00011276393499087822, 0.0001585035799008816]
[6.962487280212648e-05, 3.464357885165498e-05]
[1.3083097426758172e-05, 1.0073781299968498e-06]
[0.00013070125614567107, 8.232551193583515e-05]
[0.00010934086429037482, 0.00010276090609618108]
[4.276837607303241e-05, -2.4109169725033963e-05]
[0.00011658819506854545, -1.4625476053187203e-05]
[0.00011628153618260806, 0.00015994723280815526]
[0.00011662257607677681, 0.0001550910878743532]
[3.1969665401462843e-05, 3.754946265882618e-05]
[2.615266943001293e-05, 2.0628456215698865e-05]
[0.0001587540793774045, 9.885566797016021e-05]
[7.818283608496124e-05, 0.000128016354448382]
[5.333356156800306e-05, -2.473292804193103e-05]
[0.00011300746690157126, -5.549507581210922e-05]
[0.00011035647566168261, 0.00013647857556006726]
[0.00010961994391893437, 0.0001416143317969215]
[1.7123680401340269e-06, 2.3525300777857416e-05]
[5.6621987442852934e-05, 3.2344563420966255e-05]
[0.0001647504487610335, 0.0001234785958099116]
[6.920683088951218e-05, 0.00015578422918935408]
[6.094805330408848e-05, -1.1063529928634352e-05]
[8.763573751166542e-05, -7.840723025970969e-05]
[0.00011848774537420725, 0.00011146311921128582]
[9.075594490026706e-05, 0.00012914579620226796]
[-1.1432366655336756e-05, 1.3057783995740202e-06]
[9.265114687428272e-05, 2.52562622488307e-05]
[0.0001484291438058269, 0.0001399959365187657]
[7.809630801561274e-05, 0.00017177568638623852]
[5.886141192494587e-05, 9.31601549521155e-06]
[5.747427959351681e-05, -7.381949601734106e-05]
[0.00013648652969433517, 9.65204810290908e-05]
[6.658277720170136e-05, 0.0001252117576608404]
[-6.2589542859092795e-06, -1.6842501978392432e-05]
[0.00011763698000177847, 2.475597429413279e-07]
[0.0001206824083875499, 0.00013637368718838472]
[9.333967710074484e-05, 0.00016892169736918566]
[4.74094802136657e-05, 2.7467099826802843e-05]
[4.1032046900771335e-05, -4.664024076084239e-05]
[0.00015294975342297623, 9.66263549811025e-05]
[4.604828190007959e-05, 0.0001303138749630603]
[1.0384791860496012e-05, -2.1560504200046626e-05]
[0.00012029332388246994, -2.9902503505735423e-05]
[9.763758282937962e-05, 0.00011130419411300996]
[0.00010292128751792848, 0.000149217810215551]
[3.2196176541439414e-05, 3.7989051766273985e-05]
[4.789586777950716e-05, -1.2930950392342488e-05]
[0.00015631594615726774, 0.00010680460604128861]
[3.511842186496028e-05, 0.00013904244175551306]
[2.7902835439408413e-05, -1.0417131240906576e-05]
[0.00010184005240057581, -4.782577555968205e-05]
[9.180059783597816e-05, 7.477566284914972e-05]
[9.972103400876509e-05, 0.00012095622414041995]
[1.9933722814065302e-05, 4.094523228903579e-05]
[7.378681224446543e-05, 9.704308284924634e-06]
[0.00014222608980823948, 0.00011496517791119779]
[3.4148272797615564e-05, 0.00014411914021703054]
[3.726845663587497e-05, 1.2017210134399048e-05]
[7.575263827747092e-05, -4.194964858002248e-05]
[0.00010535759500945874, 4.229508264597115e-05]
[8.338511283473293e-05, 9.385684174915976e-05]
[1.4672908744184365e-05, 4.051143154029657e-05]
[0.00010388695140162163, 1.2203971780522932e-05]
[0.0001166167802052788, 0.0001092660141343571]
[3.872277348597464e-05, 0.00014051734796828586]
[3.462408775063708e-05, 3.726369461806711e-05]
[6.0078975687327674e-05, -1.3632444685593437e-05]
[0.00012947873799237786, 2.6161287641202763e-05]
[5.883198087960895e-05, 7.492844993525153e-05]
[1.6269301662569235e-05, 4.184805511707468e-05]
[0.00012217600001167284, -1.3947708080164212e-06]
[9.253959410314427e-05, 8.553579333400729e-05]
[4.2634229549681074e-05, 0.00012754403184312563]
[2.1923506891688427e-05, 5.707170115463317e-05]
[6.691648651545312e-05, 2.3328153839610732e-05]
[0.00014989111909849417, 2.8901065543575355e-05]
[3.31230179833053e-05, 6.661173139572985e-05]
[2.1281274990181398e-05, 4.821655036939265e-05]
[0.00012095263781378152, -1.7416286733601405e-05]
[8.25519422686799e-05, 5.019528498551029e-05]
[4.0962159409241305e-05, 0.00010846291979063963]
[5.0786944291725256e-06, 6.65670696139084e-05]
[9.537829118732438e-05, 5.0526848123275125e-05]
[0.00015527586022899553, 4.2604488922522166e-05]
[1.2526971507498263e-05, 6.712387234866779e-05]
[2.522289428874558e-05, 5.965535958031565e-05]
[0.00010481421369679111, -2.1566070261960085e-05]
[9.126005316251184e-05, 1.6843396378932174e-05]
[3.1871548688541806e-05, 8.85913633285329e-05]
[-8.981211816874723e-06, 6.542414745730474e-05]
[0.00013220232837239665, 5.5389814210174415e-05]
[0.000143471604370074, 5.4293566969952287e-05]
[7.209196062063494e-07, 7.202200093500699e-05]
[2.4792238448423376e-05, 7.337752988479523e-05]
[8.697247439790057e-05, -7.779024066761897e-06]
[0.0001125089982478289, -1.4663909059242641e-06]
[1.688160850601972e-05, 7.311962540167832e-05]
[-1.4972989812039872e-05, 5.719203770074288e-05]
[0.00015948356472461622, 3.801299467699054e-05]
[0.0001219568252143581, 5.387081774421015e-05]
[-1.8423477185641746e-06, 7.606474516309858e-05]
[1.918459410948925e-05, 8.52492463001564e-05]
[8.054585104555478e-05, 1.8466036071890235e-05]
[0.00013287802097494694, 3.601846423235966e-07]
[7.437147586664139e-08, 6.540914062163478e-05]
[-1.0877050568902646e-05, 4.749393472562591e-05]
[0.00016477716621847438, 1.0522344868167666e-05]
[0.00010264829696162575, 3.98111620451419e-05]
[2.3063438109906242e-06, 7.49449116694452e-05]
[1.0279142134337477e-05, 9.154894245017638e-05]
[9.040188336748023e-05, 4.4088752010881804e-05]
[0.00013933574550900607, 1.6721407231037877e-05]
[-1.3264248948929858e-05, 6.595117432550701e-05]
[1.6858925795393276e-06, 4.185114248131047e-05]
[0.00014760672739597136, -1.0337435017486463e-05]
[9.444879629910696e-05, 1.935240751078926e-05]
[8.637581243642334e-06, 6.67267027469054e-05]
[1.8870998357636837e-06, 9.044432438529149e-05]
[0.00011049753361960096, 5.6810928884876155e-05]
[0.0001264879241857711, 3.474423584133579e-05]
[-1.8354231105771612e-05, 7.202287144851549e-05]
[1.8235956332685044e-05, 4.371368447176477e-05]
[0.00011882999293749696, -1.2728473335908708e-05]
[9.81392295817396e-05, 3.4169193973837553e-06]
[1.2333283537904749e-05, 5.265842507625601e-05]
[-1.6657685022875013e-06, 8.285184585934968e-05]
[0.00012804232661328685, 5.265681768113449e-05]
[9.92433653954905e-05, 4.167271248106327e-05]
[-1.2788540266921167e-05, 7.826908386417142e-05]
[3.316353605066491e-05, 5.3201892138733664e-05]
[9.37162230687516e-05, 4.251590615997336e-06]
[0.00010653278133720967, -3.471596319026826e-07]
[1.03864998652059e-05, 3.682682085021788e-05]
[2.6933589143129932e-06, 7.23995528730953e-05]
[0.00013158092617518435, 3.804017776842111e-05]
[6.958742865876069e-05, 3.1799505328777844e-05]
[2.0028000025131e-06, 7.845847609593698e-05]
[4.196735362570203e-05, 6.703970104837004e-05]
[8.319945654658434e-05, 3.120630180802886e-05]
[0.0001094599079872749, 7.910293749580077e-06]
[3.2077645874817318e-06, 2.438204883463413e-05]
[1.5184304216819822e-05, 6.428228552546322e-05]
[0.00011788860654203537, 2.548042435023684e-05]
[4.964859068933014e-05, 9.026410363766058e-06]
[2.059309062591927e-05, 6.815648248195347e-05]
[4.320886910746079e-05, 7.992326183975731e-05]
[8.847031131622995e-05, 5.4770533471207306e-05]
[0.00010026728313163036, 2.072755358926287e-05]
[-5.328822902606056e-06, 1.887415120629954e-05]
[3.249157796089697e-05, 6.314033459831926e-05]
[9.361319052500483e-05, 2.589332794520477e-05]
[4.524283693110864e-05, -1.6078600934402165e-05]
[3.53492442779213e-05, 4.7242982512629705e-05]
[3.9219675128619735e-05, 8.69743412252183e-05]
[0.0001016563687974148, 6.543878899125527e-05]
[7.981829135576823e-05, 2.821674560761489e-05]
[-9.84425305922132e-06, 2.0076915170461063e-05]
[4.8654273693410355e-05, 7.069654520180241e-05]
[7.10210731429961e-05, 4.2252467215758704e-05]
[5.348652988704239e-05, -3.260849050570891e-05]
[3.9820687564723345e-05, 2.0765920481752298e-05]
[3.496404178478241e-05, 8.621641219098974e-05]
[0.00011152445044517248, 6.22454336312965e-05]
[5.5754529201725717e-05, 2.4138148131038623e-05]
[-6.631923866406986e-06, 2.377832854687234e-05]
[5.753559343310566e-05, 8.436100397735125e-05]
[6.07551295438713e-05, 6.824750955153336e-05]
[6.542398599018728e-05, -3.515451296088549e-05]
[3.2180821043198415e-05, -2.8429909870817532e-06]
[3.537828438526791e-05, 7.970917014207823e-05]
[0.00011033124270155847, 5.198769353996491e-05]
[3.776800493832805e-05, 9.469520646315788e-06]
[3.7618103305783746e-06, 2.404864405934279e-05]
[5.590721912726235e-05, 9.785754909148042e-05]
[6.603415313936878e-05, 9.232884240559236e-05]
[7.165705407624623e-05, -2.5938858238212792e-05]
[1.6689448408407914e-05, -1.5729877440889828e-05]
[4.2506898340483046e-05, 7.248920002594916e-05]
[9.773061613715939e-05, 4.413145694082132e-05]
[3.194447438072123e-05, -8.459523275175518e-06]
[1.6340955397736723e-05, 1.6919815566323465e-05]
[4.551299006290074e-05, 0.00010398348944669344]
[8.148404303340989e-05, 0.00010435424228892598]
[6.746849243026432e-05, -1.248990097432734e-05]
[1.9476121304873306e-06, -1.4795485962781907e-05]
[5.4125719237074765e-05, 6.967167954496228e-05]
[7.986965293449444e-05, 4.4918951298552647e-05]
[3.753798413105858e-05, -2.0434077295974906e-05]
[2.4336194852245252e-05, 3.2675120569328198e-06]
[3.270993787476972e-05, 9.83159287287344e-05]
[9.680042333505036e-05, 0.00010083217700546099]
[5.46343398289198e-05, -2.7387873196352275e-06]
[-3.476425173454256e-06, -3.632965196995186e-06]
[6.486694627003131e-05, 7.32841952923724e-05]
[6.486089630788894e-05, 5.4206064499018325e-05]
[4.782703243202957e-05, -2.056455240254107e-05]
[2.338471304713652e-05, -1.1113485539976375e-05]
[2.550066377493554e-05, 8.185460653839516e-05]
[0.00010266441377751456, 8.600463730273206e-05]
[3.936742577453911e-05, -6.472598408913122e-07]
[4.259035684097551e-06, 9.176227001098103e-06]
[6.94014145802696e-05, 8.078491016659528e-05]
[5.777668448597728e-05, 6.647976082352347e-05]
[5.419579254173357e-05, -9.231738626710312e-06]
[1.4655249916506463e-05, -1.8642983437160837e-05]
[2.934331655105038e-05, 6.091456013018748e-05]
[9.538391517693867e-05, 6.870348199742443e-05]
[2.8118667416941745e-05, -4.748531094500574e-06]
[2.2023119984499254e-05, 1.4703111029669425e-05]
[6.586099230443399e-05, 8.636521059834663e-05]
[5.814407240381514e-05, 7.485548578255175e-05]
[5.084391676665745e-05, 7.635424231308696e-06]
[4.755773222259174e-06, -1.4620135332141238e-05]
[4.405667974405336e-05, 4.403744571736257e-05]
[7.793486034879393e-05, 5.728183882844351e-05]
[2.3935769800240148e-05, -9.974002116885927e-06]
[4.1406475693187006e-05, 8.664176650470534e-06]
[5.733966214648001e-05, 8.445847675309787e-05]
[6.101860106948187e-05, 7.529344504872415e-05]
[3.748514949680759e-05, 2.2130614636559076e-05]
[2.1479971232668538e-06, -5.586250104855361e-07]
[6.371873319496735e-05, 3.747811355091918e-05]
[5.742451613191535e-05, 5.562786926924593e-05]
[2.53475598899211e-05, -1.1205256041979528e-05]
[5.35130431474351e-05, -6.20456139505815e-06]
[5.034705264361783e-05, 7.340049542713112e-05]
[6.046977669962872e-05, 6.857332608248713e-05]
[1.885536074997668e-05, 2.8507458100424446e-05]
[1.2039692312754147e-05, 1.606786806643279e-05]
[7.98021095953505e-05, 4.1815512798727694e-05]
[4.0948840055843316e-05, 6.215867880891845e-05]
[2.7985444780331825e-05, -6.257893865865838e-06]
[5.405653546558531e-05, -2.1890123366372777e-05]
[5.095297708269941e-05, 5.691503121255104e-05]
[5.311181889711136e-05, 5.9259910263217974e-05]
[1.7590336652342775e-06, 2.563243709135382e-05]
[3.2862826313585086e-05, 2.5801031519757933e-05]
[8.58495198543946e-05, 5.1718526067456166e-05]
[3.230545613387703e-05, 7.171903495389875e-05]
[2.756243037252415e-05, 3.286320239340168e-06]
[4.568880097302608e-05, -2.9969029787281498e-05]
[6.089730168584717e-05, 4.231332370246976e-05]
[3.969754987513674e-05, 5.2739106255722534e-05]
[-8.422844272645835e-06, 1.677601177443866e-05]
[5.664655088804746e-05, 2.2666440874916614e-05]
[8.098552899631767e-05, 5.9085647627507565e-05]
[3.1043070554237495e-05, 7.877465745964596e-05]
[2.230845188182229e-05, 1.3487017034290172e-05]
[3.613370878108313e-05, -2.6654397611819425e-05]
[7.611669622742401e-05, 3.631308600112425e-05]
[2.4248616314448412e-05, 5.2284621519130964e-05]
[-9.915246608233064e-06, 7.342164643667215e-06]
[7.32702102627103e-05, 7.845069477409317e-06]
[7.018165695404227e-05, 5.774737164412902e-05]
[3.374576988402975e-05, 7.998849648039458e-05]
[1.3620426390456575e-05, 2.051325972415169e-05]
[3.328163570771869e-05, -1.493658780842011e-05]
[8.87583404053649e-05, 4.094117453847662e-05]
[1.16547694500313e-05, 5.770042047353874e-05]
[-4.6306334428869445e-06, 2.0709042383090792e-06]
[7.616495468522333e-05, -1.0763525476083224e-05]
[6.11186247303358e-05, 4.694438650836019e-05]
[3.6316416037494165e-05, 7.50937282668479e-05]
[4.913644790197416e-06, 2.2645273756269346e-05]
[4.028951736112507e-05, -2.524940541454024e-06]
[9.161950199094993e-05, 5.205605230267779e-05]
[5.282796629438313e-06, 6.589523545877385e-05]
[3.4042007010515185e-06, 3.1553445951383596e-06]
[6.606662466340785e-05, -2.2934162251997924e-05]
[5.955054729524234e-05, 3.151948097772361e-05]
[3.587979705814426e-05, 6.616742685450205e-05]
[-3.711175512108311e-07, 2.0860635289277063e-05]
[5.371844461250774e-05, 3.085593166897438e-06]
[8.240237209025669e-05, 6.150276031680058e-05]
[5.741495447339484e-06, 7.266050363476106e-05]
[1.0141124999890616e-05, 9.893721436733671e-06]
[5.055406738546653e-05, -2.189334291828604e-05]
[6.598057303264238e-05, 1.876490695492533e-05]
[3.157712810610003e-05, 5.616902800972823e-05]
[-4.3553524062267535e-07, 1.801179767119132e-05]
[6.582375405525878e-05, -6.824400106270057e-07]
[6.520783759532411e-05, 6.170946343419387e-05]
[1.1051800175479465e-05, 7.454338425626206e-05]
[1.3078481753484028e-05, 1.9597036405791246e-05]
[3.965034587552485e-05, -8.057354787358029e-06]
[7.562815304665294e-05, 1.3907556081353342e-05]
[2.4333157169903474e-05, 4.762771059137541e-05]
[4.239866392266589e-06, 1.7296825326612586e-05]
[6.950918861767241e-05, -9.941946178558536e-06]
[4.832432217906357e-05, 5.002330837558522e-05]
[1.774613205157531e-05, 7.003367372889618e-05]
[1.183586383107088e-05, 2.90105013889385e-05]
[4.0132677359416835e-05, 1.1439827897641308e-05]
[8.162124664742865e-05, 1.7015826281802093e-05]
[1.6100945729125016e-05, 4.189998692738506e-05]
[1.1317119885723148e-05, 2.0849086528551553e-05]
[6.281719905454342e-05, -1.686501847895927e-05]
[3.9598419443676036e-05, 3.021841710612594e-05]
[2.222833512785516e-05, 5.987063751305283e-05]
[7.843544384903908e-06, 3.55747745837548e-05]
[5.1919786728565204e-05, 2.703723133095498e-05]
[7.93683455365124e-05, 2.3181638955586947e-05]
[9.024296504359097e-06, 3.896821480063595e-05]
[1.7657494326389633e-05, 2.895456230270904e-05]
[5.017124288347885e-05, -1.4642231664219532e-05]
[4.211938880899213e-05, 1.0311956366804154e-05]
[2.1948163132473608e-05, 4.665858142717527e-05]
[3.517219975351926e-06, 3.8186701194153905e-05]
[6.85640897217215e-05, 3.2198881777242144e-05]
[6.93886584460443e-05, 2.5771440364650948e-05]
[4.693792538978947e-06, 3.7617068402232e-05]
[2.0519515527728238e-05, 4.0002601429722784e-05]
[3.965847585155058e-05, -1.7654772447098233e-06]
[5.272255591742825e-05, -1.965642544930063e-06]
[1.6212340485668997e-05, 3.402252626526908e-05]
[1.2610792460288067e-06, 3.739474390440645e-05]
[8.135129615878534e-05, 2.6788060254152174e-05]
[5.6901278656278434e-05, 2.0655710462259835e-05]
[3.553128132448985e-06, 3.5933566055926236e-05]
[1.8550582116215464e-05, 5.104795938033757e-05]
[3.8102470767173435e-05, 1.69838787024007e-05]
[6.408312710101671e-05, -3.34753108632152e-06]
[6.5168789905867275e-06, 2.5444489767253997e-05]
[2.5448939660888126e-06, 3.5060765632116686e-05]
[8.43927410772577e-05, 1.6523990032032976e-05]
[4.851849143895637e-05, 8.785461870233768e-06]
[4.617885685440082e-06, 3.213235986466653e-05]
[1.2351950952012303e-05, 5.881028383187756e-05]
[4.697984820938722e-05, 3.336315842458748e-05]
[6.902870475375411e-05, 3.535384307001843e-06]
[-3.7891737906248224e-06, 2.2969832391375733e-05]
[7.29353931527843e-06, 3.355109160894584e-05]
[7.766364161237993e-05, 9.11789093333698e-06]
[4.8155569577490454e-05, -4.417187340205464e-06]
[5.778315036307491e-06, 2.5526739775717788e-05]
[4.428277086347687e-06, 6.089508423449963e-05]
[6.161506913462261e-05, 4.0493952331147054e-05]
[6.446335095813827e-05, 1.212745814793692e-05]
[-1.0640664100156072e-05, 2.6202516072215687e-05]
[1.3859369498145369e-05, 3.464798503207897e-05]
[6.636953910199583e-05, 9.617300743197665e-06]
[5.467517688531598e-05, -1.2385661080249744e-05]
[4.798293969404677e-06, 1.7172984154441295e-05]
[-1.6091321683731064e-06, 5.688040901487279e-05]
[7.400871523664115e-05, 3.6736465277725956e-05]
[5.2677252408593264e-05, 1.5959061399006824e-05]
[-1.0973789083303098e-05, 3.2168873102825235e-05]
[1.973817696802882e-05, 3.859714688773941e-05]
[5.7330485245352114e-05, 1.776661129238022e-05]
[6.26328263749476e-05, -1.1350009586467286e-05]
[6.721641378215626e-07, 9.646000620840492e-06]
[-2.477860045035918e-06, 4.8772436350236203e-05]
[7.746465588275714e-05, 2.6378305316342165e-05]
[3.949837922492122e-05, 1.2228288702169354e-05]
[-4.317402917928398e-06, 3.64153654042812e-05]
[2.2848311537808363e-05, 4.3827015645151596e-05]
[5.479319902799984e-05, 2.8758680975529693e-05]
[6.555894196150214e-05, -2.509986621018756e-06]
[-5.429989116012557e-06, 5.784209045667926e-06]
[3.200617915588566e-06, 4.041698900721785e-05]
[7.022326623828956e-05, 1.6920585487162354e-05]
[3.0631826965193953e-05, 2.930462177169746e-06]
[6.665507789362091e-06, 3.507439165639954e-05]
[2.277395274961208e-05, 4.766809668804717e-05]
[5.821093086563062e-05, 3.660640882924282e-05]
[5.9723319095483784e-05, 8.766678513627557e-06]
[-1.0392713698959e-05, 6.930702519503118e-06]
[1.3973812403589303e-05, 3.588673094462747e-05]
[5.608235706244802e-05, 1.4755426365870537e-05]
[2.84768265433194e-05, -6.877345085129494e-06]
[1.7238292119858833e-05, 2.6929944631208513e-05]
[2.120478492944472e-05, 4.7859519618810575e-05]
[6.311824285980087e-05, 3.786780947482443e-05]
[4.615882858748088e-05, 1.6096389309949027e-05]
[-1.0723709427215566e-05, 1.1723435260097004e-05]
[2.5942349555163613e-05, 3.7484477629121105e-05]
[4.1899252800819964e-05, 2.1821323957491034e-05]
[3.1215893327163347e-05, -1.2371404930246188e-05]
[2.292679840586176e-05, 1.4271867670521965e-05]
[2.1127252579730693e-05, 4.405353942968371e-05]
[6.426632109751348e-05, 3.3466578072453845e-05]
[2.988785424362303e-05, 1.5620675604011147e-05]
[-4.725225406843059e-06, 1.63794941357015e-05]
[3.450188638411816e-05, 4.441017976367784e-05]
[3.3674605928374346e-05, 3.50226491788036e-05]
[3.445559571213508e-05, -1.1726682939826316e-05]
[2.1933338759994037e-05, 1.8531467263535172e-06]
[2.5050050394270773e-05, 3.8347114253392545e-05]
[5.891690595843935e-05, 2.7717369892946153e-05]
[1.699730498464294e-05, 7.897642927190418e-06]
[6.0500735661918326e-06, 1.6600387861467197e-05]
[3.667033846937659e-05, 5.2964102412501185e-05]
[3.3552114464034666e-05, 4.843332232443154e-05]
[3.4168318285024424e-05, -6.7977865939317095e-06]
[1.6191970141465895e-05, -5.647225162962177e-06]
[3.324782100302959e-05, 3.432144946355353e-05]
[4.831958341711129e-05, 2.5426297612478332e-05]
[1.1385765269017467e-05, -2.770900093165829e-06]
[1.7149396945480982e-05, 1.0148987037723878e-05]
[3.273234715655757e-05, 5.837456297133614e-05]
[3.9274152001146645e-05, 5.6722542592431424e-05]
[2.905924351574024e-05, -1.561779166221744e-06]
[1.0302695928221528e-05, -6.260922647119416e-06]
[4.3171889368739946e-05, 3.49697369302418e-05]
[3.669323047336692e-05, 2.89841960463659e-05]
[1.3010655773498803e-05, -1.0945743451826195e-05]
[2.3444951686824034e-05, -1.4611688246568555e-06]
[2.6168106130493307e-05, 5.73572488312829e-05]
[4.604635851388969e-05, 5.775734203138094e-05]
[2.1040687254610807e-05, 4.966052526431466e-07]
[8.84104656732193e-06, -1.8673877640040804e-06]
[5.058898407091228e-05, 4.069009417359548e-05]
[2.858254821933026e-05, 3.715215253254772e-05]
[1.841466950405768e-05, -1.2945905662798546e-05]
[2.207920400881802e-05, -1.3367809275893067e-05]
[2.17644924801752e-05, 4.9961900962236516e-05]
[4.942154316357056e-05, 5.309736995495057e-05]
[1.3767405273940742e-05, -1.5994645045577793e-06]
[1.3604611688658452e-05, 2.952245226374439e-06]
[5.1954689670917487e-05, 4.864671378579724e-05]
[2.63017553462086e-05, 4.604120104613474e-05]
[2.294601080712888e-05, -8.439499713186471e-06]
[1.4364132858740719e-05, -1.985177826105758e-05]
[2.2911172711220784e-05, 3.9565781567420244e-05]
[4.747029632401478e-05, 4.647975637531859e-05]
[1.0324621467529271e-05, -5.998126989578689e-06]
[2.250044196810269e-05, 3.7365004324314485e-06]
[4.66622881714774e-05, 5.4078512764387746e-05]
[2.8899774156529445e-05, 5.145656570640367e-05]
[2.3241249769517802e-05, -8.16973804787513e-08]
[5.350705229820174e-06, -1.7580831157812393e-05]
[2.9657747951855606e-05, 3.0928663100171505e-05]
[4.120995334294664e-05, 4.148882782087707e-05]
[1.150518167106207e-05, -9.359835250785653e-06]
[3.082838012916089e-05, -1.061424520120563e-06]
[3.773507724499567e-05, 5.294614264030051e-05]
[3.300994001276085e-05, 5.112264862468935e-05]
[1.8627475328658605e-05, 8.283034621289764e-06]
[1.1443649991921268e-06, -7.675766596673683e-06]
[3.872830084673817e-05, 2.741313896348352e-05]
[3.342552804147525e-05, 3.9821656597518323e-05]
[1.5571068348499417e-05, -8.880101666719487e-06]
[3.422671646105546e-05, -9.064097330258036e-06]
[3.038156149985649e-05, 4.439681413287433e-05]
[3.483963072574078e-05, 4.560864831148169e-05]
[1.0922178920690778e-05, 1.3658588928570567e-05]
[5.4557470731061986e-06, 4.729890767163347e-06]
[4.553181217063773e-05, 2.90376692841654e-05]
[2.6870225944303217e-05, 4.093146597233116e-05]
[1.9421449634932086e-05, -3.778505404016669e-06]
[3.146224312050583e-05, -1.5432546308268708e-05]
[2.9130516626771352e-05, 3.1515264245426944e-05]
[3.2067205183415604e-05, 3.769291325929694e-05]
[3.0641581331598833e-06, 1.5089856286280845e-05]
[1.74288400425094e-05, 1.3285538456073165e-05]
[4.697005571532159e-05, 3.2567724765061173e-05]
[2.294013135931139e-05, 4.289639698153158e-05]
[2.0325140726210056e-05, 4.466026169672177e-06]
[2.5290430945887343e-05, -1.5934372431108956e-05]
[3.519661850000244e-05, 1.9792563898862747e-05]
[2.471049947812276e-05, 3.0784693525000295e-05]
[-2.474462392605681e-06, 1.3608001417364513e-05]
[3.20824680701097e-05, 1.397155312737354e-05]
[4.331880056211712e-05, 3.3610702569825124e-05]
[2.1380097645996854e-05, 4.37381996901548e-05]
[1.722428865750386e-05, 1.3047966275388234e-05]
[2.0794357659115192e-05, -9.705919999797308e-06]
[4.567393793919461e-05, 1.4121897492695799e-05]
[1.4772739370727539e-05, 2.736451169239179e-05]
[-4.664988246638746e-06, 1.1267689284527593e-05]
[4.313839365750055e-05, 7.299778188168959e-06]
[3.800618166291403e-05, 2.9427796590035527e-05]
[2.087023252041187e-05, 4.2395576554443704e-05]
[1.1040080173919942e-05, 1.9258978784134767e-05]
[2.220043873116251e-05, 4.980668701082269e-08]
[5.510029046314202e-05, 1.6063474878619255e-05]
[5.12470905007778e-06, 2.814360165833557e-05]
[-3.992025945614985e-06, 9.981395689008521e-06]
[4.6558001197100074e-05, -2.1370109319039654e-06]
[3.541391522254855e-05, 2.0710203788576464e-05]
[1.9930752079285602e-05, 3.8988514361166723e-05]
[4.039024925822643e-06, 2.1634192679004238e-05]
[3.0151114438405763e-05, 7.911317755349145e-06]
[5.8510769886617464e-05, 2.3002878584879594e-05]
[-1.7010443000703424e-06, 3.209590295913389e-05]
[-1.8545557057964013e-06, 1.0741137905472507e-05]
[4.268427385953344e-05, -8.463149351470214e-06]
[3.806828809230223e-05, 1.1200585439533062e-05]
[1.762410970220646e-05, 3.4496893014393515e-05]
[-1.2530393165774423e-06, 2.0381224233562145e-05]
[4.115250766166707e-05, 9.516658469922029e-06]
[5.418946356412768e-05, 2.9706358822803938e-05]
