[-453.9298339328185, -1087.5158073580192]
[22.49107475689926, -3.7910018011074467]
[20.361322754514884, -2.8968920636872113]
[-0.5552672710618556, -3.857635720741965]
[-0.19136722982145304, -3.9169529009492408]
[2.275085379708325, 0.06716774266713355]
[1.679600498895585, 0.11598764344601431]
[-0.1610698590253432, -0.9900324158166214]
[0.07836672000484679, -0.9051673819284769]
[0.9059100611526045, -0.07608223425759952]
[0.4694077303464925, 0.025678798818080217]
[-0.0730833507591242, -0.39226917043905907]
[0.06863593292379822, -0.4607819398994968]
[0.5057250380249458, -0.060074210510761006]
[0.18265017229715808, 0.020753111213289266]
[-0.06830706011141441, -0.2161850902658804]
[0.055086465841738264, -0.24513874845012928]
[0.31939252950986097, -0.049726056203065916]
[0.09995470543994767, 0.016311816318997252]
[-0.03976335641194817, -0.1277181921983468]
[0.05077207552149243, -0.15043934166790773]
[0.2173562206590285, -0.03525829739590858]
[0.042344342984606875, 0.003879114921446991]
[-0.024885737298188104, -0.07181899859046936]
[0.04004728171557215, -0.09800673248159697]
[0.15969894670712248, -0.0382978215996479]
[0.01955487168818637, 0.006154366463658967]
[-0.0146104279120296, -0.04479754010941761]
[0.03828507328282127, -0.06993804077850196]
[0.12511706405674072, -0.03544880112189652]
[0.011085960159045172, 0.0017317279884796477]
[-0.011330392208045326, -0.026739923342987026]
[0.028780156035961735, -0.04941425587024817]
[0.09455960043896627, -0.031140184665992443]
[0.003170056442089564, 0.0014201276113601224]
[-0.005615968214376876, -0.0158344160134547]
[0.0252267447381902, -0.03290594903169275]
[0.07569514186555304, -0.029092050282503834]
[0.00043499697055793263, -0.0014738521860344633]
[0.00010342777846691908, -0.005170610986446]
[0.02175865267173327, -0.026160159854223153]
[0.06108215491174304, -0.02786346220035707]
[-0.0021171477201233913, -0.001876996901936323]
[0.0008880103404068779, -0.000515791293580925]
[0.017779579748921748, -0.018225802997304363]
[0.050324490947739546, -0.027024796425725306]
[-0.0006244119093952172, -0.0013442527450786557]
[0.0029754247043168036, 0.0028099784157404883]
[0.014830168632769869, -0.013253079105455257]
[0.0409761775699054, -0.023209771102767007]
[-0.001437815120236774, -0.0032546086936857677]
[0.004515657705938425, 0.005928744444575251]
[0.011437730419506131, -0.009216657781002446]
[0.033408813247022606, -0.022157759702435165]
[-0.001368132650830578, -0.0028608423985421183]
[0.0065139473817830695, 0.007228798547988191]
[0.010584892809051727, -0.006867366174934553]
[0.028570045984291248, -0.02082411285350627]
[-0.0001667161746468082, -0.003076330016903217]
[0.0064702473714551845, 0.008435420949965966]
[0.00787316807147942, -0.005318386587111146]
[0.02327025845198638, -0.018693994776021405]
[6.0935300839837225e-05, -0.0024478550477375904]
[0.006731025047105543, 0.008091411777677138]
[0.006094820351214558, -0.0030587221243205676]
[0.01960822648676308, -0.016580697427404978]
[0.0009050691629814978, -0.0028205860348404777]
[0.008109621796704825, 0.008479028206992645]
[0.005089639169803206, -0.002734829727333299]
[0.016071344446767055, -0.014837235576520946]
[0.0007695999294510258, -0.0027199701757067984]
[0.008112964192758865, 0.008073008306501706]
[0.004013581108551101, -0.0018790935016079757]
[0.013393793165868972, -0.013972241403239494]
[0.0015920120000698645, -0.0016438029760608153]
[0.008255552759751872, 0.0074863930627850905]
[0.003182617268286947, -0.0016282474529938362]
[0.011159747057600145, -0.01175526702076013]
[0.0017611614807888643, -0.0017271530556794978]
[0.008230948989551568, 0.007050647245756103]
[0.0019005513862486723, -0.00130479577558118]
[0.008849606309471847, -0.01031687863746722]
[0.0017195253048809533, -0.0012978535330794294]
[0.008873133775697317, 0.006131455790776563]
[0.0019626549779969693, -0.0010997475144831625]
[0.007360460719799233, -0.009302998667826579]
[0.001958813219204103, -0.0010163410996648636]
[0.008815881354522936, 0.00582132388242762]
[0.0014705200883238234, -0.0013992759076870698]
[0.005654511627863457, -0.008193762306779817]
[0.0016799540839897986, -0.0002620343748440668]
[0.008397206369906707, 0.005015834521397977]
[0.0009478366325064158, -0.0011319290595093179]
[0.004678002723787378, -0.007035427645746495]
[0.00184846662425997, -1.4689002236778492e-05]
[0.008686318066996268, 0.004485202093649221]
[0.0008409321318563201, -0.0013951796889086765]
[0.003577375088748891, -0.005859230660861137]
[0.001436554774208787, 2.1056128276519814e-06]
[0.008537976490819776, 0.003873247344539976]
[0.0008027695017167602, -0.0012818910297571762]
[0.0026276808726857226, -0.005489279727897589]
[0.0012707780981964234, 0.0006884009261156621]
[0.008363478981048278, 0.0033637732768738715]
[0.0009654865634729504, -0.0014008549374295853]
[0.0021250403579711197, -0.004587447610222561]
[0.0010145723703116616, 0.0008580415042698242]
[0.007880828705152165, 0.0030726525084796563]
[0.0006000236612893062, -0.0014988284019648024]
[0.0015459216737583326, -0.0038031455046958484]
[0.0006792135024005219, 0.0010782427702187292]
[0.007784319817795815, 0.002351108790046297]
[0.0008636262336141343, -0.0013070243966748496]
[0.001269127304319273, -0.003264382891434714]
[0.0005391750524852412, 0.001088064785298437]
[0.007589935608574017, 0.0020568312699857927]
[0.001047008576440689, -0.0013781034500461864]
[0.0007572345058530772, -0.0027716733077634004]
[2.3056417289168962e-05, 0.0013777651911728306]
[0.007002480376474551, 0.0016667405221246767]
[0.0010339850219232005, -0.0011699034856418322]
[0.0006941641197886206, -0.002320549329191124]
[-8.755794238002323e-05, 0.0015431933659502128]
[0.006759997979479682, 0.001328151525166632]
[0.0011238542766074389, -0.0011900935440969374]
[0.0006238318573990043, -0.0016095334397099315]
[-0.0003490147674893862, 0.0013244769994853467]
[0.006394031092434194, 0.0008870823545450435]
[0.0011798856417835069, -0.0008929288598695795]
[0.000372244863809712, -0.0013551410584087265]
[-0.0005617609029089365, 0.0014594881046998687]
[0.006144759856611781, 0.0004937170127612411]
[0.0014744924022851436, -0.0006430786061263349]
[0.00034348506722148286, -0.0009472019830401024]
[-0.0007656141791905213, 0.0013973792861649015]
[0.005682767846105108, 0.0004077665002575337]
[0.0013580321094606163, -0.0005548473544506605]
[0.00028848509282219936, -0.0005297431898139138]
[-0.0009527758793224095, 0.0013798155179014504]
[0.005359284258258601, -2.0500885001162317e-05]
[0.0014340906310295054, -0.00021557859543097635]
[0.00039936501001758273, -0.00020439848699416174]
[-0.0008714333963011356, 0.0011716109293132826]
[0.005172833088501694, -0.00027536075847489627]
[0.0015520595558662365, 1.692263879382594e-05]
[0.0002161713793435993, 0.00011190700168439704]
[-0.0010916743742823698, 0.001064911729984519]
[0.004768932069721732, -0.00046551836462649376]
[0.0015462813203237502, 0.00037774588956657196]
[0.0002251422887700194, 0.00024894844525169546]
[-0.0010938119892935916, 0.0010656998898116443]
[0.004536020960114406, -0.0005644828539543845]
[0.0015760112725740072, 0.0004980313098373323]
[0.00037026072437296165, 0.0005840433170982706]
[-0.0010475546215742426, 0.0008104844526154731]
[0.00419286373233696, -0.0007357536159959821]
[0.0014675406634800936, 0.0007689336735241387]
[0.0003289006070574807, 0.0007052393329924911]
[-0.0009725203452637388, 0.000742435302174823]
[0.003980625110651115, -0.0009779503614248952]
[0.001571093465005724, 0.0011078864176360254]
[0.0003564617538045489, 0.0008498358249413585]
[-0.0009173502200372496, 0.0005877547371789527]
[0.00368993504732984, -0.0008995184685902657]
[0.0014719010692649803, 0.0012103039559413775]
[0.0003649301070414168, 0.0009723247000188451]
[-0.0009166663238673323, 0.0005417119816675808]
[0.0033679595846609622, -0.0009941799176842459]
[0.0014010725627633391, 0.0013934429170944784]
[0.0005737646169641231, 0.0010218042842646824]
[-0.0006353323070404926, 0.00043450146367601805]
[0.0031512572851348786, -0.0010775485937992713]
[0.0013623091320962288, 0.0015043304667669566]
[0.0005821880945773295, 0.0011631034910855043]
[-0.0005478804988614527, 0.0003105734809992766]
[0.0028169718734889493, -0.001133682480517706]
[0.001251242686448606, 0.0017217030515987997]
[0.0005960244014144855, 0.001144878828382101]
[-0.0004276446782220944, 0.0003314447168836221]
[0.0026219260203133032, -0.001096247371298542]
[0.0012327404397751707, 0.0017260343234862807]
[0.0007740589172238188, 0.0012223281012420095]
[-0.0002565328321249005, 0.00022883897655368024]
[0.002312890920781463, -0.001059521016595566]
[0.001067402885640778, 0.0017190013649976965]
[0.0008537769411267604, 0.0012128808862377216]
[-4.830686318202382e-05, 0.00025591682730241594]
[0.002065265066251154, -0.001191100248296717]
[0.0010247165674335257, 0.0018412634559843433]
[0.0009409062768259702, 0.0012444296332492222]
[0.00015164868064410086, 0.00019609065344650123]
[0.0018613738211961106, -0.0011127112521105431]
[0.0009203858317103908, 0.0018069055225655717]
[0.0009358606769271915, 0.0012769566372297092]
[0.00019642969069533223, 0.00019694475765463793]
[0.00162938481439312, -0.0010820493448222557]
[0.0008399026018532929, 0.0017839441810036938]
[0.001088021255293281, 0.0011921633826441624]
[0.0004341775428686745, 0.00023119628725210006]
[0.0014667386517497327, -0.0010674128783498826]
[0.0007933855729573835, 0.001684658459472299]
[0.001154970116553855, 0.0012203544473776695]
[0.0005818886074240304, 0.00020309819386676864]
[0.0012167473936970374, -0.0010723724008785407]
[0.0006647178986174396, 0.0017090601511215997]
[0.0011292734628396417, 0.0011686125658647573]
[0.00067860696419908, 0.0002530689613859938]
[0.0011231070549850841, -0.0010309978129410258]
[0.0006709445759325305, 0.0016421790303970951]
[0.0012005281405254031, 0.0011448915602607634]
[0.0007630969573222401, 0.00021245413075932085]
[0.0009803652788566986, -0.0009033090342808192]
[0.0006037522718460586, 0.0014914497771914004]
[0.0012239682094552506, 0.001041547188580405]
[0.0008523704928391496, 0.0002879087750653486]
[0.0008174566765672964, -0.0009216088720088722]
[0.0005871319486931981, 0.0014604666553110768]
[0.001281879107347006, 0.0009691820772201876]
[0.0009856798099772135, 0.0002983037706951741]
[0.0007130757286972766, -0.0008375802885348671]
[0.0005428475873445748, 0.0013663840334354749]
[0.0012319356980405871, 0.00095729810902212]
[0.0009513577750643876, 0.00028350783009378766]
[0.0006093190220815003, -0.0007575218559893182]
[0.0005294315533954652, 0.0013012227960540468]
[0.0012639106881473516, 0.0008124561071854997]
[0.0010091769536053619, 0.0003292203517806236]
[0.0005652075207511764, -0.0006710922870560854]
[0.000579711340393807, 0.001154593394167458]
[0.0013051345078780585, 0.0007357442748880394]
[0.001047762217079029, 0.0003364073468485884]
[0.00040587715326223517, -0.0006029116534000956]
[0.0005143567759908763, 0.0010940343887679838]
[0.0012702203682524171, 0.0006485518218309894]
[0.001057497904929594, 0.0003882093980640544]
[0.00035410384756140445, -0.0005675486411531594]
[0.0005376646262269524, 0.0010466452916639835]
[0.001289641967128663, 0.0006054905546898359]
[0.0010547168212169389, 0.0003357594002901809]
[0.0003230947644685678, -0.0004429879529468661]
[0.0005422362086981991, 0.0009198378997061774]
[0.0012604849276920405, 0.0005000663486471046]
[0.0010216762860921769, 0.00037248469288631014]
[0.00024203793582167066, -0.0004130855248744153]
[0.0005656309008745808, 0.0008724336277858846]
[0.001291831966377277, 0.00038855483978037647]
[0.0010763755239540096, 0.00040505616086816687]
[0.00018386633887512716, -0.0003461828772215597]
[0.0005432136529748277, 0.0007921308211891187]
[0.0012557686774608001, 0.0003904901849057299]
[0.0010324526860707728, 0.0003683472114690556]
[0.00012830676542563424, -0.0003012893545583095]
[0.0005110016837379661, 0.0007715412465063576]
[0.0012298803476769038, 0.00030692807511478737]
[0.0010294015386569377, 0.00036520342155044183]
[0.00016184208804759237, -0.0002572470627075496]
[0.000572128717555298, 0.0006987891641945243]
[0.0012271658977662803, 0.0002426275264860167]
[0.0010264152922327963, 0.0003443977060895165]
[9.404703286097771e-05, -0.00019115303159311647]
[0.000530539130082941, 0.0006494062675672652]
[0.0011753583362144049, 0.00017331410041404594]
[0.0010181499004535688, 0.0003829317183092762]
[6.322728783692e-05, -0.0001847813037970103]
[0.0005143497852679868, 0.0006446261081707316]
[0.0011738155590377275, 0.0001616738992669675]
[0.0010342992574674525, 0.0003212699378780659]
[8.887511693123074e-05, -0.00012090070820081067]
[0.0004986845231809145, 0.0005873365026622945]
[0.001107639327889931, 0.0001222573423843576]
[0.0009945933736001944, 0.00029718596615002646]
[8.497689475817083e-05, -0.00010567681799450446]
[0.0005145439487739267, 0.0005837225815372715]
[0.00108388973229534, 2.1103915774312032e-05]
[0.0010232210426885935, 0.00032282785860227037]
[8.252104326267329e-05, -5.178142484080217e-05]
[0.0005037092312456526, 0.000528532277380922]
[0.0010487994276742185, 1.5831325084758596e-05]
[0.0010059863803739688, 0.00029902127421332914]
[4.6401706631282735e-05, -1.2952280591949084e-05]
[0.00044020778312203745, 0.0005155275536226078]
[0.0010089561411907866, -2.7358343053229817e-05]
[0.0010148286935416362, 0.00028966957875886656]
[0.00010016319111905148, -3.0027946847921427e-06]
[0.0004742435911164744, 0.0004868564490412286]
[0.0009854499278012518, -6.947629944409339e-05]
[0.0010187627799740362, 0.0002587541946643679]
[9.50492560309879e-05, 5.689611833525898e-05]
[0.0004578570661710746, 0.0004392409252178542]
[0.0009202524714793103, -0.0001376625719329283]
[0.000998178003752681, 0.0003088869561160834]
[7.092174971257137e-05, 7.739592176414511e-05]
[0.00043960603715875735, 0.00041533165668350414]
[0.0009256949265539216, -0.00016535986333443553]
[0.0010285586980677275, 0.0003015835706501324]
[8.827656497434333e-05, 0.0001251237993258325]
[0.0004120325152318083, 0.0003452466960820466]
[0.0008846249256642125, -0.00017059262796703667]
[0.0010114892533583664, 0.0002833511557900348]
[9.425601210111267e-05, 0.000125627866114697]
[0.0004159629199216308, 0.0003305879228387987]
[0.0008473061829519235, -0.000245819512560308]
[0.001025249376150894, 0.0003200073860862851]
[0.00011695323927107815, 0.00016009543651340774]
[0.0004355689595325618, 0.00026554134485734515]
[0.0008180198134530858, -0.00026184849373667163]
[0.0010052837198967213, 0.0003334455458692265]
[8.569738534469629e-05, 0.00020593769393495442]
[0.0003856373913833089, 0.00020654724424695736]
[0.0007912406562280427, -0.0002885151564132604]
[0.0010090381064038478, 0.00035979766759264287]
[0.0001187899874814935, 0.0001946751343788744]
[0.0004031901505077151, 0.0001619883315282511]
[0.0007794003967609431, -0.00029943511848562476]
[0.0010203503320462826, 0.0003391711123976737]
[0.0001437724223505299, 0.00021884646490755166]
[0.0004090689559268501, 0.00010706094897217078]
[0.0007031465749747223, -0.0003335514185855981]
[0.0009756927116297831, 0.0003770740551716223]
[0.0001465382116201397, 0.00022835182718294877]
[0.00042025892655889185, 7.221283021330294e-05]
[0.0006862049327425179, -0.00036437464419525334]
[0.0009723282696100233, 0.0003973321423089704]
[0.00017599759409048232, 0.00026525355055473376]
[0.00041870991810172287, -1.2760139074030619e-05]
[0.0006556794082139827, -0.00035102749205229156]
[0.0009439392461327301, 0.0003817135154606799]
[0.00019174923693188184, 0.0002528279542088896]
[0.00042443408843512165, -3.586579226722009e-05]
[0.0006053657390032718, -0.0003872750708237005]
[0.000929345470335019, 0.00039559778080366925]
[0.000246194407248268, 0.0002508536855770904]
[0.000475377589589987, -7.315237588834123e-05]
[0.0005526980662503567, -0.0003917950513130375]
[0.0008732511278495558, 0.0003878061585051995]
[0.0002570777142578695, 0.00029276960427015997]
[0.0004725504283028814, -0.00012688049808584623]
[0.0005045107126527837, -0.00041150785733312656]
[0.0008240963035365256, 0.00040543384337388133]
[0.0002930856937982673, 0.0002847586531280477]
[0.0005041665689622665, -0.0001642779857027321]
[0.000495173113397529, -0.00041301372239688217]
[0.0008104640270561181, 0.0003751184073808034]
[0.00033339494014550386, 0.00028737773247411447]
[0.0005276134630130547, -0.00019888600823869673]
[0.00042117521531126467, -0.00041236409788714123]
[0.0007396887759887893, 0.0003668518181392244]
[0.0003566838272759387, 0.00027727282339218284]
[0.0005596515229571719, -0.000198247333053847]
[0.0003796518601750787, -0.00043077783658296287]
[0.0006886586384284576, 0.0003640888460789693]
[0.0004018002942810517, 0.0003032404587361981]
[0.0005891602631270323, -0.000253044477091402]
[0.00035551780939035993, -0.0004109724562499917]
[0.0006310185924499334, 0.00033291966994652977]
[0.0004119808412711423, 0.0002936944726966706]
[0.0005933057795793027, -0.0002672024368867154]
[0.00032251654663806306, -0.0004174344664351626]
[0.000601162035152307, 0.00032264656975844463]
[0.0004531725334133152, 0.00025807014449386045]
[0.0006331373596408698, -0.00026276862626117836]
[0.0002832326504969007, -0.00039035026526557104]
[0.0005444485487645289, 0.00028036154926780466]
[0.00047327035723948585, 0.00026829296149066817]
[0.0006355300785399406, -0.00027433562524159516]
[0.0002326914493244736, -0.0003775394347167449]
[0.00047355659086210575, 0.00026745664339988817]
[0.0004985890183737962, 0.00024932282735834477]
[0.000655360802939986, -0.0002801233085916177]
[0.0002369200030339913, -0.00036240838335593883]
[0.0004576620033095932, 0.00023082080308489683]
[0.000522329050733572, 0.00023060544384800874]
[0.0006571265975688287, -0.00029062933244050626]
[0.00019830692655997684, -0.00032306284529004525]
[0.0004116047617447882, 0.0001947108426715305]
[0.0005263663686776443, 0.00018693173994094314]
[0.0006524933961632312, -0.0002504942160981849]
[0.00016273402176864016, -0.00030111057453974244]
[0.00037356251737925145, 0.00016577737234629852]
[0.0005648717451247065, 0.00017561035207969145]
[0.0006637039213527735, -0.0002531691830360838]
[0.00014556533259960092, -0.00025751088032116565]
[0.0003266694079507096, 0.00011690058585456242]
[0.0005675632152731813, 0.00016160830160233397]
[0.0006446505148980583, -0.00024806219416462216]
[0.0001305948983602867, -0.00024293729587954171]
[0.00031192584132667955, 0.00010049783841165061]
[0.0005796951735262124, 0.00011046313454579626]
[0.0006451060611207815, -0.00021836838934224945]
[0.00012039050156321951, -0.0001976928824438673]
[0.00029588344525170035, 5.2073643861422214e-05]
[0.0005843110639754401, 9.405239788701225e-05]
[0.0006181785211152244, -0.00019673523950664018]
[8.114412806559113e-05, -0.0001570176385074229]
[0.0002465623604704231, 2.1256543801612127e-05]
[0.0005948666207612335, 6.767715716807232e-05]
[0.0006129506204128332, -0.00017267117832653334]
[8.923623041831585e-05, -0.00014029416056594857]
[0.0002406829370764571, -8.061854532462331e-06]
[0.0006038001493350112, 5.473217288470833e-05]
[0.0006010290035439389, -0.00017586619242547508]
[8.331167666804015e-05, -0.0001050156438629421]
[0.00022362321978318736, -3.316419336643617e-05]
[0.000576436190784688, 1.863397487279761e-05]
[0.0005662750988319962, -0.00013675746998254024]
[7.310855698024546e-05, -7.99541190375291e-05]
[0.0002149846183513971, -4.913896595094098e-05]
[0.0005852319054836345, -3.2255584164198048e-06]
[0.0005558203875727103, -0.00012014896809018141]
[7.373553657951878e-05, -3.6939051338877316e-05]
[0.0001900644642551519, -8.896082486688217e-05]
[0.000574953735322653, -5.3027890382501e-06]
[0.0005304546160307989, -0.00011682227378526089]
[7.374717093793642e-05, -3.1027115109244496e-05]
[0.00018070974528568845, -8.630878856280555e-05]
[0.0005587240464434706, -3.6424063375672944e-05]
[0.0005203018884675434, -0.00010086434640022013]
[9.527182462826245e-05, -8.499779904885818e-06]
[0.00019088689094567957, -9.979954652081235e-05]
[0.0005328312557004306, -4.6253398060969175e-05]
[0.0004816958616289668, -9.27573472286336e-05]
[8.630980349873252e-05, 3.0400346476583406e-05]
[0.00016801825624410127, -0.00011345510475735399]
[0.0005154833209886495, -6.865221633445273e-05]
[0.000460866357938558, -7.08237825165492e-05]
[0.00010204379873944569, 4.176109491788038e-05]
[0.00016973110927948065, -0.00012381067013722546]
[0.000514599858264346, -7.30779803652104e-05]
[0.0004553022622020564, -8.176168469709033e-05]
[0.0001133975522821587, 5.958510998599342e-05]
[0.00016232243373170974, -0.00012755049767870785]
[0.0004722503717871293, -8.732249356441235e-05]
[0.00042093625778924504, -6.803176474284856e-05]
[0.0001207810392691161, 6.87444198501086e-05]
[0.00016722100298172116, -0.00011629898498644042]
[0.00045615840394439694, -0.00010665586766306356]
[0.0004024709034055052, -5.7474291549675094e-05]
[0.00013552583903370108, 0.000104610077941103]
[0.00016137141673980282, -0.0001426706764767749]
[0.00044289427260366804, -0.0001057934021661544]
[0.00037932059885470437, -5.6816136208781565e-05]
[0.00013259753292931692, 0.00010948392456555656]
[0.00014875488554649818, -0.00013970520837508493]
[0.0004291696736910197, -0.00012323704699096494]
[0.0003791354691930482, -4.571778672024518e-05]
[0.00015179109482606548, 0.0001084211426211068]
[0.00015774848568561595, -0.00013715049580564909]
[0.00040458705775240494, -0.00011900298191902525]
[0.0003541125449741389, -4.9127235591417406e-05]
[0.00015149902536896326, 0.00013208500053396577]
[0.00014285906025951478, -0.00014247781876458587]
[0.0003790712894139248, -0.00013075977360021973]
[0.0003298726653319095, -2.9496680412521847e-05]
[0.00016189042597147298, 0.00013838729506998604]
[0.00014425280799779117, -0.0001533067515022135]
[0.000385702499637066, -0.00013329074729240276]
[0.0003347663747482743, -3.0201906370153075e-05]
[0.00016634207080008095, 0.0001454856100815416]
[0.00013115889845682904, -0.0001651938755232174]
[0.00035918422496093727, -0.0001291228028080793]
[0.0003187967489629018, -2.12344997612135e-05]
[0.00016610532494988617, 0.00013496508420118847]
[0.00012509368091773165, -0.00014969738662029553]
[0.00034006898361849114, -0.00013351591563648402]
[0.00030762434647579884, -1.2332998033437459e-05]
[0.00018505905798307798, 0.00015243722025115591]
[0.00012421926442074405, -0.00016932018559884243]
[0.0003259088713546965, -0.00012534990175472327]
[0.00028554515260681423, -1.0404799737517845e-05]
[0.0001824136553882083, 0.00015888739591507495]
[0.00011039836898152355, -0.00017825216843470049]
[0.000316613998532736, -0.00013687631586767335]
[0.0002876309386083964, 8.582835223092111e-06]
[0.00019333223331130522, 0.00014714422357275936]
[0.00011289646897938432, -0.00017855291945212404]
[0.00030160136626802836, -0.00012446379130381935]
[0.00027623200131154935, 5.648958336879062e-06]
[0.00019648763661528346, 0.00015617017495195284]
[9.902988092935772e-05, -0.00018000342196022867]
[0.0002688295561101839, -0.000122629897774007]
[0.0002457916911828839, 1.852443621952471e-05]
[0.00021157354820663943, 0.0001584558506122491]
[0.00010677610236786705, -0.00018514539498704075]
[0.0002670107763209917, -0.00012842197769158403]
[0.00023893858999857187, 2.41945367972507e-05]
[0.00022201524543824513, 0.0001696735393031945]
[0.00010593257570845616, -0.00020400846541568374]
[0.0002477242440711569, -0.0001250864624843251]
[0.0002199107343192619, 3.605404524431588e-05]
[0.00021673974300773224, 0.00015980853645747306]
[0.00010064099535012083, -0.00019105806671193548]
[0.00022828287894460786, -0.00012578514245020767]
[0.00020466095084770153, 4.619545246570267e-05]
[0.00023691906788381178, 0.00016627411526393132]
[0.00010987973013976138, -0.00019751959631497673]
[0.0002090535037626573, -0.00011374753316950592]
[0.00017103995777134617, 4.2618683178619055e-05]
[0.00024276736305584024, 0.00017773309212354427]
[0.00011198630409492427, -0.00020440620983008806]
[0.0001935656635775329, -0.00012694306770399955]
[0.00015318803985631124, 6.362923841074508e-05]
[0.0002509537611755652, 0.00017064240385133989]
[0.0001264576293640296, -0.0002045223876222524]
[0.00018646789083220927, -0.00012032739289902228]
[0.00013955059376302703, 6.69255252947476e-05]
[0.00024956770574885434, 0.0001747852845679354]
[0.00012024412523892192, -0.0002018877121991447]
[0.0001573579950765458, -0.0001077587079606479]
[0.00010511499432830362, 7.280822005445442e-05]
[0.0002603865457275756, 0.0001679274638450856]
[0.0001326089335440539, -0.0001908391362486217]
[0.00014846497299886297, -0.0001067817873522392]
[8.71364358748794e-05, 7.326167200966127e-05]
[0.00027652773687614207, 0.00017376559555026816]
[0.00014762047965910519, -0.0001991522094459408]
[0.00013170577023080554, -0.0001005502448535589]
[6.220993312067158e-05, 8.040490436961312e-05]
[0.0002669014733146513, 0.00016336714120890328]
[0.00014713402816535215, -0.0001827061481852743]
[0.00011678458078046017, -9.597173021602678e-05]
[4.976091967701102e-05, 8.987910525959375e-05]
[0.0002771170987810878, 0.0001530980477065791]
[0.00015508868546687538, -0.00017096829148621762]
[0.00010174281379726757, -6.974423626782134e-05]
[2.5068270897321554e-05, 7.372914377634654e-05]
[0.00028441130049183805, 0.00015016113915999885]
[0.00015859779343818659, -0.00015879768851040366]
[8.017760739931212e-05, -6.70572698131533e-05]
[4.608203737488381e-06, 7.819493095145846e-05]
[0.00029388391238338585, 0.000133543792657842]
[0.00017737882416613004, -0.00014175402117616587]
[7.382369673569755e-05, -5.8947602642911434e-05]
[-2.2801269774497257e-06, 7.572341998857146e-05]
[0.0002898734422001059, 0.00012864406797741257]
[0.00017263314037330169, -0.00012840455070811663]
[5.246911515188746e-05, -3.66439774470706e-05]
[-2.2327954248169135e-05, 7.069787004232442e-05]
[0.0002897600485211038, 0.00010841351580126446]
[0.00017379570443121217, -9.870690796054404e-05]
[4.371585261420119e-05, -2.250086504584914e-05]
[-2.804697765879105e-05, 5.662337679163132e-05]
[0.0003064680025398614, 9.82035596314157e-05]
[0.00018817279429228506, -8.54282643512061e-05]
[2.848306163094616e-05, -8.244592285988617e-06]
[-4.334529595939607e-05, 4.64328727768637e-05]
[0.00029739055670519043, 8.51250665109271e-05]
[0.0001884269723728682, -6.03771583717605e-05]
[1.6986088447024095e-05, -4.942654524442425e-06]
[-4.5974496402312326e-05, 5.1436091824008656e-05]
[0.00029505098043547395, 6.893969069388106e-05]
[0.00019019720888446834, -3.982922966477842e-05]
[1.5716298912060722e-05, 2.1468163579729804e-05]
[-4.899349155973454e-05, 3.096667073286541e-05]
[0.00029111523038072296, 5.863064676525642e-05]
[0.00018315686102376993, -2.0356785854547255e-05]
[3.2409008086098368e-06, 3.3816469377945246e-05]
[-5.4896948140870094e-05, 2.2476366560358896e-05]
[0.000292524970062491, 3.567265920811913e-05]
[0.0001953662931684086, 5.394674383922549e-06]
[4.004874677221437e-06, 3.832375994550219e-05]
[-4.917937804860273e-05, 1.6590741324776226e-05]
[0.0002826544601541858, 3.0500837000069225e-05]
[0.0001913222793172853, 1.613721072236951e-05]
[-1.5580773874424025e-06, 5.416620626663704e-05]
[-5.318043575330833e-05, 1.4144441425463462e-05]
[0.0002631639223537041, 1.3650341720516934e-05]
[0.00017927504563641783, 3.824973166730722e-05]
[6.49195088908705e-06, 6.622632781827509e-05]
[-3.963684436514292e-05, 4.994368541878791e-06]
[0.0002636147129921884, -2.5708041225813716e-06]
[0.00018123070110087625, 4.963588240083916e-05]
[8.322478648015164e-06, 8.253949112657644e-05]
[-3.57605517313786e-05, -9.025663740322432e-06]
[0.0002479317536172587, -1.572706478270014e-05]
[0.00017547407578177854, 6.725144136209005e-05]
[5.861572641929769e-06, 8.122275204414109e-05]
[-2.8895505334691762e-05, -5.687537544263321e-07]
[0.00023410161907810867, -2.865634095616798e-05]
[0.0001722416638718638, 7.764521195252616e-05]
[2.0141956068586708e-05, 9.577055063725304e-05]
[-1.595287252587063e-05, -8.878700331060863e-06]
[0.00021662595095195414, -3.397372054836367e-05]
[0.0001544964583979347, 8.140128545403025e-05]
[2.445302930209614e-05, 0.00010776279747837236]
[-6.338786118220696e-06, -1.3866274515050847e-05]
[0.00020629131562421854, -5.649287761988475e-05]
[0.00015344199570010986, 9.874433736722921e-05]
[3.3441400324241144e-05, 0.00010895426523815921]
[1.0467500498601012e-05, -1.767106087285919e-05]
[0.0001972006332859877, -6.081786344247497e-05]
[0.0001501231215366161, 0.00010143524716665908]
[3.366436385077165e-05, 0.00011558969115976758]
[1.1448230438748652e-05, -1.6048006862390274e-05]
[0.00017419082568492783, -6.54754278216485e-05]
[0.0001355420682387365, 0.00010834241854640325]
[4.695782771535484e-05, 0.00011538938249955333]
[2.8140825490963195e-05, -1.3750596908501667e-05]
[0.0001676061954338781, -7.395062559578669e-05]
[0.0001318254400053398, 0.00010798497091357717]
[5.9014553605241105e-05, 0.00012466959739110273]
[4.0424800273886063e-05, -2.4875554523240417e-05]
[0.00015342813913710174, -8.059857523629033e-05]
[0.0001239696500785481, 0.00011614557359418409]
[5.605440648648319e-05, 0.0001180782474790587]
[4.4910940420583856e-05, -1.7546206129703812e-05]
[0.00014384154526947412, -8.558328663282877e-05]
[0.00012593660520732186, 0.00012158265744371954]
[6.750228853902307e-05, 0.00011637310309914328]
[5.2351797988903215e-05, -1.8282522313506355e-05]
[0.00013042670049490113, -7.565907016976459e-05]
[0.00011495534475147728, 0.00011238674522762171]
[7.519011075851623e-05, 0.00011652985250848458]
[5.731818945742262e-05, -1.7091425354387457e-05]
[0.0001172253167829318, -8.461901670198113e-05]
[0.00011175194297674551, 0.00011887830184864612]
[8.647759249691411e-05, 0.00010923223043751706]
[7.220853929346127e-05, -1.742054454312303e-05]
[0.00011281513467142901, -8.466591472838791e-05]
[0.00011387753330716066, 0.00011867094683737367]
[8.517182006784196e-05, 0.0001088226115149582]
[6.762141607707939e-05, -1.739538832035148e-05]
[9.687875589392547e-05, -7.819754772614429e-05]
[0.0001070976741528451, 0.00011993722608882873]
[9.198860078729609e-05, 9.765971907144122e-05]
[7.216330933657034e-05, -8.921699989228316e-06]
[9.158136322362509e-05, -7.504694680621204e-05]
[0.00010829179274685075, 0.0001123744409833316]
[0.00010754911163912695, 9.715925817346815e-05]
[8.226460606430841e-05, -1.4058265561001093e-05]
[7.874185717171578e-05, -7.406632657433465e-05]
[0.00010061538798367131, 0.00011268212062842675]
[0.00010581643383833494, 9.07143577064673e-05]
[8.516995870744282e-05, -8.59613410608695e-06]
[7.163327682091492e-05, -7.918109997823164e-05]
[0.00010316547887301297, 0.00012070351356274767]
[0.00011106422859930021, 8.589306893586057e-05]
[8.855482128733438e-05, -9.410659371877905e-06]
[6.669263524239355e-05, -6.632936272849e-05]
[9.880379936655359e-05, 0.00011134056667561065]
[0.00011448068128072642, 8.320876406570088e-05]
[8.788797783110258e-05, -7.603921814314241e-06]
[5.5378074930168e-05, -6.75837048321748e-05]
[9.400363660616584e-05, 0.00011280033664640143]
[0.00012496835412845186, 7.37583327130309e-05]
[0.00010367109686226783, -4.946270276584563e-06]
[5.258065327740091e-05, -7.032446062950337e-05]
[9.345110444380911e-05, 0.00011392488214745367]
[0.00012380520306631837, 7.674854487069172e-05]
[0.00010495251428244146, -9.865414055010291e-06]
[4.2999824309886137e-05, -6.696036640230218e-05]
[8.524915554486423e-05, 0.00011971150867517988]
[0.00012070001865094326, 6.889302344818479e-05]
[0.00010620517718362699, -5.499822893328954e-06]
[4.413145931536633e-05, -6.361422784974691e-05]
[8.781060566975807e-05, 0.00011628762993687314]
[0.0001312930904537879, 6.487146260948998e-05]
[0.00011636802210401864, -9.648508934367861e-06]
[3.652933463849095e-05, -5.854136813312691e-05]
[7.964091409873308e-05, 0.00011266915155905277]
[0.00012993186243370758, 5.9221503896693395e-05]
[0.00012360823469548254, -5.538191614862242e-06]
[2.920692402730296e-05, -6.549014430522887e-05]
[7.644956333918707e-05, 0.0001228364322325426]
[0.00013173750384720684, 5.537558349653915e-05]
[0.00013215659367160626, -8.134580889884724e-06]
[3.038639614350025e-05, -5.660495780596131e-05]
[7.326431790000143e-05, 0.00011822875597378157]
[0.0001295527750893033, 5.346411905667037e-05]
[0.0001305895945500346, -9.880694910813226e-06]
[2.424683828383678e-05, -5.2151758575064155e-05]
[6.949580073944972e-05, 0.0001165922277162057]
[0.0001364558155335649, 3.884278692967147e-05]
[0.00014474813485421123, -2.7765992186568056e-06]
[2.16913985869871e-05, -5.1491438715023374e-05]
[6.908737903887907e-05, 0.00011220495208086323]
[0.00014024796526268535, 3.7561382397022225e-05]
[0.00015309758122883377, -3.995997328143375e-06]
[1.1278352553545368e-05, -4.746534225735788e-05]
[5.812306425312386e-05, 0.00011322648309242123]
[0.00013616812662109457, 3.115262116901163e-05]
[0.00015592240914785727, 1.027194203917503e-06]
[1.3026201177490648e-05, -4.4744463252921474e-05]
[6.069085762916426e-05, 0.00010893999773409213]
[0.00014419127764575546, 2.332692066603359e-05]
[0.00016461628968966746, 8.016009565015025e-07]
[9.901187227989716e-06, -3.422829663629612e-05]
[5.728731510012963e-05, 9.540379698780299e-05]
[0.00014535053208653004, 1.2938885370100683e-05]
[0.00017110139875708974, 1.104940164542434e-05]
[-5.989140865469977e-07, -3.610257945582673e-05]
[5.2515131194363907e-05, 9.424230768018127e-05]
[0.00015081452020071495, 4.954153653979887e-06]
[0.00018340814442219244, 1.6916747778261687e-05]
[-8.571302220206078e-07, -2.964713813730091e-05]
[4.875200131854163e-05, 8.397039318552846e-05]
[0.00014989388728836595, 4.810778514163783e-06]
[0.00018295989523220424, 1.641466001334191e-05]
[-3.3201742924982014e-06, -2.3517218578128496e-05]
[4.640461260085882e-05, 7.563111053221494e-05]
[0.0001521537336911516, -1.1024954930383135e-05]
[0.0001907684956040101, 2.7318561007905195e-05]
[-1.4406391810606323e-06, -1.9744720848036135e-05]
[5.1254315336424217e-05, 6.256388453140804e-05]
[0.00015713020999363891, -1.8232701581188948e-05]
[0.00019798410128923916, 3.2918151196215106e-05]
[-9.465809792441604e-06, -1.235629436591168e-05]
[4.233979035822566e-05, 5.275929567105653e-05]
[0.00015291795421434884, -2.4089187678044688e-05]
[0.000199042519436754, 4.0959648373695146e-05]
[-6.306996669924736e-06, -1.1240515010335628e-05]
[4.451702879781916e-05, 4.604076765368781e-05]
[0.00015579624122585845, -3.0644426855241935e-05]
[0.00020286471022645802, 4.035755378561934e-05]
[1.270966835220655e-06, -5.732384195655804e-07]
[4.876235211925817e-05, 2.9537424470427176e-05]
[0.0001505956246629081, -4.141580599598127e-05]
[0.00019944489640105756, 4.8578795752374226e-05]
[-9.155803186722267e-07, 3.0365994324044188e-06]
[5.102189117028866e-05, 2.22584327483899e-05]
[0.00015063574376117383, -5.430694182617657e-05]
[0.00020337129124295417, 5.828325345791363e-05]
[3.7176293761209678e-06, 1.0609299028629948e-05]
[5.2675676098901114e-05, 9.212451985818326e-06]
[0.00014737168421907754, -5.380147735162266e-05]
[0.00019760312409158876, 5.579466576077774e-05]
[8.184106340847208e-06, 1.7367262286682728e-05]
[5.39739241732784e-05, 9.979157227224533e-07]
[0.00014093516057367417, -6.566501224697374e-05]
[0.00019327928031032116, 6.093627565062487e-05]
[2.039441634882344e-05, 2.120366526636719e-05]
[6.792573040592664e-05, -9.156160189038864e-06]
[0.000138619619020508, -7.522883363458854e-05]
[0.00018881201106663026, 6.397500466304162e-05]
[2.1972803083303294e-05, 3.2476720572882645e-05]
[6.902080897328022e-05, -2.1196214930352397e-05]
[0.00013024025187158284, -8.152668743977021e-05]
[0.00017948741112927546, 7.092445830025884e-05]
[2.6736764821067016e-05, 3.4536502534598945e-05]
[7.341560203186215e-05, -2.6407633941571973e-05]
[0.00012969588150674172, -8.478959509439221e-05]
[0.00017627813469414666, 6.735701153770535e-05]
[4.037267353779184e-05, 4.1177136180681195e-05]
[8.206820684059091e-05, -3.763996095251798e-05]
[0.00012002393294291425, -8.826357838764842e-05]
[0.00016387093010056253, 6.661512363459465e-05]
[4.575721032901159e-05, 4.356131764798876e-05]
[8.996811776178226e-05, -4.068339647367303e-05]
[0.0001133747391595108, -9.865731316438531e-05]
[0.00015740083624414536, 7.3500347040234e-05]
[5.387297782039058e-05, 4.883112487330532e-05]
[9.633795950834273e-05, -4.9872221842717224e-05]
[0.00010991039202329356, -9.45609854705598e-05]
[0.00014804569508671678, 6.893069519359196e-05]
[5.8384438805736405e-05, 5.234410326893091e-05]
[9.538446462561273e-05, -5.459405294272468e-05]
[0.00010213631968586379, -9.532081500907008e-05]
[0.00014053955374585675, 6.717311066645193e-05]
[7.191173960419128e-05, 4.747640362157135e-05]
[0.00010705677858826798, -5.4941682593956376e-05]
[9.658134704748633e-05, -9.580664243896697e-05]
[0.0001337453579333403, 6.24088763009345e-05]
[7.931831387036903e-05, 5.207798788398055e-05]
[0.00011062765649163045, -5.9605905249282554e-05]
[8.498746322199713e-05, -9.477293554294164e-05]
[0.00012085068666329267, 6.402720618903235e-05]
[8.29419564767897e-05, 5.035897397137612e-05]
[0.00011174490386501668, -5.901736958113801e-05]
[8.399608525064273e-05, -9.151829991482785e-05]
[0.00011860238520375712, 5.8558736229563646e-05]
[9.453074000026485e-05, 4.9121063373624985e-05]
[0.00011495714486917455, -6.262543793905673e-05]
[7.636060443916293e-05, -8.328126089693355e-05]
[0.00011012138541320604, 4.920956624715478e-05]
[0.00010051299293661886, 4.3582261220365126e-05]
[0.00011794957365206422, -5.654518997250113e-05]
[6.614774578711513e-05, -8.461725087796634e-05]
[0.00010333291338267617, 4.917977673724039e-05]
[0.00010962500158748223, 4.201939256584519e-05]
[0.00012369418619415096, -5.6398197938567485e-05]
[6.212766489127608e-05, -7.717270565185674e-05]
[9.540224162111338e-05, 4.238488545171837e-05]
[0.0001117644978064769, 4.39235820417494e-05]
[0.00011904407741019155, -5.793142879320645e-05]
[5.7005807450688506e-05, -7.194782700598035e-05]
[9.064577088497075e-05, 3.849120382076743e-05]
[0.00011897330842772225, 3.434476813438114e-05]
[0.00012330236345121925, -5.241195329389048e-05]
[5.479207971353928e-05, -6.664099863526451e-05]
[8.932762485434204e-05, 3.0134319808999832e-05]
[0.00012517503673384334, 3.277466733539458e-05]
[0.00012502602096672172, -5.069681407401938e-05]
[4.421255554989956e-05, -6.100142092407834e-05]
[7.782996328063729e-05, 2.7916813887612912e-05]
[0.0001253225700810351, 3.0401778321684225e-05]
[0.00012446624253737923, -4.6954584876635064e-05]
[4.457002115614006e-05, -5.854762899662469e-05]
[7.606177687556268e-05, 2.587367618027414e-05]
[0.00013028648688777344, 2.9195749687169203e-05]
[0.00012492369297363928, -5.0739155341109066e-05]
[4.506587011766927e-05, -4.907073807018658e-05]
[7.321880332131561e-05, 1.8126107555374582e-05]
[0.00012885927544701442, 2.26120037445654e-05]
[0.00012232250126141195, -4.5404752807426396e-05]
[3.97401412901878e-05, -4.683082081090306e-05]
[7.031032771495638e-05, 1.7941634643213467e-05]
[0.00013261030422573317, 1.6889159703922796e-05]
[0.0001262901168658983, -4.1971330749047964e-05]
[3.867798914668902e-05, -3.985938010335477e-05]
[6.461015731464535e-05, 1.30614720434373e-05]
[0.00013125384775294034, 2.0106288809367684e-05]
[0.00012199884378789102, -4.572447170211533e-05]
[3.7747319516755694e-05, -3.549003354944968e-05]
[6.0352410849470826e-05, 1.3147142984546323e-05]
[0.0001302450879380507, 1.265323727184589e-05]
[0.00012208646799805956, -4.381533617675397e-05]
[4.256765330410382e-05, -3.1139662961671144e-05]
[6.42572730762854e-05, 9.041707480266642e-06]
[0.00013104715539658147, 8.336856811917703e-06]
[0.00012109642896013587, -4.3087888157260223e-05]
[3.698377342700905e-05, -2.2948980748761783e-05]
[5.691946786393412e-05, 5.812769802347739e-06]
[0.00012819580796043922, 4.5641522990746974e-06]
[0.0001190948572581188, -3.840117996972703e-05]
[3.648237279805719e-05, -2.1144918179449856e-05]
[5.392090494266838e-05, 5.57924197944204e-06]
[0.0001314243246291133, 4.353215727254112e-06]
[0.00012079642052255368, -4.2877188304632496e-05]
[4.031089071820232e-05, -1.4395593047306088e-05]
[5.217000846013953e-05, 2.0443936046832256e-07]
[0.00012712297344243811, 8.254651217426412e-07]
[0.00011645445595648979, -4.137343254485837e-05]
[3.8390762931810735e-05, -1.2033354425372567e-05]
[5.133992690074807e-05, 3.020290808564141e-07]
[0.0001277212843710622, -7.0566149772410824e-06]
[0.00011837252698131129, -3.540389598061244e-05]
[3.775587832464955e-05, -5.232623136092185e-06]
[4.7186078969155276e-05, -6.409964823705927e-06]
[0.00012851295343748945, -4.237032110998573e-06]
[0.00011636251876291637, -3.650745417804746e-05]
[3.4484700858910394e-05, -1.395161621453589e-06]
[3.907788657986355e-05, -8.718384725603379e-06]
[0.00012781263910019783, -7.468110020475427e-06]
[0.00011764772220657083, -3.4550111791376015e-05]
[3.9408904218145996e-05, -1.239329722096949e-06]
[4.1244027570441766e-05, -1.1480431288846127e-05]
[0.0001278906711078484, -9.842671460730257e-06]
[0.00011741866138231805, -3.401180228576606e-05]
[3.710829671603119e-05, 6.066636688895066e-06]
[3.566662302825763e-05, -1.6980496175378335e-05]
[0.0001238380135467291, -1.3341567933089493e-05]
[0.00011402258651843633, -2.6455821526744083e-05]
[3.4577645490243766e-05, 8.438641491470555e-06]
[3.046894113756249e-05, -2.0160897342691442e-05]
[0.00012810257884191163, -1.3582234634990087e-05]
[0.0001175162197722679, -2.6179112064567134e-05]
[3.749805168870666e-05, 1.3047978848934605e-05]
[2.6015997798251034e-05, -2.7312721089939318e-05]
[0.0001248541042811062, -1.2618764522798198e-05]
[0.00011461121773995164, -2.5663586947333172e-05]
[3.7377806908335184e-05, 1.3562334762073913e-05]
[2.4046303133573588e-05, -2.715451731405416e-05]
[0.00012143936914914624, -1.9323690536809934e-05]
[0.00011373285258400867, -1.855317695692582e-05]
[3.998023405627632e-05, 1.975858354630322e-05]
[2.321115267481244e-05, -3.398114340288916e-05]
[0.00012037918406638051, -1.8598106675260517e-05]
[0.00010936188762591947, -1.6030877215522654e-05]
[3.735719073003421e-05, 2.680522825015963e-05]
[1.5594749518399453e-05, -3.9911004261705685e-05]
[0.00011865141755693087, -2.1343616515179242e-05]
[0.00010817105702826124, -1.1090060068830176e-05]
[4.1768467065925186e-05, 2.6547657968445382e-05]
[1.7261531381818074e-05, -4.232179023705429e-05]
[0.00011730197693904376, -2.2908749867378564e-05]
[0.0001064243962851652, -1.021629448944017e-05]
[4.397575553155564e-05, 3.31979672562599e-05]
[1.625621475664918e-05, -4.675122326364134e-05]
[0.00010858436727813336, -2.639086269684565e-05]
[9.680072429019138e-05, -2.4971961752884297e-06]
[4.391304593480416e-05, 3.8377414335710736e-05]
[1.596538032072603e-05, -4.9814157956185046e-05]
[0.00010886375128187076, -3.0315394139668328e-05]
[9.41326193831804e-05, 2.653258890150667e-06]
[4.765856970159743e-05, 4.552912355831884e-05]
[1.5714994617888056e-05, -5.837089106014437e-05]
[0.0001059018833445835, -2.947366721650635e-05]
[8.827329919824933e-05, 4.629671675360214e-06]
[4.78834813469331e-05, 4.662969968832753e-05]
[1.5867594137519703e-05, -5.7805745759809124e-05]
[9.926063389822937e-05, -3.4643572214110296e-05]
[8.286336947554984e-05, 1.1591830788360014e-05]
[5.320237837996844e-05, 5.045463911912407e-05]
[2.1106525150471622e-05, -6.045337048815602e-05]
[9.404402466500761e-05, -3.459561192564742e-05]
[7.303882406278772e-05, 1.4650960853235251e-05]
[5.349002301910377e-05, 5.913733818219136e-05]
[1.974716513630792e-05, -6.59429018037283e-05]
[8.920611124402233e-05, -3.7352933784373654e-05]
[6.599431526271848e-05, 2.145776042322689e-05]
[5.6781294829694184e-05, 5.883790635380359e-05]
[2.3823295881186812e-05, -6.710430460887817e-05]
[8.762510226087428e-05, -3.764041406978391e-05]
[6.34873433042471e-05, 2.277507741310636e-05]
[6.027353864065943e-05, 6.108719047759337e-05]
[2.5973323852290786e-05, -6.769340510093258e-05]
[7.645509267173445e-05, -3.6267432117043086e-05]
[5.211337630550705e-05, 2.6513465452127072e-05]
[6.229098539692335e-05, 6.204180131819115e-05]
[2.919748105328912e-05, -6.46247630526342e-05]
[7.10392418758754e-05, -3.803076462005617e-05]
[4.546910300362583e-05, 3.024220624070484e-05]
[6.84345424321886e-05, 6.617253346385965e-05]
[3.3551654327612646e-05, -6.876751773160494e-05]
[6.680693102359414e-05, -3.495682278797929e-05]
[3.892807216854255e-05, 3.0192756525826425e-05]
[6.876633192465231e-05, 6.454644335551762e-05]
[3.4272509288779673e-05, -6.52211933688529e-05]
[5.902201237673044e-05, -3.538248755396989e-05]
[3.485123044955074e-05, 3.3425388803937084e-05]
[7.42551095348487e-05, 6.052351654528554e-05]
[4.015175039751018e-05, -5.960741626948041e-05]
[5.121258627838188e-05, -3.055380374517025e-05]
[2.6778177981467977e-05, 3.065767705837108e-05]
[7.783316223525238e-05, 6.353267467196222e-05]
[4.1666085742519954e-05, -5.7857050315024416e-05]
[4.228358675939514e-05, -2.91828132408245e-05]
[1.8113330391589244e-05, 3.218943134100649e-05]
[8.167145483478633e-05, 6.0309924619694755e-05]
[4.692302263276105e-05, -5.390387702330912e-05]
[4.0330548291556134e-05, -2.8147748244999882e-05]
[1.7680488444637987e-05, 3.09083685092193e-05]
[8.466262884360143e-05, 5.7807742266491324e-05]
[4.9260990516608594e-05, -5.024027558814259e-05]
[3.1186852975095825e-05, -2.2424982824564843e-05]
[1.0889215182885437e-05, 2.8957621828584745e-05]
[8.517584767236963e-05, 5.279692009829695e-05]
[5.086984553515084e-05, -4.0594461652304625e-05]
[2.4248156919093322e-05, -2.023806205631029e-05]
[6.135089058778576e-06, 2.7586034714338625e-05]
[9.154524392190888e-05, 5.1746751210557385e-05]
[5.650364034481825e-05, -3.8540310288881496e-05]
[2.07964652326198e-05, -1.5655006372683467e-05]
[1.4238180763292974e-06, 2.3690717556618113e-05]
[9.062817791538613e-05, 4.919047493723294e-05]
[5.705205237982458e-05, -3.430970122364485e-05]
[1.6444256703274096e-05, -1.5033295556077242e-05]
[7.946856315221851e-07, 2.535372221093568e-05]
[9.100208682422117e-05, 4.126141929772231e-05]
[6.001188914683819e-05, -2.656333328784899e-05]
[1.3816513382558515e-05, -8.459635115976027e-06]
[-5.500404793856717e-07, 2.0544336135172592e-05]
[9.136218120386896e-05, 3.934254916315716e-05]
[5.92097849684281e-05, -2.2162275989279223e-05]
[7.726096246662983e-06, -3.3961127223758325e-06]
[-6.007414667830169e-06, 1.8385836716497406e-05]
[9.209019369521565e-05, 3.390897011112948e-05]
[6.241851174759727e-05, -1.6961801233367213e-05]
[9.038028812136112e-06, -2.6957234174895817e-06]
[-3.4766734795521614e-06, 1.7336580733037787e-05]
[9.164712424170052e-05, 3.021361171201553e-05]
[6.338748124867788e-05, -1.5428048512539094e-05]
[7.191941285067394e-06, 3.014288495917228e-06]
[-4.045247171902133e-06, 1.5829485604273996e-05]
[8.596697120477614e-05, 2.3429458252233193e-05]
[5.980895114499063e-05, -7.648798063406015e-06]
[5.38200137367717e-06, 7.131654961800571e-06]
[-3.105664427627275e-06, 1.4476249515827516e-05]
[8.796053662363246e-05, 1.833667325268351e-05]
[6.163727425989585e-05, -4.377275862870594e-06]
[5.853358841068079e-06, 1.3174177847963264e-05]
[-3.702085422885304e-06, 9.199308857302246e-06]
[8.577974863555049e-05, 1.580164934805728e-05]
[6.055268816629322e-05, -2.3779722378332313e-06]
[4.78697472017231e-06, 1.3194334060384616e-05]
[-2.336781615319694e-06, 1.1561913790654466e-05]
[8.230328762892647e-05, 8.637738227401659e-06]
[6.083139323087572e-05, 2.4929033230203235e-06]
[7.5010334541492085e-06, 1.7348335111466717e-05]
[1.4452862415748058e-06, 9.369909208654936e-06]
[7.904022071780759e-05, 6.1391657192877425e-06]
[5.670500439880488e-05, 4.864795689889234e-06]
[5.418362036047064e-06, 2.3592250424309125e-05]
[-4.151718505651658e-07, 6.261272588486966e-06]
[7.755623874916573e-05, 7.458296709672574e-07]
[5.68488261146749e-05, 9.96518051794848e-06]
[7.358853052252812e-06, 2.335186316854143e-05]
[2.4407720184971282e-06, 5.007808546605985e-06]
[7.785834018436688e-05, -1.3014595194316136e-06]
[5.903229860038106e-05, 1.0004247561104518e-05]
[7.964978497310149e-06, 2.5436860465410938e-05]
[2.4321785520031725e-06, 4.6062690829129505e-06]
[7.066967854429951e-05, -3.901077664736352e-06]
[5.492456631683851e-05, 1.4015555388394163e-05]
[8.517602573365757e-06, 2.638342811778216e-05]
[4.154188480542942e-06, 5.702989566841454e-06]
[6.969906832499095e-05, -7.610384761880251e-06]
[5.509259716052206e-05, 1.6751374702472788e-05]
[1.1193145488364031e-05, 3.085414818998489e-05]
[4.6991173544563836e-06, 3.005427784419368e-07]
[6.831976120436067e-05, -7.952969459990022e-06]
[5.4725334713068285e-05, 1.79773185774168e-05]
