[509.86123524669733, 487.4459501863003]
[78.78426596079109, -48.847191582666184]
[38.17482737989409, -38.37421932497793]
[5.56615754128029, 22.247228950721663]
[23.12744222435053, 16.928024285417255]
[13.983047880985014, -6.460196444389602]
[0.3798858852079334, 0.32020961067053655]
[0.1910732522826617, -3.8538638328230235]
[-1.6070853877674125, 2.5143178058588873]
[4.577072870114371, 0.4556791224802268]
[2.8879457797965884, 0.23287949715171408]
[-1.6286482172879921, -0.5119620115968075]
[2.1879423566826723, -0.7886407327938443]
[1.8096613146787845, -0.751923614986616]
[-0.20574532435250248, -0.47493009993411306]
[1.2488179808990516, -2.9616971319962566]
[-0.904217865015875, 1.4649921752239408]
[1.152460267858146, -0.2414215460718676]
[0.6917262169744178, -0.8612443584990821]
[0.6380056722347494, -0.5664686873844267]
[0.577049575626984, -0.40377930636726944]
[0.5297398994908171, 0.2669635274155038]
[-0.1972538807378088, -0.677128291114224]
[0.4776722573172436, -0.20985294421906509]
[0.10601020535591421, 0.07349563695061789]
[-0.267492869857066, -0.3804369978230717]
[-0.9849145246409483, -0.7702930208578254]
[-0.10247549669483336, -0.5244687839942337]
[-0.1980923292037735, 0.0869641517093861]
[0.34148694975743377, -0.02794116213098441]
[0.034663440533778456, 0.4771107272093271]
[0.0004858175570737755, 0.08998879229155676]
[0.702848727540605, -0.14040001568032867]
[-0.2630681012099849, -0.09432629401406345]
[-0.20241883598768062, -0.23585155219597276]
[-0.2902394390256964, -0.5849272825849781]
[0.03418693603588885, -0.33686917601232835]
[-0.03152351994504077, -0.12086768475352017]
[0.21718375928572886, -0.0369174191928785]
[0.23432587001568628, -0.3355117153336007]
[0.158486871512602, -0.18740266621618673]
[0.19273802952568353, -0.0297644199169369]
[0.1266881743701333, 0.046581554570197525]
[0.3117458924601326, 0.044316359441046504]
[0.22685170486590778, -0.31303170787429835]
[-0.2768261063826909, 0.23603339700839798]
[0.052611662478923016, -0.47837507389471323]
[-0.0037196290186296554, 0.026580539117750712]
[-0.18853401434832007, -0.1428541068492417]
[0.01252022013025239, -0.11783692868926665]
[-0.10998631738145764, 0.2309963983251775]
[0.1572528056545679, 0.1369365953053081]
[0.11528171978346835, 0.06345990487981157]
[-0.11916616907108568, 0.0107541357027241]
[0.08958200661243954, 0.012991785828994462]
[-0.06195781093836539, 0.11152917089700409]
[0.20050103073507053, -0.0533157153651862]
[-0.022567221181362673, -0.03324930547963145]
[0.16732118242292504, 0.030838404067685232]
[-0.052524840299656095, -0.09642378850867761]
[-0.04663652002631302, -0.0961331633621878]
[0.10902670071611631, -0.22062230626441703]
[0.054178669022275194, 0.11417238389710871]
[0.2107438735041196, -0.006264380225289301]
[0.15776076622361535, -0.025308604996733486]
[0.12293118180909435, 0.13098348923027858]
[0.22833645978893813, -0.11631941863426132]
[0.051629210692062166, 0.048829793187378456]
[-0.10405544115008059, -0.09836138558926155]
[0.04205022537181602, -0.04652227976726053]
[-0.05576774878525459, -0.05154574927651456]
[0.04753287841720466, 0.04578614662148439]
[-0.09670822054823369, 0.021435234705675654]
[0.008236308751982113, -0.029989614727916364]
[-0.00894770054531302, 0.035990971558283125]
[0.0672468978206674, 0.02829754022036224]
[0.0413209849283408, 0.15439741401402685]
[0.054475191880489326, -0.013149758347249296]
[0.06358706411089932, -0.01022603316307441]
[-0.10609547980899214, 0.004544305584108788]
[-4.77253837738445e-05, -0.053516269701184616]
[0.00012697175268608363, -0.14246875396966452]
[-0.02300404214771845, -0.0012768089297663376]
[0.04371122187952481, -0.08625310733939084]
[0.05525229354491845, 0.051843547529164535]
[0.12116939003439775, -0.03564114730765322]
[0.05924246363336705, -0.005388994412111714]
[0.013179128674687401, -0.06004357196519461]
[0.00354038439343185, -0.05837329526694024]
[0.072160821795892, 0.0036203241554919607]
[0.028137866511066534, -0.09213446595679375]
[-0.0013535999972558166, 0.014106782225946635]
[-0.02660222724707438, -0.0594008997932729]
[-0.01052469548692736, 0.007113099413570745]
[-0.058857833780243674, -0.034883372739126894]
[0.012665222482546312, -0.06708147563217409]
[-0.046528522341473755, 0.0642319030066627]
[0.015492482967783605, 0.014736103982827042]
[0.010385026828276467, -0.024349180905770096]
[-0.04241801212091059, 0.012263559003419244]
[0.05119791619634001, -0.0056577539389593146]
[-0.032689125368114635, -0.01989418189505665]
[-0.0122820896950524, -0.02070696349941531]
[-0.001230663101974394, -0.04372652505948915]
[0.03783649086732943, 0.016102727048800086]
[-0.009554536281456305, -0.01795063015912124]
[-0.008837337890426067, -0.011912809711195349]
[-0.01674966091451785, -0.05153084672347319]
[0.057557716572036455, -0.03426225562659746]
[0.03975081268774505, -0.005375709195495126]
[0.034395609922346804, -0.0047397465931218186]
[0.03508940243966485, 0.008676613424669188]
[0.03776327584788186, -0.04955815915670181]
[-0.008400169946157998, 0.026591174921721805]
[-0.0124683796167524, -0.024870071604964572]
[0.006500556011959091, -0.01862136744853249]
[-0.017224721658617714, -0.031408426585267435]
[-0.002247046539342712, 0.034210016234728746]
[0.018001445060587873, 0.004835857176638481]
[0.004809178801431724, 0.012525818480629197]
[0.013644641839495097, 0.0036429792090526547]
[-0.014112578250394803, -0.00789383503920102]
[-0.0009901929850423263, 0.003934288120759133]
[0.030026327338413622, -0.0072739998639551745]
[0.007510135213783853, 0.0072918588802650675]
[-0.012773837915279196, 0.016076271317234214]
[0.01542503265281625, 0.0006657782887473096]
[0.004670961363568149, 0.0013535925077465816]
[0.034755552697256054, -0.000965266571175516]
[0.010464642208808939, -0.021723041697125023]
[0.005407605572880669, 0.01741426288560144]
[0.032209838427138204, -0.0028415181612344576]
[0.01809143925213741, -0.01715653936074779]
[0.003500579643482049, -0.011954242363551248]
[0.006993040268127082, -0.002843135492537119]
[0.030763090591466424, 0.0008619029249437027]
[0.0004175029963180421, -0.022484689005420666]
[0.025250375147288118, 0.006334989489587439]
[0.017001164341290398, 0.02331188614479185]
[0.008122943315643116, 0.01707912995520644]
[-0.007685055124154738, -0.014603189185777854]
[-0.00988315105766846, -0.026453894861832472]
[0.0061380347137990066, -0.01306705545789999]
[0.013901203813289076, -0.011476548763954209]
[-0.023420991032997995, -0.0031332093461524657]
[0.0207352133923564, -0.012392467011282438]
[0.01611054530399847, 0.005442507448632172]
[0.012086142601160366, 0.0005359915282600325]
[-0.005963593498646558, 0.012159017788501814]
[0.014637705609585855, -0.017324405621474026]
[0.003270643597644285, -0.009636886076950645]
[-0.00316487839645907, 0.0032698884572341935]
[0.007829271509905755, -0.002714044697163659]
[-0.0045626925917368055, -0.013302796091237301]
[0.005992361760148279, -0.0209913016303383]
[0.0032325932032246096, -0.0211702920554262]
[-0.008631336123577249, -0.0011448528078061848]
[0.025049630846132154, -0.01741657757618098]
[-0.0048201050669747225, 0.010966784892989745]
[0.0013270282542636735, 0.006245089056569064]
[0.015344598408448817, -0.0050874219972461]
[-0.008528369437079464, -0.0030806104786842425]
[0.01858236584192663, -0.020034068102218416]
[-0.010851846648139318, -0.0077712454963982935]
[-0.002261120091275326, -0.013130081619229461]
[0.0063170260297371605, -0.0176628342866183]
[0.004291958930316475, -0.009674530509384383]
[-0.004523255773594581, -0.01597617377494398]
[-0.010068441801558137, -0.004769519377682219]
[0.018514624041254146, -0.009704566096542452]
[0.003602183630381006, -0.009266800025376165]
[0.002982026751761291, 0.00977201785947207]
[0.015836106058891686, 0.009981954166205953]
[0.0020309983419048647, 0.0176268355303085]
[0.012842052557863179, -0.021693411102393756]
[-0.01916320566940677, -0.01234813902893861]
[-0.004338135470204563, -0.007793801199289491]
[0.002973216394246636, -0.0035527638603447542]
[-0.015657323455424033, -0.00301518313127197]
[0.0022967372152974397, -0.006124031522573015]
[0.017392184988431314, 0.01292355611633167]
[0.0009197831051623306, 0.01399273284935676]
[0.009199203423587043, 0.0033984202905185112]
[0.0034734896228422185, -0.00534497922942645]
[0.01925324576245191, -0.00015052972397966435]
[-0.007984522928864868, 0.0055725557298460515]
[0.009169778605004675, -0.006948461770820646]
[-0.004184991681795314, -0.009200830098152979]
[0.008277596396560005, -0.0196131542364828]
[0.0031514459819688145, -0.01187599058348665]
[-0.007400099905397639, 4.4439838726706427e-05]
[0.026276213745976662, -0.0038910913919096846]
[0.005072848065523133, 0.008606194314798365]
[0.013583151896386036, 0.010924199549659092]
[0.010755518509909634, -0.0010284032573324442]
[0.0007528369077280939, 0.0072289592217403]
[0.0029898852043538926, -0.014777507299362003]
[0.0009787799821593945, 0.005177884798425847]
[-0.007961928063315415, -0.0033218297099393834]
[0.00532735005075996, 0.00017182100898804897]
[-0.0019406517840042103, 0.003371535997749864]
[0.00016405420469745025, 0.0008018694047510211]
[-0.00712010472646285, 0.008547781990991626]
[0.0092581196538839, -0.010426263666153401]
[0.0028383530454336725, 0.0084668229160417]
[9.493161194901178e-05, 0.004991204065311505]
[0.01368318844569183, 0.008732003058391613]
[0.003677555047316816, 0.0001614014539033093]
[0.014428360848752542, -0.013197608832353103]
[-0.008098782510067015, -0.014438302902979316]
[-0.002527214296600855, -0.005684236415440136]
[0.017866673349044015, -0.013448508451498142]
[-0.004435697977368092, -0.0037805545128972717]
[0.006251998905206779, -0.01050639806011322]
[0.006916785127947578, 0.0001480794619812542]
[0.011618547895423381, 0.004358801733820417]
[0.0005640884716399258, -0.011770919250500889]
[0.009418668227364702, -0.007870536356287872]
[0.0006597847505858678, -0.0028902362866138898]
[0.006030364748375261, 0.009598425645974934]
[-0.004035074165175623, -0.007464113211234746]
[-0.00284347622104697, -0.005060670261591724]
[-0.003655762790776118, -0.006221564473346264]
[-0.005971624030550356, -0.0027208128812373222]
[-0.011360461147980179, 0.0018965447028765209]
[0.0061001243939386995, -0.004303699493244606]
[0.007312197862219705, 0.010254135186982663]
[-0.004684631600354983, 0.0006674220124960328]
[0.007936141648514194, -0.00032396387923108727]
[-0.004442612552425673, -0.0096660076401629]
[0.007850410833316612, -0.006824732607381978]
[-0.0007595511252048992, -0.008926476347165924]
[0.0009382534855242319, -0.0007870456061248587]
[0.0017132733811658918, -0.004125615839504215]
[0.01193310857321972, -0.006481797639819709]
[-0.00011320057487784752, -0.0037790767115286616]
[0.0015974896157711083, -0.006325218897416329]
[0.007092061237544023, -0.010779836885292937]
[0.0018400038730238544, -0.006839507969736314]
[0.005197308224741404, 0.003535571171412011]
[0.0038907174278817735, -0.000768873411664428]
[0.002886812290922247, 0.0027533819091388745]
[0.001711682633611017, -0.011514665401666235]
[-0.004086145494534454, 0.003802074091859231]
[-0.005240986136977432, -0.00014403107962257522]
[0.006851861579805885, 0.002241223648032628]
[-0.0006957093211492626, 0.0034815359136723956]
[-0.009519913725097418, 0.003108331976552442]
[0.0061373638299755395, 0.002344238712127744]
[-0.002574214933232344, -0.0012164197107929486]
[0.00046592908471959626, -0.0021074419702580005]
[-0.0018798281450078669, -0.007370209234032643]
[0.002367220830328143, 0.006378890091146491]
[0.007002654839710076, 0.004658772715422366]
[0.009394782953424663, 0.0007002987716381581]
[-0.0018176377784580589, -0.0046382353989264935]
[0.006367863877646762, -0.002782853438796029]
[0.001600467591990229, -0.0006434967856685514]
[0.0013113557793213992, -0.004324977501070637]
[0.004982029658399889, -0.0038030088414464647]
[0.0055178750301374535, 0.0009904336214276999]
[0.0029512785869822977, 0.003123794734585239]
[-0.0004997872069485432, -0.009428984208340152]
[0.007273374525420762, -0.005201639466078545]
[-0.002198758146768509, -0.00013931570478065147]
[0.0076654149890196255, 0.0035993489296255454]
[-0.0037249519881139732, 0.002975216942955994]
[0.0025539562100096447, 0.0058346519497931015]
[0.00819123411351147, -0.0005928227394675911]
[-0.005106368262439265, 0.003410502549737779]
[-0.005895416254731722, -0.0036175448115098874]
[0.0020296235901640647, -0.006955333321970042]
[-0.00020364887477131166, -0.000299182770066575]
[0.0028841451440988763, -0.0024241483280834364]
[-0.00015707190993270725, 0.005524196611973425]
[0.004211135387413634, -0.004064350578437237]
[0.0033456284207696863, -0.0032793861068237395]
[0.0016810448025642022, -0.0010893671510536773]
[0.000883604445482189, 0.004379253641998079]
[0.00671470563641724, -0.00012129320692855217]
[0.0058741367057515426, -0.003763075132767857]
[-0.0033274975516073557, -0.0009026032420551555]
[0.004682488355804093, -0.006850161578875191]
[0.0019490120316930648, -0.007674470616174434]
[-0.005477433714801139, -0.006063496122931555]
[0.004138710767750631, -0.00671907017396256]
[-0.0018378701672369102, 0.0032820907798336574]
[0.00871893087204545, 0.002816523109217428]
[0.0037191667569660414, -0.0003819010540433432]
[-0.0012353414754906478, 0.0006078768748659646]
[0.0021883636205352885, -0.0043123966763614074]
[0.00030046375995684826, -0.0008866337475491592]
[0.0017795042018934615, -0.003504042798780471]
[-0.0027358107058409464, -0.004333869462595105]
[0.0007490386754692713, -0.0013028819326171837]
[-0.00013589989627887933, -0.0021717515079865204]
[-0.002132900231890056, -0.005588403181138735]
[0.002256233763641438, -0.007612106116019944]
[-0.0019071513282278435, 0.004386045871170696]
[0.006644429310909583, 0.0017339285578057972]
[0.004597914725142205, 0.0006890735034752737]
[-0.0009393246372328412, 0.0011777623786259905]
[0.009634149466270281, -0.0013871023969678903]
[-0.00565145673666817, 0.0018587625204125047]
[-0.002885639008697982, -0.006959605489554266]
[-4.878157748045529e-05, -0.007339392062398753]
[0.001323458957919632, -0.0007448747954830193]
[0.0010231305932871249, -0.0001905575844001195]
[-0.0015541840281774189, 0.0007470381193183107]
[0.002984028000040939, -0.0032229328348643005]
[0.005344331986721573, -0.000747628268715772]
[-0.0011587147759162253, 0.0006223460303558248]
[0.0017985457433570273, 0.0038948799957421176]
[0.0031265694942455013, 0.0014661776635298551]
[0.006637657594614099, -0.0049116896043186475]
[-0.00496305501550931, 0.0004382764153541552]
[0.0008629439498910249, -0.004747090044479263]
[0.0014118637345114093, -0.004571135320589642]
[-0.003256325509258695, -0.004060238919492254]
[0.0034679248015612174, -0.0037648986779599686]
[0.00018169231985026846, 0.005166568671474581]
[0.005372810055995048, 0.004227119028247045]
[0.0023669525765298016, 0.0005146028582230788]
[-0.0008476134268930458, 0.0027181166766319376]
[0.0019059562443098088, -0.0015075257791335034]
[0.0007885359849247875, 0.0011439846840817225]
[0.0008332116043845428, -0.002088474709824456]
[-0.0011877534089737019, 0.0004201284367748581]
[0.0006523616190023951, 0.00010179024075110399]
[-0.0006459593840288103, -0.0007168292896986284]
[-0.0012567001123124921, -0.00016099317380846578]
[2.4285874944629526e-05, -0.003488510105775555]
[-0.0006782025276956816, 0.004476630457375785]
[0.0056697219969374935, 0.0004987089251549115]
[0.004753146704521649, -2.6779623245820616e-05]
[-0.0009463037525413442, -0.00029955956715777]
[0.0062969114020848815, -0.0017018927982477283]
[0.0007774040498016443, -0.0007902831972937951]
[-0.0007280207199399924, -0.005570894481665256]
[0.0024985126431111837, -0.005933967995116807]
[-0.0003208638389828461, -0.00016839213585684298]
[0.004749008905996055, 0.0024459989444239605]
[-0.0024449991036157304, -0.0024932428755741753]
[0.0034361871817050194, -0.0030232294820403405]
[0.0020741060150327173, -0.0016060695993093121]
[0.0020158583770281124, 0.0019971958935523504]
[-0.0020100019319259643, 0.0003544690838916953]
[0.00449278755607738, 0.0002739811230634895]
[0.002293691583790721, -0.000904303522186789]
[-0.003576827284373141, 0.0027311258906750346]
[-0.0027718055540064124, -0.0011223543444412176]
[0.001255520297163526, -0.0027448655529241917]
[-0.0005162118735635435, -0.0012714359565252353]
[-0.0009676520824582757, -0.0026234083312388634]
[0.0010609546870073983, 0.004028117353134908]
[0.0014589335726889717, -0.0005746015425558415]
[0.004850147492086343, -0.0005679109800061366]
[-0.0018308860926926074, -0.004402707629831415]
[0.0016199669330895228, -0.0008839287512638627]
[0.003109956003408243, -0.0033249097401595318]
[0.0018751430821342119, -0.0036727689815794218]
[0.002437754205691256, -0.001904198796772616]
[0.002859048540243214, -0.0016418260078163716]
[0.0011951921382284958, -0.0011436881052711012]
[0.0011445877391541015, -0.004698921804136225]
[0.0013026940119968966, -0.0023946883022441523]
[-0.001265476156762077, -0.0002820324063677049]
[0.0038555000728230926, -0.00024863285694795567]
[-0.0008858751927015573, -0.0023783888189672364]
[-0.0004091609700416221, 0.0011887974688589847]
[0.0009576345841303402, -0.001044115360122333]
[0.001074709664652479, 0.000479683984118906]
[-0.0016318170385603986, -0.001183389581740718]
[-0.001356881043699687, -0.00043561754099780137]
[0.0013039246411607752, 0.0035120819710177525]
[-0.0008492519032924362, 0.002622226157032781]
[0.0011314249904304519, 0.00016545473810661293]
[-0.004366653408661353, -0.004007827388068819]
[0.0026076982796165993, -0.001048107985830951]
[-4.03109998078216e-05, -0.0021853537226523834]
[0.0007660874557818831, 3.336231016254354e-05]
[0.0026252827172356386, -0.004202431160289288]
[0.004603308742397116, 0.001021136085467278]
[0.00024383534048727507, 0.0014920753587137625]
[0.0017720078789446037, -0.001872549115937372]
[0.0024140095239060244, -0.0024138988337494283]
[0.0017706707026345914, -0.0027099460217197002]
[1.090728750541281e-05, 0.0009247015892794863]
[0.00014762458625383612, -0.002428378881633275]
[0.0022792677681715556, 0.00011810681696433623]
[0.0016050543130778291, -0.002705670291257345]
[-0.0005340252988728089, -0.0007833320919745645]
[-0.003923745315378119, -0.00013846581476040232]
[0.004169426332532922, 0.0005929442232916193]
[-0.0004646426468127296, 0.0014828226023806401]
[0.00029919504756587, 0.00302233974031578]
[0.0007580900369179577, 0.002135452687206163]
[-0.0017864061907574055, 0.0026204852261614564]
[0.0029497299652791603, -0.0024373391668681757]
[-0.0027552317331393517, -0.0019086658730930184]
[-0.00045009865859896303, 0.0019176119786980111]
[0.0011143767595363507, -0.0023003145139793846]
[0.0004359579317823048, -0.0006075086108992891]
[0.0006160024394841757, -0.0020674669040061655]
[0.0016274672230184306, 0.0013859104345122497]
[0.0030314292320473696, -0.0013422446837605406]
[0.0009197804193448178, -0.0017044158004946297]
[0.002290088737089302, -0.00013048405509752392]
[0.004227611843959478, 0.0007692381715808105]
[0.001810206861490471, 0.0020109893391067057]
[0.0009399226127543292, -0.0035555734238048586]
[-0.0013127257131005932, -0.0023064047899521434]
[-0.0008717219608620486, -0.0037146654165622905]
[0.0028046209371495046, -0.0016856965074011354]
[-0.0037684541740143906, -0.0005441425859136206]
[0.0035566042293163624, -0.0008590981261092923]
[0.0009042781634042568, 0.0014684407645136899]
[0.0014566873505359457, 0.0032571502157371993]
[0.0010358475022787528, 0.0005593217794278571]
[-8.376774442941937e-05, -0.0009139925837897203]
[0.0006393570274730587, -0.0004602159197761302]
[-0.0009966787873620514, 0.0004754469881470269]
[0.00029541567168814287, -0.001365257491579619]
[-0.0005410771070961801, -0.002426563859334846]
[0.0009212381700390571, -0.0012383013126260195]
[-0.00024721405365954463, -0.0026913419262500904]
[-0.0014426343124941399, -0.00016856408320186506]
[0.004304177706175832, -0.002953370888781115]
[0.002001060794409981, 0.0024483010078611978]
[0.0012506817296709383, 0.0014592313114420996]
[0.0021864117919870862, -0.0005784146308122073]
[-0.0003672260140258621, -0.0001922917969068294]
[0.0034119829871787077, -0.004378261735203948]
[-0.001487563528616287, -0.0019429525795240377]
[-0.001994242408420832, -0.0015811655911421862]
[0.0026483949853005617, -0.0018591045644429371]
[0.0002960897833631515, -0.0013501117228543746]
[-9.867501772886644e-05, -0.0010538557786424763]
[-0.0007112512254727199, 0.0014855963940776373]
[0.002009087352505823, -0.0007704477886570915]
[0.00038967066613271317, -0.001634723719824649]
[0.00013819294149763905, 7.960344670990271e-05]
[0.002728661005016342, 0.0015719803860715365]
[-0.00016895939625610756, 0.0019568402175421523]
[0.0013842104421000478, -0.003238223682178798]
[-0.0023340584881439697, -0.0027860796086510084]
[-7.645897093294662e-05, -0.001269696436810852]
[0.0013294203064906154, -0.001896988282903203]
[-0.0026309773319108318, 0.0003426855093689868]
[0.0015623293206432909, -0.0007616480175191565]
[0.0027480946402975714, 0.0014198110883248127]
[-0.00012996282697935735, 0.0017734697918314613]
[0.0017187588241888152, -0.0005981976859401536]
[7.656193239424791e-05, -0.0009549799071310039]
[0.001334986081749534, -0.0009456232315882274]
[9.214097435719659e-05, 0.000467061717192796]
[0.0005056769555965568, -0.00047602478588099073]
[-0.0011484847357823846, -0.0006838901017319765]
[0.0007446648862196037, -0.0014587587040002514]
[-0.0002379253810492754, -0.001192125616049422]
[-0.0008525495068036903, -0.00036361593817790805]
[0.0020631516620948087, -0.0012588296062249205]
[0.001563030793934328, 0.00206769454738287]
[0.0011285541812092736, 0.0017028279038108218]
[0.0021073731441755977, -0.0007516814730392785]
[-0.00044488389447239207, -0.001192075283505456]
[0.0014639776429436202, -0.002465121263695802]
[0.0003926906480948844, -5.945211539097606e-05]
[-0.001969933394944612, -0.0007649098904471963]
[0.00239595107951307, -0.00031242206408779033]
[0.001421169883499468, -7.52042878182646e-05]
[-0.0004087586941614735, 0.0012679329163006806]
[-0.0008512387383025483, 0.00017819686305453608]
[0.0021192211897096136, -0.0011668890302009571]
[-3.049939920801714e-05, -0.0006568028469204762]
[-7.783197536462283e-05, 0.0006211742222721472]
[0.0004553724590636854, 0.002017718062429119]
[0.0010743803118817286, 0.0015975449393336172]
[0.001491710396514967, -0.0020337546172421173]
[-0.0015698501327410484, -0.001347362586988865]
[-0.0003809260022653582, 0.0005082418521875631]
[0.001805096647182064, -0.0005265161406420305]
[-0.00029360167404179904, 0.00027987529646889]
[8.315262183838934e-05, -0.0015527164108886105]
[0.0026353173541286967, 0.000674870555035012]
[-3.0565855606567993e-06, -0.00041624837329345965]
[0.0003268908694828432, -0.002389486585206546]
[0.0019818845325313417, -0.0026509353689796455]
[0.0004895961864577469, -0.0002469457933140795]
[0.0025709927411641242, 0.00019726033096978401]
[0.00045656753442084586, -0.000862185199965837]
[0.0011200672462834405, -4.1357997121613255e-05]
[0.0008435023697779265, -0.0019070122854533134]
[0.00025745136351174036, -0.0005176301135723996]
[-0.0018736394006943768, -0.0013515272141623735]
[0.0011098506883267523, -0.00023987379391945257]
[0.0001845437439830927, 0.0005268072142882163]
[0.0008453274397014834, 0.0006640347343006697]
[-0.00021839928118382035, -0.0006670416863263431]
[-0.0004133153958489899, -0.001247769386727271]
[-0.0001210064699424529, -0.00016721318578429706]
[0.0006713943829646241, -0.0001258992807310344]
[-0.00030865442124217157, 0.001439991183128396]
[-0.0005194814463294339, -0.0003770111848377944]
[0.0029987289284988394, -4.810878831890131e-06]
[-0.001862039766330842, 0.00010061920772497235]
[0.0006721941114721242, -0.0014117439386801545]
[0.0004004791284683562, -0.004058905665279999]
[0.000698022634652018, -0.0010579787312496869]
[0.0008610715877239716, -0.0015132701433494544]
[0.0009292913773255584, 0.0002975675196918992]
[0.002322799188800073, -0.0009406211503356632]
[0.0017312049502840043, -0.0019839671803513204]
[-0.0001799063809155843, 5.411320091053273e-05]
[-0.00014478743087595336, -0.0008755580159559573]
[0.0023382998684263745, 0.0006174654501698018]
[0.0007389231050294043, -0.001373173762137525]
[-0.0010723114920430654, 0.0001647571910981735]
[0.00015450262127558734, -0.0011352232912238969]
[-0.00029551053066451116, 1.628149642684401e-05]
[-0.001442137422054568, -0.0013945601931713014]
[0.0002403736335823449, -0.001409076092451951]
[-0.0010676702089932426, 0.0023786396221209677]
[0.001192010048271963, 0.001938934074195764]
[0.001523394257956917, 0.0008792237604486261]
[-0.001156404218695506, 0.0005561644795747389]
[0.0021693569301050597, 0.0003719439774811928]
[-0.0018361823402997524, -0.000624389390787794]
[0.0005862389626325459, -0.001052498735691243]
[-0.0004621685759219011, -0.001871100798404357]
[0.0016153368229555598, 0.0004977502682291801]
[0.0004584290689119974, -0.0009553207428596444]
[2.0545697456797463e-05, -0.0012647526289353284]
[0.001448605321561769, -0.0017004389129986475]
[0.001026191581987912, -6.503804513280365e-05]
[0.0026694386305428086, 0.00018173340487670497]
[0.0005390553337785708, 0.0002041179766785195]
[0.0007697683997509586, 0.001229332869492783]
[0.002369434086041372, -0.0016003082811072433]
[-0.0007558167527917936, 0.0013386940920945833]
[-0.001423800900930125, -0.0019099304150343999]
[0.0005253159531218854, -0.0015219117260309584]
[-0.0016510848923198262, -0.0007552397907886199]
[0.0014545027346732908, 0.0005612609023343124]
[-0.0008176980835551684, 0.0017040866162756907]
[0.0009957234107286356, 0.00022267036558033804]
[0.0006581149295497996, 0.0006633135174304861]
[-0.0008313326980421004, 0.000951046800797356]
[0.0006188211905520657, 0.0010281725915616755]
[0.0005957324305907452, -5.426312023237845e-05]
[0.0013190514663075636, -0.00021411040652814795]
[-0.001375260312165033, -0.0003489607549617135]
[0.0007597903861373267, -0.0012982182895178648]
[0.0005634963297891926, -0.002368368131926757]
[-0.00019454234878990562, -0.0008297316717719716]
[0.0012817776639510725, -0.002141706054417325]
[-0.0003176737842044419, 0.0011061241533200095]
[0.0028181749967582936, 0.000627239967927129]
[0.0019436006583769538, -0.00039833853629578364]
[9.969507688722956e-05, 0.00039127940450478516]
[0.0006855782629345275, -0.0015066106675768465]
[0.0007556020873381586, -0.0002870944585887658]
[-0.00013610622021392738, -0.0025050997594699975]
[0.0002644948212870979, -0.0009964609682016068]
[-0.0006488660963074946, 0.0002377282462511232]
[0.0006399768550410245, 0.00019835516040908607]
[-0.0011574669808408627, -0.0010462430767536057]
[0.00036483846370788386, -0.0011085318436348038]
[-0.00011416267934613589, 0.0012389729290459561]
[0.0013125478103021004, 0.0005113931649350228]
[0.00033865772453436915, 0.0001592212744932764]
[-0.00039361726834262565, -0.00011711394278278442]
[0.002740687625415858, -0.00039183502450310104]
[-0.0013200184822524108, -0.0002601734862912042]
[-0.0006930378785938718, -0.0013069735985912143]
[0.00021489829535509264, -0.0023405514785386217]
[0.00015715879503985786, -0.0004051486087095664]
[0.0009073200820253619, -0.00034209587028011246]
[0.0001798124844611948, 0.0005658320524085936]
[0.0007953160523960952, -0.000830282958716122]
[0.0017162715686092067, -0.0010368292477337393]
[-5.2683586163393414e-05, -0.000289920380348474]
[0.0006352380369877286, -6.217973515787456e-05]
[0.000811161247676162, -0.00028086505793456507]
[0.000721696638298408, -0.0009499339896136272]
[-0.0005101103321798472, 0.00038496884049687985]
[0.00019515291795224599, -0.0012275146705431617]
[0.00010029643581543901, -0.001014216610568608]
[-0.0004873852580047494, -0.0007540822703423489]
[0.0003525811395775902, -0.0005567302369991478]
[6.604030261177923e-05, 0.000889303487423776]
[0.0007489383144635986, 0.0001434211958422013]
[0.0014660032643825094, 0.0003340774213922426]
[-0.0007760791051165117, 0.0003792047999070097]
[0.00013619316342844412, -0.0006884302441713674]
[0.000629628496280149, -0.0007132411892405398]
[0.0004338381464093072, -0.0007935912746720036]
[-8.874038587260158e-05, 1.798306671087213e-05]
[0.00030108088161463764, 0.0005583094374737195]
[0.0005030741763067115, 0.00022780182685305794]
[0.0006899807240113853, -0.0007664991441511809]
[-0.0008152525910206931, -0.0006578961603807554]
[-0.0002242007262663881, 0.0008828240224851361]
[0.0013380994592407033, 0.00020144304865921114]
[0.000313763062295247, -0.0004985492724491336]
[-0.00012555782112133596, -0.0003036133174784128]
[0.0014674608549531953, 0.00016237695325188595]
[0.00018826615587741458, 0.0005778140268244414]
[-0.000317129093228008, -0.0009380000264201938]
[0.00027609720398602544, -0.0012077966995599487]
[0.0006123471468827968, 0.0006675433699739886]
[0.0003962726329288513, 0.0008414267164360556]
[-9.564438075851389e-05, -0.0002827841395730557]
[0.0003180135392798489, -0.0008647501695862592]
[0.0009597341440862987, -0.0010341065440500063]
[0.00023741951669853378, -0.0005542756683156319]
[-0.0005877609061546996, -0.00014646865305356638]
[0.001927453249711053, -0.000491116997019897]
[0.0006060242092139068, 5.1689878345750895e-05]
[0.00047138546007033377, 0.000889470767944954]
[-0.0001385001012017273, -0.0002537068376672891]
[0.00032677488634155413, 0.00021533722080686185]
[-0.0001141284610508761, -0.000904933530122335]
[0.0001448501583784234, -0.00018832359980919255]
[-0.0002366606509136282, 8.732197353128468e-05]
[0.00030204711248194016, -0.00015502595178490397]
[0.0005252312364019129, -0.00010771092450082703]
[-0.00011815362499467685, -0.0003375982808642153]
[-0.0004972734519602673, 0.00017134421435630043]
[0.0007989809966095079, -0.0010959403797454748]
[0.00027210004631961215, 0.0001810731701367141]
[0.0005013958395887197, 0.00040252217557901204]
[0.001032926393179756, 0.0002427687418208313]
[2.7789663408661625e-05, -0.0003595742298518889]
[0.0015014826835335615, -0.0013887002420969186]
[-0.0009178754620416951, -0.0011956267572474921]
[-0.00015932434987703248, -0.0005594346557353802]
[0.0017952006567842904, -0.0015884481371086223]
[-0.0001981347754442253, -0.0008626036042509444]
[0.0006393678373299849, -0.0005593341200288426]
[0.0002911993065343177, -0.0001803673585814014]
[0.0015510494844733214, 0.00040703464030179826]
[0.00017200684919341236, -0.0010966499594828316]
[0.000219083439960438, -0.00031343593167723616]
[0.0004461948235281177, 0.0002218443565557282]
[0.0002798907182671659, 0.0014131231582246787]
[-3.0663114885441656e-05, -0.0008546852691234952]
[-0.0011032122638168634, -0.0009851934966168818]
[-0.00023836505642906014, -0.0005646872103058295]
[-0.0002794286281699865, -0.0005814664811630288]
[-0.0009513026835737959, 8.077614426302976e-05]
[0.0011058161109803455, -0.0009334911656243561]
[0.0011624372369271607, 0.0015141552155224919]
[-0.00044536108738323435, 0.0008431300615794335]
[0.0012849751333511295, 0.00014689140282059254]
[-0.0004905340979314554, -0.0007418524917798264]
[0.0014196089334982398, -0.0007472350617169221]
[-0.0005536768946662329, -0.0009894536122742048]
[0.0001306283551311127, -0.0009410827073358385]
[0.0004539678214460219, -0.0009612192965146038]
[0.0010620672960676703, -0.0009117231892256106]
[0.0004919172068496014, -0.0009333654011274284]
[-0.0005462227124518049, -0.0002990174828209069]
[0.0017079569291171826, -0.0005500076029797407]
[0.000298423253292145, -2.131816092443284e-05]
[0.0009334397881510248, 0.0013541214561762632]
[0.0004898452350680649, 0.00014669427156227544]
[-0.00047738574181205307, 0.0009009479061350273]
[0.0006485989796257696, -0.0017441871704949041]
[-0.0010276894065271436, -7.410604086738326e-06]
[-0.0010280055258239107, -4.7860509374997307e-05]
[0.0007456302227694736, -0.0006253392887727721]
[-0.0007477278723625816, 0.00064641229060005]
[-0.00034169072156578495, 0.0002894085071282748]
[0.0004741867536164901, 0.001275249595709238]
[0.0003318666354553135, -3.64994762129256e-05]
[0.0006909200686697203, 6.443211961628531e-05]
[-0.0004908531746043304, -0.00023311963580163741]
[0.001372950318883459, 0.0004228359705022444]
[0.000307953339907574, 0.0003273350126477004]
[0.0011994382643359947, -0.0007878080647383268]
[-0.0007368350578919325, -0.001472894810095049]
[-3.8913033107212947e-05, -0.0010807908069531136]
[0.0012577175778147875, -0.0009615176494472966]
[-0.0007083266875220207, -0.00041968760652522086]
[0.001622353954577549, -0.0004825692819473981]
[0.0005815815847108607, 0.000587280523211553]
[0.0008645933338569112, 0.0014463184621272829]
[0.000758262565505062, -0.0010270597124329983]
[0.00028020334897899124, -0.00017615559743572318]
[-0.00020340657544580532, -0.0005297959773800098]
[0.00022591113799280693, 0.00045936686782961644]
[-0.001009898626759681, -0.0006032823757967098]
[9.298088309345198e-05, -0.00014334963779136928]
[0.0001746755146771889, 0.00016384335249161608]
[-0.0002772101657670181, -7.4009295501220596e-06]
[-0.0010059521076561453, 0.00013952746287145684]
[0.000869661148356099, -0.0007196714134069526]
[0.0008955242032260835, 0.0011026128029876583]
[0.00010472602710265289, 0.000417884662289536]
[0.0007600508465983591, 0.00039737222421314805]
[-0.0002899575748600697, -0.0006076340502391697]
[0.001314098550402154, -0.001578549763110365]
[-0.0003335970615342483, -0.000996387498271134]
[-0.0005462609926172313, -0.00020882371472721872]
[0.0013866076924397563, -0.0009134499687053488]
[0.0004984881686432852, -0.0004951245747256694]
[0.00036798538948912274, -0.0002021345752417636]
[0.0004884570487755924, -2.835276270651832e-05]
[0.0008663185998832867, -0.0005304415190520162]
[-0.00016188776803133242, -0.0011253699798353667]
[0.0003638632498337291, -0.00020092252122189125]
[0.0003562413933605457, 2.7954375522942776e-05]
[0.000610075920197628, 0.0006142938211748106]
[0.00021067703979855967, -0.000884406153578543]
[-0.0005383278116591894, -0.0003049833232515453]
[-0.00037475904302972096, -0.0004977735130979322]
[0.00040785395130632507, -0.0005105966724473776]
[-0.0005391935659566638, 0.0003832873258386993]
[-4.288476477881664e-05, -0.00027548910489924583]
[0.0006969300620864177, 0.0005567339948065742]
[-0.00020344054910061832, 0.00016139724551057777]
[0.0008260277560182133, -0.0006120459585042641]
[-0.00027741993919860874, -0.0009331455619988049]
[0.00013790204305824671, 7.47399779171265e-05]
[0.0007626379661999083, -0.00022024818304766658]
[0.0005499525542404515, -0.00026676903942568497]
[-0.00022458948284429653, -0.0003637612235473098]
[0.0008688370606300122, -0.0001701827142955581]
[-0.00020067457584962978, -5.480333823559835e-05]
[-0.00024948820871995014, -0.0009747274644883452]
[0.00038037403257593083, -0.0009543811590378981]
[0.0006297752197712003, 0.0003998054016068897]
[0.0005066980024748258, 0.000556828438498802]
[9.172185724137805e-05, -0.00044291450462219384]
[0.00017900645735319243, -0.0005766664263856525]
[0.000645969203830199, -0.0005674930287143942]
[-0.00014578206131149463, 0.00018381491904462255]
[-0.0007046728232885449, 0.00022338124708587426]
[0.0006929388816901416, 0.00010944392129155767]
[0.001021801826800367, -0.00014438830054835927]
[-0.000808407428473934, 0.00046336105852401444]
[1.380442563822526e-05, -0.0001302047937176143]
[0.00034992957018106785, -0.0007864705485201191]
[-7.636214452487466e-05, -0.0005892750710687622]
[0.0002607795140562126, -0.0005834435495632589]
[5.913833684332865e-05, 0.0008691799271742517]
[0.0007922174823441902, 0.0006570101808199003]
[0.0006304110617998959, -0.0003742212260278016]
[-0.0002720725186705075, 0.00012348012020446664]
[0.0002456527070110459, -5.4381011741551355e-05]
[0.0003520830206631409, 7.149934429151461e-05]
[6.136520710875448e-05, -0.00022359615915773512]
[-2.5306418295005517e-05, -0.00018675583133509477]
[0.00047105958437898554, -9.317799537084115e-06]
[-0.00017809875309893197, -0.0003146817727814888]
[-0.00012809494597948445, -0.000572755311769757]
[0.0004639933974499022, -0.000665525268755518]
[-0.0002538035108687886, 0.00047863535414449654]
[0.0012697241131491288, 0.00018649597511166682]
[0.0006281025023691933, 0.00014276480849562123]
[-9.743846936688394e-05, 0.00038686694198197813]
[0.0008906224526022966, -0.0003651711749794728]
[-8.319626344105435e-05, -0.00032075731191008594]
[-0.0002161220445923498, -0.0010800117500293638]
[0.00010957067574501878, -0.0009325662503700746]
[-0.00015830995405941017, 8.909448371058337e-05]
[0.0010590075385208397, 0.00020135006118238846]
[-0.00031399797869731405, -0.00040029086535400826]
[0.0005603684013481269, -0.000636063083035307]
[0.00018990907909339355, 1.7726867980238925e-05]
[0.0007015993653942676, 0.0005460259231296755]
[-0.0002079370195652297, 0.00016268233440987906]
[0.00023113458742021753, 0.00011148129231330905]
[0.0009842633490653174, -0.00014954450069977476]
[-0.0010538915386245629, 0.0005185751592629573]
[-0.00034963498288642647, -0.000763411483398535]
[0.0002690343603931472, -0.001383206445308982]
[-0.000282088653012047, -0.00027747858299081996]
[0.0002714633027649377, -0.0006805425922943309]
[-5.7299800097831977e-05, 0.0008177240114775608]
[0.0008524694962868951, -9.439762511265215e-05]
[0.0012219939447127293, -9.588005518590403e-05]
[-0.00048069659602817394, -0.0002536519490767275]
[0.000446768923398011, -0.0003236339698456936]
[0.00047681862764414884, -0.0002178423195136614]
[0.0005909081345153722, -0.0009562389113544345]
[-3.4400689064628676e-05, -0.0006650826789976749]
[0.00016139652104647448, -0.0006561995783381791]
[0.00028996012728438325, -0.0006425085413168385]
[-0.00032936440797533273, -0.000959667981416612]
[0.0007592563611857894, -0.0006250077399802267]
[-0.00045496175270820505, 0.0006651276005958384]
[0.0009324371764832251, 0.0006979715226829719]
[0.0004747118165447095, -5.625629082520178e-05]
[-0.0003280470345279479, 0.0007730478298684715]
[0.0007066358645909498, -0.0003286420632556547]
[-0.0005731408133531901, -0.0001550036146628353]
[-0.0003473190008695115, -0.0007578060370621517]
[-0.0005503865840665312, -0.0005970063014115179]
[6.629154181919672e-05, 0.0005886020371488332]
[0.0001484788636644252, -0.0001491649090416547]
[-6.539866133303818e-06, 0.00021738259431715312]
[-0.0001961402846487048, -0.000610241701106462]
[0.0007352239460619026, 0.0002998551703538854]
[0.0005334271792862277, -2.5741831617853705e-05]
[0.0007514002281196475, 0.00012655751487822275]
[-7.659224901884754e-05, -0.0004041904624710879]
[0.001396551485205566, -0.0005526346669507687]
[-0.00029485543563012584, 0.00010764961158599151]
[-6.429933456780779e-05, -0.0010572466995633079]
[0.0005009913425199075, -0.0010988392053425389]
[-0.00046632839057969555, -0.0004179064210536598]
[0.0008646046729082202, 0.00022584717371237906]
[-0.0001754512968339464, 0.00016488849882223544]
[0.0008764248577475819, 0.0002661559311395445]
[0.0005583974796716795, -5.477409480458828e-05]
[-0.00035257908074387556, 0.0006604384679658216]
[-0.00026789998349764643, -0.0001262822565972488]
[0.0002703132589842658, 0.0002421480026054204]
[0.00011213832189875539, 3.194861081662337e-05]
[-0.00047697931162000995, 0.00028584622343240385]
[-0.00033816414000910344, -2.5598121379637184e-06]
[-3.9264314889847496e-05, -0.0002737298135874755]
[0.0001828843096723376, -1.3574167231633627e-05]
[-0.00010971949416296867, -0.0006091010430755439]
[-2.679885223755285e-05, 0.0010477186269665442]
[0.0005626511747476581, -5.0089092678728964e-05]
[0.0010901366252584754, -5.6408433991128604e-05]
[-0.00013759842052420146, -0.00012520806131177675]
[0.0005744374863784762, -0.000259039282510809]
[0.0004029158828770807, -0.0005321991277043026]
[6.364407617531764e-05, -0.0011925688365644338]
[0.0005307802337436995, -0.0006026525743596522]
[0.000227051954113211, 0.00011026901073429851]
[0.0008054780987354349, 0.0001441618524944399]
[-0.0002821140587376536, -0.0006525703070011657]
[0.00021457763587551248, -0.0001525697581664931]
[-3.8126730913639814e-05, -0.00011597251857220492]
[0.0007523035406110656, 0.00017343325805657672]
[-0.00048435652611811264, -0.00023210165649173442]
[0.00028166610453253527, 9.770488246197556e-05]
[0.000465824090817038, -0.00017188290415184881]
[-0.0001535460186098958, 0.00038867800991370174]
[-0.0003589271529675364, -0.00010247256737054566]
[-0.00018366134506837134, -0.0005482464729996278]
[-0.00014115141390583924, 0.00018123052408737517]
[0.00012858093941420234, -1.844612374418686e-05]
[0.00020424828440354648, 0.000282230607975633]
[-6.554044872481013e-05, -0.00048823083004673196]
[0.0007046750159376836, -0.00023870811006133572]
[-0.00010593980767811123, -0.0005650355817985453]
[0.0003319670516303552, -0.0003183517110732087]
[0.0006100084858830443, -0.0008190944708081904]
[0.0004637373780649878, -3.9034616527988675e-06]
[0.00036471892043807297, 0.00016953354098059314]
[0.00021903667589018294, -0.0005939539073969713]
[0.00016631923177057306, -0.0003470450581241624]
[0.00040499460646581387, -0.0007174205712205395]
[6.89357295933779e-05, -0.0002660679359451912]
[-0.00033470979417460356, -0.000326765727065248]
[0.0006152996212813733, -0.0002678975686089269]
[0.0004364461675728862, -0.0002060507539505263]
[-0.00019265430321085963, 0.000175680282408594]
[-0.0003806172162281671, 2.07312477268351e-05]
[0.0004263076484980477, -0.00020630724391573763]
[8.23237287484041e-05, -0.0003822857623621556]
[-0.00011808876977992266, 0.00013046541390628746]
[0.00026680843775052365, 0.0005780796966883828]
[-6.903385062013642e-05, 0.0003487571464422731]
[0.0005917968723073187, -0.0005068586844265699]
[-0.0008334139728617407, -0.0006526677264985792]
[0.00016942678683756762, 0.00016187765536030893]
[0.0003961514575494124, -0.0004894849702379855]
[-0.00023580619732910257, -0.0001748914640837193]
[0.00037139789371315457, -0.0003865119146696516]
[0.000796078762788921, 0.0002670428115691681]
[0.00015794998947043799, 0.00034551972178631374]
[0.00034289704902706886, -0.00035549092123060566]
[0.00011392351850485205, -0.00028558229825159653]
[0.00047831947742293934, -0.00012572070472105512]
[3.032803515495841e-05, 0.00024078260610232993]
[5.597914269239723e-06, -0.0002234280114813414]
[-0.0001258667699486904, -0.00021589837773478004]
[0.00011024333790504715, -0.0005456193419409172]
[0.00013858791607790355, -0.0004338484189087555]
[-0.0003969381370374919, -6.729037704034102e-05]
[0.0007459249195695961, -0.00011373759584912269]
[0.00021594561381776609, 0.0005866116949612143]
[0.00034036367447054516, 0.0006801706003198432]
[0.00047691985489586863, 5.8892666812526695e-05]
[-0.00041940673998866473, 5.593137306138252e-05]
[0.0002895886947955756, -0.0004876273593780456]
[-6.607998373026058e-05, -0.00016241360686692664]
[-0.00036024586935432673, -0.00032110911819155374]
[0.00029406136815179895, -0.000497216558497493]
[0.0002557737961150913, 9.530089903382784e-05]
[0.00021719056362216882, 0.00010200396040024873]
[-0.00024832578584887965, 0.00014158533796434017]
[0.0007168828767834257, -0.0004024661922801265]
[0.00020171080752828807, 0.00011143369875617898]
[0.0001128736858230367, 0.000570032772584439]
[0.00032543536788243177, 0.00020000981089428327]
[6.504687194334308e-05, 0.00019388207200643492]
[0.0006524969829151406, -0.0008642048661423873]
[-0.0006978850688870719, -0.0005178370470810822]
[-0.0004154939508313471, -0.00021845578701523705]
[0.0008583447986126314, -0.0006210595385804929]
[-0.0003540308168240025, 2.7264667152748778e-05]
[0.0003578685317121577, -0.000326325334067068]
[0.0003520320070491689, 0.00042416783389570556]
[0.0004573904976467036, 0.00034150718938488756]
[0.0003896949192738128, -0.0005657360151617996]
[0.00010366776029274716, -0.00036010457776333715]
[0.00037370196625186036, -0.00013539385559924177]
[0.00020178646864343897, 0.00021325540345622403]
[5.4274536526649486e-05, -0.0005838981209095317]
[3.6607640124808327e-06, -0.0005247596336232299]
[-0.0001689927065546687, -0.0004632701815477924]
[0.00025254276233723817, -0.00043751123327261804]
[-0.0006799098674531798, -0.00013624054717867318]
[0.0007625866455395758, -7.516932761048034e-05]
[0.00041281834182567423, 0.0005917950321204929]
[0.00014026707053377274, 0.0005664936902774753]
[0.0005164209069045411, -0.00014593239572498196]
[-0.0004934506898101043, -8.86499165023702e-05]
[0.0003290072473290384, -0.0004534478726540836]
[-0.00016431441995755358, -0.00046405926221188]
[-0.00032834128875258717, -0.00017183742851373252]
[-4.807026629866096e-05, -0.0005450374077781706]
[0.00045791027998803857, -4.6339512118243054e-05]
[0.00011608346564584426, -0.00019694218955029763]
[9.189071100768054e-05, 2.4869872381427793e-05]
[0.0003971483296265066, -0.000725969349042288]
[0.0004953278228841396, 1.2752011373129424e-05]
[0.00031992146474552063, 0.00022781740477745283]
[0.0005617368000502138, -0.00011354503642763136]
[4.618828207608727e-05, -0.00019280523331091648]
[0.0004607177857978047, -0.0010268247439322309]
[-0.00031300327914735027, -0.00016841304098215437]
[-0.0004527642103896723, -0.00042248621118362584]
[0.0008523383279625818, -0.00036498978160163023]
[-0.00022109097558126178, 0.00013231718784617597]
[3.929964602639169e-05, 0.0003252908003602735]
[0.00012094639932187096, 0.00027822657965784203]
[0.00011322099181488438, 0.0002679289769360049]
[0.00017691433474353868, -0.000196820278533065]
[-0.0004094878441112948, -8.801339997235869e-05]
[5.922600795141286e-05, 0.00024807727149239386]
[8.329897042014256e-05, 0.00033910783484680795]
[0.00045079622549182297, -8.45244206604881e-05]
[-0.0005179464680272194, -0.00035640292477118196]
[7.280184351848851e-05, 7.976848210142218e-05]
[2.318878767172683e-05, -0.0004599062799616749]
[2.544178258839791e-05, -4.778078044451184e-05]
[0.00029910939795149694, -0.0004382408785874037]
[0.0006261845462911531, 0.0004884375184917578]
[0.00020818259246346837, 0.00022352578333584283]
[0.0005629387284396548, -0.000659875815271771]
[0.00013853188209039802, -0.0003951961441190366]
[0.000244044059327847, -0.00034561268474481155]
[0.0006176465309619683, -0.00010704090549068512]
[-0.00041966042503490536, -0.0003546844236571034]
[0.0003517899573917682, 0.00013418177194440828]
[0.0003019656327691578, -0.00014203334807272316]
[2.156267790814903e-05, 0.0003791317271938481]
[-0.0005284285638918196, -0.0002394001157177139]
[0.0002593475619401542, -0.00017622695314935266]
[-2.6715404115584818e-05, 0.00011802695260365592]
[0.0002835211242425426, 0.0004191902824291216]
[-5.663247079878107e-05, 0.0004052457125791331]
[-0.0001351786453327869, -2.723565291981589e-05]
[0.0002688434815115853, -0.00025490594890777846]
[-0.00031670238334062517, -7.518397374983721e-05]
[-0.00012496363632732987, 0.00023533100333605547]
[0.00030137050539769117, -0.0003054383191842258]
[0.0003442994138898592, 0.00015367663220625105]
[-0.00014498299410850568, -4.0353082084443326e-05]
[0.0005354061090775963, -0.000133548282582302]
[0.00021444451643207185, -0.0007434622978171879]
[0.00014104133629050386, -0.0004540023539935101]
[0.00040211642221715804, -0.0005309920094345721]
[1.062519258737682e-05, -0.00010902671796153562]
[0.0008159692068513968, 9.44206810961079e-05]
[0.00043885838989182746, -0.00030771003883406367]
[5.0010530791955166e-05, 0.00016290477094843547]
[-0.00011904033412100945, -0.0005404605530493489]
[0.00042638230592928483, -0.0001461004261740506]
[-0.00015699877603320145, -0.00039456904356105493]
[3.2940271316672654e-05, -7.354653989015067e-05]
[-0.00020686059662371192, 0.0001770054417540856]
[0.00010700489813375569, 0.00011647797250631184]
[9.934576102904602e-06, -0.0004038607027031238]
[-0.00010697908004488749, -0.00032833088307368877]
[-0.00021587218417646464, 0.00041170805542432853]
[0.00047350426071843255, 0.0001443657918877017]
[0.000190450354172228, 9.086541787224275e-05]
[-0.00031174400292383053, -9.432314612073389e-05]
[0.0008425244275079846, 0.00013318714540086485]
[-0.0004624305092477826, -0.00016562676187947822]
[-3.87744229214948e-05, -0.0006175282698241275]
