[-335.86241384823677, -1063.0616639034695]
[-30.288772302717643, -2.886001677270663]
[-12.600668094006563, 4.471870063592171]
[39.302506160727404, 58.05504378530788]
[-23.422991866471904, -68.17158627248055]
[-11.660423666247143, 29.016094486979185]
[-25.812185357758388, -17.601854560814214]
[-14.56667880405269, 12.005856988676442]
[-13.994930678171023, 2.1530386269505257]
[6.799692560449921, 1.1736216671790132]
[5.352458298249559, -2.972294536978339]
[5.027665486663526, 11.257378567333959]
[1.3985785442488705, -9.902408953484223]
[-0.18931411634225093, 13.568273339153354]
[-6.493725461289504, -7.4908714549221465]
[-3.684706744163087, 2.5055880991660295]
[-2.6106106195134515, -0.037625039327853216]
[2.8793238551209317, 1.4331741948275223]
[2.74938873346764, -1.7694355255983272]
[6.8940515360464705, 5.674826478553552]
[1.1545367300958738, -7.664286372326207]
[0.24102781699657072, 8.347393289510876]
[-4.58592210740159, -5.686943373878262]
[-2.012902643827058, 4.329829912982923]
[-4.368977580647723, -0.0708440938862207]
[1.2820069870376223, -0.256137429234478]
[0.772968122104853, 0.5484818885472922]
[4.054497761432625, 3.298256079528132]
[1.46340557302619, -3.511361226650129]
[1.994120676266327, 5.750825029274862]
[-2.2056482538287376, -4.4905702222847115]
[-1.893008479119434, 3.189166042717676]
[-3.100682973718186, -1.003604173845675]
[0.3109639962476223, 0.270201202555548]
[0.0074925897900683935, 0.11059240583332297]
[3.2423985653914187, 1.0936990229109305]
[1.3494598150332742, -2.8967700632800586]
[1.8069302559029445, 4.394585887609251]
[-1.4552922483884831, -4.281749035116867]
[-0.8573596692622658, 3.323455193228681]
[-3.206759439242626, -1.6785243681260695]
[-0.7439680677758833, 0.2582801102373029]
[-0.901535770683104, 0.3332185147032245]
[2.1307673036269, 0.7143631887399877]
[1.1860538680779467, -1.4334662367718014]
[2.059030638666158, 2.9788326977828827]
[-0.3163877446122916, -3.448995094266495]
[-0.6829312327453181, 3.2822798191591946]
[-2.2134288644886615, -2.0886498164388065]
[-0.8691827406657842, 0.7833169620850047]
[-1.0507235139834745, -0.05046499428244822]
[1.1832563048913007, 0.06238395804634411]
[0.9979618733525237, -1.0317257782043825]
[1.9779425918651197, 2.303574582891407]
[0.22597088526760278, -2.9849764197655686]
[0.044421794052245556, 2.976009813828907]
[-1.8690196940915271, -2.334466204006681]
[-1.0834658824433214, 1.2055708978143613]
[-1.456536298510981, -0.20648012819899098]
[0.7037876070573574, 0.05379327605138551]
[0.5603788982828404, -0.24422051232419362]
[1.8260228199731579, 1.449978124313904]
[0.6320719045181074, -2.1354465341419857]
[0.47586182807248983, 2.807156914669665]
[-1.1326512442356558, -2.2703714665063672]
[-0.8652861000701122, 1.478662817487755]
[-1.4670759318021367, -0.5122621022065263]
[0.10243148396578153, 0.027864634871660243]
[0.20544580165592052, -0.07267091265183656]
[1.6344712861447568, 0.8826293527682947]
[0.7395581967749971, -1.5934642907839107]
[0.8734534148161631, 2.2868240975395606]
[-0.7914796289752495, -2.2533663148003207]
[-0.644194410050957, 1.7155287943266355]
[-1.5731132494841256, -0.7996775180501592]
[-0.1805102338102611, 0.1374027161672009]
[-0.3119938780211813, 0.1556317788215904]
[1.2752491736779148, 0.40415546375247935]
[0.7037326841952352, -0.9928689871385679]
[1.1206687965672648, 1.8796739026906213]
[-0.30224809470893366, -2.0039461498744973]
[-0.36062543070882835, 1.7915735847524896]
[-1.407194898099256, -1.1038749553795246]
[-0.48715870534462713, 0.35188606094694563]
[-0.5834506239400188, 0.04077094806691539]
[0.8923036483147602, 0.10275444672959466]
[0.577792406659718, -0.6232618389730729]
[1.200714188155323, 1.3836694385465123]
[0.006975031442981283, -1.8370564022046618]
[-0.0649585378058255, 1.8061822266007836]
[-1.2126483819975862, -1.3466734216073037]
[-0.5865866547145364, 0.5988901779701359]
[-0.8870331931228206, -0.0834257923690811]
[0.5020061409149754, -0.03230575738495123]
[0.3880111766973213, -0.28074771124521525]
[1.1884703542973893, 1.0015186279808843]
[0.3044420437624833, -1.4740168991124374]
[0.23480113017408577, 1.7407803920575509]
[-0.8786642317946445, -1.4839789479236756]
[-0.6169761871653305, 0.8711953032917608]
[-0.959479693367963, -0.29659691375247643]
[0.16056341918834605, -0.019532816487761173]
[0.16742348736150348, -0.0816798142824462]
[1.0793272096815434, 0.6242063989891791]
[0.47287073161478066, -1.1658208654297892]
[0.4957029755537814, 1.5912005009255044]
[-0.5699496150075842, -1.5145625026647949]
[-0.4806538549983861, 1.0863577816473964]
[-1.035834811034019, -0.5132625787968106]
[-0.10932141582739963, 0.062087059621619645]
[-0.09314014084176625, 0.05078261001641238]
[0.9245752244294749, 0.3569006833801145]
[0.5122812944580781, -0.7838905984840081]
[0.7220844871871237, 1.352621723565079]
[-0.26277548539236095, -1.4448587859085995]
[-0.31255785683601767, 1.2472893896866357]
[-0.9755159166651308, -0.7121039000190796]
[-0.2834973728789658, 0.21698326251563227]
[-0.34555375558832424, 0.058093408447262185]
[0.6874526488502071, 0.1223769132909529]
[0.4654015229737218, -0.49325833127245344]
[0.848624103060517, 1.0836448071135307]
[-0.021009664756420243, -1.31466338249773]
[-0.08187845730559346, 1.2863148727409708]
[-0.8853884779939849, -0.9167639592765104]
[-0.4056741651970739, 0.39131345143067015]
[-0.5669350223915387, -0.022561671453126264]
[0.45294244451179594, -0.002865002437799545]
[0.31720663950649286, -0.24599016066633766]
[0.8830858920745184, 0.7783356149139758]
[0.175609619000018, -1.1335154180707592]
[0.13444126085057959, 1.2876135393078492]
[-0.7082380582695753, -1.0495573473286761]
[-0.43062451198734364, 0.579002780326336]
[-0.7119787970851318, -0.17263020118305783]
[0.1783475647379149, -0.03579859154759579]
[0.15872848671945805, -0.08516527392678186]
[0.8348550201073893, 0.5175620876709108]
[0.31247505266717757, -0.916777813284167]
[0.32827518399369593, 1.1914823598476016]
[-0.4913887962644461, -1.1403957200190336]
[-0.39421624935946786, 0.7640913665383993]
[-0.7763463090234088, -0.35286861080890497]
[-0.03461317062174141, 0.007863120537012769]
[-0.03987242771127475, 0.004934366899229881]
[0.7200023154107602, 0.29272356516000597]
[0.37844600615758095, -0.678405408803149]
[0.5065729908486851, 1.0644859697030324]
[-0.26469917303910906, -1.1253677764398988]
[-0.2777331923856199, 0.911949252550583]
[-0.7677522482795309, -0.5246675096131996]
[-0.20594143165278478, 0.13169048116085014]
[-0.21758651275597352, 0.03942007151761029]
[0.5648008604880719, 0.12986093128730936]
[0.3716541693616877, -0.438567879114241]
[0.6215863985053618, 0.880914799659468]
[-0.04762174202420866, -1.0560037956444932]
[-0.1183894234422187, 0.9972952986246502]
[-0.696585304729525, -0.6803081468689891]
[-0.3027787631818999, 0.2705122172246299]
[-0.3968971468095073, -0.007029290744013927]
[0.3895264298750578, 0.017469946522681745]
[0.29067886345907734, -0.23582601331326347]
[0.6912285677564545, 0.6717625864176069]
[0.11003352000315259, -0.9192435707720563]
[0.06919783985855776, 1.0192783484697396]
[-0.5844188542582591, -0.8005038834621927]
[-0.3379710599486705, 0.43059114624548556]
[-0.5295410557525151, -0.0929204604903986]
[0.19685796455748505, -0.02110142047173913]
[0.16092740633219638, -0.08250998621769767]
[0.6793623212566322, 0.45741788801275707]
[0.23584318670018378, -0.7598959213359091]
[0.23295149570971896, 0.9710675287495789]
[-0.43031292574971247, -0.8829629080730412]
[-0.31567129644349645, 0.5731879926778183]
[-0.6122743697422253, -0.24206643596031263]
[0.016108054022578422, -0.011963551530718597]
[0.005332347764016587, 0.00037557141439048536]
[0.6123395447308244, 0.26869701413381564]
[0.2879176174541167, -0.582980365392777]
[0.3862755357909693, 0.8737844257285992]
[-0.25973335016747584, -0.9099204658063864]
[-0.24479666241155817, 0.7044983097090073]
[-0.6323305728068771, -0.3856034194847118]
[-0.1331704006491069, 0.07334640461436226]
[-0.15025140750548438, 0.028473991676531973]
[0.48840572861346676, 0.12146001298147513]
[0.3055851484289823, -0.4008569174359212]
[0.48486342468409194, 0.7450972044432884]
[-0.08306112261899479, -0.8799579469670086]
[-0.12961143703931277, 0.7900774625703513]
[-0.5858608217001535, -0.5367658123001484]
[-0.2397125089697223, 0.1850175785705474]
[-0.29344159783891033, 5.33346846314231e-05]
[0.349243501968977, 0.02671351800290056]
[0.2542485652492637, -0.23949159854860858]
[0.5528932634530143, 0.58462606961092]
[0.06571852512574239, -0.7918689373785566]
[0.014295979242397894, 0.8377694405766611]
[-0.504114560500941, -0.6440656998921277]
[-0.27939766932151355, 0.32500648552695033]
[-0.40977097048192035, -0.0653887015906307]
[0.19111644058072785, -0.013287525300929026]
[0.16705581676665338, -0.09701145297897629]
[0.5636134955899327, 0.4233309506202074]
[0.1800074909881424, -0.6653240124836286]
[0.16064834235242675, 0.8196938071411712]
[-0.3792653942828872, -0.7229590520317963]
[-0.27395455622984755, 0.4547287340271855]
[-0.4911297500666909, -0.170737436062522]
[0.04754298334309981, -0.010603974015700679]
[0.03961098496635218, -0.01244699947412764]
[0.5273705190638729, 0.2596305585601453]
[0.23814863047091706, -0.5171821715594842]
[0.29805748191617454, 0.7560832337532171]
[-0.2497565404940354, -0.7543762826576622]
[-0.21555010009017428, 0.5683997507800331]
[-0.5275979509860003, -0.2902050527810047]
[-0.08262634015357362, 0.043176882119653426]
[-0.09668785583285944, 0.029720286853179345]
[0.44171214002510384, 0.12856475646080856]
[0.25539004912902286, -0.36613129854774645]
[0.397018538949383, 0.6504383057491816]
[-0.10407491395811475, -0.7442898171605846]
[-0.1302340650788203, 0.6500603977663469]
[-0.5104886324412803, -0.4200594231704109]
[-0.1803289478046115, 0.12905845114068323]
[-0.22560163320076132, 0.01068881446889769]
[0.32503551496090743, 0.030723341535303095]
[0.22301037968402193, -0.22960049827096407]
[0.4596463483598514, 0.5218994694662316]
[0.02254390944571627, -0.6905318649764607]
[-0.014429400855787922, 0.6975094041862889]
[-0.45035264324554714, -0.5280232956577662]
[-0.23478041082443069, 0.24226210402461335]
[-0.33208235024055455, -0.04082917968342192]
[0.19240698166719872, -0.011290426973814327]
[0.1591307641979529, -0.11052336790334016]
[0.4790041332486856, 0.3854502040437726]
[0.13348386268628643, -0.5962868545843394]
[0.1045427074355636, 0.7032670890598239]
[-0.34992603918528264, -0.6082861227888947]
[-0.2408877803334799, 0.36172218977335713]
[-0.40487086572592723, -0.1285478868644283]
[0.062020263343274484, -0.015343074581154026]
[0.062245402173434605, -0.027862915217270245]
[0.4574629350315206, 0.2538130636739607]
[0.1985428874974409, -0.4771491346525911]
[0.227994947114476, 0.6628168700559413]
[-0.23603020041623146, -0.6467833568719086]
[-0.20345308449374166, 0.46924190203727134]
[-0.445028553715203, -0.2267842031721018]
[-0.04790140377968019, 0.027317488726440797]
[-0.05098906011133625, 0.0196110698680787]
[0.39835868518262596, 0.13515980177832324]
[0.2251031586522543, -0.3441476993688694]
[0.324794655587879, 0.5879889659241884]
[-0.11349110719960634, -0.6460926331672143]
[-0.12818217549261676, 0.5501083280268525]
[-0.4429134216069561, -0.33625066635425965]
[-0.13911125462877952, 0.09514595652731817]
[-0.16796854266005784, 0.018379099073910554]
[0.308681971250684, 0.046486055357907174]
[0.20382375163956357, -0.22215284957414294]
[0.39200792153929104, 0.4777235439663965]
[-0.003407902247594796, -0.6084303148496086]
[-0.034136189474551604, 0.5993190451706367]
[-0.40593218867926484, -0.435240246476979]
[-0.19087002393735708, 0.1865434080229469]
[-0.2703035600288015, -0.020100908200128886]
[0.19602426575048237, -0.007413508067283248]
[0.15103504084154173, -0.11514658183200621]
[0.4190701585700334, 0.3615137450415009]
[0.09336965408586884, -0.5384119120469482]
[0.07096085664421903, 0.6101789841795857]
[-0.329922732540771, -0.5156764188326783]
[-0.21176426879913635, 0.289284405998919]
[-0.3449714745033883, -0.09328786924093446]
[0.08084858704619169, -0.01813549464097841]
[0.07142302586760785, -0.039319747631699487]
[0.4054801930212739, 0.24203274736960556]
[0.15990477259094504, -0.4434526177070702]
[0.174059917412551, 0.5880060733081589]
[-0.23281646718481097, -0.5630219358389295]
[-0.18897266217267772, 0.3868253395237342]
[-0.3863066344734323, -0.180763492732901]
[-0.025416130897422562, 0.010071837972418285]
[-0.022614363832006656, 0.007753953591980611]
[0.3612595758339423, 0.13946852246025404]
[0.19486999843252262, -0.33144204490482565]
[0.26505692392592994, 0.5309502157258259]
[-0.12354844489093786, -0.5730457034709575]
[-0.13322984813103034, 0.46995751847112244]
[-0.3909722514338647, -0.27615425013021255]
[-0.10800606840715066, 0.06924131536519423]
[-0.12287186079944568, 0.017621461137628858]
[0.28794717454458385, 0.056835580051049606]
[0.1891867676156731, -0.2204301909341584]
[0.33248367383038757, 0.4468781898485821]
[-0.020931796399115354, -0.5463280947577274]
[-0.050444689400662046, 0.5222784868989344]
[-0.3649984942347664, -0.3647939685097732]
[-0.1619172592525031, 0.14740377503612168]
[-0.2161607715713938, -0.006404922274780844]
[0.19763026964394226, 0.00399360411696148]
[0.14879371870067504, -0.11963835628230113]
[0.36898566688496637, 0.34408157885263824]
[0.06706336001973212, -0.49033874677782974]
[0.042951542234119344, 0.5425006122248114]
[-0.30746752103582736, -0.43925519808471636]
[-0.18277735824004093, 0.23640727226538494]
[-0.29194523303110775, -0.06356317136853207]
[0.09630062826290142, -0.01668631154534128]
[0.08165764635392155, -0.04548737236884415]
[0.36773188323786576, 0.23862568721115607]
[0.13020914941922287, -0.4113722566921402]
[0.13733239119471602, 0.5270465861689193]
[-0.22852883889474113, -0.4913572206524055]
[-0.17340593316924438, 0.32346533838435637]
[-0.3386599010875256, -0.14044224500883914]
[0.00043095407819424003, -0.000896483269134718]
[-0.002802545827581701, 0.00045604407005811476]
[0.33358874646184306, 0.1402642766984612]
[0.16712377351615668, -0.31846758642817796]
[0.2196756890509195, 0.4846170006258026]
[-0.13472206399702918, -0.5112053698778896]
[-0.13111416796235276, 0.4006383450952553]
[-0.35217168060058845, -0.22857404387519392]
[-0.08282077324291748, 0.04551512063246621]
[-0.09046225006567776, 0.014510972847421533]
[0.2727585554618968, 0.06396500787592041]
[0.17095326389124743, -0.22125058130691688]
[0.28370269971143147, 0.41487568076959724]
[-0.039353797144585645, -0.499036801176279]
[-0.06550602962216501, 0.4576043352981851]
[-0.3342035351868935, -0.3111375825307412]
[-0.13736632367776402, 0.11421976913936804]
[-0.17555610709818548, -0.0014291926673382083]
[0.1933418061333837, 0.011622472851250398]
[0.14481676611024397, -0.12853777651848186]
[0.323545932487582, 0.33104827031969153]
[0.04442477287353941, -0.45410599931078377]
[0.01754130279080046, 0.4849634411408088]
[-0.2873708933927053, -0.3817260974568277]
[-0.16421620922036562, 0.19537402222863665]
[-0.2458394460532327, -0.043796511651273656]
[0.10661059793959593, -0.011365090044542558]
[0.09029633481510979, -0.05444190248307432]
[0.33213961104128487, 0.23668188844111926]
[0.10829448081029858, -0.38678314378327117]
[0.10463610068652396, 0.48118682188017026]
[-0.22159240865069685, -0.43160957277743695]
[-0.15888550827881787, 0.27484871276526274]
[-0.2962114107320466, -0.10830882266765551]
[0.019951915145338894, -0.004969015998598059]
[0.016649188556583816, -0.004397199334299717]
[0.311212256586366, 0.14675105781501527]
[0.1450850624340272, -0.3041140033222114]
[0.18383646228849138, 0.4473423639883862]
[-0.14080621625386391, -0.45675039255077987]
[-0.12735839978791397, 0.34673360270207604]
[-0.3174564191699849, -0.1850335670025962]
[-0.05715719700798583, 0.02898914353531512]
[-0.06452169152794673, 0.014019861657621924]
[0.26155114455587825, 0.07017106016934149]
[0.15509943683526595, -0.21816210279290815]
[0.24610783324581975, 0.3888798763288648]
[-0.056799956838976984, -0.4544608877076308]
[-0.07262751794132327, 0.4013696696156899]
[-0.30966813764623, -0.26472829112369367]
[-0.11445606849381484, 0.08584080142596018]
[-0.14350673074488307, 0.0045884136053042646]
[0.1925464333028204, 0.01744818053828545]
[0.13660813990558507, -0.13506734483005456]
[0.2864484863771586, 0.315486783201679]
[0.023381121446155798, -0.4233285235363098]
[-0.0029436768115974066, 0.43405479157540944]
[-0.2726207131137578, -0.3333035873422694]
[-0.14644587336576376, 0.15845053180612906]
[-0.2098639278779475, -0.031243496172491447]
[0.11309129388538279, -0.009351270352927266]
[0.0954402300859654, -0.06478964117599634]
[0.2999873454070882, 0.23361580176313398]
[0.08688110035829062, -0.36832365884047935]
[0.07596407652166502, 0.4391395337184718]
[-0.21491771234474624, -0.3854638642220076]
[-0.14920695109652166, 0.23354539702661997]
[-0.2593963821757579, -0.0849468808309013]
[0.034570803382010414, -0.006917691792866165]
[0.03257013526019209, -0.013820508761487882]
[0.28847128977038444, 0.1520174089007731]
[0.1284789699012978, -0.294942331883451]
[0.1506945285904427, 0.4174374699442178]
[-0.14403373591822288, -0.41235609058674516]
[-0.12421212651205388, 0.3032064204154792]
[-0.28465459447291336, -0.1522117772221625]
[-0.03748688988184945, 0.018682206676865265]
[-0.03990315972327063, 0.012036835398802515]
[0.2506016653756268, 0.08013063994293401]
[0.14226661665605222, -0.216181964384503]
[0.2139685296205588, 0.3687200309173817]
[-0.06797236868184164, -0.41593283168555006]
[-0.07816694251509304, 0.3569752905513901]
[-0.2862638307965901, -0.22359468500366642]
[-0.09239833231072447, 0.06595418742156722]
[-0.11520181839184285, 0.009266681513107333]
[0.1925932576273135, 0.02480185854241379]
[0.13020505609781807, -0.13806356794692115]
[0.25628906583025013, 0.3043347615152313]
[0.004198868393092248, -0.39367656997982153]
[-0.016282067922639865, 0.3908780649824193]
[-0.25945600681488923, -0.2901958599571922]
[-0.12858176405834487, 0.12799716591955324]
[-0.18060524698396185, -0.01814114937787545]
[0.12114780669171021, -0.0059673691357948755]
[0.09597937232810194, -0.07256167684270554]
[0.2740565515206512, 0.22901447992083007]
[0.06643948224151464, -0.3498687077104936]
[0.052698748047344646, 0.40135807478264274]
[-0.2119756402735744, -0.34386118533230714]
[-0.13803350338902654, 0.1967151748785545]
[-0.23001125130195366, -0.0661842584301171]
[0.04688812465629977, -0.010713103608747665]
[0.043016490936476526, -0.022024428136849017]
[0.26774612379386586, 0.15488568820333792]
[0.11015892125262816, -0.28768896375541964]
[0.122344901958376, 0.38792882168654846]
[-0.1475321336345452, -0.3753343291983495]
[-0.1226943707075081, 0.26364219145772916]
[-0.2576721013953708, -0.12591378621609062]
[-0.02152677837496486, 0.010006050296540225]
[-0.0202239616469283, 0.006370231245109048]
[0.23827115371461238, 0.08711124040025808]
[0.13087947450279147, -0.21601989848250747]
[0.1830144521022412, 0.35085958774301373]
[-0.0773435038102783, -0.38420890915330563]
[-0.08346092722011655, 0.31865231724326437]
[-0.26320899563162925, -0.1910899893970014]
[-0.07579879200677775, 0.04987268658523003]
[-0.08904397284251908, 0.011217271132134776]
[0.1901003244560209, 0.034074855576552654]
[0.12570872371807512, -0.14264696173146663]
[0.22892539862531452, 0.2951010734603135]
[-0.009076148056567299, -0.36799671421581387]
[-0.02876911709374555, 0.35529297757141576]
[-0.24506602047270523, -0.2530072692122649]
[-0.11156089038120884, 0.10522798942683231]
[-0.15238299211729245, -0.008298524777798723]
[0.1279675476358721, -0.0006640029645103851]
[0.09797547017432748, -0.07836389628455424]
[0.2515406118679294, 0.22790861312799554]
[0.049574456348185914, -0.3321413045568816]
[0.03553842016173485, 0.369573835027872]
[-0.20684958695839886, -0.30603283327096986]
[-0.12637813573876472, 0.1664770221816555]
[-0.2037318663625417, -0.048553503682725874]
[0.06003559785908687, -0.010961291079911395]
[0.05118250661065682, -0.028552452831204667]
[0.2513929873679407, 0.15687188556642828]
[0.09327493239220508, -0.27890135996373966]
[0.09918159546057342, 0.36193881614129453]
[-0.15172173799598054, -0.3412868610402462]
[-0.1172927925124081, 0.22889343541427953]
[-0.23501608926488504, -0.10317916486694229]
[-0.006362311348228289, 0.0015973650470402223]
[-0.005917945669120295, 0.0013920165102464521]
[0.22789659726787925, 0.09309666227731539]
[0.11735981530233097, -0.21584483148842898]
[0.15731774522374342, 0.33220108726127273]
[-0.08735704344379891, -0.3561745445643431]
[-0.08809463049812472, 0.2833607876706258]
[-0.24492354230833513, -0.16386790425659892]
[-0.0605898518600434, 0.03583507551022791]
[-0.06845957873852693, 0.010227821775407944]
[0.18598139399718416, 0.040272551259519895]
[0.1193022846314784, -0.1481016936921167]
[0.20238124478083575, 0.28605651570783686]
[-0.022099742673083567, -0.34682893312190183]
[-0.039850157947797005, 0.3226467618176488]
[-0.23196529615581163, -0.22273191771559603]
[-0.09887769693361448, 0.08517835271506569]
[-0.1277535545984645, -0.0024365394420330366]
[0.13166074621960133, 0.005858466339722618]
[0.09919133759099075, -0.08567838871773281]
[0.22949179645298123, 0.2262277202287342]
[0.035687975059268906, -0.3171079218630637]
[0.01831780534111105, 0.34247814060556414]
[-0.20032436517890373, -0.27344139575383175]
[-0.11574589528467571, 0.14212797426847779]
[-0.17851121202095133, -0.03463723022071419]
[0.0698700609764138, -0.009278559169740297]
[0.059528786086804675, -0.03471422308477112]
[0.2355474729070326, 0.16135766561299048]
[0.07955522219067046, -0.2700744724345594]
[0.0797634745692335, 0.3395861914888181]
[-0.1528817603661793, -0.3099297769337913]
[-0.11200846208673676, 0.2001657414164233]
[-0.2129109817586895, -0.08227993725115068]
[0.008708582179997038, -0.0026526027002407027]
[0.007180779430579265, -0.0021881257103801843]
[0.21925182636268797, 0.09875365840989747]
[0.10560694171046575, -0.21346093541020728]
[0.1356433823537223, 0.31635344863877674]
[-0.09557441337992958, -0.3287613846477939]
[-0.08847948037941972, 0.252152046342897]
[-0.22819921577236668, -0.13881352218081172]
[-0.04558661550378071, 0.023697535528013347]
[-0.051088607005866656, 0.00986904258211152]
[0.1836913147496987, 0.046532341545803185]
[0.11144976796907824, -0.1517294517284696]
[0.18052880827631568, 0.27572079911940683]
[-0.0348135441218068, -0.32683824448429044]
[-0.048464447030868926, 0.2924327066387869]
[-0.22100304610859728, -0.1956305277079624]
[-0.08546167148870852, 0.06706219457325269]
[-0.10770970873575589, 0.0013948229246349697]
[0.13430015925380884, 0.010068038842213467]
[0.0981111550603469, -0.09318798537969583]
[0.2089451088717487, 0.22351492347320545]
[0.02168487703303501, -0.3041095569939043]
[0.0037097645213040598, 0.31598462254207105]
[-0.19485487043216482, -0.24637279522989866]
[-0.10711272655109857, 0.11976992274655474]
[-0.15643281233238115, -0.025013972600267276]
[0.0776332529234815, -0.007001498136941509]
[0.0653374531809342, -0.04280607911422979]
[0.2193704883510953, 0.16421769440684553]
[0.06698433546339033, -0.2638403763160501]
[0.060716014943857366, 0.3197035162442442]
[-0.1529878048775004, -0.2830987092872119]
[-0.10726593549827712, 0.17546209107907607]
[-0.19218489115932313, -0.06622007862769613]
[0.02011731742404077, -0.004886213350822066]
[0.01963896749180183, -0.007245447207116007]
[0.209554848939015, 0.10590152916932494]
[0.09535232813583217, -0.21156446886789637]
[0.11569897447147826, 0.3024717355056338]
[-0.10101826738375297, -0.3045086829236489]
[-0.08904078164452756, 0.22606354526549532]
[-0.2110813160146534, -0.11659742718431218]
[-0.03141500992732582, 0.015815194417857115]
[-0.03518253624050183, 0.008968204447437289]
[0.18106161092978712, 0.05364399154078514]
[0.10488373539370599, -0.1540101363495014]
[0.1611178382767844, 0.2678791602293773]
[-0.04561204340726421, -0.3065186126536597]
[-0.053903672317975326, 0.26609021336123595]
[-0.210167443008751, -0.17043605879623636]
[-0.07226284977177322, 0.05231213551305061]
[-0.08951225147006803, 0.005817555822121734]
[0.1376170273171231, 0.015403776741996361]
[0.095430424649813, -0.09834732768434717]
[0.19146783131978573, 0.22008398236923293]
[0.008582061561745014, -0.29056411640111024]
[-0.007958572674342967, 0.2915119245408219]
[-0.19018203865469607, -0.22032732038358427]
[-0.09697432533492645, 0.0995883557314779]
[-0.1379295151421871, -0.016705595297224596]
[0.08493395388297797, -0.005641541293763763]
[0.06884640225345584, -0.04983983267785774]
[0.20467539187235134, 0.16568363364210975]
[0.0535086415691185, -0.2571751527756111]
[0.044544538348391116, 0.29944769277567784]
[-0.15357898539114895, -0.25933648085795624]
[-0.10267958207263123, 0.15203894166806137]
[-0.17403079222739923, -0.05274556646303952]
[0.03014364987298157, -0.006990214782648829]
[0.028877658087613764, -0.013666336789704081]
[0.19936238205999687, 0.1108528648979521]
[0.08537885439988249, -0.21081741158425604]
[0.09647467108362923, 0.28866080649019116]
[-0.10591347007436366, -0.28314660664320235]
[-0.08944985317078734, 0.20206892782580854]
[-0.19486337984194732, -0.09911197782173126]
[-0.019923371120662663, 0.009192230096366973]
[-0.020273031647444237, 0.006163152585795903]
[0.1767373719093742, 0.061006822707205366]
[0.0985943457953819, -0.15723352042368827]
[0.14249676339067904, 0.2604697333820291]
[-0.053632564281274886, -0.28903923972536194]
[-0.05931236160661524, 0.242955081029617]
[-0.19837672363963052, -0.1484075122524767]
[-0.06021783611139894, 0.041218970697344204]
[-0.07216245189546663, 0.007875022222556594]
[0.1397093460537845, 0.021852311603281827]
[0.09393424735233896, -0.10322322617458812]
[0.17499237686312283, 0.21827299592513938]
[-0.002586332087858245, -0.27722784143353485]
[-0.01718892507911185, 0.27037031136832335]
[-0.18400572065563697, -0.1966940482035059]
[-0.08676508734769933, 0.08307836176080696]
[-0.1200810771458749, -0.008835928530898651]
[0.09207812947413296, -0.0020896930261720126]
[0.07126364955955822, -0.05579980217145841]
[0.1920093899367627, 0.1673427630817077]
[0.041485839894112586, -0.24955898938852608]
[0.03106747127688414, 0.281078066701711]
[-0.1540263421919006, -0.23611250071300457]
[-0.09617542394125611, 0.13158138515794826]
[-0.15791776970956994, -0.04077257277841401]
[0.04026032026332338, -0.008531796212357334]
[0.03588477748693619, -0.018943728334541027]
[0.1902353656611847, 0.11525607145420558]
[0.07402569765815348, -0.2090184523817659]
[0.08033152152021539, 0.2746913050043747]
[-0.11097048793407827, -0.2630816864420107]
[-0.08878638131923355, 0.1792422392975288]
[-0.18107969073867214, -0.08317659852412279]
[-0.009032168340108893, 0.003396720137851361]
[-0.008782246788392234, 0.0023939707344388106]
[0.1721285827988821, 0.06653447834628402]
[0.09127956774318347, -0.16021183019159113]
[0.12448255844265577, 0.252153433939849]
[-0.06209816350222741, -0.2730563075265827]
[-0.06386875719974339, 0.2208967304944931]
[-0.1875370032946826, -0.12997446557827275]
[-0.04997186289153244, 0.03071061286193605]
[-0.05688119154489635, 0.008175844416251632]
[0.13976381309483932, 0.028083915051727748]
[0.09133044771337162, -0.10901801095374286]
[0.15876049992546526, 0.2156724269823408]
[-0.012206725398701157, -0.265548133575895]
[-0.026584841591884456, 0.2506307523729082]
[-0.17732926867250715, -0.17582752772310606]
[-0.07770124578393867, 0.0693793291860329]
[-0.10290579154699464, -0.00359151810514613]
[0.0973110767815315, 0.0020734042150677423]
[0.07401621680657758, -0.06177305585470072]
[0.17875407635715965, 0.16969977776591075]
[0.03114728173807746, -0.24223247056610298]
[0.01913713941865236, 0.2647882148595878]
[-0.15219785232377697, -0.21488478526435717]
[-0.08995421367863446, 0.1140132686984554]
[-0.141584743855274, -0.030053442703380784]
[0.04955217981831207, -0.00759697750059149]
[0.04265069973159884, -0.02407791203870191]
[0.1820591575239397, 0.11985150156653102]
[0.06434394329999063, -0.2061629139334046]
[0.06603789106424547, 0.26218981003700964]
[-0.11470053172101285, -0.24336022317645337]
[-0.08597708434850866, 0.15945533554316202]
[-0.16754198452804966, -0.06847524398342579]
[0.0020861495000986316, -0.001083342522486791]
[0.0013492997177953492, -0.0005561893180638378]
[0.16817940684512867, 0.07244876513909032]
[0.08342261768178355, -0.16186646473915745]
[0.10948028516567491, 0.2437195698308824]
[-0.06988110722667865, -0.2571594501252953]
[-0.06671097370914209, 0.20000518840673526]
[-0.17780352859775156, -0.11275296857678235]
[-0.039160337353114, 0.02171983910196207]
[-0.04405123682261497, 0.007664442082766176]
[0.14005881189106803, 0.03301798222829322]
[0.0872787277240783, -0.11427356254324328]
[0.14348977955429537, 0.21215340187607412]
[-0.022349052288476168, -0.2545554969462259]
[-0.034009223195050065, 0.2313676227458501]
[-0.17155658237566251, -0.1574986105074728]
[-0.06930482185944575, 0.056176103033400926]
[-0.08815281107684836, -0.00021667741121839112]
[0.10116544085288093, 0.006303516902831707]
[0.0748355288404775, -0.06853267836316862]
[0.16569185874907122, 0.1706616479379578]
[0.02099878773969388, -0.23595440770461573]
[0.007198513128920392, 0.2489543587893175]
[-0.15024816847191236, -0.19620278516591372]
[-0.08422011011309039, 0.09847022101920849]
[-0.1262840102094297, -0.022147180674716466]
[0.05675125647828683, -0.00631940682625276]
[0.04859163308008063, -0.03015658187885764]
[0.17258111570676293, 0.1247500171827875]
[0.05534684603129114, -0.20384392613492644]
[0.05258097444600918, 0.2505789616232574]
[-0.1169129914907866, -0.2255168262332165]
[-0.08385175861822214, 0.14196957629333234]
[-0.15380735300761628, -0.055721955610329]
[0.011957724424648264, -0.003057430847037086]
[0.0109597264749689, -0.0039720629213541025]
[0.1637733346501553, 0.07859181073376739]
[0.07655082156442772, -0.1628443474761505]
[0.09516098985129173, 0.2365478494317768]
[-0.0759596712741899, -0.24135719008258127]
[-0.06791250948562422, 0.18171858683078265]
[-0.16756552479962117, -0.09659392812099554]
[-0.02866967009207988, 0.0145778197946268]
[-0.031848308669942704, 0.007433248564577055]
[0.1403401416786808, 0.03900556459880078]
[0.08305584443912162, -0.11795332847131013]
[0.1302561746459716, 0.2085234887681971]
[-0.03149792243802918, -0.24288528465440407]
[-0.03981326523205514, 0.21338024153711815]
[-0.1656593188224834, -0.13962475327864077]
[-0.059863624635392576, 0.04475819845701595]
[-0.07502597950633139, 0.002918721560640325]
[0.10516060171702615, 0.009947648287962463]
[0.07447043021098897, -0.0743478487555374]
[0.15368708973654063, 0.1709007866605513]
[0.010697833827053343, -0.2290319023921653]
[-0.0023366496485335564, 0.23304329391020157]
[-0.14869058190786785, -0.17880657902997324]
[-0.07815932861320096, 0.08345562080389271]
[-0.11262564450038669, -0.015549159245483668]
[0.063458215816388, -0.004933718574723179]
[0.05249002622582773, -0.036431450332612705]
[0.1633409064038528, 0.12795879959962358]
[0.04606886525302174, -0.20191935590043864]
[0.03969014232635408, 0.2386418837311647]
[-0.1189063869737719, -0.20930104617382594]
[-0.08136065640467899, 0.12549849102856753]
[-0.14113287294493707, -0.04561013315146056]
[0.02027052500391177, -0.004915876333736358]
[0.019478599612237857, -0.008836533348963671]
[0.1582368540021854, 0.08444962325614697]
[0.06958599801235477, -0.16439012732962274]
[0.08140827011838883, 0.22916197035929797]
[-0.08100075572509591, -0.22752986841500378]
[-0.06941246301878123, 0.16497332439415302]
[-0.15695961166948486, -0.08276548315242277]
[-0.019236847345509733, 0.0094810656471217]
[-0.020502188175856695, 0.0058294020547755565]
[0.13946630815590094, 0.04529064571979191]
[0.0793684457724454, -0.12184012189505372]
[0.11706638208861098, 0.2057490011888089]
[-0.039116976038635176, -0.2314970203150275]
[-0.04455320168147903, 0.19743222977902475]
[-0.1589173598436302, -0.12344381122287004]
[-0.0509469877942369, 0.035555907800428055]
[-0.06196802014734604, 0.005369118059351863]
[0.10860584114056426, 0.015043642029409554]
[0.07378881448395169, -0.07932432488455414]
[0.1426924321261006, 0.1713615402224697]
[0.0014858923117048173, -0.22168902692479736]
[-0.010459996702369634, 0.21855876610504654]
[-0.14644112379886098, -0.1616105889501604]
[-0.07108437931790568, 0.07061095541728651]
[-0.10012352329991869, -0.009397827328000402]
[0.07010285775853176, -0.002972113711859292]
[0.0554370224338363, -0.04175169845049742]
[0.15481671295436805, 0.13100596075830487]
[0.03649286170050414, -0.19860042317757576]
[0.02889617654055765, 0.2267896637348078]
[-0.12087374519032756, -0.1935379568211028]
[-0.07797990077518235, 0.10990235921079707]
[-0.1295193070638735, -0.03606889006402991]
[0.028444448119954835, -0.0063035747262509545]
[0.025828142754055428, -0.013558256422829817]
[0.15287575177325374, 0.08901459847966725]
[0.06201936490125437, -0.16553719229428643]
[0.0685312497890046, 0.22098258051258918]
[-0.08617077231043818, -0.21407540992965446]
[-0.07007681824933276, 0.1486751221727421]
[-0.14743656324918308, -0.07088725026281506]
[-0.01068536019367744, 0.004464031963121062]
[-0.010545290675490038, 0.0032937875702356845]
[0.13752718795996965, 0.05088367932094129]
[0.07469788478454722, -0.12580646482007285]
[0.10419511157808792, 0.20205289506143456]
[-0.04605711835857691, -0.22136020642218152]
[-0.04921283648865765, 0.18196493851215656]
[-0.15186721736062106, -0.10907286388948301]
[-0.04293207368783722, 0.02765086446269302]
[-0.04984132610651137, 0.006069888305001547]
[0.11070245220965536, 0.02013895783463307]
[0.07331716681779417, -0.08472404665049676]
[0.13123700705591165, 0.1717677913186976]
[-0.006637452602945494, -0.21464849304942468]
[-0.017929760278765503, 0.20523110633095135]
[-0.14297699595437383, -0.14631286536614097]
[-0.06443811419535284, 0.059531618935245986]
[-0.08732998142284629, -0.004426914443581245]
[0.07572748341321506, 0.00034146738814774813]
[0.05811339031812686, -0.04708717501970208]
[0.14657062830804185, 0.1343028539633036]
[0.02827899642131343, -0.19507676513603084]
[0.019157448189681753, 0.2159492040094746]
[-0.12160674162816898, -0.178068138161472]
[-0.07368331843803796, 0.09653681833261707]
[-0.11802368643311267, -0.027534569498187833]
[0.03660017420158765, -0.006491943126355426]
[0.031800714152046494, -0.017750569631266533]
[0.14777946186307653, 0.09386262388449207]
[0.05437972819522602, -0.1655126114728172]
[0.057519118213252785, 0.21319867621644983]
[-0.0905969249103532, -0.2007623957037301]
[-0.06942417232379505, 0.13347039379577463]
[-0.13834135437630712, -0.05944972748748184]
[-0.001942572726206071, 0.0006174962602151224]
[-0.0023186643161474674, 0.0006263492512886271]
[0.13595755809285642, 0.0559198883403923]
[0.0693371388178019, -0.12901995744405698]
[0.09230507027742962, 0.19763152217598545]
[-0.05329933691909805, -0.21103057730425784]
[-0.052472535452880775, 0.16700779815417705]
[-0.14557882867709981, -0.0961056062696759]
[-0.03495873934829119, 0.02004863209824259]
[-0.03934757685524781, 0.00611814309557198]
[0.1119629528522007, 0.024840299288086287]
[0.07124301268064659, -0.09007241296612703]
[0.1201910870253291, 0.1711493504468735]
[-0.014697628975936405, -0.2080911728043045]
[-0.025055369591681975, 0.19176933871024116]
[-0.13969548296808, -0.13238023374196245]
[-0.05831939338859582, 0.04950422868034213]
[-0.07571118024077206, -0.001264164176181748]
[0.08009584441958173, 0.0035004632751746804]
[0.06010803587997615, -0.052867764732280886]
[0.13737293832031772, 0.1370408652550136]
[0.020297683405214872, -0.19182843923778953]
[0.009827531041382676, 0.2054962881083932]
[-0.12140899513846742, -0.1641554060681183]
[-0.06985190934825314, 0.08425637190025448]
[-0.10652464710661441, -0.020389649072806937]
[0.04338292085635009, -0.005434761148559397]
[0.03726877756148733, -0.0224381324619648]
[0.14226615426364908, 0.09872667991674638]
[0.04766038981407661, -0.1652252189864274]
[0.04676904493947576, 0.2058857410857029]
[-0.09372387931603984, -0.18775026156715757]
[-0.06817128814708812, 0.12021938056996234]
[-0.12869173412190718, -0.049111385540002106]
[0.006436357528318948, -0.0019642884710409647]
[0.005804011447576404, -0.0019228837271614285]
[0.13392330633469599, 0.061511975587111994]
[0.06421785410309677, -0.13129968663014335]
[0.08175319197887101, 0.19347572280450695]
[-0.059312431796069015, -0.2004117228030995]
[-0.05456056103626483, 0.15297500547865756]
[-0.13893826878743956, -0.08349357068209753]
[-0.02658587011609729, 0.01401163774042355]
[-0.029739394557732224, 0.006026461869882774]
[0.11357180528709888, 0.029429732612900675]
[0.06866691043265383, -0.09445093837519924]
[0.10997388084121498, 0.1700509223487227]
[-0.02262636436743976, -0.2008677428218466]
[-0.03034960449405144, 0.17878344569497068]
[-0.1364470870270711, -0.11912818252282534]
[-0.05164178926444541, 0.03993869421771212]
[-0.0652444434758344, 0.0013611267005193273]
[0.08408364529042803, 0.0067289081362914005]
[0.060717674198934146, -0.05844561469196144]
[0.1288254232646897, 0.13868740467953172]
[0.012145644483122331, -0.18850122455004092]
[0.0012272205850184514, 0.19455005073610188]
[-0.12130268082629342, -0.15124414357679491]
[-0.06568594808637604, 0.07276416054222834]
[-0.09610916548661352, -0.014875740169351614]
[0.049404453369909396, -0.004590994466518672]
[0.041493150469957274, -0.02778353507095621]
[0.1359225714539662, 0.10296066383291769]
[0.0406058857006073, -0.16516295463667688]
[0.03660014708652731, 0.19834193126577715]
[-0.09638249357475381, -0.1759934560496902]
[-0.06713044469724005, 0.10759568417561693]
[-0.11918213750479001, -0.040475603558952494]
[0.013685441978317003, -0.0033829963011555164]
[0.01313940599011243, -0.005428439937170432]
[0.1310615489361775, 0.06692096282507531]
[0.059285309689215526, -0.1337318865435008]
[0.07093805970291434, 0.18945346634392107]
[-0.06428825837525998, -0.1903137401191088]
[-0.05619228549961208, 0.14040565201826893]
[-0.13178501782974472, -0.07223707023581144]
[-0.018875445013581738, 0.009263058871387425]
[-0.02035308318777751, 0.005285212680072315]
[0.1142238660976741, 0.03488745757729472]
[0.06610697438631508, -0.09828777370199976]
[0.100331349319145, 0.16913034534319143]
[-0.029546097815720818, -0.19333785430230183]
[-0.03492628756000982, 0.1667385057492596]
[-0.13239234567777114, -0.10624972976185859]
[-0.04461029288058582, 0.032174894565079604]
[-0.055227528007597226, 0.003767295292261441]
[0.0879527561299206, 0.01036716224266307]
[0.06091654613296771, -0.06323149745858758]
[0.1206326754212036, 0.14026554958394333]
[0.004346369565509045, -0.18410801201303773]
[-0.005748064801497477, 0.18401401760235025]
[-0.12088232221691586, -0.13844114638782123]
[-0.06084067393359904, 0.06203125055638262]
[-0.08628752737416828, -0.009694748006236487]
[0.05529503603066249, -0.0032226166420468716]
[0.04447740537398412, -0.03257455165315043]
[0.13004841125052205, 0.10627860783388654]
[0.033243554462545094, -0.1644505141174354]
[0.027312148789509993, 0.1902096761121873]
[-0.09885594104327573, -0.1643698755375662]
[-0.06519310115264693, 0.09542928518089405]
[-0.1105051434574529, -0.03285908494123663]
[0.020593995366939066, -0.004931743115549336]
[0.01926549858967941, -0.00941801165988626]
[0.1276601945724825, 0.07163935506135137]
[0.05371290798814994, -0.13589595226608042]
[0.060760969534180434, 0.1846155094757895]
[-0.06905882579179194, -0.18095357154574765]
[-0.05761492622861552, 0.12798074040487095]
[-0.12462057273078347, -0.06242572915808299]
[-0.011805350746451511, 0.005277744335943982]
[-0.011928025918573762, 0.0034807234082434024]
[0.11395644725495557, 0.039945490419507096]
[0.06334071800446597, -0.10253342126054962]
[0.09033537090475986, 0.16782230444676172]
[-0.035665483621355396, -0.18620435363476162]
[-0.039056294283819716, 0.1553378453805886]
[-0.12781326801442805, -0.094891262866862]
[-0.038115575754621794, 0.025450636386056047]
[-0.04524877705507124, 0.004948283118444585]
[0.0907957220994379, 0.01477631340659602]
[0.06089025543424953, -0.06801666828130326]
[0.1124579455109703, 0.14186558162401086]
[-0.0025975782416552406, -0.17980309554028068]
[-0.012207411008942237, 0.17422582501612593]
[-0.11934632410016666, -0.12618317543927443]
[-0.05569037027711182, 0.05302949027905424]
[-0.07658440637580843, -0.005273970184138277]
[0.06079042578750371, -0.0009361069141801126]
[0.047293440776691065, -0.03718618423611675]
[0.12414302418676182, 0.10984527612563466]
[0.02625419133529916, -0.16279699479559084]
[0.019237193607279934, 0.18253335236909507]
[-0.10069285850805343, -0.15288018566226794]
[-0.062451744676851884, 0.08432104341981905]
[-0.10186148014793162, -0.02561825997030754]
[0.027498927056601286, -0.005488511924711115]
[0.02425699363615086, -0.013056279931438144]
[0.12451208273351, 0.07607185846564468]
[0.0477954065684395, -0.13731059695851436]
[0.051493874332872, 0.1794210928192592]
[-0.07363017512170478, -0.1711346810104011]
[-0.057919450198334, 0.11609646944965357]
[-0.11806514017888448, -0.05329517602590897]
[-0.004674078838310947, 0.0016281629415565296]
[-0.0045947371191299435, 0.0014311621989160916]
[0.11328430864104477, 0.044575422808531294]
[0.05951549516077659, -0.1061597529367912]
[0.08086195847699074, 0.16566249335602193]
[-0.04183662658215703, -0.17923788493859222]
[-0.04263392664940979, 0.14377454524279393]
[-0.12332193918613965, -0.0843604468522346]
[-0.03191177377703325, 0.01923899483714589]
[-0.03647434823190315, 0.00515913214668251]
[0.09281984430270873, 0.018806860598421682]
[0.06020651940960575, -0.07305806281249771]
[0.10383846899454396, 0.1426611048170502]
[-0.009372675983677359, -0.17549131451684624]
[-0.018319031399524677, 0.1644631829943422]
[-0.1174298027429925, -0.11518238346195031]
[-0.05084481641399913, 0.044651279393376764]
[-0.0669534979710543, -0.0020338110241557295]
[0.06515066909629014, 0.0018346222479177499]
[0.04955977580045702, -0.04208808241506734]
[0.11778997064304977, 0.11318338911834336]
[0.01991142110809059, -0.16125464959359093]
[0.011365269107362005, 0.17500608186188935]
[-0.10143982751900026, -0.14183601026783854]
[-0.059597869260978, 0.07452438332391828]
[-0.09299536216155842, -0.019476548713703773]
[0.03388587369211195, -0.0051019636913435945]
[0.029285984991768873, -0.016896355729537113]
[0.12087117240043559, 0.08070367457988031]
[0.042224818317131985, -0.13807030750085772]
[0.04298981881317669, 0.1745583819574877]
[-0.0771448070765145, -0.16144108093304688]
[-0.05740441882541859, 0.10513416951936203]
[-0.11097493312645013, -0.044574042401519826]
[0.0024563823578976005, -0.0007936478917428547]
[0.0021238045883141127, -0.0006707817523531612]
[0.11275935302529928, 0.049382547994901826]
[0.05563765108920493, -0.10908721487896805]
[0.07213603026771935, 0.16325287331953492]
[-0.04759368237125333, -0.1716253837521852]
[-0.0449713407558827, 0.13287962835378342]
[-0.1188154739832715, -0.07435582700681981]
[-0.025194542251457758, 0.013691064516958174]
[-0.0284167151385733, 0.005159397071785088]
[0.0946050823076299, 0.022845358267124527]
[0.05848587595335486, -0.07756618866211373]
[0.09585018148217814, 0.14285605633844412]
[-0.01618868283240804, -0.17095506798576854]
[-0.02353858793728275, 0.15439413311324968]
[-0.11558036598048593, -0.10462471255772342]
[-0.04578443124019249, 0.03685159269767391]
[-0.05839342394763758, 0.00027302064359674416]
[0.06913442381861823, 0.0044356665595562395]
[0.05083296021805084, -0.04715936116186582]
[0.11104554877804207, 0.11569087178531129]
[0.013183750444276887, -0.15957156873908795]
[0.003996803466825738, 0.1672599005770226]
[-0.10203443373518606, -0.13171509113388727]
[-0.05670383969998016, 0.06504073045047959]
[-0.08448294630398756, -0.014485542977956525]
[0.03924699893110872, -0.004229111983849426]
[0.03339739662600982, -0.02132984037806776]
[0.11662023401486366, 0.08501379218552008]
[0.03671962987211097, -0.13892209325761515]
[0.03435504813212975, 0.16939888196670072]
[-0.07999538517323979, -0.15217233345043446]
[-0.05687096727527541, 0.09511834814997094]
[-0.10365556699114853, -0.03704951439521692]
[0.008969272973875397, -0.0024436458336955513]
[0.008639196679416039, -0.0032934408952008387]
