[249.93265182333914, -743.4049290255689]
[1.7416710247684648, -6.749712031365831]
[-0.41084958326037224, 1.5830475023274886]
[10.458643965757517, 6.017707069335948]
[10.949049016819288, -2.560817047535579]
[0.7480249212852215, -0.40048829008400944]
[0.5427942291979093, 1.8204803458250254]
[-0.46677132580482805, 0.30765410787324754]
[-0.2573131795481416, 0.7850750118580505]
[0.7157026066125987, -0.02207057667212098]
[0.2623153401130409, 0.8599046496605496]
[0.1954624690968767, 1.0532298609398616]
[0.5708513363049619, -0.6809666213579035]
[0.4407589538926582, 0.0885258893417391]
[0.3716257881729659, 0.30289858880771225]
[-0.01103291982901311, -0.25199426290679483]
[-0.08702446840743727, 0.4035599411323467]
[0.27020452143839435, 0.18821798993093264]
[0.2682192892295756, 0.20139048024487138]
[-0.07925966006444796, 0.21237234810614414]
[-0.04914413129926487, -0.14125076880691978]
[0.11857630583056533, 0.16787617806712873]
[0.16200994852958317, -0.015947764242201234]
[0.18751157227826543, -0.13839709426367186]
[0.09374047704877064, 0.2668750935046429]
[0.036983553809550096, 0.12240896653189104]
[0.10570595159994678, 0.00786320467881918]
[-0.019205557353967756, 0.043577448407077446]
[-0.04430928901733733, 0.02773597770362568]
[-0.007668165718276221, 0.0636882980789899]
[0.0024973538851160715, -0.024227669677006958]
[0.18134606094718286, 0.025584006776932178]
[0.15872357370066847, 0.10151584984649276]
[-0.0017379970974449321, 0.023183822574881496]
[0.02117911258027938, 0.012694874787978705]
[-0.00610638142158848, 0.024321248927085648]
[-0.0036795573451389174, 0.03397445621306605]
[0.00418348653974121, -0.0067304525725511155]
[-0.02394182987850435, 0.03529203286515825]
[0.07777046396841797, 0.09129521312239763]
[0.10408713431585692, -0.01847411850040226]
[0.028312413062159425, -0.0033442140107966534]
[0.019880598077029632, 0.03268600093585672]
[-0.01370836532910591, -0.0027626377674803138]
[-0.0071144583432218855, 0.0276202356493096]
[0.03580567835196646, -0.004576421428341693]
[0.013230644794075985, 0.05233972822699595]
[0.0026668846077448904, 0.06433860431143401]
[0.025253065434775124, -0.04034392649931373]
[0.03515495099882493, 0.01930375349214497]
[0.03370760929423078, 0.013936914848857562]
[0.006488629181470085, -0.026938437171667218]
[-0.003906842761143281, 0.03943221885454484]
[0.02925927522310315, 0.018766523738493746]
[0.03214153795224339, 0.024240818592651703]
[-0.012472960205022754, 0.021862468900640475]
[-0.01101079116660525, -0.011225933690232504]
[0.01005982735085409, 0.02806322037474107]
[0.017649632676696836, -0.008283262289078053]
[0.03639211709253409, -0.018057977876296816]
[0.020375730436066775, 0.041241158981638826]
[0.008306373409450174, 0.018407719589208504]
[0.020548866643147257, 0.0028884652992511306]
[-0.0027150680063572352, 0.006446475301488341]
[-0.006359648473384993, 0.00919779733609355]
[-0.006509512789819816, 0.010966976685604202]
[-0.005740472233526361, -0.004573824519899183]
[0.039282620449489346, 0.012016346939271116]
[0.0359551168663832, 0.01668697455131496]
[0.003366760889452869, 0.00451741991944421]
[0.00708299305933946, 0.004002554048229134]
[-0.001252561031213073, 0.004551734856051315]
[0.0007035004684694535, 0.009737493723187995]
[0.0008565635965496199, -0.0051631957761824054]
[-0.0079617749312213, 0.013713595356316333]
[0.01731857300807782, 0.027284047790173016]
[0.02550715680938609, -0.008377989261957985]
[0.011217194216179394, 0.002188840066045916]
[0.008887219449936978, 0.0076809642723664195]
[-0.0029394392204575848, -0.0022637161147711637]
[-0.001137982672346105, 0.008576831771577975]
[0.012074838717302, -0.0025132029704548753]
[0.005387298070697932, 0.01856505323013269]
[-0.0021825337074783957, 0.018980437820071194]
[0.004121832034929218, -0.012010336415406275]
[0.010765558086739624, 0.00999223955414763]
[0.011442456745625051, 0.0015187126467255396]
[0.004944111336069312, -0.009646481669527862]
[0.0003692780041744115, 0.014294789423832555]
[0.011152005269829957, 0.0061759190263723784]
[0.013085853519764434, 0.00907038250155523]
[-0.0044965984008418225, 0.0060058291788078755]
[-0.004700182340014791, -0.0014589527117799816]
[0.0007603496222075012, 0.011582805345823122]
[0.004072472720727305, -0.0051217115828858795]
[0.01568412883913986, -0.0047001439659244415]
[0.009504922418746675, 0.014620507678530847]
[0.004076978629778405, 0.006562515978682737]
[0.008690147489384625, 0.0013015474149875583]
[-0.0003381785273690596, 0.001749915879156072]
[-0.0014856184805073225, 0.0053760422287787435]
[-0.0043342325525195236, 0.0027837218277838582]
[-0.004755544868242367, -0.0005741887289278935]
[0.015831500284922306, 0.007521846803456356]
[0.01531034648341123, 0.004816426740387403]
[0.00317762625955309, 0.002280719082495608]
[0.0042345491995847695, 0.0016343113717091629]
[-0.00011987873913166247, 0.0018043644090068867]
[0.0012833741245978914, 0.004250368766127943]
[0.0006441674145713366, -0.003826042325819623]
[-0.0039026105972880254, 0.008178858204207273]
[0.005612701702882861, 0.012779259044419233]
[0.00955948564971143, -0.004814998360054279]
[0.00599664379029452, 0.0026205772227876345]
[0.005051602297184599, 0.0026363539602223263]
[-0.0006204776051759175, -0.0015762961502776562]
[1.6490443084826722e-05, 0.004176854347674563]
[0.006694232702228575, -0.0016233236632825498]
[0.0038177810053072747, 0.009854030535104252]
[-0.0020799536014646236, 0.007953028210785362]
[0.0004552812175409038, -0.004874018214479081]
[0.004289966815892776, 0.006585310263534261]
[0.0052382453312840305, -0.0009485294722801907]
[0.0035683077025308596, -0.004454072382905627]
[0.0008290744335284761, 0.007003274303139961]
[0.005987082449623982, 0.0030466908221997713]
[0.007327940114398468, 0.004515352718695187]
[-0.001943137133629591, 0.001873752468180001]
[-0.0024093727166210055, 0.0008995334592603044]
[-0.0012238565331377238, 0.00586378230054907]
[0.0005880060294667366, -0.0030329117207461564]
[0.008774689976430494, -0.0011473828157586574]
[0.005709683423154921, 0.006844577959453035]
[0.0027473751660971324, 0.0034146086907282935]
[0.005040360551717082, 0.00047125173431095124]
[0.000455133803033525, 0.000776009628254748]
[0.0001035115840573031, 0.0033729404492011117]
[-0.003029371130921582, 0.0003430186300096283]
[-0.0037495407556488725, 0.0006771617539428898]
[0.007711710835354824, 0.00518749289788889]
[0.007874903983691395, 0.0015320826563989254]
[0.0024910853450479387, 0.001601289567152664]
[0.00278702340038961, 0.0007838786802425446]
[0.00029235144498374055, 0.000950692117464208]
[0.001343843746767881, 0.002270249292163573]
[0.0009373136430386175, -0.0030067712161867544]
[-0.0018607967345265486, 0.005837238696659641]
[0.001973506268206693, 0.007101724874479132]
[0.004258473722475564, -0.002997795527383884]
[0.0035637623263152785, 0.0025993295188879717]
[0.003189007130303123, 0.000731156647287623]
[4.0227138117243655e-06, -0.0009333379405471742]
[0.00018202015371235336, 0.0022304804565380087]
[0.004455821935391069, -0.001037434941426496]
[0.003004026472373772, 0.006107806662667414]
[-0.0016025862653532563, 0.0036310437418273223]
[-0.00048676705525152464, -0.001902717117788999]
[0.0017223118560085737, 0.0045437325745006085]
[0.0026335147981533247, -0.001296504973201662]
[0.0027306684463646036, -0.0022834231527721904]
[0.0008894031118065193, 0.0039989467667777]
[0.0039044889546113737, 0.00198538333589493]
[0.004921297829407312, 0.0024034482794080825]
[-0.0007046864010788467, 0.0005722411742135058]
[-0.0011448892922574228, 0.0013988044790155252]
[-0.001751501163195765, 0.0032264327774416124]
[-0.000695257387286069, -0.0018430756049049313]
[0.005350632338373074, 9.67857718885412e-05]
[0.0036208991278195296, 0.0036606730637420704]
[0.0019774365899833946, 0.002128423105340338]
[0.003250163020071306, 0.0001341458187009703]
[0.0007954328127928179, 0.0004549423357622373]
[0.0007922540800553435, 0.0023032143576782182]
[-0.001986109389028101, -0.0006568460680713706]
[-0.0027521399277063985, 0.0012629649565518708]
[0.004140768775613868, 0.00376072178952902]
[0.004517882564409437, 0.00035661316081680994]
[0.0018990722114737846, 0.0014265317404811295]
[0.001938071189853785, 0.0002346403257713625]
[0.0003445334837348102, 0.0007417529959959368]
[0.0011439742181452162, 0.0011570841681640687]
[0.0010780941274274314, -0.002385427991127065]
[-0.000823010442282928, 0.004475467830954205]
[0.0005319592556285446, 0.004138398322302228]
[0.0019482784674357267, -0.0017571046334916574]
[0.002204470973614203, 0.0022852827596572256]
[0.002118331551701491, 4.8243301114636594e-05]
[0.0002615494053839207, -0.0005294443470049703]
[0.0002416322143159455, 0.0012658905221245575]
[0.003366981219435905, -0.0005460702966118003]
[0.002614127619196438, 0.003988152223525443]
[-0.0010841409389275303, 0.001704040610048363]
[-0.0006120037695405145, -0.000575257939806173]
[0.0004357592927838605, 0.0032609082916035814]
[0.001228432340348383, -0.001241863306213578]
[0.002012117774643829, -0.0012093627874647517]
[0.0006731881254050318, 0.002501855048598456]
[0.00274330585616811, 0.0014600488018845503]
[0.0035320996054849507, 0.0013389196571185202]
[1.9147672760677636e-05, 5.5467687819277245e-05]
[-0.00032653512662261797, 0.0014920102072666364]
[-0.001684321401461908, 0.0017289680751142456]
[-0.0010544172038624566, -0.001016140729215076]
[0.003467867178545747, 0.0005920543339021922]
[0.002442329485021544, 0.002077656479233192]
[0.0014655977456666802, 0.00159212754157112]
[0.002209818223889215, -0.00014294870992048736]
[0.0008508068820386253, 0.00045356286784159483]
[0.0010124529437930685, 0.0015048978483701986]
[-0.0012853514035732205, -0.0010828878419050225]
[-0.0020377915487540116, 0.0015333974182314414]
[0.0022718635281624433, 0.002684996323055966]
[0.002687879262829873, 3.070886555267549e-05]
[0.0014452590010334276, 0.0012524128630680698]
[0.001401233619843456, 1.9157581992113037e-05]
[0.00036076954555919194, 0.0006759938896219175]
[0.0009895206114398647, 0.0005100280779130051]
[0.0012246135424907045, -0.0018208697701296295]
[-0.00011959803548355907, 0.003472190238158146]
[-3.789111575580595e-05, 0.00248917767982082]
[0.0008616625240062126, -0.0010052216842454387]
[0.0012972413741284758, 0.0019765213049746655]
[0.0013594897314119208, -0.0002555710184931892]
[0.00025313839025675744, -0.0002847704128212669]
[0.00012166611182271025, 0.0007492243597823078]
[0.0026598019457002575, -0.00022894340500645427]
[0.002286620202351264, 0.0027165679460861014]
[-0.0005950398611984653, 0.0006874026585987902]
[-0.0004381101632089379, 0.00015700836697463139]
[-0.00015878508682831693, 0.0023341922663453474]
[0.0005175485091650778, -0.0010229226352577447]
[0.0015091898444831164, -0.0005935860312389352]
[0.0005014615171734516, 0.0016272702193417254]
[0.0019962470256179032, 0.001244208410948744]
[0.002614657498819173, 0.0006372129400142867]
[0.0003954791753972321, -5.839111415017334e-05]
[0.00014464725772359716, 0.0013337337842160568]
[-0.001500275576690746, 0.0008001187612901584]
[-0.0011497463783516487, -0.00042137868745617535]
[0.002284476056797269, 0.0006840302218237282]
[0.0016629733821583725, 0.0013121210757955915]
[0.0011143557179034147, 0.0012480129043406785]
[0.001559226604811892, -0.00024155683852367105]
[0.000856869783880887, 0.0005257593853953413]
[0.0011125865539658442, 0.0009196738644228764]
[-0.0007125034224577664, -0.001180013191866669]
[-0.0014134757197936665, 0.001567582887252006]
[0.0012336198874999815, 0.001939290255313586]
[0.00162205861035003, -7.097111162035485e-05]
[0.0010341964213303328, 0.0011238624249713391]
[0.0009643034679637855, -9.75095331168796e-05]
[0.00025922147691936903, 0.0006353255553688264]
[0.0007496602828274412, 0.00012996201854509337]
[0.0012848040133137673, -0.0013890557096020162]
[0.0003157876995599773, 0.0027565535570752697]
[-0.0001896588610921235, 0.0014352988338540706]
[0.0003825713080631843, -0.00044791125341414606]
[0.0007512265181606192, 0.0016603490073772154]
[0.000902110536636469, -0.0003500994624772713]
[0.00020746512908009773, -0.00010188246796993816]
[1.732248029129302e-05, 0.00041812979116884197]
[0.0021358054469581902, 6.308987607450689e-05]
[0.00198257950121955, 0.001796547896738221]
[-0.00023593108636397325, 0.00019005502243246708]
[-0.00024413107486394303, 0.0005043697712465434]
[-0.0004775291063706666, 0.001625232978105462]
[8.247650139364682e-05, -0.0007502694550196587]
[0.0011125049898155215, -0.00029987856051394424]
[0.00033604842623591313, 0.0011671110192856826]
[0.0014914516645603282, 0.0010793220166300799]
[0.001980777736165118, 0.00023563309292184975]
[0.0006437513924415494, -1.3162584945325406e-05]
[0.0004887010913698919, 0.0010930590576380753]
[-0.0012187154523736199, 0.0002529939966005035]
[-0.0010529902871045937, -5.072582999599007e-05]
[0.0015068098205252723, 0.000669318295885124]
[0.0011300191589137532, 0.0008658570633137685]
[0.0008012176648752173, 0.0010288062118815056]
[0.0010568413397652188, -0.0002848749238002213]
[0.000752447506801035, 0.0005926772846156503]
[0.0010529446667113251, 0.0004996031125295008]
[-0.000283818658352919, -0.0011692586260108606]
[-0.0009183350969391713, 0.001540886007889819]
[0.0006771739783553166, 0.0013451621902289546]
[0.001017695714553124, -1.696890760594094e-05]
[0.0007524221364336725, 0.0009923476689688293]
[0.0006893155041833854, -0.00013491157094076833]
[0.00015656909980488187, 0.0006308699136776674]
[0.000536772993148027, -0.00013602784606125962]
[0.0012718245696816573, -0.0009778690830682946]
[0.0005699272011729373, 0.0021341486093622297]
[-0.00020003385891149972, 0.0007802827055978234]
[0.00014832917513737942, -8.3156720460692e-05]
[0.0003664139239695219, 0.0013418240315374863]
[0.0005630228032360574, -0.00032089244011945794]
[0.0001304931659829034, -3.61111372819134e-05]
[-9.093106193491796e-05, 0.00027550050553304395]
[0.001740489061733408, 0.000256189765636905]
[0.0017227008080547002, 0.0011665637934198392]
[8.030193917640815e-05, -3.1622287632426804e-05]
[-3.921867947953572e-06, 0.0006402042301019081]
[-0.0005882941964432953, 0.0011205972249814788]
[-0.00013239863782854577, -0.0005329226762056383]
[0.000799622682164814, -0.00012511469542764164]
[0.00019098603346767717, 0.0008694662961440947]
[0.0010754979632205258, 0.0009596152058860552]
[0.0014555025314267403, -1.6104703695229983e-05]
[0.000738098553126898, 8.006361355017422e-05]
[0.0006652212668787072, 0.000850002865759869]
[-0.0009294946396425363, -0.00011046043900189706]
[-0.0008886425318570534, 0.00022737286603113915]
[0.0010181634348405133, 0.0005609699623004283]
[0.000799226191610547, 0.0006456002949052353]
[0.0005868257185748238, 0.0008595127326741503]
[0.0007234192117018257, -0.0002799220456740775]
[0.000626169403475485, 0.0006762071936905478]
[0.0009445256870738161, 0.00015337471435539207]
[2.1851610965104712e-05, -0.001039497575799353]
[-0.0005419193495423413, 0.0014078190750659303]
[0.0003499641225056527, 0.0009030353363552179]
[0.0006310572431184186, 6.445289702933232e-05]
[0.0005160475680683341, 0.0008371836786310594]
[0.000468865723690981, -0.00010082662093024997]
[4.5463548154822675e-05, 0.0005761082159865538]
[0.00033458456149493276, -0.00025623963062515465]
[0.0012316599801556194, -0.0006466038643226368]
[0.0007318355964385237, 0.001637337755105439]
[-9.635730124402109e-05, 0.0003775771886737056]
[0.00010111408788926468, 0.00014427769510449995]
[0.00013358273416669286, 0.0010822969750110545]
[0.00035221189809708786, -0.0002791008110742399]
[4.145728117949804e-05, 4.154886420082438e-06]
[-0.00019718060567103235, 0.00019251349574922472]
[0.0013757267826381703, 0.000394873676470453]
[0.0014356035449023252, 0.0007077327429180769]
[0.00029332224577727217, -0.00011548529541949293]
[0.00017984937543036317, 0.0006731104944054378]
[-0.0005892716910944618, 0.0007166019282216496]
[-0.00022429944087642983, -0.00031843817908394634]
[0.0005901540695154583, -6.073422328911615e-05]
[0.00011215476329073937, 0.000711677533026478]
[0.0007748316302024216, 0.0008535374197299328]
[0.0010654087925103806, -0.00016392579311624855]
[0.0007579752617826729, 0.00022087765698264317]
[0.0007549794676574573, 0.0005814722452421872]
[-0.0006705704775778962, -0.0002972888137813823]
[-0.0007158079242554904, 0.0003752461132624507]
[0.0006761940110352749, 0.0004351944252535822]
[0.0005566078941231234, 0.0005273974762269873]
[0.00040442131536799764, 0.0006925425370324367]
[0.00046188709783218096, -0.00021606248497363367]
[0.00048127497055250323, 0.0007035811981865314]
[0.0007998327368052838, -7.224080119161425e-05]
[0.00025779109232426656, -0.0008798816380921615]
[-0.00023059711122597193, 0.0012492201518288226]
[0.00020672146859357365, 0.0005823876405885997]
[0.00043081934330690963, 0.0001357284274248194]
[0.0003526469788874831, 0.000709712045623756]
[0.0003255642537579595, -6.917950388202199e-05]
[-7.221586247033868e-05, 0.0005237596061625771]
[0.00013756440827250582, -0.0003218151808062619]
[0.0011231366685944821, -0.0003684913941024437]
[0.0007749607701166908, 0.0012218131221872208]
[1.717689519808996e-05, 0.0001224058922220106]
[0.00011066935781889331, 0.0002952069438636462]
[8.665299509047486e-07, 0.0008336460383022853]
[0.00022724259788919898, -0.00019515086893906464]
[-1.0443276881266783e-05, -6.2934859434982116e-06]
[-0.00025308410366564615, 0.00018178274324470722]
[0.0010796820327998446, 0.00048686634330097345]
[0.0011832289892763637, 0.000371325957657348]
[0.00044215111765461, -8.508242732307991e-05]
[0.0003276736897471766, 0.0006045703883983955]
[-0.0005414579026877531, 0.000438131022739513]
[-0.0002571734817063548, -0.00016894830353744728]
[0.0004216657308265537, -4.6777324668567655e-05]
[4.432453364348887e-05, 0.0006233890269161657]
[0.000525050342643052, 0.0007259183842047157]
[0.0007389631031116117, -0.00021064154490835207]
[0.0007204642518094939, 0.0003317201633936534]
[0.0007756232241118433, 0.0003609703761293659]
[-0.0004226547126522373, -0.00039016685006332263]
[-0.0005222454336930582, 0.00045644890988039144]
[0.0004758105263511503, 0.00032133721286764505]
[0.00042123040635444475, 0.000453202122604468]
[0.00027508314811378054, 0.0005614588546308807]
[0.00028030159113512365, -0.00015388613150085773]
[0.00031715878418894783, 0.0007163234671114516]
[0.0006208695413348619, -0.0002404892199724118]
[0.00039252356693145196, -0.0007011523834221101]
[-2.343144934521986e-05, 0.0010702606958602479]
[0.00014364250045906246, 0.000336377612196459]
[0.00031450067891353184, 0.0002088690579989949]
[0.0002474895342816641, 0.0005698768896761769]
[0.0002425273383163118, -5.303353279639822e-06]
[-0.00015307741986925194, 0.0004436405464098847]
[-9.476613693992775e-06, -0.00032003557933485416]
[0.001003157556704548, -0.00013597833320466712]
[0.0007719209999670351, 0.000869001087483473]
[0.00013354150116623442, 2.3652461701439975e-06]
[0.00015676623132798717, 0.0003506200661136938]
[-7.74394596251074e-05, 0.0006407783748173801]
[0.00014505169131971696, -0.00013144396499863154]
[-6.143030363620072e-05, -4.054108576295734e-05]
[-0.0003019241017047508, 0.00020821689826150402]
[0.0008107278187009515, 0.0005130236707765468]
[0.0009332497636313497, 0.00015717285775573853]
[0.0005335833688890901, -2.6113223199463603e-05]
[0.00043565608020113, 0.0005149625661070578]
[-0.0004428671692373598, 0.00023716912745486152]
[-0.00022594530385044997, -5.53655221523508e-05]
[0.00032338523261332686, -4.8967033087876644e-05]
[2.7501281802067012e-05, 0.0005622548221960177]
[0.00033476564927803487, 0.0006128265487118645]
[0.0004827275669406217, -0.00022062493331054256]
[0.0006275106544357256, 0.00043501999818065795]
[0.0007266051650629754, 0.0001591434107624523]
[-0.00023373864629094854, -0.00041241304504224807]
[-0.00036716070029592894, 0.0004825556570617895]
[0.00034774945640181354, 0.00020741016128106304]
[0.0003343341338661876, 0.0004216979871984883]
[0.00019406623719175897, 0.00042532993592424295]
[0.0001671394535595061, -6.252188150845939e-05]
[0.00017743540289472115, 0.0006908727084735666]
[0.00045840258112583854, -0.0003379678070920267]
[0.0004769765601255749, -0.0005120699672540585]
[0.00013088102786307232, 0.0008750245447295968]
[0.00013542293101365122, 0.000183375702775046]
[0.0002585209879296668, 0.00023850464354180367]
[0.000171994732811806, 0.00045752410509482255]
[0.00018696117018895606, 4.326272966879985e-05]
[-0.0002285937996379106, 0.00034739066974093236]
[-0.0001425495877361363, -0.00027337074239253134]
[0.0008552403042613177, 2.7280565308540616e-05]
[0.0007128115195069729, 0.000600711040175339]
[0.00023900812127286564, -5.618372256734061e-05]
[0.00021796859373623967, 0.0003704549396201795]
[-9.274788019686397e-05, 0.0004834066467209741]
[0.00012084162665515485, -7.669991152653433e-05]
[-7.501713455049241e-05, -7.517834671322277e-05]
[-0.0003068894790084764, 0.0002411056268228351]
[0.0005800417167251826, 0.0005147292008469417]
[0.0007039982252964316, 6.99262337511275e-06]
[0.0005585337860315523, 6.387658955434722e-05]
[0.00048453153962748144, 0.000395636593526795]
[-0.0003495501390284317, 0.0001008280930400729]
[-0.00019021606115858514, 2.327970769683274e-05]
[0.0002591120149818549, -7.5243975551198e-05]
[2.966585778402253e-05, 0.0005352306554384789]
[0.0002017685249526835, 0.0004826822390313068]
[0.0002947715753137681, -0.00017542956110228047]
[0.0005249895755123912, 0.0005054116314744395]
[0.0006572157734887618, -7.007915028278688e-07]
[-7.506779825139365e-05, -0.0003763487070995719]
[-0.00022558414973672392, 0.00045630209649033526]
[0.0002745220376441232, 0.00013209125205315697]
[0.0002856338154352822, 0.0003808123402984087]
[0.00013645884144907958, 0.0003137020798591114]
[8.996903087298783e-05, 1.902080719160676e-05]
[3.834084036602459e-05, 0.0006329340926458094]
[0.0002892110640697332, -0.0003762310989879336]
[0.0005019999545381459, -0.00035039297293565363]
[0.0002209561305220875, 0.0007029777489856448]
[0.00016108586044483175, 7.634817107596281e-05]
[0.0002441472248736476, 0.000258286030747068]
[0.0001444433080662888, 0.0003621240280904381]
[0.00017889751258359787, 8.334753195751721e-05]
[-0.00026687552404852655, 0.0002548731609236521]
[-0.00022907719119902303, -0.00021134573910419618]
[0.0006977874060881267, 0.00015486637877470955]
[0.0006208404284336888, 0.0003784758314323011]
[0.0003062400946194626, -5.5731180038508243e-05]
[0.0002581009816240015, 0.0003460490725618326]
[-9.314689624606576e-05, 0.0003594767559857992]
[0.00010681225251403526, -3.415611564872023e-05]
[-7.161886523165961e-05, -0.00012442442679527765]
[-0.0002900014211133506, 0.00029363269645221735]
[0.0003951450667376566, 0.00047090364567409226]
[0.0005098693859341141, -6.548038225506758e-05]
[0.0005547779521301033, 0.00015378088063366935]
[0.0005092782781819238, 0.0002752885562903318]
[-0.0002492383351385685, 2.7981283534872503e-05]
[-0.0001374634049267076, 5.7522538389864764e-05]
[0.00022332157450147272, -8.578240958601047e-05]
[4.7981635825811164e-05, 0.0004979300518765384]
[0.00010119842108900941, 0.00036225692557404626]
[0.00014736761416325045, -0.00011284135658158612]
[0.00039784635665118806, 0.0005385508252268578]
[0.0005515064802418812, -0.00011401988085435466]
[3.763794079791882e-05, -0.0003246389716513587]
[-0.0001177056872224691, 0.000417865813266749]
[0.00024405914149749908, 6.997951660606128e-05]
[0.0002696641051165294, 0.00035005313865521526]
[0.00012194424746192478, 0.00021937642773051103]
[6.711451944019231e-05, 9.219099149092302e-05]
[-6.963843217960841e-05, 0.0005627767578761933]
[0.00014720447647598167, -0.00038208106399284514]
[0.0004832422260948356, -0.0001976339474171751]
[0.00026047294521827635, 0.0005339229252243061]
[0.00018373135874772198, 2.102682615064133e-05]
[0.00023250368512158642, 0.0002515822224758435]
[0.00012816105356910912, 0.0002828907973168593]
[0.00017967000088425777, 0.00011449748545755423]
[-0.0002817709260496404, 0.0001503341820638937]
[-0.0002834252604284604, -0.0001216227219067445]
[0.0005498873700274798, 0.0002263725863139998]
[0.0005207272641760685, 0.0002226538267581235]
[0.00035778506253802966, -2.4881734002724087e-05]
[0.0002966511014034223, 0.0002991154271814178]
[-7.038839539391661e-05, 0.00027966675972090904]
[0.00011360203599930507, -2.080222781408736e-05]
[-5.31733761320553e-05, -0.0001549676347088469]
[-0.00025499691836713967, 0.0003285004374137812]
[0.00023725048113295427, 0.00040769003767147927]
[0.0003342220758698819, -9.29675735550084e-05]
[0.0005079086010046918, 0.0002271301538220305]
[0.000490697659522199, 0.00017081267321616966]
[-0.00016294063874844333, -1.6955851015076906e-05]
[-8.964682558065817e-05, 7.873494029286832e-05]
[0.00021595204456703598, -9.727893252475805e-05]
[8.62142877535721e-05, 0.0004663998241413725]
[5.1358817633517795e-05, 0.0002507294765488055]
[6.0006631311781966e-05, -3.9817953426612984e-05]
[0.0002771149119484284, 0.0005502824108851723]
[0.0004422910173306205, -0.0001986568588271398]
[0.00010810133618061653, -0.00024785734650145663]
[-4.409260354382161e-05, 0.0003535288736265796]
[0.00022237181722498112, 3.482160822031177e-05]
[0.00025409861697083674, 0.00031028464842605685]
[0.00012002341516376136, 0.00013941155215957401]
[6.442908876419517e-05, 0.00015742762624926243]
[-0.00015268201038864948, 0.0004660855589038726]
[2.8507159404389526e-05, -0.00034298315501501975]
[0.00044292407094870256, -8.016857324696924e-05]
[0.0002723427915425347, 0.00039581372032992945]
[0.00021515478039690894, 3.0300776843183996e-07]
[0.00023651684579761856, 0.0002276806794028509]
[0.00013189640744232234, 0.00023508776154312905]
[0.00019823621654002643, 0.00011820260694073159]
[-0.0002762114088267417, 6.3395678771061e-05]
[-0.00030983198598522055, -3.915776631685519e-05]
[0.0004014084251689268, 0.00026118183736784095]
[0.0004040766796581559, 0.00011318798427784049]
[0.0003730679739474274, 1.4571751799363764e-05]
[0.000308233688437215, 0.00024858669377281206]
[-4.3075469529418875e-05, 0.00021782601131442592]
[0.0001239908008938695, -1.2301134797554347e-05]
[-1.377532284152494e-05, -0.0001811001540958368]
[-0.00019539054888284557, 0.000359023001394454]
[0.00012754225634137306, 0.0003308440298662729]
[0.0002027327336252549, -8.64738214163413e-05]
[0.0004442911411283168, 0.0002918240421641016]
[0.00045322005682835176, 7.286296056002728e-05]
[-9.768760754583564e-05, -2.424053698402151e-05]
[-5.5843679376832434e-05, 7.176197794905859e-05]
[0.00020999049120128122, -9.532671105300095e-05]
[0.00011748319532934107, 0.00042513532292554057]
[2.575304669832912e-05, 0.00014614753791630797]
[4.913505945447483e-06, 4.1428980425251005e-05]
[0.0001649475912605114, 0.0005240985288230138]
[0.0003334648875017443, -0.00023677161669843905]
[0.0001530266895682919, -0.0001750969392573798]
[1.059701033534477e-05, 0.0002913072179959175]
[0.00021928365917367465, 2.114835744415622e-05]
[0.0002522749016021786, 0.00026248839689775594]
[0.00013762517796098162, 9.013688049863688e-05]
[8.713182212682913e-05, 0.0001943762754074152]
[-0.00021235009571362803, 0.0003708283241188326]
[-6.761408616802467e-05, -0.00029063366744472297]
[0.0003740848818596376, 9.886000971764952e-06]
[0.00024786133733365953, 0.00028195288178123334]
[0.0002303270865483542, -4.559133686521388e-06]
[0.00022983675419080418, 0.00020137541855957952]
[0.0001424335783222208, 0.00019773901738937005]
[0.00022165672139085046, 0.00011554807683678003]
[-0.00024222017558994668, -1.6564185828127354e-05]
[-0.0002994115256007568, 4.391171858825205e-05]
[0.0002786900629375699, 0.0002657211632741685]
[0.00030116804794222407, 4.259116354207726e-05]
[0.0003684396635869336, 6.623615751077949e-05]
[0.0003063315284445589, 0.00018704456734447428]
[-2.2395353894540115e-05, 0.00018691747590524055]
[0.00012652038120089526, -2.4953578714737024e-05]
[2.3421816588070632e-05, -0.0001914979430597541]
[-0.0001363729405849043, 0.0003729036845223077]
[4.664637733570176e-05, 0.00024061045172918405]
[9.79317210274e-05, -4.870878937579537e-05]
[0.00036950252882406165, 0.000325908453351037]
[0.0004015402867711959, 5.030806659478415e-06]
[-4.3268255867423555e-05, -1.885624016939591e-05]
[-2.5694629938732838e-05, 5.883378874177447e-05]
[0.00021686304683210533, -7.944619168909206e-05]
[0.00015528538882858545, 0.0003721193490654334]
[2.8755929449814088e-05, 6.749977373077254e-05]
[-1.3988414136578697e-05, 0.00010657661623547643]
[6.316330069508491e-05, 0.00048325548707459087]
[0.0002273478360309139, -0.0002523467209032265]
[0.00016190907568990054, -0.00010734706337672817]
[3.256063547064578e-05, 0.0002316790791428991]
[0.00021128700914674337, 1.5392561831362173e-05]
[0.00024178170424177248, 0.00021853119373382857]
[0.00016475096262025257, 5.342096500795396e-05]
[0.00012420317028316585, 0.0002203150254802555]
[-0.0002371697585159538, 0.00027105975462704546]
[-0.0001270156875186057, -0.000221220485609408]
[0.00030417713507430166, 7.432375708038563e-05]
[0.00021528387483615852, 0.0001909259693312626]
[0.00023645049112219763, 1.1815387450375692e-05]
[0.0002188855255395583, 0.00016251345886819646]
[0.0001479952367692515, 0.00018450821972357256]
[0.00023704427139358691, 9.148083582022348e-05]
[-0.00020128348063983004, -7.95959062629692e-05]
[-0.0002751506678030022, 0.00011541156140604247]
[0.00017148372756986552, 0.00023855235622749493]
[0.00020390121445856835, 1.3109495232921375e-05]
[0.0003472182567215709, 0.00010504348416908588]
[0.000292555584188281, 0.00013901575172353686]
[-6.162142260901504e-07, 0.00016859434014337982]
[0.00013045693859270457, -4.2157153926525304e-05]
[6.952311720648252e-05, -0.00018328819610524683]
[-6.688536148091728e-05, 0.0003656391903532341]
[-2.94003899919959e-07, 0.00015919505768280384]
[2.6794239365968142e-05, -5.9131478037377505e-06]
[0.00028595553265903934, 0.0003446935796670436]
[0.0003363925172173293, -4.780047463957826e-05]
[-1.4988394845621977e-05, -4.5857911025459774e-06]
[-1.64677326832674e-05, 4.195610156743079e-05]
[0.00021736945294253962, -6.099663607622707e-05]
[0.00018090391402811323, 0.0003192314273250396]
[5.23760452640909e-05, 1.0213733284830662e-06]
[-4.6169202373436136e-06, 0.0001669611606992527]
[-1.173937298304395e-05, 0.00042339074663666487]
[0.00014296606282226954, -0.0002410417245759522]
[0.00015757768813234874, -4.6907027490106223e-05]
[4.3599759040557906e-05, 0.0001758948032427321]
[0.00020122729062682643, 2.663117274476212e-05]
[0.0002263498720269097, 0.00016628418708969361]
[0.00018838774545239245, 4.207643443794595e-05]
[0.00016035227312771044, 0.0002206738713997694]
[-0.0002451290965577446, 0.00017695863524352928]
[-0.0001673209848543685, -0.00014657793288047616]
[0.000228968285885367, 0.00010586251837721439]
[0.00017041614376850367, 0.00013211895508746796]
[0.00023359906592312907, 2.6209362604046743e-05]
[0.00020366234177537912, 0.00013243953299713063]
[0.00015623803874342812, 0.0001817780787096157]
[0.0002528642933060654, 5.9119695414638906e-05]
[-0.00014414705230608726, -0.00011970363486202285]
[-0.0002278015910730513, 0.0001664386051548894]
[8.844329636197024e-05, 0.00020155329952808998]
[0.00012292549585996015, 1.6757750987972386e-06]
[0.0003081309120872566, 0.00013957696493588356]
[0.0002630033162034605, 9.479442296650431e-05]
[5.199084975732182e-06, 0.000159452892302403]
[0.0001182372504409477, -6.142587148366685e-05]
[0.00010812823741157551, -0.00016760911651964028]
[-4.261805234884175e-06, 0.00034872849790335003]
[-1.7046218098615284e-05, 7.808942130889396e-05]
[-1.2265035888026077e-05, 4.849002194873275e-05]
[0.0002128065049238348, 0.0003416957909401219]
[0.0002775601983170395, -7.846568856506586e-05]
[3.5970286259567885e-06, 1.6218885362406787e-05]
[-1.2138713865628148e-05, 2.1171943423881068e-05]
[0.00021285974759181758, -2.939226817355589e-05]
[0.00019592602255896763, 0.0002548061883499153]
[8.206921543568724e-05, -3.9804335018378545e-05]
[1.697922536352068e-05, 0.0002062121258580782]
[-7.214064452504276e-05, 0.0003529697066761983]
[6.870628925310929e-05, -0.0002110173534493609]
[0.0001366780083212893, -6.647925585051562e-06]
[3.90280474609761e-05, 0.0001377714242393191]
[0.00018864902390935967, 3.56988465860103e-05]
[0.00020696271586873038, 0.00012393917765213258]
[0.00021527171781166032, 4.570775402296112e-05]
[0.00020191211059661374, 0.00020481658738372155]
[-0.00022705366699898866, 9.858934753637083e-05]
[-0.00017799957090502971, -7.946086042726064e-05]
[0.00015910716639136457, 0.00012179768354581011]
[0.00012402951732373713, 8.851946685681233e-05]
[0.00021582568955067112, 4.446350277591271e-05]
[0.00017675350659306695, 0.00010323851235500073]
[0.00015054250198323627, 0.0001859526934267497]
[0.0002517305453351368, 2.235357450230957e-05]
[-8.585899028057398e-05, -0.00014652417824895236]
[-0.00017311265627556471, 0.00020568737369558443]
[3.2251472506072965e-05, 0.00014882329562888874]
[6.358765056713178e-05, 1.429364577953951e-05]
[0.0002688575037395058, 0.00016106268247062516]
[0.0002348222016320678, 6.263397262311343e-05]
[7.152575175972675e-06, 0.00015942540376756575]
[0.00010251024272944775, -8.446323772340336e-05]
[0.00013849092735980506, -0.00013411571597565786]
[4.9565304121090836e-05, 0.0003108413052439474]
[-1.7184801711337024e-05, 1.2712337009952723e-05]
[-3.245744914428302e-05, 9.663743100151584e-05]
[0.0001420591942873084, 0.00032064140468848756]
[0.00021655315292277294, -8.943153262769288e-05]
[7.679162864371314e-06, 2.8593585028491297e-05]
[-1.8237731983450356e-05, 1.1131175768341883e-05]
[0.00020412290561078184, -1.0231024099999209e-06]
[0.00020220159038175645, 0.00019561195777811902]
[0.00012294769278908824, -6.110884583082621e-05]
[5.584412462156241e-05, 0.00022812573378247492]
[-0.00010659530862017208, 0.00028411603905520444]
[1.768804984492167e-05, -0.0001754649401956021]
[0.00010803871126782716, 2.5344896595058675e-05]
[2.6343535607487034e-05, 0.00010504414859363598]
[0.00016516225351329798, 4.797973206307517e-05]
[0.0001750972116758634, 8.486919650800562e-05]
[0.00022874847721457425, 5.990128585561805e-05]
[0.00023058593982961534, 0.00017718042280856494]
[-0.0001953006560003745, 2.9394666825277582e-05]
[-0.00017064218198542536, -1.4400870304631663e-05]
[0.00010253985913999397, 0.00011501683810527519]
[8.534045127506218e-05, 6.850306334194034e-05]
[0.00019755504702057003, 5.8122631337087505e-05]
[0.00015267695331855347, 8.174767903299657e-05]
[0.00014047395400390572, 0.0001985770534272957]
[0.00024335213136461586, -2.1081908226666668e-05]
[-3.0078454037707827e-05, -0.00014898620754089098]
[-0.00011599471925233251, 0.00022008095899403446]
[-6.8686948585180985e-06, 9.595653878807786e-05]
[1.718319842361135e-05, 3.4804715157300825e-05]
[0.00022249548213024162, 0.000168107766581993]
[0.00019970680952271364, 4.442150622568919e-05]
[-3.7672090558160676e-08, 0.00015396869568029548]
[7.832916112526789e-05, -9.682705684510573e-05]
[0.00016170463745168728, -9.769309614079957e-05]
[9.552772818666178e-05, 0.00026712972781445243]
[4.5674266742068426e-06, -3.76851638004827e-05]
[-2.7119923532548107e-05, 0.00013689598405812464]
[8.704988740837472e-05, 0.0002923839030251063]
[0.0001671952299836521, -9.159616270873472e-05]
[2.274923267926547e-06, 4.137360619083097e-05]
[-3.083184953003859e-05, 1.712198113373864e-06]
[0.0001821459039752088, 2.8452461539728302e-05]
[0.00019041738143495482, 0.00013742223356356942]
[0.00015771104446876683, -6.666031601265665e-05]
[9.33703722781759e-05, 0.00023535616464981368]
[-0.00012258070453730063, 0.00021231512844191447]
[-1.610320925699016e-05, -0.00012975238472734407]
[8.134507616430753e-05, 3.9469941797820596e-05]
[1.5195334449047415e-05, 8.796114209691508e-05]
[0.00014305373306100488, 5.705865571620228e-05]
[0.00014411140061632022, 5.4278559580876046e-05]
[0.00023548605863249472, 8.691843249275522e-05]
[0.0002521340846232678, 0.00013466787555121984]
[-0.0001549072018583184, -1.732392128744875e-05]
[-0.00015035532577339916, 3.314159947956363e-05]
[5.329751351823564e-05, 9.805405035424875e-05]
[4.8493380049356716e-05, 6.030794864819722e-05]
[0.00017116874573486207, 6.289640115955675e-05]
[0.00012298451206987915, 7.181674585837738e-05]
[0.00012142750959309723, 0.0002055053865577805]
[0.00022336102524983525, -5.633445590841335e-05]
[2.333415878363887e-05, -0.00013950924307767898]
[-5.66535356821829e-05, 0.00022113219116176586]
[-2.094761179338711e-05, 4.6151968178698155e-05]
[-6.269202205033686e-06, 5.899530898209604e-05]
[0.0001817272833234962, 0.00016895628010887842]
[0.00016973929474883853, 3.1412643597517054e-05]
[-1.4353852153041642e-05, 0.00015081352220797095]
[4.7457198760356145e-05, -0.00010727140969823967]
[0.00016768426775146117, -5.5871610384922166e-05]
[0.00012222232069672434, 0.0002154010361142683]
[3.179053796992237e-05, -7.446918122172574e-05]
[-1.2539207994835544e-05, 0.0001692880890739601]
[4.5193672282728414e-05, 0.00025178941709001756]
[0.00012764418492788865, -7.880130350607084e-05]
[-3.581023103049752e-06, 4.400244724661606e-05]
[-4.084043929963865e-05, 3.0829317135827594e-06]
[0.0001582556070839347, 5.404160157757021e-05]
[0.00017275033923647154, 8.507149297548935e-05]
[0.0001894780027853482, -5.252753251533404e-05]
[0.00013169235196258677, 0.000222133692654225]
[-0.00012392723765791008, 0.00015242608484467013]
[-3.5840340479043054e-05, -8.977166304108275e-05]
[5.2035278366766025e-05, 4.376268822285645e-05]
[4.390868066361797e-08, 7.904627573657175e-05]
[0.00011463966272096116, 5.7611205936475285e-05]
[0.00010652327968299624, 3.7314552110201404e-05]
[0.0002309298083968958, 0.00011254175623089113]
[0.0002613994479355175, 9.207693764823333e-05]
[-0.00010586155351888227, -4.9873806005878984e-05]
[-0.00011646866157200009, 7.003791509360702e-05]
[2.241525642332487e-05, 7.495440853111379e-05]
[2.5754426970725497e-05, 6.003386741645217e-05]
[0.0001469819563953978, 6.554268658554019e-05]
[9.756632814750255e-05, 6.540687422174063e-05]
[9.362872519537262e-05, 0.00021330268797462026]
[0.00019165542351626264, -9.00880377194685e-05]
[6.225802214684245e-05, -0.00011643122973366282]
[-8.745228710339836e-06, 0.00020654130012662253]
[-2.3009488305414383e-05, 2.3332437565359854e-08]
[-1.872393101759462e-05, 8.598134425974457e-05]
[0.0001467039093714373, 0.00015649312686283334]
[0.0001449338080289908, 3.138050801032577e-05]
[-2.7385561500836708e-05, 0.00014006721617301765]
[1.9059760751227728e-05, -0.00010632907611213271]
[0.00016615237302625152, -1.3229367667511038e-05]
[0.00013914303583906218, 0.0001602191438696346]
[6.527633975700331e-05, -9.049763781965314e-05]
[1.2135618513264834e-05, 0.00018447881700855984]
[1.4758511644157729e-05, 0.00021286220610822193]
[9.630576230676424e-05, -6.502014798853706e-05]
[-1.4957066166054744e-05, 4.109840284337307e-05]
[-5.425234358115427e-05, 1.0415945201486254e-05]
[0.00012565556550231394, 6.929765919339026e-05]
[0.00014266566542861514, 4.576580999948732e-05]
[0.0002126824444012021, -3.1909953968477234e-05]
[0.00016450694948455524, 0.00020120587056576822]
[-0.00010862786428922355, 0.00010007983272181109]
[-3.808541625238693e-05, -5.189467011318394e-05]
[3.2289631591075896e-05, 4.1189863534685234e-05]
[-6.820061118184562e-06, 7.535762123479783e-05]
[8.824457950062925e-05, 5.614009574628209e-05]
[7.098057990695406e-05, 2.6388229581425504e-05]
[0.0002132097571311796, 0.0001415914033892074]
[0.00025536080136163986, 4.463372240076646e-05]
[-6.153823937292413e-05, -6.547757187759518e-05]
[-8.296302366526953e-05, 9.234648565911718e-05]
[1.1551460367131838e-06, 4.605845093533234e-05]
[9.071294058443646e-06, 6.815479118749135e-05]
[0.0001260395716001783, 5.776992037585804e-05]
[7.745935324043884e-05, 7.065313534698747e-05]
[6.549488847940044e-05, 0.00021268288485562503]
[0.0001573890782587961, -0.00011281385985731363]
[9.35678037112253e-05, -8.328156274822751e-05]
[3.3884621570945406e-05, 0.000178943824105382]
[-1.2142844962786947e-05, -3.226152512775249e-05]
[-1.8382783952441972e-05, 0.00010426150421180558]
[0.00011655880093228849, 0.00014223887966134663]
[0.0001237364545011374, 3.281041926815609e-05]
[-4.46542093522212e-05, 0.00012440657035758806]
[-1.2574563628256485e-05, -9.688321493125929e-05]
[0.00015061375819852563, 2.203109885060006e-05]
[0.00013923566766121942, 0.0001107742143620638]
[9.900224994796591e-05, -9.610386966807036e-05]
[4.106623029986878e-05, 0.00019172397793598694]
[7.05025404834636e-07, 0.00017316284598187237]
[7.923195887471479e-05, -4.769481510849549e-05]
[-2.0384818890828438e-05, 3.484837422695897e-05]
[-5.9673306196161846e-05, 2.0826962789211034e-05]
[9.154736482962222e-05, 8.014876289763606e-05]
[0.00010770231827056387, 1.3399454036999714e-05]
[0.00022245157142340363, -9.274426602673413e-07]
[0.0001854781940523395, 0.00016798177477070353]
[-8.91204481969915e-05, 5.9649594815053275e-05]
[-3.497217874280471e-05, -2.10863605392686e-05]
[1.6370972578116927e-05, 3.0165166573448143e-05]
[-1.1286650447361879e-05, 7.93041762707225e-05]
[6.570710533215784e-05, 4.434207954569225e-05]
[4.004545103181156e-05, 2.9604877648303773e-05]
[0.0001901483610474708, 0.00016471146523322489]
[0.0002417745232798918, 2.075627657499579e-06]
[-1.7653265653505557e-05, -6.494763710324092e-05]
[-4.567406444011546e-05, 9.931279827776751e-05]
[-8.107420291253442e-06, 2.2543022429322157e-05]
[1.4169932163743404e-06, 7.32305548565293e-05]
[0.00010698812866656929, 4.890212048690168e-05]
[6.062299790649678e-05, 7.766493532407326e-05]
[3.177398722878366e-05, 0.00020449747447939814]
[0.00011529534435047832, -0.00012486446413392804]
[0.00010974111102474149, -4.927897771173084e-05]
[6.270131983202032e-05, 0.00014776977500485788]
[7.121630447137761e-06, -5.768449660433286e-05]
[-8.691083266232358e-06, 0.0001202159072965503]
[9.822104670342835e-05, 0.00012397342335362938]
[0.00011338650967773756, 3.802242603785644e-05]
[-5.5625632889300114e-05, 0.00010615876695441173]
[-3.646529314710323e-05, -8.206487618535319e-05]
[0.00012673543268444665, 5.434394519193697e-05]
[0.0001276688108839963, 6.285648151263534e-05]
[0.0001255050637661327, -8.657480428550524e-05]
[6.60292759054465e-05, 0.00018501969078320302]
[-7.026080625111009e-06, 0.00013730715079846023]
[6.66236055484994e-05, -3.115852112539619e-05]
[-2.4194990208947775e-05, 2.1951813027415445e-05]
[-6.170522938003797e-05, 3.7786835841269184e-05]
[5.907839792140823e-05, 7.815904618958466e-05]
[7.18931677060608e-05, -3.097812314500903e-06]
[0.00022470987016548483, 3.14921220949671e-05]
[0.00019996848792547262, 0.00013102666667845486]
[-6.191778864045316e-05, 3.3659767622040704e-05]
[-2.2362908125517222e-05, -1.10908768066742e-06]
[7.492857339697068e-06, 2.1040090712076687e-05]
[-1.0360424459177064e-05, 8.047403778804751e-05]
[4.522493276407774e-05, 3.021335500297262e-05]
[1.187818305246717e-05, 3.84064473898868e-05]
[0.0001564187672321582, 0.00018035379262498763]
[0.00021468741782498454, -3.3223979777147195e-05]
[1.7112081927728173e-05, -5.664267483238006e-05]
[-1.3754661477932695e-05, 9.874118225572381e-05]
[-7.090969429746075e-06, -5.633242234348579e-07]
[2.1017790509114676e-06, 8.047073218070411e-05]
[9.734885353396283e-05, 3.683495804368553e-05]
[5.4740764236838046e-05, 8.804786352507865e-05]
[2.6024894883014404e-06, 0.00019105646253197994]
[7.608803378328366e-05, -0.00012873336656205048]
[0.0001136511897614767, -1.1218024776105118e-05]
[7.944840299090039e-05, 0.00010948829936077709]
[2.6603772217224236e-05, -6.987371728480601e-05]
[2.2893601268119887e-06, 0.00012655828766349603]
[8.367713089099671e-05, 0.00010511078417335673]
[0.00010555730307489769, 4.4041639396030785e-05]
[-6.352836353595848e-05, 8.124735233627778e-05]
[-5.553726737747566e-05, -5.7833967489762106e-05]
[9.843278563015367e-05, 7.431386234990622e-05]
[0.00010855776020596286, 2.672372915962784e-05]
[0.00014857661007811052, -6.881494693056212e-05]
[9.068621745000893e-05, 0.00017017131680815978]
[-4.26198811076528e-06, 0.00011003379633178767]
[6.329103640839717e-05, -2.0619550720524238e-05]
[-2.3518383300717705e-05, 1.167278808156258e-05]
[-5.795101617450671e-05, 5.149532402695667e-05]
[2.6699836670878233e-05, 6.985337101418285e-05]
[3.391229859409876e-05, -1.0090051954150109e-05]
[0.00021286323811967045, 6.180213775405785e-05]
[0.00020027221083242577, 9.417703815095546e-05]
[-3.543677399742151e-05, 1.5781833303057935e-05]
[-8.306390554962961e-06, 1.3907365577603414e-05]
[6.350536259080997e-06, 9.30362792313233e-06]
[-2.9775874945126013e-06, 8.378525514080026e-05]
[3.4660533835328966e-05, 1.2353631467953985e-05]
[-4.990388556724845e-06, 5.3528986114895205e-05]
[0.00012143257292657195, 0.00018991868400897172]
[0.00018345857444124203, -6.243413840459344e-05]
[4.248866927702294e-05, -3.706060057753757e-05]
[1.1679123548935522e-05, 8.610657647803444e-05]
[-3.05963415563092e-06, -1.6102212673342955e-05]
[4.089228796792799e-06, 8.263699400450075e-05]
[9.0188974208677e-05, 2.364350506928181e-05]
[5.245767794431755e-05, 9.969939862025656e-05]
[-2.3673986119021606e-05, 0.00016756640422985192]
[3.8728726731274143e-05, -0.00011916061172417836]
[0.00010850737512491104, 2.065854974732384e-05]
[8.687280739888559e-05, 7.469412299709877e-05]
[4.923701589909513e-05, -7.269735689496848e-05]
[1.81078353503894e-05, 0.00012615281801588163]
[7.775677274848847e-05, 9.110063636302845e-05]
[0.00010513231631181785, 4.518212647419695e-05]
[-6.601343577957927e-05, 5.84119093668678e-05]
[-6.746713906446988e-05, -3.363905308861881e-05]
[6.422755945533452e-05, 8.610069486631768e-05]
[8.01069820840182e-05, -1.0763160108312464e-06]
[0.00015991646098073575, -4.6780624150866146e-05]
[0.00010596465748615586, 0.00015072104017305188]
[2.299352522883158e-06, 8.658610746699325e-05]
[6.310620636895692e-05, -1.1167000166123486e-05]
[-1.635953570044979e-05, -3.5426258342130534e-07]
[-4.631925560066863e-05, 6.62228204918458e-05]
[3.096473738972705e-06, 5.431508700531884e-05]
[3.376392624820923e-06, -6.772986210663856e-06]
[0.00019435013058954898, 9.038839118102882e-05]
[0.00019312421812534009, 5.690471205996306e-05]
[-1.1907813525233527e-05, 1.1008814880808515e-05]
[4.831116842587968e-06, 1.7970212495665994e-05]
[6.758637026290162e-06, 1.5605334033400031e-06]
[4.389667741215228e-06, 8.287724682634612e-05]
[2.803935852299655e-05, -7.88586997094165e-06]
[-1.6423502745582796e-05, 7.34003850358933e-05]
[8.487029899878484e-05, 0.00018714487664428514]
[0.00014795501289333046, -7.839104595547264e-05]
[6.0134013887602755e-05, -1.5893804169705983e-05]
[3.194719968840909e-05, 7.066863257387812e-05]
[7.4657687335610845e-06, -2.5433880903147355e-05]
[1.1619395181128311e-05, 8.072524688937203e-05]
[9.022055798948991e-05, 1.5022931728614353e-05]
[5.828182263029058e-05, 0.00010630678249934356]
[-4.460944221723606e-05, 0.00014214051305302955]
[5.967827924224789e-06, -0.0001044563062763959]
[9.169409993324551e-05, 4.798576489806888e-05]
[8.138787539729332e-05, 4.2196513904808886e-05]
[6.601523935867437e-05, -6.917291185548624e-05]
[2.974326299719915e-05, 0.00012156805057528253]
[7.567376007877602e-05, 7.767210154700777e-05]
[0.0001074892099964253, 4.609707741209945e-05]
[-6.012967381535672e-05, 3.394718079292869e-05]
[-6.881585269136181e-05, -6.190381213883045e-06]
[3.342451653481904e-05, 8.824153139580515e-05]
[5.20660835136022e-05, -1.8657740618063454e-05]
[0.00016422670224738867, -1.9961980387062095e-05]
[0.0001159327049158887, 0.00012535413016440122]
[9.976379231612341e-06, 7.322473409035468e-05]
[6.349517300070773e-05, -9.47220003288951e-06]
[-8.492951909400831e-06, -8.45711311728281e-06]
[-3.31322916905033e-05, 7.619919282204901e-05]
[-1.6138282098954182e-05, 3.215577123014124e-05]
[-2.358831719846688e-05, 6.5001548316678814e-06]
[0.00016894701530295597, 0.00010932721607911922]
[0.0001778858256870075, 2.7758323170978816e-05]
[9.38174530984437e-06, 1.1562360203248856e-05]
[1.804693559209758e-05, 1.8223889877239108e-05]
[1.2976424853983204e-05, -2.2402168353141683e-06]
[1.6277089270377854e-05, 7.773712230584214e-05]
[2.9820552125442434e-05, -2.4240215811821564e-05]
[-1.7792899649815563e-05, 9.091013541054349e-05]
[4.934296351047189e-05, 0.00017858821994359841]
[0.00011074538617818208, -8.727398545355092e-05]
[6.541190345824704e-05, 7.109118670758918e-06]
[4.14574023132816e-05, 5.196382987847359e-05]
