[172.24904623092786, 523.6371812813499]
[-23.536462512226713, 65.65135013078157]
[2.415144032633144, 38.05193140050113]
[-2.9619365249517733, -0.7357952520628097]
[1.7311506959671967, 2.946924139557982]
[-5.692379191839077, 7.576441807246914]
[-2.8785419562799825, -0.5126058336692554]
[-0.1893941880351644, -1.043101017907223]
[1.653629657822013, -0.45076566017516306]
[-2.9626890216976567, 0.7426163370129484]
[-1.9474141193937595, 0.47207918556864725]
[-0.48662258981872, 0.32922353638595125]
[-0.3153302548063814, -0.21688933879335748]
[0.04360017033143171, -0.23206404854662432]
[-1.1224774544079303, -0.0369363050312328]
[-0.8212921817702598, -0.542862839269024]
[0.16576690432443514, 0.43540132309928725]
[0.18893801163575338, 0.722928336603716]
[-1.018979906947593, 0.5266532952793281]
[0.1461323061513102, -0.39156142837471086]
[0.02935850683418706, -0.08501744330354244]
[-0.10822971771244086, 0.288450162554023]
[0.04592733838779772, 0.46644632462574154]
[-0.1615781054776098, 0.18818511642836122]
[-0.22413915928083683, 0.3818917063520848]
[0.16531762391007632, 0.36995543568003764]
[-0.04904919664524143, -0.24086910453475108]
[-0.2375158141682699, -0.13707023076585978]
[0.3046908110095313, 0.2949915295140102]
[-0.2529158647101936, 0.342941099514638]
[-0.27724813415133776, 0.028317842917129354]
[-0.023967294129275188, 0.09283190901199778]
[0.048963760269942314, -0.10219555493169108]
[-0.09307065788955311, -0.13613031464521086]
[-0.0017090574000991898, -0.01410324302685817]
[-0.33390743241891874, 0.08256629791917103]
[-0.08976121210642807, 0.13522748616973113]
[0.17059456753978036, 0.0684262808060776]
[-0.17724603197114674, -0.09673487392575919]
[-0.13490100097183724, -0.18862627057681225]
[0.043766390146308676, 0.04668130551677674]
[-0.038359071020251524, 0.09306031075440302]
[-0.08004755364176952, 0.12157958942428038]
[0.02878155000010072, 0.03916527079195964]
[-0.124613791620515, 0.04670755414297734]
[0.05546619420259147, -0.028126454371145027]
[0.06314359587726348, -0.03354215641750935]
[-0.10822485637891503, 0.05805610036665998]
[-0.002561868656548394, 0.17986019883741822]
[0.036052380277850085, 0.09665013989193483]
[-0.07058353401115836, -0.04238194390055994]
[-0.03038060606845927, 0.026953588771990278]
[0.0641952720495329, 0.01463729790322743]
[-0.06753640828722063, -0.004862100617895271]
[0.004452509146231409, 0.03442311133300868]
[-0.0847519053998243, 0.10413241562322573]
[-0.04816902612923102, 0.009186345468223056]
[0.03143592257397053, -0.04125359367636716]
[0.006858976939808192, -0.043639542381439744]
[-0.11858397332814383, -0.0081808690022116]
[-0.014279308909589505, 0.03565407786975938]
[0.0014096748712933982, 0.021140733932916822]
[-0.034841797693505816, 0.0075313909089675946]
[-0.006575521004298368, -0.018583860519578943]
[-0.04603162062065458, 0.005563501506731905]
[-0.020312947180499502, -0.02718143330529177]
[0.018071917120109804, 0.009292725298516435]
[-0.002645111022899521, 0.03972863820894146]
[-0.04103115481333397, 0.05931622063124009]
[0.011790694411220465, -0.0148883042620378]
[-0.00792330141044062, -0.01040309878752077]
[-0.010785191053072851, 0.04125352449116826]
[0.00857155759440098, 0.030952662759219818]
[-0.00852468570342746, 5.036022338789081e-05]
[0.002420541554416289, 0.019390456331241257]
[-0.022876156364249084, 0.04998191463403878]
[-0.011231529444299726, 0.005479001530304117]
[-0.013219255007388075, -0.003246644229251361]
[0.014227534503003403, -0.00023905474676411131]
[-0.03502382420469391, 0.024771436546477732]
[-0.01016977512930528, 0.0027908260564470933]
[-0.02468301820258606, -0.004343534489253731]
[0.0030763351599508715, 0.006162298432832447]
[-0.019364331148783442, 0.008518760933529768]
[-0.029183210337404786, -0.004474546266677093]
[-0.019352881833090252, -0.013818797047924658]
[0.010946418635625843, -0.0007380295033383444]
[-0.002976879521487674, -0.0016813964475355103]
[-0.02375033834227569, 0.02081251315666166]
[-0.020929465018569127, -0.00739293314465983]
[-0.010819104816298442, 0.0023810181290253585]
[0.021287207219119586, 0.01594003146211409]
[-0.004221478380009858, 0.0061812998770574]
[-0.014087317707495328, -0.020859582063038618]
[0.0033447133210458, 0.022966973534212398]
[-0.005719995590276139, 0.035014113839951566]
[-0.013760219577824584, 0.005379796149788119]
[0.0064317478629427605, 0.005496281275056969]
[0.008670296165699032, 0.005250461401578699]
[-0.0116473526553183, 0.002935120707264094]
[0.0036135903107499256, 0.0030498446488718134]
[-0.029901641838714577, 0.020228644066611956]
[-0.000649008082299618, 0.014829071343645639]
[0.006912726762337007, 0.012162308216274953]
[-0.010770735332858106, -0.015445045726104834]
[-0.02734230899726986, -0.01179716348971449]
[0.014421739521965682, 0.005940754908466683]
[-0.01521958420866526, 0.00647935547606604]
[-0.016044744227671437, 0.007686650826161712]
[-0.011501646337230997, 0.0044705460478109416]
[-0.009520245209985179, -0.004949101215976581]
[0.008624309037293831, -0.015030165088634417]
[0.004515510599897521, -0.00025362501360737255]
[-0.02739087437918375, -0.00434835032575398]
[-0.008989505682367893, 0.02002085685495958]
[0.01313033299062949, 0.015468192041749207]
[-0.00983310098753054, -0.005162752462332776]
[0.0036338073102422097, -0.010165567030007372]
[0.005298044217799225, 0.008430532094095167]
[-0.012703668936101198, 0.0010392106386527544]
[0.0016343129779623489, 0.007708754120675287]
[-0.0031715327625518874, 0.026258847192099033]
[-0.006877881819997933, 0.008945670407622064]
[0.009659502354879557, -0.008165612218593354]
[0.004431782428884645, -0.00940875570097588]
[-0.027729157085326528, 0.008223196360779506]
[0.006534538024482783, 0.01114757784776188]
[-0.0016741091500185323, 0.011709261557107942]
[-0.007984256493626551, 0.000515615185275875]
[-0.00721138020196066, 0.0005669500182430287]
[-0.0022841931703827534, -0.0065250281524085185]
[-0.012254818504300213, -0.009884923887238717]
[0.0069006185702977785, 0.002849673283141785]
[-0.013691878105032251, 0.010292256134445621]
[-0.012854562714161188, 0.007704023232254498]
[0.005902849813493427, -0.007299228661232338]
[-0.0013382724098631726, -0.006777788944282381]
[-0.008224066493253357, -0.0052128638921051795]
[-0.00016010322344306438, 0.0071044006802563064]
[-0.005765698673864672, 0.0009429813650296826]
[-0.0017591751478946982, 0.00599981438970687]
[0.007065064894937301, 0.008399347890971187]
[-0.006691280487795215, 0.002818271667636596]
[-0.0031002244382457578, -0.009996294668436878]
[0.006200438977979061, -0.0007263121918363868]
[-0.007087879785240725, 0.015298773264136534]
[0.00024111306123009157, 0.008431294119074728]
[0.002068275556539878, 0.000769242482979271]
[-0.002514365124666851, 0.0007036790419727712]
[-0.007014305367904816, 0.004778785511942996]
[0.0012278554662712438, -0.004443971952859949]
[-0.009453109250905145, 0.0018364054641624161]
[0.0055653179156931465, 0.00513693895012679]
[-0.0036196342487513355, 0.005518651099003069]
[-0.008809244770811686, 8.72211758569108e-05]
[-0.009083037372317415, -0.004472900819671999]
[0.002555989819191362, -0.003928463304587737]
[-0.0032940531523871774, 0.002193693043597955]
[-0.0015220697665763172, 0.0029856969816102197]
[-0.007147620561997803, -0.005045721892958488]
[-0.0026762165092732992, 0.00346823093159232]
[0.0006445816044222674, 0.0020366641065858726]
[-0.004527963523751843, -0.001119026007766255]
[-0.003700034712479039, -0.0040763565188615125]
[0.0031055921947289455, 0.002617003356474523]
[0.0017728584773520906, 0.002355967577102991]
[-0.0018666372704687628, 0.0044525081578851156]
[-0.004662524693349823, 0.00022086633602080852]
[-0.0018188402917866942, 0.002073108235040255]
[0.0027904344572483586, 0.005494532683543607]
[0.0022385354422884696, -0.0025000983273292254]
[-0.0048546099444056745, -0.0004110581286274062]
[0.0028606800076147465, 0.006080119230250314]
[-0.0036837599555903378, 0.004349590249549173]
[-0.004011448384234617, -0.002005343275340854]
[-0.005426967268913008, 0.004995968275114837]
[0.002881380358878083, -0.0011200778882183293]
[0.00018368642130850432, -0.002597743036861999]
[5.713526026274174e-05, 0.000526228151887409]
[-0.013074042474077063, 0.0006516239814793323]
[-0.0023914472247317242, 0.0017137215745048895]
[0.0018172754442594696, 0.0033866250369913864]
[-0.001757190613656423, -0.0026461921368888808]
[-0.003749363799465555, -0.005345924221485054]
[0.00036780697436000764, 0.0019168754642446828]
[-0.004600008993213889, -0.0023111822423587114]
[-0.0011501976746481901, 0.0019057891851457232]
[-0.0021494683947478332, 0.005044963392716539]
[-0.0032652400722097408, 0.0017870007655901299]
[0.005375137211434788, -0.004976625065238327]
[0.0022699562534860274, -0.0016818431892601238]
[-0.007833548246556687, 0.00043693973772240824]
[0.0005206275711640007, 0.005411304812094064]
[0.0012644035179176782, 0.005051596367691147]
[-0.001819247487216069, -0.0008990057476406799]
[0.001124929120073448, 0.0017197888433919672]
[0.001610284869537848, -0.0006477419933371698]
[-0.004701864763379193, -0.003472048211809353]
[0.0022756962788723634, 0.0010166595898413178]
[-0.006190930280882245, 0.009098001645543974]
[-0.002523091794674137, 0.0010801924197406665]
[0.003174120023845317, -0.0019592719974939055]
[0.00026265756930521356, -0.0029615585556530544]
[-0.007685459461142852, -0.0017696864664933365]
[0.0006174458996532906, 0.0004524900136513299]
[-0.005044094693841261, 0.0018967586038833861]
[-0.0008269894561745428, 0.0018279454769084547]
[0.0017864033427856807, 0.00197109158761144]
[-0.003921705310696577, -0.0011667002041214625]
[-0.003368819207482554, -0.007795894181925611]
[0.0030568183747305966, -0.0008975379401708894]
[-0.004622750165315548, 0.00491930891298531]
[-0.0015932754978125185, 0.004412628104200955]
[0.0031509097939423913, -0.0011671278459930434]
[-0.0021963206933810486, -0.000983646088401291]
[-0.0007699967377052808, -0.0015500876438900857]
[0.002064817741491476, -0.0010055102894773738]
[-0.004529158553882251, 0.0006985834411066261]
[0.0016178589404844956, 0.0035180630377585898]
[0.0025351194728839843, 0.005192618326153919]
[-0.003018721744753261, -0.0006615985221831711]
[-0.0020638892881679194, -0.003616402581615663]
[0.0024625758338294723, -0.002109043052315962]
[-0.0037091116515628464, 0.003919708695135915]
[0.0009979082421758267, 0.0012235955302715151]
[-0.002049093339353991, 0.0011647455624190783]
[-0.0018380499762913338, 0.0008015683836986032]
[-0.00039779875220591343, 7.520860249732308e-05]
[-0.0011438791809934568, -0.00340044858219668]
[-0.0057849370202902595, -0.0014349608762749266]
[0.002543683038723543, 0.0011489766407423163]
[-0.00016850080722718985, 0.002239600449330359]
[-0.003164695426743247, 0.0016846028223803655]
[-0.0023624506534334344, -0.0025781304155407803]
[-0.0011696136791070622, -0.002012048017807966]
[-0.000721539335535315, -0.0002059923261938934]
[0.002121828827498229, 0.0002754691883644078]
[-0.002408513408174162, -0.00011961103522750705]
[-0.0013272356540645625, 0.0032244344242842726]
[0.001597450472607509, -4.481936181410795e-05]
[-0.0013702349343500675, -0.002220491724780116]
[-0.0027827217853166886, 0.00010949782804747787]
[0.002511710566590608, 0.00041829465203868654]
[0.0014031624962069777, 0.0009598655855179716]
[-0.0001846579916084945, 0.0012007340456428595]
[-0.0032623515348817467, 0.0006007812648765043]
[-0.0011228045607467596, -0.0005857395610621152]
[0.00044704696711739267, 0.001768976771399644]
[0.0011891771699588105, -0.001998971421367346]
[-0.0024702221816765846, 0.00021361664604857555]
[0.00047809919814501, 0.0012806454359357566]
[-0.0018685989072888542, -0.00013388279512860368]
[-0.0016626144303382162, -0.000721708934178944]
[-0.0027834157866690745, 0.0023561222625633205]
[-0.00028369936361283266, -0.0013474197314587988]
[0.0006769596183464621, -0.0022633937807878812]
[0.0008348790446706111, 0.0002952870513969752]
[-0.0046419580937859806, 9.061515883912463e-05]
[-0.0018601137688978309, 0.0009993617819674117]
[0.0003689323042810333, 0.00033380496916313174]
[-0.00017385391954594098, -0.0013127112725951906]
[-0.00047715293963013217, -0.00036950001759028517]
[0.0004152447058083375, 0.000683290013288651]
[-0.001109540999555847, -0.002450364906918634]
[-3.855972643851402e-06, 0.0005242304844462753]
[-0.001934636834538317, 0.0031700852959218873]
[-0.0007087163565633325, -0.00012312444098638853]
[0.002464580298210617, -0.001014600925332898]
[0.0008720936802735224, -0.000833410400234047]
[-0.0023973364467331226, -0.0003079085922367275]
[0.0003633091579542391, 0.00023887716241782764]
[-0.0020605510234472657, 0.0016582785653357357]
[-0.000345956043694029, -5.226373751412994e-05]
[0.0014426733408567927, 0.0025049405897944466]
[-0.0006647216767214914, -0.0015306109088858988]
[-0.002256120499093184, -0.0036174381772026143]
[0.001172537279245267, -0.00030645545497562376]
[-0.0035520000615520964, 0.003957423301695129]
[-0.0013103804589946755, 0.0004765983653332029]
[0.0012341756293279271, -0.0005988103877732076]
[-0.0008425962865485914, -0.0011458485231453375]
[-0.0017968579838336662, -0.0015096832878842559]
[0.00045008158758541583, -0.0006654200247695474]
[-0.0033706246699678477, -6.417318573348485e-05]
[-0.00011974057414176897, 0.001323723470688043]
[0.0015066013857800709, 0.0018899613063841914]
[-0.0016328320221237203, -0.0006809573681333947]
[-0.0008018395930737832, -0.003417598639690822]
[0.001006607632185963, -0.0008564015036432449]
[-0.0017375217414683508, 0.0012564935879489925]
[0.0005302179975130716, 0.0009182456050433746]
[-0.00010266182419682579, 0.000973539805058321]
[-0.0013175424745766051, 0.0001579423662017576]
[0.0017614435577306686, -0.00041220425151911044]
[0.0004301830867801115, -0.002154764551147381]
[-0.0036051111201877983, -0.0007508924879746637]
[0.0013255645186480702, 0.0008599080654653896]
[0.0007310049829718501, 0.003514134328683194]
[-0.0016579839440904465, -5.848097243520145e-05]
[-0.0003487279879563765, -0.0015197788051861671]
[-0.00028148720339360445, -0.001983200635588364]
[-0.0021015960762875707, 0.0003177059504588797]
[0.0012904628906371673, -0.0001340671274899577]
[-0.0018532573807477082, 0.0016161137777224166]
[-0.001613276858324797, 0.001025099350042441]
[0.0009868731062263603, -0.0007559175586480116]
[-0.000929910875878015, -0.002070063671561744]
[-0.0031948417872076362, -0.0007731417556493536]
[0.001153432654226405, 9.992055170141359e-06]
[0.0002493138005219553, 0.0005836064401246732]
[-0.0007621420697980774, 0.0010796698903159001]
[-0.0010798187060743203, -0.0003806002855893942]
[-0.0013988732307290697, -0.0010831668778210173]
[0.0005405379528886645, -0.0007995676750548464]
[0.0014663689272631508, -0.0008989017584400578]
[-0.0017762096942113281, 0.00040401423148672677]
[-0.0002483658118002108, 0.00128882818392137]
[0.0011096695056314054, 0.00039593061285725373]
[-0.0010844545595904975, -0.0010114319478466208]
[-0.000964356285462209, 0.000214927558878919]
[0.0006601685129510315, -0.0013221372890013933]
[-0.00022222489115786281, 0.0001359678577202983]
[0.0006209311265634732, 0.0006059948167437407]
[-0.0011567888573031926, 0.0014454587407669583]
[-0.001685631867683668, -0.0004823365660631268]
[-0.00012642467080148378, -0.0004115234650219346]
[0.00037997904447961695, -0.0016406089537873425]
[-0.0016153437503745316, 0.0011229819845047229]
[0.00023583636753610193, 0.000299561936536491]
[-0.0005026164957986357, -0.0009187116926712147]
[-0.0011349507740805453, 6.97171111060102e-05]
[-0.0017367200063738153, 0.0011999293063845173]
[-0.0005842496055481483, -0.001389733584199332]
[0.00044578927324456785, -0.0011023814666978327]
[0.0006969873839288709, 0.0001721107252288523]
[-0.0015562281052152738, -0.00015999319554244051]
[-0.0009820113071992154, 0.00018271137721570518]
[-0.0004454733737118133, -2.9500019408768008e-05]
[-0.0003364965915784168, -0.0006687518428026562]
[0.0006936052094768108, 0.0005314323587643499]
[0.0002566251201909786, -0.0006156867795606147]
[-0.0008108750012576493, -0.0015834508431612493]
[5.881320834255632e-05, 0.00039146927915001406]
[-0.0005692222403339553, 0.002106861356959311]
[-0.0007665346783640725, -0.000730103765930884]
[0.0005532039352826867, -0.0003881391344573992]
[0.00020616883853907808, -0.0007557249930171539]
[-0.0005030474312961442, 0.0004910842668588988]
[0.00013648769865381993, -0.0003429274530374893]
[-0.0017003905102539463, 0.00012828367573786137]
[-0.0007494900467066579, -4.6292889233690016e-05]
[0.0003064780475141582, 0.0019031470044168497]
[-0.00038510525493196113, -0.001298557116856891]
[-0.0007663213968240878, -0.0016404260437964668]
[9.150190385387447e-05, -8.517598006727023e-05]
[-0.0017590002178675679, 0.0007888847206435623]
[-0.0005578285872354094, -0.0002447731413494081]
[-0.0004889284533340366, 0.0005791403006985829]
[-0.0008015177656504058, -0.0003472770824781146]
[0.0008426876518545789, -0.0009575233708190578]
[0.00010110045635847165, -0.0008679579671710402]
[-0.002565126018097663, -0.0007982720891915318]
[-0.00011514154142155952, 0.00044459916489658635]
[0.0010378079545620977, 0.001721607056607316]
[-0.000744898518691528, -0.0003681618141237464]
[0.00010222324375730452, -0.0014047769439916868]
[-0.0001984225058617728, -0.0008868745651141596]
[-0.0006415510454329532, 0.00014890482355428558]
[0.0007080444807618935, -4.9822947183586486e-05]
[-0.0007865017858661449, 0.0013056477047610204]
[-0.0011700303516888333, 0.00014300717844473176]
[0.0014285159352855903, 0.00014865264441663029]
[-3.102775627561449e-05, -0.0015037246146993866]
[-0.0019219194795565553, -0.00038858018951254403]
[0.0003043696466005219, -9.346648240471378e-05]
[-0.00037684152118577785, 0.001401131620261703]
[-0.0006160444323399794, 1.8388037070493635e-05]
[-0.0002624061655571719, 0.0004751323825987752]
[-0.0010188089873990336, -0.0011100716333742877]
[-0.0003939167382245312, -0.0011175963895070085]
[0.0006270849830043446, -0.0006292574574913723]
[-0.0021950282037017654, 0.001044698983231146]
[-0.0007681629076543572, 0.0004451464042560249]
[0.0012230967602151477, 9.38647017967309e-06]
[-0.0009407876958045236, -0.0006766399417182933]
[-0.0011747274365687677, -0.0009156303870954258]
[8.145501686063206e-05, -0.0010024717817129214]
[-0.0004808694186009266, 0.00010891206810506593]
[0.0002909188631695647, 0.0007973277476716056]
[9.911330885259417e-05, 0.000852358522372032]
[-0.0015955503119149395, -0.0005244000383766712]
[0.0004884749636602237, -0.0010594698967524852]
[0.0006297267988927269, -0.0011124979662577306]
[-0.0011508725391093932, 0.0009407756773061049]
[0.00010361099118627592, 0.00038288417387460916]
[0.0004690895640160342, 0.0003213421133123791]
[-0.0010004782666911405, -0.0001632717271672357]
[-0.0003126717986361438, 0.0006560908504425894]
[-0.000174382424874997, -0.0015495145145653089]
[-0.0006009649534046702, -0.00037133377756408056]
[0.0005103830236365958, 0.0002539650040881969]
[-0.0008216084455578976, 0.0013971702054697988]
[-0.0011896759339709018, -0.0003057764469475699]
[-5.094765769153575e-05, -0.0005042605504556041]
[-0.0004890372400292442, -0.000922656113500897]
[-0.000902692544256567, 0.00042115063809452374]
[0.00021769362846135731, -0.0006220579086992362]
[-0.000645838150210909, -0.000378134702262542]
[-0.000693536698782693, 0.0006938090184250845]
[-0.00013475372715865408, 0.0006017992632213892]
[-0.0010559672947475507, -0.001203130870713387]
[-0.00034854138110773647, -0.0008364384571551906]
[0.0004879129894884704, -0.00022106960735790437]
[-0.00012023223742818612, 0.0005542909302492655]
[-0.0004585040901291526, 0.00029015154213629657]
[-0.00037751359437832033, -0.0003330375508226388]
[-0.0009432115955828602, -0.00045949892286895055]
[0.00039957174253824057, 0.0008528042249816847]
[0.0004526014709951287, -0.0009390508764679506]
[-0.0004232374780509529, -0.0004969550455686811]
[-0.00030669074042655176, 0.0005101323491930598]
[-0.00022845143758298825, 0.000994139867762353]
[-0.0006064567123510445, -0.0008637399064821416]
[-0.00044443359500589974, 0.00031596794234715897]
[-0.0002432198565419652, -0.0005166379081754657]
[0.00023268259537412295, 0.0003168012640111101]
[5.1854316919786037e-05, -0.0004914070340237275]
[-0.0015287493226325832, -0.00010709451021888305]
[-0.0008959142673010678, 1.2497814022072173e-05]
[0.0001663317893418892, 0.0010480691981048923]
[-0.0004042079403622223, -0.0009647905851601357]
[-0.0005172428763524639, -0.000605174810140871]
[-0.00030761421390157473, -0.00015959925561592758]
[-0.0004905347383172831, -9.906296932835068e-05]
[-0.0003609868479256262, -5.8910001436207615e-05]
[-0.000863373815475299, 0.0005530427038769603]
[-0.0009650629578601411, -0.00037447825797565226]
[0.0010494692663861604, -0.00018425287478246455]
[0.00023321683484578415, -0.0004462046134688924]
[-0.001192488704778616, -0.0005033746918956528]
[-0.0006091251059880953, 0.00010870375188692938]
[0.00014786273136313532, 0.0008603781976216363]
[-0.000147840711643199, -0.00034037519172119834]
[0.00017546626661391063, 0.0003761238477292539]
[-0.000602579159364125, -0.00047518867718654434]
[6.962293176926426e-05, -0.0005743722789913475]
[0.0003040783297640903, -0.0004038821287459249]
[-0.001390926532979453, 0.00117305736163123]
[-0.0007115469813316899, -8.619503695295183e-05]
[0.001001522777113295, 0.0005031549557301673]
[-0.00042775762462154976, -0.0006489006286922172]
[-0.0009107236965134602, -0.0003712761463314229]
[-0.0002587429154228271, -0.0007424445673380742]
[-0.000887398007660356, 0.0004003042407033641]
[-0.00018089079832617205, 0.00030754194290871784]
[-4.349227982192172e-05, 0.0010558794454893494]
[-0.0012984301096894413, -0.0007251172888300128]
[0.00010547592509124737, -0.0012336334509366331]
[0.00021646207849290722, -0.0004558752439454139]
[-0.0015019022224667111, 0.0006778622832516734]
[-0.0005419739764173093, 0.00010798693629260336]
[0.0005806539960100388, 0.00023698068060543087]
[-0.0007094089813572957, 1.8292321487090035e-05]
[-3.219988801272944e-05, -0.00019316948951170199]
[-0.00039209129935435794, -0.0009416235637500492]
[-0.0006485133129757736, -0.00039943090753877253]
[0.00033979771177605755, 0.00038404969372374254]
[-3.828528292360023e-05, 0.0013599859693298189]
[-0.00097112209614858, -0.0001941501019259162]
[0.0005273565978792805, -0.0005946444165549625]
[-0.00027980596689602955, -0.0007054680777621725]
[-0.0008053346928281746, 0.00046861109396384437]
[0.000302116677582176, -0.0004871205865972783]
[-0.00035636285929285805, 0.0005724622814941849]
[-0.0007850762920266208, 0.0005314581830691001]
[0.00037559115927199294, 0.0006075670525744481]
[-0.0007976660289661375, -0.0014310199639303578]
[-0.000964899790140028, -0.000645220057058693]
[0.00033830961643344093, -6.950883829626164e-07]
[-0.00043517822003835693, 0.001262734107970176]
[-0.0008410686622672969, 4.615554881526318e-05]
[-5.4488781404682385e-05, -0.00043141967516913127]
[-0.0009843168264006552, -0.0004873167541251666]
[-0.00042522897446628516, 0.00017224997155612654]
[0.00024031434616234026, -0.0006875443307532425]
[-0.0006368498933243538, -2.822288885279134e-05]
[-0.0006033928060371618, 0.0007767494059457425]
[0.00031120751961477566, 0.0003962333648647731]
[-0.0007962518970615617, -0.0007262726767413019]
[-0.0004962531746991461, -0.000336984362760695]
[-5.6990112758115163e-05, -0.00029236355004569337]
[0.0001797414142749032, 0.0004486484092898202]
[9.586532187083607e-05, 7.450919688434254e-05]
[-0.0005174746265380614, 9.178376465307503e-05]
[-0.001110137630148611, -1.735240393718751e-05]
[0.0004149582719242817, 0.0005219043040068927]
[0.00016790207855021944, -0.001070257465125457]
[-0.0006758833007430853, 2.0622194627506474e-05]
[-0.0002444342250941256, 0.0003276867299183417]
[6.904908479654637e-05, 0.000578857231265717]
[-0.0006629102065094927, -0.0003868672984812527]
[-0.0006924366852900654, 0.00028180909465336246]
[-0.0006463339108963573, -0.0006438637683908177]
[0.00014523231803820202, 0.0002709856574593661]
[0.00017370180493575527, -0.00015152950912761254]
[-0.0008902158450594388, 3.8271041925275195e-05]
[-0.0011345720122696856, 7.386846826851201e-05]
[-0.00011827100670669388, 0.00027818735314844023]
[-0.00022326587286158883, -0.0005592588657276631]
[-0.0003730380074231654, 0.0002792563103319323]
[-0.0005193679477101809, -6.622290160918087e-05]
[8.072148614690633e-05, -0.0005295820924185457]
[-0.00015641374384472995, 7.555873500669774e-05]
[-0.0009908822175453968, 0.0006136633556469984]
[-0.0008585038137922663, -0.0002572782511678917]
[0.0008442597601310275, 0.00012366475303843272]
[0.00013043106811849725, -0.00023821340377100375]
[-0.0005858152997936239, -0.00020410482379062955]
[-0.0005377469993920192, -0.0001275737422905543]
[-0.00026692692381158345, 0.0004070852771898559]
[-0.00017259601843355732, -7.043435482217975e-05]
[9.599970360951726e-05, 0.0008456729270723828]
[-0.0006715235570199374, -0.0005734863029694393]
[6.170965678664597e-05, -0.0005443578324064724]
[6.156104475280033e-05, -0.00010532718276951014]
[-0.0010314997542361648, 0.0008451825710565353]
[-0.0007431814746299281, -0.00028953070804826897]
[0.000197635859599532, 0.00036645462328716016]
[-0.00039619430754611606, -0.000111164356890181]
[-0.00021339828662775284, 0.00012712374732809506]
[-0.0005640568917628097, -0.0006114270662314625]
[-0.0008457777417818502, -0.00035485678998870007]
[-0.00013234158759378722, 0.00032281775105114097]
[-0.00029081050397633534, 0.0011839402173586255]
[-0.0009292919867981975, -0.0003267989018699846]
[0.000376527757206091, -0.0007740065823128028]
[-0.00021880530902784745, -0.0001439473832683391]
[-0.0009406966907419823, 0.00014399226434663737]
[-0.0001828049546835353, -0.0002090450435433544]
[-0.00011859759369986511, 0.0004898360985000627]
[-0.0005774517108189658, 0.0004482353113595128]
[0.0005819423571009064, 0.00013458483336936666]
[-0.000498795140259245, -0.0008886641257795369]
[-0.0008115990951744201, -0.0005172645411558041]
[0.00017321826109639726, 0.00023469754771138218]
[-4.0754487109051496e-05, 0.001277353150569982]
[-0.0006224979482202242, -0.00012990574586857484]
[0.0001854465705670716, -0.00023531515117880542]
[-0.0006514429509579811, -0.00031987777259712136]
[-0.0003732233737074875, 0.0002939827760233271]
[0.00014692448507933054, -0.0006142052642334472]
[-0.0007479430680478183, 0.00037846883566666767]
[-0.0006538595496331234, 0.0005964971346781867]
[0.00032681443821669376, 0.0006476901965763449]
[-0.0007409005716080552, -0.0007962941531564627]
[-0.0006847205860640582, -0.0005020565216202755]
[-0.00016588876330975166, -8.377706077350444e-05]
[-0.00044594495902439135, 0.0005965029790076515]
[-0.00022470049568390493, 0.00010888747581189184]
[-0.0002389300854390708, 0.00015350893200072324]
[-0.0010997736402684477, 6.450007760794296e-05]
[0.00014308043487032407, -0.000205525259687811]
[0.00012469003826928726, -0.0007196423235402705]
[-0.0009176706662855638, 0.00010698854511015377]
[-0.0003330556604815016, 0.0006030497855643024]
[0.0005113450415105136, 0.00044274158760659876]
[-0.0006030178063826108, -0.00023276966821222933]
[-0.00044598424994779506, -0.00018242219510050672]
[-0.0004347249674444831, -0.00043715560843787804]
[5.48674852687836e-05, 0.00034998823451787286]
[0.0003345672143129086, 5.832050011117529e-05]
[-0.0004280759156630731, 0.0003612142953877129]
[-0.001110070422932402, 0.00014485138667452713]
[0.00017525351098363062, 0.0002319086366944223]
[-3.6276115698619105e-05, -0.0007328160172533349]
[-0.0006051835822860063, 0.00033617001431962557]
[-0.00034082809561938876, 9.725103082464104e-05]
[-6.468404053522336e-05, 0.00014831338257415005]
[-0.00039391884527081866, 6.276640118763055e-05]
[-0.0006475795469857437, 0.00048574033860049326]
[-0.0008786243475270017, -0.0004341876548178969]
[8.163496772323198e-05, -9.36194057330475e-05]
[0.00020130565320505833, -7.666288166197077e-05]
[-0.0007407845566353433, 0.00023436797082698746]
[-0.0008216776306321227, 0.0001769273198692356]
[-3.6174401402244705e-05, -1.3457071713129931e-05]
[-0.0003328618370480041, -0.00012799085056097725]
[-0.00033201831955237404, 0.00033714910906607054]
[-0.00042759784385473787, -0.0003167009693212375]
[6.021697545274818e-05, -0.0003357302326528755]
[9.524850016220943e-06, 0.0003833139906360139]
[-0.0005331079409772177, 0.00047686554235149003]
[-0.0008757885810921212, -0.00028421545495838085]
[0.00020314160518800084, 0.00011120384717028253]
[9.944063108809076e-05, -9.904162422058604e-05]
[-0.00012086932275981455, 0.00027281798436323834]
[-0.000464120217214703, -0.0001247757596542498]
[-0.00045181900671148467, -6.195609953851822e-05]
[-0.0002861038308601682, 0.00012467009964439724]
[-0.00014514602474302585, 0.0009917108621802506]
[-0.0005473824138467059, -0.0004921468023327824]
[2.2925747314023193e-05, -0.00039842412652113524]
[-0.00012525542216909602, 0.00014852730902475964]
[-0.0007680708593807151, 0.00047105641420053246]
[-0.0005421758526611975, -0.00027254081563743426]
[-0.00026447817432223575, 0.00027396947215663214]
[-0.0004402376231522759, 0.00020559314647716764]
[6.906574108644925e-05, 0.00019867261458716978]
[-0.00042224744914531875, -0.0005154804637153565]
[-0.0007383851920299, -0.0004501929586480935]
[-0.00019035423502213045, 0.0004490779125542743]
[-0.00020279400670128456, 0.0007985256684399367]
[-0.0006269240404502413, -0.0002633596991595266]
[8.595015017412444e-05, -0.0003094863597520314]
[-0.0002980602005440425, 8.753633857910836e-05]
[-0.0002388490821731426, 2.7400387255294145e-05]
[-0.00012365914922689292, -0.00021959845337427009]
[-0.0005703985756843888, 0.0002688145791354679]
[-0.000494076004953041, 0.0004055235292864112]
[0.0005259045307352272, 0.0005189626184376461]
[-0.00032212306896296783, -0.0005154239871082988]
[-0.0005220691813636325, -0.00043179619232761035]
[-0.00021620143396761105, 0.00014891910714881496]
[-0.00032156404219027546, 0.000754083874693362]
[-0.0001784692352511108, -0.00012374990238964156]
[-0.00011637012163642768, 0.0002902007936819162]
[-0.0007802886778830453, 9.196276350570409e-05]
[-5.513487154856778e-06, -7.099888318792824e-05]
[3.1970324357241675e-05, -0.000585620330357195]
[-0.0010212463312586767, 0.00023875403744788581]
[-0.0004452256648175279, 0.0005151659812640819]
[0.0002742516641267151, 0.0005171992799043457]
[-0.0005566037387686185, -0.00028321042648982164]
[-0.00047848781667776674, -0.0003292997247031082]
[-0.000418255246080617, -0.00014587002867402776]
[-0.00032878682637582646, 0.00012075737049729862]
[9.126624158316277e-05, 0.00015954400106307776]
[-0.0003800060070144329, 0.00038205757270143303]
[-0.0009581866648449011, 0.00022505599634023432]
[0.0003426123294413136, -0.00019128858164244034]
[3.7464519136023305e-05, -0.0004169671952370668]
[-0.0007405052226499703, 7.821915276146063e-05]
[-0.0003127248378539428, 0.0002660027077122096]
[0.00015709903113209078, 0.00034978469168223114]
[-0.0002135970662611314, 0.0001340619747892402]
[-0.00020769178244299524, 0.00021585394022949345]
[-0.0007112100109914806, -0.0002936315282645874]
[-8.758280863077617e-05, -8.965028177118639e-05]
[0.0003703988192820633, -8.067368593980828e-05]
[-0.0005891278909742337, 0.0006018183425521295]
[-0.0007424801549440439, 0.00028205029747915833]
[0.00017211691884755353, 5.462095396302491e-05]
[-0.0003139197443786188, -0.00030522086800469084]
[-0.0005769866034331106, 0.00021129848098838666]
[-0.00025107355924703246, -0.00024293836559974302]
[-0.00026023225010401996, 4.0728150267621555e-05]
[-0.0001450097524581485, 0.00046908503013015634]
[-0.0003423582028856814, 0.0004225806701750878]
[-0.0009435876116751308, -0.0003420867016143969]
[-0.00012906910669907568, -0.00029779572518745523]
[0.00020616102302449058, 6.819626677645463e-06]
[-0.0004497348632095735, 0.000348378749801842]
[-0.0005422176389787853, 0.0001805392927815841]
[-0.00010268081780261812, -0.0001591206572282844]
[-0.00034215879357131864, 0.00017970167829936545]
[-0.00019041579202867115, 0.00037842122691032765]
[-0.00035757472827947464, -0.0003749032231874505]
[-0.00010069643083517738, -0.0002496225159093757]
[9.282795783106942e-05, 0.00043469904983844954]
[-0.00029064409875228375, 0.00045593842618461833]
[-0.0006358468496882696, -0.00013063216639981612]
[-0.00011581511313122489, 3.209963878206268e-05]
[-0.00012876801266813176, -1.722876946781693e-05]
[-7.259041332907668e-05, 0.00034699132089194284]
[-0.0001368007453384102, -0.0002100432910102784]
[-0.0004883380931302098, -9.953138749045631e-05]
[-0.00038598478800671004, 0.0004142830849613449]
[-0.00015060596676004512, 0.0006270685938385007]
[-0.00045182920874678803, -0.0005467922648332985]
[-0.00026905437423861006, -0.00018760798323093353]
[-8.300573527856084e-05, 0.0003040597045076837]
[-0.00029253886066040596, 0.0002432242683636926]
[-0.0004520577233955922, -0.0001310901413200255]
[-0.0005421101359317226, 1.9660697236065228e-05]
[-0.0004229367551387246, 0.0002142669572983008]
[0.00012363357581226392, 0.0003201080355554331]
[-0.00018939390949390244, -0.0002571967438378814]
[-0.0004572678439809068, -0.0003919342239439849]
[-0.0003241278001634507, 0.00041857448816147447]
[-0.00023828592264836523, 0.00038260160745517274]
[-0.0002476380478193237, -0.00015758988389663608]
[-0.00012131801426066603, 0.00011644583645590428]
[-0.00038202170186236745, 0.00021737069404272058]
[0.00011716002387357483, -0.00011581473205372894]
[3.7119132515159824e-05, -0.00020289877230959819]
[-0.0007637162258439054, 0.0001765525160015574]
[-0.00043514950208550177, 0.0003709826161955518]
[0.000346092555424532, 0.0004953877371499729]
[-0.0001509435624122207, -0.0003217555931310928]
[-0.000385210762095323, -0.00021680991474784875]
[-0.00032804312654274165, 0.00012268234547824566]
[-0.0003168687812079851, 0.00025527351348780813]
[-3.96162740351853e-05, -7.294316996156458e-05]
[-0.0003884301595122753, 0.0004242638929100248]
[-0.0006551668452614524, 0.0001485377707307195]
[0.00016873354454425117, -0.00012094946530780831]
[-3.3647274410316015e-05, -0.0002630587712519651]
[-0.000831773198630949, 1.8838049751874683e-05]
[-0.00041268495660552957, 0.00024243240085656398]
[-4.302623665838087e-05, 0.0003124284498627018]
[-0.00019293010165002608, 0.00010754105497999891]
[-0.00016359715620216885, 2.59221518342979e-05]
[-0.0006089192274913065, -7.176501645726893e-05]
[-0.00023633772341467374, -0.0003479394663621939]
[0.00027894849273939995, 8.315542920204425e-05]
[-0.0005398961276305097, 0.0005526692080505581]
[-0.0006412949741932375, 0.00033018100903756814]
[0.0004287901628059047, -0.00013322061445571534]
[-8.411111680230697e-05, -0.00017010753826339833]
[-0.0005729354130048162, -2.783245600467346e-05]
[-0.00017240012543666937, -3.5079058233945803e-05]
[-0.00015482550644164202, 0.00026170378222720864]
[-1.8197423012116833e-05, 0.00035803869881597533]
[-3.028449939712543e-05, 0.0003522509379070768]
[-0.0007005557083462465, -0.0002674496589284252]
[-0.00021145855288454227, -0.00030090132563614924]
[0.00026541328863465517, -4.014042896599568e-05]
[-0.0005169782341546605, 0.0005422328353970052]
[-0.00046016506550544505, 0.00016920960697723586]
[-1.4183172859133335e-05, -2.201196419101409e-05]
[-0.0003428532161499215, 8.887533061580771e-05]
[-0.00030968706163402374, 0.00015823891411131247]
[-0.0002983342061095816, -0.00036265355422125667]
[-0.00042413375521885115, -0.00016654154656627063]
[6.760797888424527e-05, 0.0005239847672574918]
[-0.0001925296532705803, 0.00046220942940809057]
[-0.0007380175006900212, -8.097686218204447e-05]
[-0.00010742708849102549, -0.00037566706393483973]
[1.9212145348890264e-05, 1.0246794214303911e-05]
[-0.0003646652269263008, 0.0002299868808371408]
[-0.00010345252061162713, 8.057486234613886e-05]
[-0.0001631747631015588, -2.4737650818992818e-05]
[-0.00035988567186034937, 0.00043767782375382647]
[6.972274263555497e-06, 0.00017785715311402495]
[-0.00025256483284916836, -0.00048308288867453253]
[-0.00036014401835453725, -0.0001292023574103046]
[0.00015126192516580483, 0.00041073201411472027]
[-2.0040031985295303e-05, 0.00038184376315718305]
[-0.00043137104327017894, -5.492365029843849e-05]
[-0.00033844949355266727, -7.914749911175356e-05]
[-0.0002585903835039677, 1.6585029171622967e-05]
[-4.0558392727215765e-05, 0.00034537925173284967]
[2.327628287682182e-05, -0.000214040515255573]
[-0.0004363219254073917, -0.00012689122618730897]
[-0.0003780463186309202, 0.00046488711222386625]
[-0.0001715733474561723, 0.00033382055630903906]
[-0.0003182224590717736, -0.00036084155952048613]
[-0.00033227930255282556, -4.148185795121995e-05]
[-0.00014716495536993418, 0.00025330496030936955]
[-0.00010435369612241103, 1.3644392506229064e-05]
[-0.00014829558016289657, 1.7039405554641895e-05]
[-0.0005528999476156525, 1.5641852054743e-05]
[-0.0004640770905203345, 0.00025907423022882015]
[0.0001276925466188977, 0.00014425378267039768]
[3.6191903493444644e-05, -0.00020810096861921534]
[-0.0003705348220025438, -0.0001664755161045195]
[-0.00026329906317652113, 0.00039299601901802983]
[-7.807735166116131e-05, 6.504542580815231e-05]
[-9.564004311609503e-05, -8.873519599028601e-05]
[-0.00032889903596103505, 0.00022240824277866555]
[-0.0003134420498119572, 0.00012103325109898144]
[0.00024315668367903658, -4.827281983069143e-05]
[0.00011027090258158845, -6.624769032520517e-05]
[-0.0006185837892237703, 2.309813682010997e-05]
[-0.0004187993569201992, 0.00019051113207987913]
[1.051799456195518e-05, 0.00035358368693122477]
[2.5733075767336855e-06, -0.00011422665728577641]
[-0.0001615314184023036, 4.905767059293353e-05]
[-0.00040516087083157515, 7.002018598142867e-05]
[-0.00031204186351037333, -0.0001843562641519192]
[7.759452757120922e-05, 1.0909065496195192e-05]
[-0.0004986730250913958, 0.0004994534494986436]
[-0.0005196051675394608, 0.00016386173828847328]
[0.00022062391499293177, -0.00019219834941763825]
[-1.711161557539642e-05, -5.641767492409189e-05]
[-0.0006169630516060891, -6.499767861356531e-05]
[-0.00028688383954629526, 9.500271411033712e-05]
[-0.00017767872988263753, 0.00010242155667475328]
[-2.0777664772458904e-05, 0.0002652370448125996]
[-4.261652610941524e-05, 0.00017398786121425314]
[-0.000488982202612051, -9.300375803697469e-05]
[-0.00012943098996716015, -0.00043210380652747293]
[0.00025828858781241915, 0.00011488381275487347]
[-0.0004552110789482443, 0.0004014990581904243]
[-0.0003793104704035988, 0.0001562115428326849]
[0.00019484510412938125, -3.240535558529656e-06]
[-7.811098004661954e-05, 6.450417900269456e-05]
[-0.00019320411958682893, -9.036648421861804e-06]
[-0.00019034305654958006, -0.00020790363903186448]
[-0.00041770685161782173, 4.967018182006067e-06]
[0.0001015740952075711, 0.000352363872775846]
[1.6707842537197481e-06, 0.0005141582821377721]
[-0.0005477939900714324, -0.00012692467357278137]
[-0.0001492439633704601, -0.00040412770274708687]
[6.14334690036411e-05, -1.4944279775219727e-05]
[-0.0004985906999119896, 0.00032757353493462205]
[-0.00014074422871233894, 5.365688479233577e-05]
[-0.00012989179697375092, 3.652745415216874e-05]
[-0.0003307130275850001, 0.0003414417978196138]
[-7.558292764152374e-05, 3.886801632879688e-06]
[-0.00022999242454213586, -0.0004029790871586114]
[-0.0004916511555445452, -0.00021373952764142112]
[0.00014559153010992865, 0.0004625596142469601]
[-4.2040616469715686e-05, 0.000333413555249934]
[-0.00044602141797367434, 6.842827974473664e-06]
[-0.00014467405699836872, -0.00028025966941483405]
[-0.00010490749546690492, 4.515408574587432e-05]
[-0.0001393382749569974, 9.226165204476167e-05]
[9.046602313150798e-05, -5.892217510602982e-05]
[-0.00029256135228439284, 1.1967408454438555e-05]
[-0.00026119438244115445, 0.00044632799551955205]
[0.00012856536696573273, 0.00017019174280777372]
[-0.0001923595435255887, -0.00035466315578094876]
[-0.00036594964448161127, -0.0001306774433794955]
[4.547085368816761e-05, 0.0002095368912963247]
[-6.02310428050451e-05, 0.00025975231737582205]
[-0.00010727755347927914, 3.4449501216837763e-05]
[-0.0003083293324347286, 1.2494732169854306e-05]
[-0.00041297594322944886, 0.00010934979005419732]
[-4.317392926374286e-05, 8.087008205620583e-05]
[0.00013396473575702506, -0.0002799464119739026]
[-0.00044902623903145256, -5.099038071748607e-06]
[-0.00024355694909905523, 0.00045911378981575157]
[-4.199123988583853e-05, 6.457961560013548e-05]
[-0.00024133718532781678, -0.00017895935183717682]
[-0.00037675980723719804, -8.155697203915402e-06]
[-0.00014068984005338736, 9.070590024290448e-05]
[2.3918192915278746e-05, -7.587931272651227e-05]
[6.931618246208693e-05, 0.0001193290215013576]
[-0.0004246144616519426, -9.40122907652774e-06]
[-0.00043629707859632605, 0.0001876693959384501]
[7.371721689215793e-05, 3.881537949185221e-05]
[0.0001298131730435026, -0.00013362094395155677]
[-0.00021795205560819209, -8.376580124869193e-06]
[-0.00021050336222777632, 0.00022400480809642298]
[-6.745108297094571e-05, -9.94966357753535e-05]
[3.657637133236413e-05, 3.25646549055314e-05]
[-0.0003040378839198332, 0.0002893332295421658]
[-0.00033444087613865303, 2.1203539165209895e-05]
[0.00015429267317501605, -9.829031652425213e-05]
[0.0001895839521404985, -3.333721569911963e-05]
[-0.0004448345655338609, 6.492683483699802e-05]
[-0.000325899795188489, 0.00014520159446762548]
[-0.0001229061558904454, 0.00010106857843183992]
[-1.3680667250492995e-05, -2.4733583933095327e-05]
[-0.00013960110547588112, 0.00016424673844489535]
[-0.0002568759053265257, -3.585101107303479e-05]
[-0.00019730511951354668, -0.0003052858494454469]
[6.986774736411627e-05, 0.00016033874126511471]
[-0.0004190610415268081, 0.0003012679810183161]
[-0.0003815441145485765, 1.7311558519472747e-06]
[7.815955723328161e-05, -0.00012638754791671758]
[5.5398624206087765e-05, 0.00010527825495693088]
[-0.00023239874049874043, -6.969421369884543e-05]
[-0.0002411943341717182, -2.14514015349776e-05]
[-0.0002980220496379693, -0.00010479914611594143]
[7.408618571116965e-05, 0.0002570355188494522]
[3.0618602351401014e-05, 0.0003155002194538681]
[-0.00033692931893028466, -7.610658392998015e-05]
[-3.861067336863311e-05, -0.000400868910697183]
[0.00015390925776237463, 9.52599078065941e-05]
[-0.00035216932874079787, 0.00024359895281089727]
[-0.00015127564288963669, 3.619309284053074e-05]
[-1.1173972873645965e-05, 8.111332494603607e-05]
[-0.00011348044748454855, 0.00016179421797532512]
[1.6730243709600634e-05, 5.152782682760204e-06]
[-0.00010219886031082037, -0.0002691510568413047]
[-0.00046443193458284293, -0.00012538803888884065]
[6.1502731072971e-05, 0.00030847422098365107]
[-3.0008408654302876e-05, 0.00040287319175852376]
[-0.00031590758976696165, -0.00012451262837526178]
[-0.00013158641609342658, -0.0002731367520554806]
[-5.915922607868662e-05, 7.663536517418801e-05]
[-0.00026650143047127206, 5.666664668169119e-05]
[-2.823406997731759e-05, -8.514330840872497e-05]
[-0.000304766558345132, 3.251334729359456e-05]
[-0.0001969244900072442, 0.0003592527933522771]
[0.00013149262520534277, 3.8371389820712754e-05]
[-0.00019242158647875263, -0.0002574185904194448]
[-0.0003724780481027812, -0.00028323607721425503]
[7.575763961747972e-05, 0.0002271663758410536]
[-8.159326076037643e-05, 0.0002165795985639707]
[-0.00010089039798044652, 8.53007480764445e-05]
[-6.915884007138717e-05, -5.734449742950121e-05]
[-0.0002679696218383931, 8.643334684169113e-05]
[-6.678876378035659e-06, -0.00010798176376680679]
[0.00020848524349076358, -0.0001973834420287146]
[-0.0003904573566929914, 0.0001039845014890739]
[-0.00015581158193694877, 0.0003958608666087271]
[0.0001897594865366281, 0.00011801383015075384]
[-0.0001460940486173179, -0.00023350962699117406]
[-0.00032252655635964245, -0.00010815719329859697]
[-3.30284554134197e-05, 3.3994827406208517e-05]
[-8.601688738055224e-05, 0.00010005184291328462]
[7.344539491249691e-05, 5.1236027575368714e-05]
[-0.0002637527874947143, 8.451720609914393e-05]
[-0.00040235230569890534, 0.00011956850729821777]
[6.7014684390909185e-06, -7.48278055320295e-05]
[9.360432668481522e-05, -0.00022945116034303603]
[-0.0003670721498336693, 4.870444793581008e-06]
[-0.0001312566514731217, 0.0002508863641813297]
[-3.6262666495284757e-05, -3.1755248680598314e-05]
[-0.00010957668728062142, 5.528683433153603e-05]
[-0.00020736357345121914, 4.2498823262293595e-05]
[-0.0002502687698007211, -5.657230863156948e-05]
[-1.0859955628300666e-05, -0.00019461239457557733]
[0.00025872783480396233, 8.965188241996658e-05]
[-0.00028199948624951787, 0.00012272419163789072]
[-0.00035326278354691487, 0.00020579126251885071]
[8.269946548689067e-05, -9.2118571734634e-05]
[7.052260948009481e-05, -0.0001348472419264446]
[-0.00019513256767195175, 7.417730974068615e-05]
[-5.23938238521926e-05, 4.762963345769644e-05]
[-3.99707375241809e-05, -9.793314529610297e-05]
[3.968507349300099e-05, 0.00014963530402073433]
[-0.00020521708871992783, 0.00019256838012454702]
[-0.0002964355031946919, -0.0001323965269418026]
[-1.3620095004801547e-05, -7.991015374808619e-05]
[0.00018998045133572505, 1.1679134371639366e-05]
[-0.00019459074893063422, 8.081758265088279e-05]
[-0.00024166670577346894, 4.517839150564029e-05]
[-0.0002219651204780071, -8.084292845739194e-05]
[-4.396709137205468e-05, 5.460415493357962e-05]
[-6.738828003804986e-05, 0.0002185014581077005]
[-0.00018091590313196182, -0.00012957886324130308]
[-0.00013030456542656443, -0.0003173276149808779]
[7.816140246147407e-05, 0.00020836148178565717]
[-0.0002705876273340069, 0.00017318937842958348]
[-0.0002770701432071587, -3.5454335464313314e-05]
[-2.5864926018193124e-05, -8.925593410846755e-05]
[4.0617937687337236e-05, 9.692068797390041e-05]
[-2.8951940397148324e-05, -2.7184751585696e-05]
[-8.328654063660679e-05, -4.8293574982261056e-05]
[-0.00026126672900406156, -0.00015314411769934422]
[3.583819622177131e-07, 0.00021787739927139893]
[2.0857395880258256e-05, 0.0002404387280767195]
[-0.0001332482599047946, -0.00015392272843517407]
[-4.2043843963113225e-05, -0.00018844182063049164]
[5.6126215323193396e-05, 0.00012844470127776342]
[-0.000125857181128064, 4.711207707908116e-05]
[-6.535931985057752e-05, -0.00010599215482116897]
[-0.00024484475233260694, 8.83524172844985e-05]
[-8.598587196506635e-05, 0.00015221478387958398]
[0.00016935238650234163, 9.790078068730446e-05]
[-8.822367705874079e-05, -0.0002204882918011436]
[-0.00036508565872622745, -0.0002365753022323669]
[-1.6347621193624207e-05, 0.00016327548501714195]
[-0.00012511954304872397, 0.0002733325873467418]
[-0.00012051848767952178, -6.145829014098103e-05]
[-4.723239798154477e-05, -8.115116601695171e-05]
[-0.0001787604102949092, 8.972577504999524e-05]
[-0.00010497494218419945, -0.0001603058304903704]
[6.728906568820303e-05, -0.0001294406928994546]
[-0.0003606931919508116, 7.853105999514054e-05]
[-0.00013947766881938772, 0.0002940910952261566]
[0.00020538194744929017, 2.4919064748829545e-05]
[-9.544444089953918e-05, -0.00015028387723146908]
[-0.00023822069257467549, -0.00020676399223776287]
[-9.383472130308768e-06, 7.507100329855187e-05]
[-7.311573951346295e-05, 4.975869422293999e-05]
[8.55485154098723e-05, 4.541115868068879e-05]
[-9.195952912788297e-05, 0.00011688362607087388]
[-0.00026756900260205274, 8.44418664227159e-05]
[0.00012810428699389087, -0.00015304502022719935]
[0.0001424486819137094, -0.00022071646703017422]
[-0.000376695639953295, 5.159710175114962e-05]
[-7.00498374271441e-05, 0.00018292099523491145]
[8.945714058866683e-05, 0.00014481179649572518]
[-9.077940821772268e-05, -4.321308237213717e-05]
[-0.0001144564106295709, -4.9484202154392865e-05]
[-0.00018086546130552383, -0.00011696442591577205]
[-0.0001827084450716776, -9.376623514981142e-05]
[0.00019640347457383633, 3.298959539882462e-05]
[-0.00019197690533206968, 0.00022911071138961847]
[-0.0003559169669249962, 0.00015133552826303298]
[7.085308597415407e-05, -0.00020212194543653417]
[1.1831147314123047e-05, -0.00018059859854555743]
[-0.0003097670201552827, 1.8670899520484285e-05]
[-1.7425419099603712e-05, 7.835823306512335e-05]
[-1.9580520351614172e-05, -4.773639333210955e-05]
[-4.0769184230959876e-05, 0.00018339025088626865]
[-7.382705791292299e-05, 4.4368378427667166e-05]
[-0.0002535733245757066, -0.0001529864332784417]
[-4.319723711110335e-05, -0.00019245952874769046]
[0.0002667321143411949, 4.27512393875798e-05]
[-0.00013758382101886069, 0.00014222317730719358]
[-0.00021458814052621733, 0.0001147897678026033]
[1.9956609537186143e-05, -8.417137211569337e-05]
[-2.18713776037327e-05, -6.31662673121966e-05]
[-6.654838097758242e-05, 8.977836824530794e-05]
[-2.226627663187708e-05, -0.00013915319056034825]
