[247.22790556617747, -655.2396870898468]
[-8.06374877898834, 16.224504741329866]
[-5.785222266543429, 14.614627237443216]
[-3.449821678631743, -1.8389355880246328]
[-3.6886000762408386, -0.9129776187798768]
[-0.6278774062559762, 1.6004750244903114]
[-0.03652540542247351, 0.8068140183356078]
[-0.8264246907308035, -0.47320915946301767]
[-0.8979822611992496, -0.06605047634874239]
[-0.4401659440547476, 0.5272435875878569]
[-0.06509093087325368, 0.2617337419554886]
[-0.2101983333805464, -0.24030370991822814]
[-0.38215351980421985, 0.029747765636219725]
[-0.25709480674441565, 0.30224306617126295]
[-0.024601705196431567, 0.006869204748462643]
[-0.11740650097355143, -0.15272990513411955]
[-0.21849919562176723, 0.08119181226687999]
[-0.17248853127505726, 0.1601565998807466]
[-0.01594595669243759, -0.030882958333055655]
[-0.04208073545629576, -0.0677888624546128]
[-0.14967284902966682, 0.06753698511933504]
[-0.14415798972126492, 0.0929951966223177]
[-0.01891274591987724, -0.04662240788901428]
[-0.015380400060344357, -0.04954061947112298]
[-0.09579676717361185, 0.0686917420315305]
[-0.10904638959751156, 0.0590535846323359]
[-0.021153206680812664, -0.044210444711438424]
[-0.006023402819351098, -0.02071447154643824]
[-0.0707682326655712, 0.05911132882140713]
[-0.0886406337302077, 0.026341089680175678]
[-0.019077852869952228, -0.03869747597369333]
[0.005413220742191527, -0.008695865726761731]
[-0.04549962227761295, 0.048207961006605515]
[-0.07297913178933335, 0.016497033254374016]
[-0.022234825694438243, -0.02994162656112387]
[0.004438571476011788, 0.0001436253148345834]
[-0.030967942054036968, 0.038201344530955694]
[-0.05517966337282054, 0.0039050856122662125]
[-0.022326883751256688, -0.025236540449624645]
[0.0041730082802002855, 0.009110427383764552]
[-0.019454711343563247, 0.028382949409151453]
[-0.047210538312349115, -0.0014217677455414801]
[-0.02428234569086385, -0.016532557863168318]
[0.0021811951685162256, 0.011327251471011657]
[-0.011673743562329086, 0.02006908813363184]
[-0.0351932047770796, -0.0047753077518897236]
[-0.025638453083714374, -0.011980324054206903]
[-0.0028721006392845583, 0.014073978653323493]
[-0.005471502363721514, 0.014535860650090493]
[-0.028195216855271737, -0.009049031884370895]
[-0.024987447879598446, -0.0058557134900464325]
[-0.003972349746374171, 0.014752024223365634]
[-0.0020409136134611205, 0.008978033812968356]
[-0.0208357464290696, -0.009305394556101909]
[-0.02457022830472466, -0.00220484989016434]
[-0.0075843247527620505, 0.013403312372767928]
[0.0015784840436015024, 0.0053171389618071885]
[-0.014121952081366906, -0.010407627109309092]
[-0.022545965860693684, 0.0006266576675582058]
[-0.008738080832348949, 0.014090101623080997]
[0.0017998887970156474, 0.0021378321901353026]
[-0.010026273747482328, -0.009628423925917673]
[-0.020438717191514577, 0.0025846120098047543]
[-0.01001936028043815, 0.011776913169848857]
[0.0024948448264980883, -0.0006262150742997741]
[-0.005950575521369572, -0.007857816242067273]
[-0.01821422979963483, 0.004032558955319621]
[-0.011688581871122539, 0.011146818773853706]
[0.0010679003316198532, -0.001717305243882583]
[-0.0036542170930810025, -0.0070208608387174465]
[-0.015279357987767472, 0.004832476867740798]
[-0.011577518281881999, 0.008826153285389271]
[-0.0001249072279692065, -0.0032091370408191544]
[-0.0022862763634543537, -0.004721778471765886]
[-0.012512034000095928, 0.006031870145755652]
[-0.012276313015669893, 0.006502627787384974]
[-0.001536632558267248, -0.003416873809693355]
[-0.00047048840305108364, -0.0034886395429944983]
[-0.00961658904377688, 0.005931837211162083]
[-0.011502517286518188, 0.004615607043199299]
[-0.0030737819356558838, -0.003973643804703997]
[-0.00036227474371752777, -0.0016855236572215215]
[-0.006679463190991886, 0.006394682892378878]
[-0.010717269093325932, 0.002282044592575694]
[-0.004276175140499827, -0.004183030642652685]
[0.0006508666225935045, 0.00030582958727221055]
[-0.00481086232259198, 0.005807240165592198]
[-0.010053531681919914, 0.0008698542021496891]
[-0.005408187556008137, -0.0040734944274366525]
[0.00027581654755959306, 0.0014304979576125199]
[-0.0026847054380203517, 0.005450317903567481]
[-0.008777923668255472, -0.00045727667648076675]
[-0.0064342971723783116, -0.00382561622832589]
[1.3183458891896649e-05, 0.0031175198502051416]
[-0.001779958971499962, 0.004928376382733468]
[-0.008099875258253824, -0.0017919525538485637]
[-0.006710761552973787, -0.0031949389341743295]
[-0.00037754646687288007, 0.0035203824855919996]
[-0.0006535632404547909, 0.004077796032229464]
[-0.0069070015481323965, -0.0022490310548405335]
[-0.007069007311110848, -0.0022463026535984865]
[-0.0011889494267460776, 0.004065384209449574]
[-0.00013192355410009127, 0.0033886642358402774]
[-0.005632198358987761, -0.0031418013437658487]
[-0.006663110529054328, -0.0015814426179145968]
[-0.0015161790346933657, 0.004172388945243188]
[0.00018082764707227916, 0.002256651440924795]
[-0.004646904263643226, -0.0029678903714041027]
[-0.006338325161593605, -0.00040122515447427176]
[-0.0022105076327281203, 0.003926966758108663]
[0.00029488367645802427, 0.0011879984696665513]
[-0.0031444998313094885, -0.002895124493871748]
[-0.005897616074271639, 0.00017917429908431703]
[-0.0028594296612269865, 0.00385116956747078]
[8.183878320844329e-05, 0.0002286784476695919]
[-0.002457202786823265, -0.0025145907046120186]
[-0.005236688934749711, 0.0012192494000795584]
[-0.0033305413874198386, 0.00329339583632704]
[-0.0002480741053534352, -0.0007407265526746531]
[-0.0013945114270016434, -0.0018626126826442047]
[-0.004839332012131381, 0.0018515254397675207]
[-0.004104377156060435, 0.002715304937178309]
[-0.0004684733712938538, -0.0012616496843211866]
[-0.0007876763449845836, -0.00156597813638229]
[-0.0040281627258694705, 0.0024502437772660757]
[-0.004259575092098733, 0.0021573947922426395]
[-0.0009582807188607129, -0.001753429465311318]
[-0.00024664624430581483, -0.0008898614571610786]
[-0.0034478840947894107, 0.002838507217846953]
[-0.004538627193665601, 0.0012818601498814086]
[-0.0010727011626583405, -0.0020305723905287287]
[0.000280871394706228, -0.00044486628372281123]
[-0.0027442630514398214, 0.002847315276633733]
[-0.004474432141171825, 0.0009454715903130517]
[-0.0015872118434301363, -0.0020108438555348496]
[0.0003826563043762832, 8.013925992456095e-05]
[-0.0021049803858947946, 0.002738990130062513]
[-0.004194906865102599, 0.00024695008560526865]
[-0.001862493046400182, -0.002061004759275231]
[0.00043074942744358857, 0.0006925920697522514]
[-0.001625524606016615, 0.0024675203438217497]
[-0.004066527042352885, -5.2975577490954606e-05]
[-0.0022782386899251605, -0.0016070597956585608]
[0.00024111257996856095, 0.000981956162091402]
[-0.0010880505999586454, 0.002025584664949287]
[-0.003501862867452993, -0.000480352702217246]
[-0.0026466496127497408, -0.0013240270194652126]
[-0.00019446728293295856, 0.0013950827596676263]
[-0.0006298807816547472, 0.0017251593062501125]
[-0.0031416334278709934, -0.0008917088616446911]
[-0.0028047879311921264, -0.0007682593960220974]
[-0.000405127745098266, 0.001558992708277751]
[-0.0002774355696018721, 0.00115459848037891]
[-0.002503633421303997, -0.0010733555752359125]
[-0.003014818849981893, -0.0003402492964368342]
[-0.0009356549321308805, 0.0016590191138009525]
[0.00014660461967119787, 0.0007682817798817521]
[-0.001894790862796647, -0.001316269254637216]
[-0.003016514238732615, 2.6833970452111444e-05]
[-0.0011647935099392548, 0.0018618085170583054]
[0.0001810695693005293, 0.00028421987044602304]
[-0.0014177419069816288, -0.001303410450343545]
[-0.002988043173725252, 0.0003972715951724437]
[-0.0015639812810273046, 0.0017342678568410541]
[0.00033246767554429013, -0.00012332213010746162]
[-0.0008958300606061176, -0.0012118128319311694]
[-0.0029121274415602194, 0.0006673351097264968]
[-0.0018918137183785988, 0.0017934812724398341]
[0.00012967988827150556, -0.0003350331477155466]
[-0.0006075967571442589, -0.0011567991401785216]
[-0.0026171375254742113, 0.0009063360232973716]
[-0.0020588677654348464, 0.0014928559743668801]
[-1.04660545496571e-05, -0.0006212147291335679]
[-0.0003468072515416254, -0.0008638316566821902]
[-0.0023373758043704618, 0.0011633750717252034]
[-0.0022868390286184814, 0.0012381873966743617]
[-0.0002498283057144994, -0.000677840402385832]
[-8.125853606699707e-05, -0.0007207398895802131]
[-0.0018891418738234411, 0.0011904030320890602]
[-0.002238099730460963, 0.0009146763794950497]
[-0.0005603906409084036, -0.0008316245609036876]
[-4.391012874327416e-05, -0.0003496564146623915]
[-0.0014383521603138494, 0.0013331138678256416]
[-0.0022257758565951136, 0.0005198062499998657]
[-0.0008329782045377598, -0.0008917698198247503]
[0.00014432064626879182, -1.9439560461353977e-07]
[-0.0010887955212899314, 0.0012226084882303034]
[-0.0021503631914376875, 0.00024583654762344587]
[-0.0011699401865712389, -0.0008842845778943148]
[1.931744148730985e-05, 0.00030680409010663823]
[-0.0006547933224032576, 0.0012198454283569582]
[-0.0019842310254742923, -9.169306450496073e-05]
[-0.001463762714100092, -0.0008641456112107315]
[-5.258742902830571e-06, 0.0006951782978843468]
[-0.00045432198939898694, 0.0011253054740719692]
[-0.0019088697482568806, -0.0003944583038123506]
[-0.0016248894415458737, -0.0007122411346980884]
[-0.00014593396886858952, 0.0008307870629302716]
[-0.00014539521901346664, 0.0009801854232079701]
[-0.0016636456286576728, -0.000576758134889277]
[-0.0018008467844975243, -0.0005430531079830825]
[-0.00031220538003784437, 0.001045414626229979]
[-1.360986123258301e-05, 0.0008510797842398166]
[-0.0014459062941658551, -0.0008269867842521927]
[-0.0017586354353357203, -0.00038481683567415104]
[-0.000407212389781586, 0.0010944921364942628]
[9.124257766335298e-05, 0.0005769919803251256]
[-0.0012060953347696746, -0.0008020693311773519]
[-0.0017729944572577594, -0.00011497490038503422]
[-0.000615486725254577, 0.00111091869611879]
[0.00012088438896640241, 0.0003383769434748274]
[-0.0008804597844682682, -0.0008422674013572884]
[-0.0016834994447236795, 2.6204877903224233e-05]
[-0.0007835434416139098, 0.0011133739885551552]
[3.790839954120884e-05, 7.741771877572967e-05]
[-0.0007231725851396531, -0.000719738115633195]
[-0.0015597769289992236, 0.0003377866302082255]
[-0.000970770609914462, 0.0009700724420804718]
[-4.877041928796899e-05, -0.00018477134040240095]
[-0.00042629576751161344, -0.0005836299002727197]
[-0.0014612431497608713, 0.0005150139709834134]
[-0.0012043519420379262, 0.0008372358367012]
[-0.00015256297869184476, -0.000338757733356454]
[-0.0002832402326740091, -0.0004831760090506232]
[-0.001228319466628297, 0.0007385448639461445]
[-0.0012844660955201315, 0.000644310189945152]
[-0.00030247750344644664, -0.0005309343989783333]
[-8.203013348517807e-05, -0.00027236913384143246]
[-0.001079388071058618, 0.0008751306911027878]
[-0.001427794516551284, 0.0004074321419840765]
[-0.0003630664536100614, -0.0006261391069362077]
[6.937377116855714e-05, -0.00014087396416850861]
[-0.0008567369189391716, 0.0009109056444291941]
[-0.0014246725808961802, 0.0002912927251875752]
[-0.0005573702249828116, -0.0006771012270097021]
[0.00011880225684501866, 6.380174102538216e-05]
[-0.0006845546903322397, 0.0009242218212804909]
[-0.001415865659637916, 6.049795313778361e-05]
[-0.0006462677628742419, -0.0007060656977675092]
[0.00015439866027944227, 0.0002470885960406122]
[-0.000542019447678399, 0.0008508117549773653]
[-0.0013947508395795172, -2.1508435392059155e-05]
[-0.000819073618271271, -0.0005744126673348227]
[7.720538438376473e-05, 0.0003575045812133082]
[-0.0003673417938423462, 0.0007450562645600067]
[-0.0012459272963130583, -0.0001985888554830728]
[-0.0009337101987941521, -0.000497148181539675]
[-4.061715418655215e-05, 0.0005045585220632698]
[-0.00023704325980160312, 0.0006436255951001724]
[-0.0011517215628180644, -0.0003160405515247322]
[-0.0010056068143091158, -0.0002899247813158423]
[-0.00013174043345542952, 0.0005481687535996427]
[-9.99350246465025e-05, 0.000440567817803883]
[-0.0009189434258567442, -0.0003947753461813752]
[-0.0010966434401180614, -0.0001517999647977497]
[-0.0003257161410916698, 0.0006183331350076149]
[2.955453424935417e-05, 0.0003035950956729039]
[-0.0007301856832224729, -0.00048045469075205793]
[-0.0011064874323616358, 3.7303560074253284e-06]
[-0.00041760546017344247, 0.0006792574014906627]
[4.781609976833856e-05, 9.485472648096405e-05]
[-0.0005396832540640606, -0.00046671203807879813]
[-0.0011377882964351826, 0.000156177905758087]
[-0.0006121813598916059, 0.0006568482007189846]
[0.00011022499516788464, -4.8576840574576785e-05]
[-0.0003496466287944422, -0.00046228312805873806]
[-0.0011212480989255535, 0.00026895743050409093]
[-0.0007362507767210702, 0.0006889315784653904]
[2.9572958247681136e-05, -0.0001522402903555431]
[-0.00024136164202161192, -0.00043535715590775625]
[-0.0010373766217995628, 0.0003919378842294208]
[-0.0008418297874041095, 0.0005715641998128018]
[3.681708899419371e-06, -0.00026555612404566276]
[-0.00011535389137359853, -0.00034625967151380443]
[-0.0009515024550235535, 0.00048463263761733266]
[-0.0009380258607988301, 0.0005054143837704972]
[-9.814397129954966e-05, -0.000289046546064764]
[-2.6206662573469153e-05, -0.00029952815811201683]
[-0.0007779499031351222, 0.0005095421442879999]
[-0.0009282732624302792, 0.0003696810709758469]
[-0.00021254367761780468, -0.00036653386958707124]
[5.654683072231492e-06, -0.00014211635787774596]
[-0.0006266018979261823, 0.0005628145466369805]
[-0.0009491278308675355, 0.00023426832244705098]
[-0.0003308866164666302, -0.0003754040903626299]
[6.898974078728415e-05, -2.0457201887924548e-05]
[-0.00047477147659336083, 0.0005108962852047316]
[-0.0009099970423582793, 0.00012260147489306927]
[-0.0004919895241148886, -0.00037889283789163675]
[3.306313164586072e-06, 0.00012866378656983812]
[-0.0003038002589101918, 0.0005250218430184472]
[-0.0008633401418669251, -3.1160373315963774e-05]
[-0.0006174020607432329, -0.000361581452787918]
[-4.946821203569152e-07, 0.0002819753411450465]
[-0.00021012632337807924, 0.00047183870880240786]
[-0.0008277588495309088, -0.000153141494342951]
[-0.0007158343216274177, -0.0002901583810238084]
[-8.50226801218934e-05, 0.0003524009517655857]
[-5.864370303415578e-05, 0.0004258431236135729]
[-0.0007204139761741724, -0.00025983429128706437]
[-0.0008008828329099243, -0.00023251713555005882]
[-0.00014262204084702912, 0.0004659287682828306]
[-3.841407021865084e-06, 0.00036617438784092293]
[-0.0006418821716818179, -0.00036721271678685774]
[-0.0008000902675272537, -0.00015527293410533272]
[-0.00019652816678239482, 0.0004887043281174008]
[6.149363064278379e-05, 0.0002478040257537506]
[-0.0005252691297708001, -0.00036738804357189236]
[-0.0008308629655044975, -5.474314223308241e-05]
[-0.0002930628383288614, 0.0005266849745125812]
[6.636488048128442e-05, 0.00015700102646803993]
[-0.0004053974763061907, -0.0004010974132252487]
[-0.0007890440840698787, 1.0873503103681764e-05]
[-0.0003623796920826372, 0.0005244250026287256]
[2.8148395009308658e-05, 3.4161664458853824e-05]
[-0.0003347007070917396, -0.0003374380701911539]
[-0.0007523507363829118, 0.00015413942791980828]
[-0.0004645371726892389, 0.0004661379497213902]
[-9.82568282331675e-06, -6.999357915710158e-05]
[-0.00020446063529500763, -0.0002962764971243814]
[-0.0006957767177646346, 0.00022830302223461607]
[-0.0005594911444689946, 0.0004095779733880034]
[-7.472465933437006e-05, -0.00014690655347655152]
[-0.00014998842249697164, -0.00023544099191596946]
[-0.0005872927469406201, 0.00034839085339050113]
[-0.0006067527305948506, 0.00030469932430304825]
[-0.00014026937278635576, -0.0002451255744482239]
[-4.048598023365102e-05, -0.0001365153875916847]
[-0.0005183137760238488, 0.00040602962564018075]
[-0.0006807189462882945, 0.0002053586419500375]
[-0.00018756534421393578, -0.00029086620870888424]
[1.831158316356607e-05, -6.914509307284766e-05]
[-0.0004025740763098362, 0.0004383322574984527]
[-0.000679929799553447, 0.00013484064069674284]
[-0.0002871063542910779, -0.00033753165587285805]
[5.327110423336556e-05, 4.713946655243717e-05]
[-0.00033306736074911747, 0.00045577046899543394]
[-0.0007027121012227466, 2.396305688678879e-05]
[-0.00033205211336495566, -0.0003475308908406083]
[7.222802958117835e-05, 0.00012700915998931084]
[-0.0002577117417691399, 0.00042532542849388344]
[-0.0006904047995285323, -1.703446033418654e-05]
[-0.0004286528406729495, -0.00029644637737546997]
[3.23869786300196e-05, 0.00019359369763954914]
[-0.00017787261534654708, 0.00039266105262580897]
[-0.0006365059976279723, -0.00011821238009245699]
[-0.0004720597076485304, -0.00026170638850642886]
[-8.74691290161933e-06, 0.0002613833029211643]
[-0.00011996108107953374, 0.00033588480851290403]
[-0.0005936677450723016, -0.00016263001576499736]
[-0.000516373385830271, -0.00015513609235540127]
[-6.330934040432723e-05, 0.00028040974907467264]
[-4.675940352355523e-05, 0.00023918577135018104]
[-0.0004749973928096507, -0.00021118812405329646]
[-0.0005578117632897284, -9.499113361932654e-05]
[-0.00015346740167809791, 0.0003260817129073345]
[2.6301700341013756e-06, 0.00016510164526373217]
[-0.0003926894763366384, -0.00024399360426474725]
[-0.0005645284338273715, -1.1645080332245428e-06]
[-0.00020740288188814127, 0.000344437290506705]
[1.7608353291675982e-05, 4.729213095203133e-05]
[-0.0002838520006409606, -0.0002337440733493068]
[-0.0005926785670824497, 7.786685116521752e-05]
[-0.00032175546122859, 0.0003438326786119328]
[4.458259974704504e-05, -2.150809809892129e-05]
[-0.0001928326931923685, -0.0002396955891256214]
[-0.0005801435852806902, 0.00014684504533452047]
[-0.0003838517854557449, 0.00035352643949199125]
[4.332506978177442e-06, -9.093738852922195e-05]
[-0.00012923898197372136, -0.00021757997975574428]
[-0.0005505188612542761, 0.00022262320242549816]
[-0.000459048050736148, 0.0002927480814094441]
[2.999893533521536e-06, -0.00014709535025872467]
[-5.290133571789202e-05, -0.00018447494757284355]
[-0.0005072660493564019, 0.00026649560874192346]
[-0.0005060281304202219, 0.00026924298815200753]
[-5.596459162349188e-05, -0.0001661265885599672]
[-1.0718430849876448e-05, -0.00015665971872358408]
[-0.00042076207020574907, 0.0002896180885318955]
[-0.0005099386127509486, 0.0001922109841216435]
[-0.00010567351334334063, -0.00021213009511467096]
[1.8632040529542593e-05, -7.409755172316235e-05]
[-0.00035320007025085864, 0.0003097929313168324]
[-0.0005285971109634247, 0.00013602971551945897]
[-0.00017545009898345398, -0.00020775505772563374]
[4.159040448958873e-05, -1.793566552799053e-05]
[-0.00026624476988534873, 0.0002827305943704887]
[-0.0005025340387264654, 7.200103004822989e-05]
[-0.0002651885543334398, -0.00021422596234238478]
[5.354601226137401e-06, 7.123445449785937e-05]
[-0.00018299118251652313, 0.00029258010853511207]
[-0.0004879974256014885, -1.1092214908969833e-05]
[-0.00033226760140636635, -0.00019314327822100852]
[2.2268941412273424e-06, 0.00014315042848686566]
[-0.00012254413430909383, 0.00025437835346867055]
[-0.0004582838168768165, -7.505629425384741e-05]
[-0.0003992330179422056, -0.0001537816598567547]
[-5.5525372168602205e-05, 0.00019081444592464192]
[-3.423769440932464e-05, 0.00023657757383183098]
[-0.0003999246625170927, -0.0001462175679445843]
[-0.00044467304365879146, -0.00012450220815696245]
[-7.949399939699564e-05, 0.0002572734320923642]
[-3.1997306494391253e-06, 0.00019452362047123195]
[-0.000357179501694449, -0.00019973829176711533]
[-0.00045720860541142994, -7.659783495972405e-05]
[-0.00012127524464333739, 0.0002724246980665701]
[4.43577326982858e-05, 0.00013299485777029663]
[-0.00028564172752354455, -0.00021003747912884396]
[-0.00048186306191144723, -3.122366843794078e-05]
[-0.0001732439504574801, 0.0003087201411109408]
[4.053911857626602e-05, 8.647724832458459e-05]
[-0.00023121592227004495, -0.00023244745316930437]
[-0.00045925788255796185, 1.130150169248445e-05]
[-0.00021292749581541814, 0.00030251803870517957]
[2.4980986958911267e-05, 1.6063501270591196e-05]
[-0.00018629077617633716, -0.00019647862918048542]
[-0.00044819176207372413, 8.754619242007378e-05]
[-0.00027649991374312927, 0.0002779480144749491]
[1.595500608519984e-06, -3.177808527116133e-05]
[-0.00011979975846610619, -0.0001846439316670334]
[-0.0004062040119120029, 0.0001272780700019155]
[-0.00032027766595370266, 0.00024397559490232923]
[-4.097193076079558e-05, -8.11582922008447e-05]
[-9.117292428079127e-05, -0.00014037624916701796]
[-0.00034730512297296776, 0.00020061075396782257]
[-0.00035350757623231477, 0.00017968676159457742]
[-7.60314809720164e-05, -0.00013559655278105875]
[-2.3632256148653497e-05, -8.767457414451951e-05]
[-0.0003028613435808736, 0.0002263705655629611]
[-0.000391973406264734, 0.00012848270255920793]
[-0.0001165476433545587, -0.00016403760319927407]
[7.889119356674357e-07, -4.11731392583603e-05]
[-0.00023155364260341038, 0.0002549842891764187]
[-0.0003935072943097584, 7.650116435398147e-05]
[-0.0001745146190462732, -0.00019981408734448536]
[2.8737742070905625e-05, 3.343531858324145e-05]
[-0.0001961228687039629, 0.00026583299506419134]
[-0.0004167663439366698, 1.4754424153995416e-05]
[-0.00020637020669234118, -0.00020139161298576846]
[3.553037345663257e-05, 7.671534756936715e-05]
[-0.00014428273425048932, 0.00025390776463568576]
[-0.0004059620644567795, -1.5900950154190685e-05]
[-0.0002669592108934804, -0.00018167923638012784]
[1.512315525575153e-05, 0.00012537945058413436]
[-0.00010271519548081531, 0.00024345268818670718]
[-0.0003862519206683582, -8.089547924253204e-05]
[-0.0002855410278614773, -0.00015985901009493708]
[-1.2491090660149418e-06, 0.0001598795962573507]
[-6.740558117956322e-05, 0.00020570302725120282]
[-0.0003583992321348761, -0.00010113456748644944]
[-0.0003177300158577201, -9.952666821777534e-05]
[-3.7855628025385e-05, 0.00017454872670796817]
[-2.4505951068509724e-05, 0.0001544180041839205]
[-0.00029104921112099724, -0.000136360801039348]
[-0.00033544465126400524, -6.804918538427795e-05]
[-8.361835888670566e-05, 0.00020391807985938037]
[-4.147857793013188e-06, 0.00010440402675121474]
[-0.0002475323891267811, -0.00014622538588648926]
[-0.00034247133917342243, -3.559460454882757e-06]
[-0.00012275809987138953, 0.00020801335776743368]
[8.417129404580947e-06, 3.158446956093991e-05]
[-0.00017627919451107532, -0.00014149397359797256]
[-0.00036105890181803435, 4.190252073524303e-05]
[-0.0001945366906068724, 0.00021315883195338614]
[1.757064366880723e-05, -8.96807463718341e-06]
[-0.0001275045383724721, -0.00014518193555840275]
[-0.0003496368385096371, 9.343218278196064e-05]
[-0.00023236187260600172, 0.00021006543776525]
[-3.075278123737535e-06, -6.062909623869017e-05]
[-8.054397750089162e-05, -0.00012699245431737564]
[-0.0003389189123161201, 0.00014288732018424496]
[-0.00028848635485788365, 0.00017573781043742076]
[-4.928573394090419e-07, -9.193488788269977e-05]
[-3.114213475724492e-05, -0.0001138357884955532]
[-0.0003093954011272604, 0.00016945101914050964]
[-0.0003131314263202789, 0.0001633195762680284]
[-3.8819277739410296e-05, -0.00011183933094882637]
[-4.669352879904665e-06, -9.084820751439904e-05]
[-0.00026270943299955274, 0.00018991530733292183]
[-0.0003246595555901344, 0.00011407521592764203]
[-6.177637985627094e-05, -0.00014020128250402664]
[2.0867639571542362e-05, -4.412982456852843e-05]
[-0.00022594537933529057, 0.00019631470592224032]
[-0.0003373622936577725, 8.906020152626981e-05]
[-0.00011030643434040144, -0.00013453941117748391]
[2.7783647788770516e-05, -1.1726089346519863e-05]
[-0.00017079807983066964, 0.00018360493100127995]
[-0.0003211642577697349, 4.468098739607296e-05]
[-0.00016263652550241314, -0.00014071291362496852]
[8.926597438577155e-06, 4.582309655692951e-05]
[-0.00012568211727653766, 0.00018731817467998457]
[-0.00031733166213607743, -2.5961823653664062e-06]
[-0.00020500949716223404, -0.00011855593121556929]
[3.2222304996061546e-06, 8.236951766396605e-05]
[-8.056726898338085e-05, 0.00015931776168021106]
[-0.0002904183476825431, -4.3139440486575364e-05]
[-0.00025179250788754867, -9.608804250813008e-05]
[-3.690864823940876e-05, 0.00011881962497323206]
[-2.5978044799437883e-05, 0.00015057069073759477]
[-0.0002561382057840178, -9.197572656310937e-05]
[-0.0002782339039314463, -7.492230500277808e-05]
[-4.8930456922891e-05, 0.00015859192148315326]
[-3.42708143741266e-06, 0.00011592569818630327]
[-0.00022497073100979925, -0.0001209782939505244]
[-0.0002958658777437728, -4.289715220340273e-05]
[-8.452780141021687e-05, 0.00017224235736654214]
[3.184665314481805e-05, 8.139212970786902e-05]
[-0.0001774117903332595, -0.00013530265117828177]
[-0.000312884921260137, -1.875420366820313e-05]
[-0.00011449787397632694, 0.000201765592418357]
[2.5953515282894912e-05, 5.080021749019961e-05]
[-0.00014825270377477606, -0.00014859149017154571]
[-0.0003021368747676556, 1.349706544284679e-05]
[-0.00014407575008998363, 0.00019481304688934165]
[2.2744900330884388e-05, 7.467010422201881e-06]
[-0.00011455953526591858, -0.0001294883945902603]
[-0.00029935704426287124, 5.661624313413327e-05]
[-0.00018536535219185885, 0.00018640707965628112]
[4.833139295251643e-06, -1.7050348691455275e-05]
[-7.841842439619551e-05, -0.00012739462960284498]
[-0.0002667210704320744, 8.282217103160877e-05]
[-0.00020791217163892983, 0.00016126638164565277]
[-2.2256437150472083e-05, -5.2556204609310875e-05]
[-5.822988720838307e-05, -9.397206168804129e-05]
[-0.00023272047668018714, 0.00012913554556848172]
[-0.00023302718256901223, 0.00012130157555539922]
[-4.4916738386469035e-05, -8.315083895249487e-05]
[-1.53166935068505e-05, -6.45036768200935e-05]
[-0.00019834035193921906, 0.00014107019830933432]
[-0.0002520169596149646, 9.024236690442777e-05]
[-7.928886968655569e-05, -0.00010454436846341064]
[-5.026415605624557e-06, -2.722225128254374e-05]
[-0.00015182758509590943, 0.00016547935200655894]
[-0.0002562544389669297, 5.007504502108073e-05]
[-0.0001158677705210831, -0.00012944511529312808]
[1.7286155038376272e-05, 2.233942171969705e-05]
[-0.0001290154556877754, 0.00017013278540378707]
[-0.0002734669809414947, 1.2561928143473011e-05]
[-0.0001431211536419008, -0.00012827341568788508]
[1.6269859968831568e-05, 5.08700679732188e-05]
[-8.948475948289403e-05, 0.0001683848216968986]
[-0.0002644686975210274, -1.4983285196668028e-05]
[-0.00018276093473926225, -0.00012219287379514054]
[7.498122908997096e-06, 8.862004151256181e-05]
[-6.58892305428118e-05, 0.00016433721453214256]
[-0.0002585066524875973, -5.852236636161301e-05]
[-0.00019297263693771743, -0.00010557260483032294]
[-9.894036832602815e-07, 0.00010748206456670517]
[-3.897345747493064e-05, 0.0001383994839646019]
[-0.0002364996761590743, -7.084695347939207e-05]
[-0.00021765088542252675, -7.112619348442761e-05]
[-2.5872293359263665e-05, 0.00012251762244014364]
[-1.373096702922405e-05, 0.00010945104353932145]
[-0.0001973711053443461, -9.763702804301694e-05]
[-0.0002237961478392947, -5.134110065091457e-05]
[-5.040516424470454e-05, 0.000140646023815999]
[-4.294845153185456e-06, 7.186078725679446e-05]
[-0.00017012844480013278, -9.732478034024661e-05]
[-0.00023201243447301678, -5.361349143195859e-06]
[-8.16030791409017e-05, 0.00014108393383516216]
[5.189282320738897e-06, 2.567273108276813e-05]
[-0.00012150075221789569, -9.738834088601767e-05]
[-0.00024166375278578123, 2.2932576176942776e-05]
[-0.00012743159413627914, 0.00014645973753368846]
[5.277192419328447e-06, -2.7444263520082224e-06]
[-9.329445285847365e-05, -9.667307475313969e-05]
[-0.0002323605593593514, 6.480190077953751e-05]
[-0.00015457635892801233, 0.000137128199287892]
[-4.644748121486464e-06, -4.192966796652542e-05]
[-5.522209380677545e-05, -8.296549014641386e-05]
[-0.00022795634994910233, 9.748941462157934e-05]
[-0.0001963621121618686, 0.00011725493429531886]
[-4.018041213791658e-06, -6.156326311740346e-05]
[-2.2807176568218068e-05, -7.657995194471079e-05]
[-0.0002047338248276076, 0.00011782603574878037]
[-0.00021045950391263002, 0.0001067391326694811]
[-2.9653260652184876e-05, -8.22557150259029e-05]
[-1.7918851431542038e-06, -5.5829504505534866e-05]
[-0.0001791430556343787, 0.00013466251847399358]
[-0.00022578263771466656, 7.408863920696507e-05]
[-4.127426509625831e-05, -9.962543302072246e-05]
[1.880118618946547e-05, -2.850916302016282e-05]
[-0.0001550513438859369, 0.0001360166348071956]
[-0.00023326652583977037, 6.177504413934498e-05]
[-7.769704584281723e-05, -9.666098411496935e-05]
[1.976735459896517e-05, -5.525115730653507e-06]
[-0.00011922826882360127, 0.00013186610398016607]
[-0.00022528413450481621, 2.8135782272897814e-05]
[-0.00010830966394997921, -0.00010088124629650808]
[1.1292601766729748e-05, 3.2151181546591356e-05]
[-9.231737347115132e-05, 0.00013077631653546362]
[-0.00022437598212777382, 1.0057336597701916e-06]
[-0.00013879582128938084, -8.041266557204385e-05]
[3.362676817426566e-06, 5.2300967425276956e-05]
[-5.702357761701825e-05, 0.00011104387224052797]
[-0.00020111982510974402, -2.8709455720532517e-05]
[-0.00017086947649945158, -6.746723508244123e-05]
[-2.375026449202844e-05, 8.109975123296587e-05]
[-2.261181435726789e-05, 0.00010431884264799907]
[-0.00018007374368644857, -6.153177793832842e-05]
[-0.00018810447973902078, -4.867231894617463e-05]
[-3.210940377751381e-05, 0.00010470250277988535]
[-3.484247507234972e-06, 7.502604214759678e-05]
[-0.00015355767159630496, -7.883399476663056e-05]
[-0.00020654555081767167, -2.7054512695523503e-05]
[-6.243903325642286e-05, 0.00011847993602920326]
[2.1878696656152385e-05, 5.4489912374861005e-05]
[-0.0001213387715817138, -9.349080310139257e-05]
[-0.00021760251063995817, -1.0906673771654551e-05]
[-8.089960518403716e-05, 0.000140200905046739]
[1.7084677393142123e-05, 3.033769316655721e-05]
[-0.00010214325196294949, -0.00010050870240241316]
[-0.000214855636501754, 1.4785176188331084e-05]
[-0.00010655324579671166, 0.0001346248605169631]
[2.0088182335287197e-05, 3.3021796850551954e-06]
[-7.548735409374126e-05, -9.23556584689067e-05]
[-0.00021394699753238267, 4.0290995619918224e-05]
[-0.00013340656695869785, 0.00013379516695862653]
[5.1846835044597195e-06, -1.1589250601830303e-05]
[-5.476663909899371e-05, -9.256398922374842e-05]
[-0.00018929613048783087, 6.042592862856577e-05]
[-0.00014739096860408307, 0.0001134508783385002]
[-1.0786770179151833e-05, -3.794202958767867e-05]
[-3.753655775723397e-05, -6.795085482197427e-05]
[-0.00016876353699588065, 8.928023357257509e-05]
[-0.00016637054755519465, 8.948202947417494e-05]
[-2.83225623751715e-05, -5.5109089027782776e-05]
[-1.0696620107109034e-05, -5.07434303821698e-05]
[-0.00014022047050998854, 9.562113714123299e-05]
[-0.00017489038619256103, 6.749864273072892e-05]
[-5.6276022285972616e-05, -7.285379041371831e-05]
[-5.77113707833643e-06, -1.9329231804532387e-05]
[-0.00010948919953090996, 0.00011518453949826979]
[-0.00018112844818124474, 3.6876205859182054e-05]
[-8.131610853701066e-05, -8.841638618752728e-05]
[1.1015168908501405e-05, 1.3617142752109235e-05]
[-9.119148964620294e-05, 0.00011581590612083636]
[-0.00019153006267798312, 1.2041045319099997e-05]
[-0.00010597412614615775, -8.73112319745295e-05]
[5.8036066323402524e-06, 3.593933406254024e-05]
[-6.0338610433197104e-05, 0.00011965900847649147]
[-0.00018502563957160933, -1.3568065914390526e-05]
[-0.0001323150611822893, -8.654166632059146e-05]
[3.88441760280217e-06, 6.516140337564647e-05]
[-4.52148087759785e-05, 0.00011636835184455213]
[-0.0001838125417630565, -4.318733550781606e-05]
[-0.0001406871229234206, -7.312768293532557e-05]
[-2.9189870714985133e-06, 7.691488463851259e-05]
[-2.235805079280062e-05, 9.914766638213779e-05]
[-0.00016534291898928632, -5.3741071655954986e-05]
[-0.0001595149304969845, -5.414055661318029e-05]
[-1.9123739834814302e-05, 9.261438786641041e-05]
[-8.07908180949779e-06, 8.145028501604923e-05]
[-0.0001428472681912485, -7.388676974226516e-05]
[-0.00016077039615702837, -3.931521300165608e-05]
[-3.357925053659727e-05, 0.00010317728077380295]
[-2.1062893258427806e-06, 5.227011359992817e-05]
[-0.00012297491311585862, -7.00334013402637e-05]
[-0.0001696302051868992, -6.779855497358878e-06]
[-5.890279776832319e-05, 0.0001041347791677083]
[3.8473891894597045e-06, 2.2904469769241542e-05]
[-8.998469421980793e-05, -7.323947244708418e-05]
[-0.0001724838068251633, 1.2574948296900645e-05]
[-8.819703723473432e-05, 0.00010750827364697235]
[6.38954759657473e-08, 3.163362152780458e-07]
[-7.201431262273197e-05, -6.883965575962825e-05]
[-0.0001658966288909658, 4.71299930395741e-05]
[-0.00011003934410628463, 9.628031911288436e-05]
[-4.194747406053613e-06, -2.890573076862928e-05]
[-4.0653788452721384e-05, -5.960092301129927e-05]
[-0.00016245008910058256, 6.879215430549701e-05]
[-0.0001402754449147947, 8.445325970674045e-05]
[-6.650350365275393e-06, -4.327416970278941e-05]
[-1.9328475901581044e-05, -5.43799515689003e-05]
[-0.0001436012479107407, 8.688440812265608e-05]
[-0.00014978177129909565, 7.342257125021734e-05]
[-2.363071521466198e-05, -6.334749539749218e-05]
[-3.564282207157987e-07, -3.5994441519672515e-05]
[-0.00012946099967536817, 9.969035278489802e-05]
[-0.0001659603610573157, 5.1806711067164946e-05]
[-3.115734343106524e-05, -7.392776910231103e-05]
[1.4948132802339309e-05, -1.930554336299073e-05]
[-0.00011108469982368252, 0.00010037944072992244]
[-0.0001699099477135424, 4.389491869238871e-05]
[-5.903062623113797e-05, -7.444538071441076e-05]
[1.4796250620119356e-05, -4.5782675983652155e-07]
[-8.814345533419976e-05, 0.00010085960645880854]
[-0.0001682962526659837, 1.7739489108326012e-05]
[-7.688068763467282e-05, -7.615488533821435e-05]
[1.2032110211876446e-05, 2.3799996372059207e-05]
[-6.99769181622123e-05, 9.697358260202238e-05]
[-0.00016720066466167222, 1.990898821281617e-06]
[-0.00010073187420823679, -5.92066258280205e-05]
[3.226172273586292e-06, 3.660980041836348e-05]
[-4.2531154820973915e-05, 8.384471849025299e-05]
[-0.00014857786827723873, -2.182393198610355e-05]
[-0.00012174267820615897, -5.1375602292930145e-05]
[-1.4193595532063785e-05, 5.898084767649858e-05]
[-2.0493412148880896e-05, 7.651190978924527e-05]
[-0.00013480812062316438, -4.27928087770868e-05]
[-0.00013475537344703747, -3.379863958657969e-05]
[-2.2176503424953253e-05, 7.293024954779792e-05]
[-3.4068605774817406e-06, 5.233634265416898e-05]
[-0.00011129359249872905, -5.4690204024737676e-05]
[-0.00015140649410405604, -1.934249846535785e-05]
[-4.714713691278405e-05, 8.664689653481439e-05]
[1.3877581660826088e-05, 3.8912213089353775e-05]
[-8.952813106349877e-05, -6.737055946548498e-05]
[-0.00015861756129031956, -5.601335871317781e-06]
[-5.9866986322265614e-05, 0.00010114276691031154]
[1.1528269277361058e-05, 1.809657197168746e-05]
[-7.389496054636957e-05, -7.071541392178471e-05]
[-0.0001608946785431331, 1.4772050751010735e-05]
[-8.31726748716996e-05, 9.792212998291361e-05]
[1.6832597199784027e-05, 1.347349677133236e-06]
[-5.286519823582275e-05, -6.933571550818418e-05]
[-0.00015950339965435656, 3.107804565141703e-05]
[-0.000100444504248412, 9.982059255510267e-05]
[4.593650884362685e-06, -1.0093411847336697e-05]
[-3.965328761551534e-05, -6.903332431709708e-05]
[-0.00014200231725779687, 4.773866456148079e-05]
[-0.0001115450746481117, 8.32645727756598e-05]
[-3.723855152459876e-06, -2.9390484362734615e-05]
[-2.3983894063717148e-05, -5.190202666452426e-05]
[-0.0001286915263907229, 6.505503843179383e-05]
[-0.00012529854978349242, 6.980932502501092e-05]
[-1.903031213584816e-05, -3.937663706965466e-05]
[-7.7917889755863e-06, -4.090301973497246e-05]
[-0.00010496248283953236, 6.966084826504071e-05]
[-0.00012888860233672972, 5.22481119303031e-05]
[-4.0583872766508655e-05, -5.4330645782724174e-05]
[-4.2762337292279184e-06, -1.461961832749381e-05]
[-8.461293907735534e-05, 8.412916005931526e-05]
[-0.00013593104415576818, 2.9821636513271965e-05]
[-5.9476442063832735e-05, -6.266376123695294e-05]
[7.146818124970089e-06, 7.129314580467394e-06]
[-6.785897081446057e-05, 8.288303091016913e-05]
[-0.00014066875748180996, 1.1543897261878655e-05]
[-8.14504599331578e-05, -6.272620064567969e-05]
[5.008672587410168e-07, 2.655397148632055e-05]
[-4.403758951619652e-05, 8.914888272629207e-05]
[-0.00013675518624388545, -1.1560912324094612e-05]
[-9.929430929034094e-05, -6.303666379060824e-05]
[2.0305024698713536e-06, 4.8539831648944376e-05]
[-3.2425126175128494e-05, 8.488900858494297e-05]
[-0.000135992143112329, -3.205510132336942e-05]
[-0.0001081485489711903, -5.250645258636499e-05]
[-5.0719745348093426e-06, 5.767284099394976e-05]
[-1.2595736729764662e-05, 7.428127936393025e-05]
[-0.00012070564501892589, -4.2857517007249823e-05]
[-0.0001221031426725805, -4.2541565142384385e-05]
[-1.4799460766545813e-05, 7.304079226804101e-05]
[-4.895838979668277e-06, 6.196833916177757e-05]
[-0.00010785698355963991, -5.7451464219121506e-05]
[-0.00012228020253357563, -3.0089000927241427e-05]
[-2.4987714540569694e-05, 7.897018248353982e-05]
[5.835281665644843e-07, 3.9635552148295505e-05]
[-9.177592022741043e-05, -5.366773996723362e-05]
[-0.00013080284632882577, -7.698829321861611e-06]
[-4.505729760304056e-05, 8.170106290583679e-05]
[3.13246191924188e-06, 2.085687965361349e-05]
[-7.006786821291133e-05, -5.8287461977779564e-05]
[-0.00012929187947796628, 7.128145284918119e-06]
[-6.3982484918852e-05, 8.244220890685217e-05]
[-1.3653740151553517e-06, 1.7538175574038917e-06]
[-5.696892789209401e-05, -5.179257209542848e-05]
[-0.00012526638631768158, 3.506169128802972e-05]
[-8.248452960518682e-05, 7.202645655572659e-05]
[-3.1987663871094196e-06, -1.9393518576077406e-05]
[-3.173524150268392e-05, -4.6356078087173014e-05]
[-0.00012062884177928192, 4.9678918291995444e-05]
[-0.00010348085320316391, 6.432033819389615e-05]
[-8.080285465256187e-06, -3.16924854559808e-05]
[-1.7427142287362862e-05, -4.007774811051745e-05]
[-0.00010569045834071811, 6.655399389038363e-05]
[-0.00011142463775948297, 5.2817582760031345e-05]
[-1.916804073970324e-05, -4.9727842771407627e-05]
[1.9630914160906343e-07, -2.4607571812995666e-05]
[-9.731958193320844e-05, 7.557653387496588e-05]
[-0.00012634689251017628, 3.86449675571221e-05]
[-2.598225623617889e-05, -5.649796354517678e-05]
[1.0623808546383895e-05, -1.3316822311648657e-05]
[-8.207948506588902e-05, 7.764366537790779e-05]
[-0.00012848662185060977, 3.139975771587755e-05]
[-4.704431945135035e-05, -5.98425742288633e-05]
[1.156008328964675e-05, 3.100205975214987e-06]
[-6.77729813060024e-05, 8.004070085584902e-05]
[-0.00013117978634589328, 1.1245566724049638e-05]
[-5.7795830184531605e-05, -5.928041133579365e-05]
[1.1351009860223471e-05, 1.8329758420226883e-05]
[-5.366358533414467e-05, 7.528043039660426e-05]
[-0.0001289291118407726, 1.4482256219909562e-06]
[-7.709843800435094e-05, -4.6675309799328046e-05]
[3.1174714126003256e-06, 2.8228702259464056e-05]
[-3.3029692821706647e-05, 6.701096665087669e-05]
[-0.00011528048622908016, -1.8281503288974932e-05]
[-9.004938319075173e-05, -4.11990347438107e-05]
[-7.444718832017028e-06, 4.487363065758254e-05]
[-1.8355936258290795e-05, 5.8494515571161365e-05]
[-0.00010523371968201856, -3.075378991469757e-05]
[-0.00010125551149253731, -2.5222970076732576e-05]
[-1.600397623879868e-05, 5.3504354049660474e-05]
[-3.3527423752288676e-06, 3.93341798050062e-05]
[-8.480333661625705e-05, -4.031060075584958e-05]
[-0.00011470374582467358, -1.5488460337442778e-05]
[-3.566777022273593e-05, 6.63114915256946e-05]
[7.69717807791448e-06, 2.9121531533400635e-05]
[-7.006478250748405e-05, -4.9814772328182766e-05]
[-0.00011990196085726046, -2.0652014072752856e-06]
[-4.595152937783564e-05, 7.495232613347058e-05]
[7.97489299952936e-06, 1.0929525815078778e-05]
[-5.554280347274537e-05, -5.154120789491179e-05]
[-0.00012469674737994318, 1.3695173610134281e-05]
[-6.683716284079828e-05, 7.414729591767588e-05]
[1.3211179875488588e-05, 4.5860148739640394e-07]
[-3.9348885377592235e-05, -5.3720764560730855e-05]
[-0.00012232326855774432, 2.565074677215659e-05]
[-7.802119449736022e-05, 7.606324603480485e-05]
[3.840827276911651e-06, -1.0130720544912486e-05]
[-2.9222302071640893e-05, -5.221819718986831e-05]
[-0.00011090545544361133, 3.955597066884753e-05]
[-8.853443368872504e-05, 6.316512817280961e-05]
[2.7968413146561844e-07, -2.3774548984778487e-05]
[-1.5165597058497404e-05, -4.117193261943264e-05]
[-0.00010125851588144164, 4.957777044223288e-05]
[-9.787339135358675e-05, 5.618220986220324e-05]
[-1.3649923675418396e-05, -3.0442487800153017e-05]
[-5.6679063227260684e-06, -3.296411588790682e-05]
[-8.223399835594059e-05, 5.402434994530858e-05]
[-9.992864813901381e-05, 4.126273352855758e-05]
[-2.936992818658446e-05, -4.258284215502561e-05]
[-2.028589583813467e-06, -1.1766102229249231e-05]
[-6.85202364950066e-05, 6.371197171931714e-05]
[-0.00010658515160666404, 2.5661971991053356e-05]
[-4.5073856626054454e-05, -4.5941633578489016e-05]
[4.61394377937463e-06, 2.6988862764643073e-06]
[-5.262450406079422e-05, 6.219042914129558e-05]
[-0.00010744783468417778, 1.0645137713788388e-05]
[-6.378359663436473e-05, -4.7225306136461365e-05]
[-1.597816491932108e-06, 2.0183851108301898e-05]
[-3.4591919155863016e-05, 6.862008322834623e-05]
[-0.00010564537613385466, -9.125669993455265e-06]
[-7.64742610388381e-05, -4.6646168504096974e-05]
[9.467791194650577e-07, 3.614226832082679e-05]
[-2.397514008149011e-05, 6.335624191497469e-05]
[-0.00010349961667188712, -2.3878195123616663e-05]
[-8.6141074229662e-05, -3.898663427442939e-05]
[-6.60888575526597e-06, 4.4889020588467776e-05]
[-7.17410583447875e-06, 5.7469856580394385e-05]
[-9.142138010653778e-05, -3.5066517320610224e-05]
[-9.61967614480086e-05, -3.375702723273921e-05]
[-1.1837237797240885e-05, 5.880475903313753e-05]
[-2.9335643743633177e-06, 4.7482556640721096e-05]
[-8.367460546043759e-05, -4.5200955867463755e-05]
[-9.727652041102708e-05, -2.2927037485409585e-05]
[-2.067562952795532e-05, 6.241530307099508e-05]
[2.8795186655661276e-06, 3.110208064050282e-05]
[-7.0131211625718e-05, -4.323488424157196e-05]
[-0.00010459582404903633, -7.984404312530446e-06]
[-3.586978387909445e-05, 6.674310973875386e-05]
[2.685896812459898e-06, 1.8653557944919852e-05]
[-5.6374307209894337e-05, -4.78860753303223e-05]
[-0.0001009551064599934, 4.571688668103535e-06]
[-4.867586783315926e-05, 6.516281732280027e-05]
[-7.992504068576878e-07, 2.3991979453130696e-06]
[-4.5439020612898524e-05, -4.095631280615769e-05]
[-9.882255865976443e-05, 2.6285582192813947e-05]
[-6.431979048450442e-05, 5.6978686342717966e-05]
[-2.230390544406477e-06, -1.2493299213378606e-05]
[-2.5977562951917665e-05, -3.8250329652406156e-05]
[-9.25463121320691e-05, 3.670207360034761e-05]
[-7.829789952784605e-05, 5.097516084656695e-05]
[-8.314666853886932e-06, -2.409796408359144e-05]
[-1.5785029585990706e-05, -3.0468556534810065e-05]
[-8.12410688502685e-05, 5.214967584138419e-05]
[-8.598723981401157e-05, 3.9860802307833954e-05]
[-1.5711922088990082e-05, -3.915329719245131e-05]
[1.1244275199828735e-07, -1.8176775490319486e-05]
[-7.520897782253844e-05, 5.8128578561300603e-05]
[-9.8397704210329e-05, 3.043056828794244e-05]
[-2.3085522014076876e-05, -4.419918012855961e-05]
[6.608385939410599e-06, -9.137864890818026e-06]
[-6.232921513232847e-05, 6.216931996846226e-05]
[-0.00010011164026574315, 2.250415271071171e-05]
[-3.85845990128475e-05, -4.915571351724046e-05]
[9.293693482126386e-06, 5.127026125539835e-06]
[-5.345375756043991e-05, 6.47704219537415e-05]
[-0.0001050919392524708, 7.306141678597999e-06]
[-4.5863781131430525e-05, -4.705734847482157e-05]
[9.675189192755868e-06, 1.4664265451890673e-05]
[-4.124107274293409e-05, 6.0623635058765224e-05]
[-0.00010180874136082874, 8.274071182368115e-08]
[-6.138926371847958e-05, -3.874979025822456e-05]
[3.134678287247672e-06, 2.360229173323236e-05]
[-2.6441738452830446e-05, 5.5507893466422153e-05]
[-9.277678742308781e-05, -1.6128086799294117e-05]
[-6.891660167542002e-05, -3.403424108811004e-05]
[-3.020524285912707e-06, 3.5324292626037757e-05]
[-1.5870749172114396e-05, 4.625164370292145e-05]
[-8.441521577801092e-05, -2.2983969340256358e-05]
[-7.924169101608536e-05, -2.035983014408993e-05]
[-1.1952168102347116e-05, 4.146488975138862e-05]
[-3.4045437099505804e-06, 3.167818608856843e-05]
[-6.752521330855021e-05, -3.147212166340618e-05]
[-8.903180074831818e-05, -1.3396383864439088e-05]
[-2.6793466508967523e-05, 5.246665205610457e-05]
[3.2594114852679823e-06, 2.2583978189938403e-05]
[-5.7208319562074283e-05, -3.752310811427906e-05]
[-9.350860981122144e-05, 5.643620368256386e-08]
[-3.6374657640628194e-05, 5.693805670198282e-05]
[5.616289097953864e-06, 7.083815617148215e-06]
[-4.3259848631493555e-05, -3.9020154609381574e-05]
[-9.88290307118167e-05, 1.1965806972907833e-05]
[-5.4360429106573016e-05, 5.7984416323444976e-05]
[9.591217554470732e-06, 2.615033996289373e-08]
[-3.10786150116045e-05, -4.235253114200782e-05]
[-9.582532911260079e-05, 2.225702163956289e-05]
[-6.207411967847076e-05, 5.864647356940145e-05]
[3.1973558090670276e-06, -1.0468009509628784e-05]
[-2.171327268710166e-05, -3.994313170938013e-05]
[-8.912110144349006e-05, 3.3517295853713325e-05]
[-7.255393546945488e-05, 4.9319744471809646e-05]
[2.0744607896749923e-06, -1.9772090542879983e-05]
[-9.66986423406313e-06, -3.340721816011416e-05]
[-8.123809899779344e-05, 3.9419836626586324e-05]
[-7.846237084974117e-05, 4.580771029059211e-05]
[-1.0402729139935563e-05, -2.536288264312625e-05]
[-3.8936507149034405e-06, -2.6228425392904597e-05]
[-6.683295461568095e-05, 4.405034324081458e-05]
[-8.085222140985504e-05, 3.306634728200697e-05]
[-2.131878210698268e-05, -3.4543160314655375e-05]
[1.2959452050376186e-07, -1.0000718461633529e-05]
[-5.7064749925672675e-05, 4.9776895921893605e-05]
[-8.625025674385833e-05, 2.2736860787297974e-05]
[-3.527593039703847e-05, -3.501579519762932e-05]
[2.992965322815011e-06, 5.355921614547121e-08]
[-4.233025875538532e-05, 4.890741598592707e-05]
[-8.505502250444504e-05, 9.380941878911475e-06]
[-5.031498597055095e-05, -3.7008638907209956e-05]
[-1.7683081564310102e-06, 1.5530712151888386e-05]
[-2.8834057964119983e-05, 5.4048376117731695e-05]
[-8.454556463175639e-05, -6.544990435633502e-06]
[-6.018807553548333e-05, -3.495750457921387e-05]
[2.2072082597746068e-07, 2.6800325845233175e-05]
[-1.8204058349926416e-05, 4.839336787448856e-05]
[-8.062937176073204e-05, -1.7948796631639397e-05]
[-7.011027414678683e-05, -2.9974532466836568e-05]
[-7.239315049201167e-06, 3.598244086866487e-05]
[-4.550321385327072e-06, 4.545116152770978e-05]
[-7.161035869140964e-05, -2.8870146074864295e-05]
[-7.735406025799474e-05, -2.667112371107505e-05]
[-9.790603778259133e-06, 4.767838456951057e-05]
[-1.6034218567884118e-06, 3.6407347426159475e-05]
[-6.605267724957287e-05, -3.5749785781608034e-05]
[-8.005496237872833e-05, -1.7453692433291867e-05]
[-1.847685819783562e-05, 5.06392583244919e-05]
[4.375875298556764e-06, 2.5092484408503757e-05]
[-5.475800012980092e-05, -3.6097050463757e-05]
[-8.568122841534631e-05, -7.5878714239224765e-06]
[-2.936768399049161e-05, 5.577507569123896e-05]
[2.4419468029335256e-06, 1.6099177826633948e-05]
[-4.619334364980364e-05, -3.992711205647037e-05]
[-8.167146985468832e-05, 3.6456586823135906e-06]
[-3.89137549828434e-05, 5.269859280828543e-05]
[6.407555803063236e-07, 2.6901440513399377e-06]
[-3.6269962537579387e-05, -3.388645725141415e-05]
[-8.056584497609896e-05, 1.974729284502652e-05]
[-5.165644286214688e-05, 4.716964199455442e-05]
[-1.4552300051633854e-06, -7.732736873128365e-06]
[-2.1986607280449766e-05, -3.2734268868295224e-05]
[-7.311585310805502e-05, 2.788956480909155e-05]
[-6.073809937057195e-05, 4.154841635090056e-05]
[-7.559611486546158e-06, -1.8935566175659613e-05]
[-1.3954143957883858e-05, -2.3935332359639044e-05]
[-6.496464432170779e-05, 4.133127413963322e-05]
[-6.843887051699582e-05, 3.173656975620498e-05]
[-1.3035506236880323e-05, -3.068011815970939e-05]
[-4.1558580082812213e-07, -1.463889408145902e-05]
[-5.936305462223013e-05, 4.52508730303669e-05]
[-7.788045762779916e-05, 2.495939252911139e-05]
[-2.106225751896673e-05, -3.530171149091713e-05]
[3.344118853831901e-06, -6.1468453756430286e-06]
[-4.870388976629947e-05, 5.0965203876998655e-05]
[-8.003998595694506e-05, 1.6288258625707375e-05]
[-3.220585819149746e-05, -4.0619799111962784e-05]
[7.51718487002756e-06, 5.817762624954481e-06]
[-4.2786044137960166e-05, 5.290048695191785e-05]
[-8.559224102002404e-05, 5.001234148288569e-06]
[-3.817876112755664e-05, -3.791585099394146e-05]
[7.487319946312965e-06, 1.2226792073116027e-05]
[-3.1702320199862924e-05, 5.026239351194409e-05]
[-8.188476233468578e-05, -1.5656562294824594e-06]
[-5.027621702769023e-05, -3.3233480034478013e-05]
[3.2380929449737916e-06, 2.0786652132287475e-05]
[-2.1579499324839158e-05, 4.683278558570425e-05]
[-7.65860315790623e-05, -1.4457824300567745e-05]
[-5.4617705838477804e-05, -2.8565245922929083e-05]
[-4.928218704236542e-07, 2.8629844846611574e-05]
[-1.3119130889721609e-05, 3.769226863653552e-05]
[-6.893280489117526e-05, -1.80922579456691e-05]
[-6.415727856018405e-05, -1.767589919271506e-05]
