[454.9861714721114, -949.9807872430983]
[18.53542582408774, 7.995324956218866]
[12.670132540122758, 8.537528732250735]
[0.6077382357030388, -2.273916680436237]
[0.9700420575001303, -1.6294833561321411]
[2.76751498319436, 1.7919046076665808]
[0.17456701307379063, 1.6136834035893202]
[-0.27544031809100034, 1.8869122536223486]
[-1.493546744347114, 0.9001159112694097]
[1.1596248822387594, 0.1867528199955757]
[0.08351421486388944, 0.18616474987950582]
[-0.02371138939676598, -0.016201250201021367]
[-0.21142069341704683, -0.29315542053846766]
[0.6965769676853313, 0.11201384644471801]
[-0.20090991311352013, -0.2067058368335788]
[0.011335277287496393, 0.09301542439646937]
[-0.09889148097809297, -0.033609797581265255]
[0.29262032943041083, -0.17653759749492082]
[0.1362414983767799, 0.06099786429586018]
[-0.006755758319080929, -0.11101103498864617]
[0.04242252552445014, -0.08947913069505242]
[0.2101793971208057, -0.15067685972513978]
[-0.020810299468675852, -0.04949993093850402]
[-0.08947374218876902, -0.02091572647405915]
[-0.006762705184018891, 0.04476215799638439]
[0.05679650781135592, -0.10514905172066613]
[0.02661045222778391, 0.01236372911646555]
[-0.04991032228194925, -0.04940023739419619]
[0.03794049261018628, -0.019808826289942516]
[0.036311711949853276, -0.07440154983197722]
[-0.015025705004756418, 0.004445124249421006]
[-0.06917833457042732, 0.00728723171359924]
[-0.005927565304475024, 0.03132108423784097]
[-0.007092673568654284, -0.05331392319583372]
[-0.005087809133282661, 0.010221926935387593]
[-0.053178831599523524, -0.0014204680692753158]
[-0.005836828304626174, 0.014120464955738043]
[-0.003684411780096264, -0.022991798764472993]
[-0.0236355879600203, -0.006121421047851072]
[-0.039088320999173476, 0.022407792821108163]
[-0.002083837045076642, 0.0014638018276471598]
[-0.013379717051204665, -0.006733616389754893]
[-0.008507279465179235, -0.013288662296017328]
[-0.01979990434458223, 0.018315129898414106]
[-0.007774242423573607, -0.0006743245900970862]
[-0.00047291645558189543, -0.004725188688399773]
[-0.00038564434280274895, -0.005741026853252507]
[-0.01602416085396463, 0.018950899737420812]
[0.002352054084935773, -0.0009527993359039755]
[-0.0061306457550021065, 0.0038011998860056906]
[-0.0073740754044528956, -0.01850230223579885]
[-0.0044717504527911345, 0.016929323410987962]
[-0.006543102886011454, 3.9136314738508204e-05]
[0.0001784569213290066, 0.006003904357189782]
[0.006958770424014382, -0.002713374307348193]
[0.0016348983909050818, 0.010041976960767585]
[0.006795034858960047, -0.004355659915295185]
[0.0036706712278514186, 0.0019699844673806144]
[0.002547979129751854, -0.010306501774835719]
[0.0030436798246058494, 0.00916508296649976]
[-0.0038765500113937534, 0.005228790030206376]
[7.737606090518767e-05, 0.003148468019048778]
[0.005690825216655537, -0.0021379974701059012]
[0.004381344299476453, 0.0011650537517204906]
[0.004179763123454805, -0.0024549762297603195]
[0.0032719051368985674, 0.00218106980875743]
[0.0025143431830469964, -0.0066487936554437965]
[0.005383357625659002, 0.004248214231552083]
[-0.0005527131049323231, 0.0009410459117615844]
[0.00014743929156590951, 0.0009969347867819778]
[0.0066202007031144205, -0.0009756433323737657]
[0.004155556280521999, -0.003212694964787488]
[0.0025586465450233575, 0.002326566113774353]
[0.0018972392982544717, -0.0016216337493153432]
[0.002352572900038652, -0.000855943191909958]
[0.0030353677059682393, 0.00011948832286989841]
[0.001404646030428891, 0.003042789187232886]
[-0.002659869428863329, 0.0012331790739151527]
[0.00261850107149722, -0.0009491762458087027]
[0.0029964900071155487, -0.002582272217151349]
[0.00019720582627774652, 0.0013929663249596658]
[0.0008612211601617403, -0.001381782089248329]
[0.002747442998021543, 0.002415503783019801]
[0.0018187185377440684, -0.00122270134095126]
[0.0021398938127585865, 0.0031574132823291023]
[-0.003088851274829274, -0.0009804374264377191]
[-0.0007245282661614283, -0.0013847478532351687]
[0.0006180987751100986, -0.0017616597800622635]
[-0.0029971562457022927, 0.002116530336917055]
[-0.0025951388824339006, 6.1865113116788e-05]
[-0.0004780190212780866, 0.002234058795999805]
[0.00013954560471152178, -0.000821273449405524]
[0.0013389007916293494, -0.00033813629287471336]
[-0.002195287283955627, -0.0001432091299324867]
[-0.00048459417946356, -0.0018689682704176036]
[0.0005609059602031952, 0.0007423674780959733]
[-0.0019444553192924374, 0.0008851349638447914]
[-0.0028564428750630366, 0.0006745588524067481]
[0.00021152469916996264, 0.0012606413270781491]
[-0.0004990343210260484, -0.0003937921530468014]
[0.0012193611769141799, -0.00033282550662683263]
[-0.0018531267083155, 0.0008947863612946971]
[-0.0007079950834325555, -0.00132190472924254]
[0.0006319524882316685, 0.002463639695599512]
[-0.00100489416300098, -0.0011834327927742194]
[-0.001791617551781144, 0.0024127031686311806]
[0.000867617293510925, 0.00026289144742985826]
[0.000642787238935405, 0.0004309024072925993]
[0.0007825075906220391, -0.0007677472209386416]
[0.00029850425049504636, 0.00017957220564657206]
[0.0001673432965407784, 0.0002466403172542847]
[0.0013317551080289647, 0.001465439853332029]
[5.367480284856896e-05, -1.2471187430307396e-05]
[-0.0011432840550411327, 0.0018304560750852517]
[0.00017096885530287764, -0.00015750645695811194]
[0.0008081446471549514, 0.00018042610510204948]
[-0.0003995161096090327, -0.0016027927540603892]
[0.000978623720712668, 0.000562285135488727]
[0.000780863267183185, 0.0008981423023565194]
[0.0014233927800160195, 0.0007515843508114628]
[0.001523670862086976, -0.0006180968049647184]
[2.1525865607330275e-05, 0.0005258678341781842]
[0.0010377390009608245, -0.0007590475401739738]
[0.0008436805333511543, -0.00031138816715151063]
[-0.0004280769762528003, -0.0005668011558741526]
[0.000203646872410701, 0.000327554819870457]
[0.0004491881067893999, 0.0015524973868505931]
[0.0002698529275075856, -0.00030660764279133446]
[0.0014142397062126832, -0.0005063799480984343]
[0.00029794680867656353, 0.0002720765120773905]
[0.0008163522601147832, -0.00027075845961732625]
[0.000880971097471539, 0.00018884091998661034]
[-0.00024210714319705673, -0.00025317405382097036]
[0.00038460906207651857, 0.00030656282115004707]
[0.0007225122375511539, 0.001579180345418818]
[4.305065705395572e-05, -0.0009520145084568887]
[0.0011405705381669629, 0.0006673693721428453]
[0.00028856782320429986, -0.000552171450990735]
[2.714666051129022e-05, 0.00046291516660201815]
[0.00022620553056285075, 6.684822657199163e-06]
[-0.0005779607306843348, -0.00010666685126325959]
[-0.00023541229115009443, 0.0007465183905355222]
[9.580034100231671e-06, 0.0006980854317757412]
[-0.0005479010872253554, -0.0005461280149646752]
[0.00023403096957164138, -0.0002635676664133335]
[0.00041197981900520375, -0.0006901954385187814]
[-3.788404612681262e-05, 0.0002842617870539854]
[1.178060268003378e-06, -4.858182451883408e-06]
[3.403276115854226e-05, 0.0003895037792659428]
[-0.000553721141258734, 0.0004688033803303959]
[-6.46433346407349e-05, 4.741394761742512e-05]
[-0.0009617928475336157, -0.0002985350381088381]
[-0.0004371006077179551, -0.00047330123058242357]
[0.00010781545130184034, 9.836340831292922e-05]
[-0.00022577441298732293, 0.0005522844711793873]
[-0.0003454345422585995, 0.0006099938040032282]
[0.0005759459815149887, 1.5599929778675747e-05]
[1.4285633074040405e-05, 0.0006505204915250307]
[0.0005340448561197697, -0.0005887813062492864]
[-0.00020982853875306517, 0.00035991783284106127]
[-0.000298107837170547, -0.000220728368623746]
[0.00032141875977176326, 0.0003833438368386344]
[-0.00016174377436506404, 0.0006883057329449827]
[-0.0004691037041832935, 0.0002220750558840079]
[0.0004415682654186348, 0.00019117364921816815]
[0.0002643497407159856, 0.0003798059389055197]
[0.00012100667933312437, -0.0004615725881760291]
[0.00010646012987525211, 0.0005852093090799038]
[-0.0004926487194421014, -0.0005647608028696016]
[0.0006070096392221114, 0.0006225945938953537]
[9.097936368673842e-05, 0.0001867465447705774]
[-0.00014016362151225703, -2.864328118690196e-06]
[0.000626257742515568, 0.0002370193329919168]
[0.0005681122472325217, -0.0002774942744619979]
[0.00029953219400469244, -0.00023234313803188744]
[0.0002272055827017283, 0.00011530216286498307]
[-7.843861824496923e-05, -0.00013092949612247828]
[0.00028957581269795085, 0.000676248599302931]
[0.00017660579231498774, 5.058460774720608e-05]
[-0.0004303523960742517, 2.1644232243045458e-05]
[0.00039685955980373055, -0.00022412561503637463]
[0.0005295295245044684, -0.00020863068526850992]
[0.00030079156964535336, -0.00012597705202788134]
[0.0003824980431810232, 0.0001487990482891277]
[0.0004617015417416326, 0.00039264639069536145]
[0.0002843391780364968, 0.00037337617690580416]
[0.0004156327853697128, -3.846908170457297e-05]
[-0.0002308805944957193, -0.0002887667403790317]
[7.301772264334261e-05, 0.00011964904214770145]
[0.0003272015249521365, -0.00020839569359276666]
[-0.00025940482269515286, 0.0004860813506862849]
[1.413278136100371e-05, -2.2277495468348008e-06]
[0.00032236239987959436, 0.0005230754520206826]
[0.0001629636021296399, 0.00017717973518299734]
[0.00027960905269575065, -0.0003238746679989357]
[0.00011254982164932148, -5.239593571310097e-05]
[-5.100096681059929e-05, 5.808079215352535e-07]
[0.00022779930540517412, -9.174192568461859e-05]
[-0.00023983901213062153, 0.0002721031767731752]
[-0.0002231019741723017, -0.00024649936283860363]
[0.0003661925392807186, 0.0005845719632167068]
[-0.000179209861599805, -0.00017161672923096671]
[1.2264489926527844e-05, -0.00023660094696120737]
[-0.0001028622265453194, 6.027353149873349e-05]
[-0.0002415332268608239, -0.00022502201891305695]
[-7.498352413559672e-05, 0.0003163456341357396]
[-0.0002286213099926826, -4.462428447227218e-05]
[-0.00029651852220458075, 0.00016326040577574474]
[0.0003764122649663193, 0.00032510651649897415]
[-0.00010115792546411262, -0.00021080303115850185]
[0.00014501676634925964, -0.00019272812115411764]
[0.00021301598498338348, 0.00014227077737127836]
[3.938516296941863e-05, 0.0001621173791254149]
[-2.674125179613629e-05, 0.00044359212612826715]
[-7.077350690801176e-05, 0.00011576621527914499]
[-0.00031733733223637817, 0.00027765810631918963]
[0.00010298595292121404, 8.9533206849568e-06]
[-4.102565642449818e-05, -8.904990962121939e-05]
[-0.00012712834314793087, -9.757999337756118e-05]
[0.00035564458864723036, 0.0003854609040782053]
[0.00010179996649428702, 0.00016230478021928008]
[0.00011729536453986, 0.00034542769398404616]
[0.00022285445099390344, -0.00021605138062996687]
[6.71978708552956e-05, 0.00013940541101042925]
[5.241320701276919e-05, -0.00017078798728897837]
[8.331613766321411e-05, -0.0001986906183888415]
[-0.0002479169543634363, 0.0001681026824016385]
[0.00011531698612921026, 0.00012995370102597548]
[0.00011100299556421334, 0.00020074881294995794]
[-2.9444628536406947e-05, 9.539905858413356e-05]
[0.00026985095567977346, -0.00022616413873766117]
[0.00021605392171586413, 0.00024779985075285005]
[5.73055867448824e-05, -0.00035081715953688697]
[0.00015745693854492954, 2.7092345719098576e-05]
[2.2034291516453974e-05, 4.851044888062872e-05]
[0.00013549175671501157, 0.00011121971120597873]
[0.0003761060277772399, 0.00032353502150417324]
[-3.215391979427551e-05, -0.00015100130821121827]
[0.0003437042080721153, 6.45116417643532e-05]
[0.00022081173835086787, 5.1730376879111084e-05]
[1.4635891096848042e-06, -0.00017357165513587347]
[7.853405253088752e-05, 0.0001419168343849142]
[-7.896755074687789e-05, 0.00016016930270223995]
[-1.0258168690935321e-05, 0.00019813792644995942]
[0.00014868735344064632, 0.00019879313850479363]
[-6.151487215477758e-05, -0.00024975667186444284]
[0.00017253506642811445, 7.040285522064149e-06]
[0.0003998187031030165, -5.224097341605116e-05]
[1.6487981900681348e-05, 8.388626879440864e-05]
[0.00013848965964960436, 7.32012515018976e-05]
[4.8041351842886826e-05, 0.0002158525019034796]
[-0.00011638173816450048, -8.619531299935979e-06]
[2.839904809243121e-05, 3.0506453725098748e-05]
[-0.00019126100399541324, -0.0003036705328851863]
[-0.00011654717014281113, 8.281398448700683e-05]
[0.00013672103432460503, 4.8858319651401416e-05]
[-6.0642464418808606e-05, 0.0001084006428084816]
[-6.533118617002565e-05, 0.00015900525815970568]
[0.0002424843305312563, -0.00010388020552665189]
[-3.067660737965383e-05, 0.00010977540222618931]
[7.966411108428773e-05, -0.0001838676647902826]
[-9.410830334211084e-05, -0.00012684800632867255]
[-8.731361634373158e-05, 0.0001244180608055423]
[-3.7216257270600295e-05, 3.7374555367009066e-05]
[-6.380891141688494e-06, 0.0002566999325955832]
[-0.00015731680092367917, 7.562287017370828e-05]
[0.00020296219812454552, 5.758111606261537e-05]
[1.3394885506112786e-05, 0.00018966524684804753]
[-8.184722741311212e-05, -0.0002178443609734959]
[3.07487206177709e-05, 0.0001407696822450788]
[-8.425979294879316e-05, 4.368129296605794e-06]
[5.2176293040634425e-05, 0.00021607508587145885]
[3.4381717856302174e-05, 0.00022577036814630524]
[-1.0940321851726775e-05, 9.543719779570026e-06]
[0.0002559014570105156, 6.590732566624791e-05]
[0.00016401510666375074, 8.816275440803878e-06]
[-5.390557894187353e-05, -0.00017362930466724436]
[0.00014843950821497032, 0.00013899326322996952]
[-7.002503358577439e-05, 6.332792985075386e-05]
[-8.875871035174399e-05, 0.00019338803137822214]
[-5.71505438327069e-05, 2.529587133270894e-05]
[-0.00011499650850232968, -5.214209212500709e-05]
[0.00013074726122308533, -0.000108053390464935]
[0.00021026636272347687, 6.497998776833214e-07]
[-2.001079254299043e-05, -0.00010621719988634926]
[0.0002330511277996994, 0.00018573134507970934]
[0.0001964890789625251, 3.294243261992014e-05]
[-4.03834935746028e-05, 6.0322570712312285e-05]
[0.00012477574134761582, -5.1291298813649355e-05]
[-3.936997109146856e-05, -0.00010707830343559266]
[4.0259968472122765e-05, 9.119168866000837e-05]
[8.953999510907806e-05, -2.8528376243716624e-05]
[-4.008647459443487e-05, 0.00012917318793502497]
[9.742932994732945e-05, 0.00020198044661756676]
[0.00025284950940643314, 1.549854321636346e-05]
[5.745572121629294e-05, 8.754475382399818e-05]
[0.00012034765164509187, -0.00012350393253801606]
[0.0001038881777633005, 1.921600896076514e-05]
[-8.183252970916932e-06, 4.0942633279028584e-05]
[7.492899799332875e-05, -9.18162201721251e-05]
[5.380339092919684e-06, 0.0002403387476332952]
[4.2208723923575775e-05, 2.1045651407369803e-05]
[0.00016051569174257985, 0.00015031516527286293]
[2.450945536769389e-05, -0.00011548321646515092]
[-6.908612464773256e-06, -9.753795937689214e-05]
[5.0930136271665205e-05, 3.776877454009231e-05]
[-0.00013955597361103855, -4.200218397565347e-05]
[-2.3460432485133964e-05, -5.533508509181218e-07]
[-3.204965937042559e-05, 0.00018204477018746168]
[-7.240595092142255e-05, 3.086476350366851e-05]
[0.00015740735268360284, 1.5297871841124522e-05]
[5.599457696144408e-05, -0.0001697045502665473]
[9.93066648247512e-05, -7.930907585643188e-05]
[0.00011628937550278717, 9.679931334238834e-05]
[-3.317067526903417e-05, 4.422459192110484e-05]
[-0.00013509553233759242, 4.948361475787255e-05]
[3.05387235257637e-05, 0.00012442525602573973]
[-0.00022683414087398823, 4.0217082741184074e-05]
[1.2513778135825326e-05, -3.306217092347019e-05]
[2.5172137541495943e-05, -4.520836079380253e-05]
[-1.5997111946663978e-05, 1.2951989285303611e-05]
[0.0001278217542712845, 0.00023547201028972786]
[5.484953330681108e-05, -5.659021484749616e-07]
[-1.983892083767813e-05, 9.669934672706937e-05]
[0.0001311530335630362, 2.2659611154940418e-06]
[-3.8681996498812765e-05, 1.637485762362445e-05]
[-7.765676692916834e-05, 4.4372780432844205e-05]
[4.502948204487128e-05, -6.485101400288684e-05]
[-7.208410326042802e-05, 0.00014342957569168924]
[5.880205594019361e-05, 0.00014086263408091826]
[4.608057408378441e-05, 4.181892462373771e-05]
[2.5136256041100036e-05, 8.465996658493791e-05]
[8.168362968313803e-05, -0.00011929003268776328]
[3.7967434692198765e-05, 7.848308736324583e-05]
[-8.71175555887671e-05, -0.00011733791067880528]
[5.092896123848334e-05, 1.900517211661512e-05]
[1.3776456766534384e-05, 6.617162032451773e-05]
[4.7043923383283115e-05, 6.522540552366535e-05]
[0.00012676221814256206, 7.99356744056734e-05]
[2.892434537682398e-05, -4.4709041292056995e-05]
[0.00014340108880950275, -0.0001230947933685833]
[6.180850139125837e-05, 2.0155829159484995e-05]
[-7.622208963442567e-05, -5.2157641048711234e-05]
[-4.452300139456966e-06, 9.680262811784246e-05]
[-7.878937109406792e-06, 9.804761756126816e-05]
[-5.9996029883990776e-05, 7.63313393350451e-05]
[0.00010454464248987883, 3.990210848076048e-05]
[8.651541987418632e-05, -4.518448159007704e-05]
[0.00015697133016978615, -7.645125584809787e-05]
[0.00022652137159633046, 4.486431639616484e-05]
[1.712826609526208e-05, 7.101091793851322e-05]
[3.7535355526502334e-05, 7.69991103424239e-05]
[9.15408167762588e-05, 0.00010099039059563442]
[-9.251765908491194e-05, -3.7431024670131485e-05]
[-6.4138038538830155e-06, 6.644998121740908e-05]
[4.050098734076357e-05, -8.243621439463222e-05]
[-2.8314731971623708e-05, 2.637741663402693e-05]
[0.00012512826686839063, 4.762526574894621e-05]
[3.884873134518685e-06, 2.5284352082044492e-05]
[1.6926893280810873e-05, 7.063391912054406e-05]
[0.00012179328711714454, -4.431621567102528e-05]
[-2.7456191165065036e-05, -5.455839472578994e-05]
[-4.615453724610141e-05, -5.792052722497498e-06]
[3.6834933225815547e-06, -8.961860635237073e-05]
[-2.6771813864678862e-05, 7.980793773260109e-05]
[1.9824076267466184e-05, -2.4342321775616682e-05]
[4.608009770912247e-05, 0.00010962811878412193]
[-3.5850270036968945e-05, 3.2261991128379464e-05]
[0.0001024991261335817, -3.183228400577276e-05]
[-5.136870838824692e-05, 5.4560913984175174e-06]
[-5.439285028775373e-05, -8.223813087912535e-05]
[-2.8140186343450502e-05, 8.138329063461791e-05]
[-3.116549516121725e-05, 6.21330017575028e-05]
[3.593192121620348e-08, 6.895509673582323e-05]
[8.937755665969216e-05, 0.00010477061779878838]
[-1.954908689594248e-06, 2.57485018081427e-05]
[0.00014171471827295612, -4.018862738086604e-05]
[6.766904549659891e-05, -2.4338513277100127e-05]
[-4.235861108914385e-05, -1.144455083301743e-05]
[-7.837050064685158e-06, 0.00012025721828579083]
[-9.627900197095585e-05, 0.00010587165843700674]
[-9.02745194697463e-05, 4.948676477534164e-05]
[7.595582977693027e-06, 4.0190528387884505e-05]
[-6.616545233928406e-07, 1.5768152607842367e-05]
[2.0403575503813443e-05, -6.758428504352598e-05]
[0.0001797700931059354, 4.201230696998515e-06]
[2.4141568335522834e-06, -1.4107481804415123e-05]
[4.52283135399939e-05, 0.00013077068569455896]
[3.972670622115482e-05, 1.564719775903889e-05]
[-4.9333489656494534e-05, -2.3019226162102058e-05]
[3.809130213711792e-05, 9.180236592784552e-06]
[-1.1640318416605844e-05, -2.3540469002603093e-05]
[-4.792065041948901e-05, -8.869954174484107e-07]
[8.912915893222184e-05, 5.719929778158495e-07]
[5.311175634742371e-05, 8.384482238499302e-06]
[1.6943623988296963e-06, 0.00013788941500569862]
[8.622295219473664e-05, -5.034732602582359e-05]
[-9.656060551144208e-07, 2.083593047180754e-05]
[4.4068304962729954e-05, -6.305724008193181e-05]
[1.0843431639040446e-05, 2.6962626066384665e-05]
[-2.3832655793976087e-05, 2.036665832549911e-05]
[9.759446493406987e-05, -1.2589547246699695e-05]
[9.68957462341713e-05, 0.00011933233330523041]
[3.291162303409312e-05, 3.450067344945573e-05]
[9.302539012789879e-05, 3.528682701497976e-05]
[2.735445560807237e-05, -3.563828683172954e-05]
[8.552891785362782e-06, -4.3987483635710145e-05]
[1.7045471273305357e-05, 5.0128613091060537e-05]
[-0.00010077351774970267, 5.7737528329937504e-05]
[4.0358023434050594e-05, 4.0650003104963917e-05]
[5.381908848044181e-05, 8.04525643791354e-05]
[1.9117011459623967e-05, -1.4067861268785009e-05]
[0.00011213775499524514, -2.2575139024261226e-05]
[0.00010447111404721099, -7.442797993201244e-05]
[2.939193209477997e-05, -3.822308578182998e-05]
[3.065106639432713e-05, 2.0361903835733677e-05]
[-6.603996726584072e-05, 8.289945332529136e-05]
[-9.76175257809686e-05, 1.017971144345875e-05]
[2.3923423581706516e-05, 2.9456382289461125e-05]
[-6.657529426767894e-05, -5.726017968110675e-05]
[3.996804879280447e-06, -9.158166345946128e-06]
[7.019718540191011e-05, -1.533912944995386e-05]
[1.4949901326222204e-05, -3.179223112793721e-05]
[2.1921578597872138e-05, 7.996303578439168e-05]
[4.9362691908250156e-05, 3.59501219412417e-05]
[-6.340606043990157e-05, 4.741858712742353e-05]
[5.217893284237274e-05, -1.0271911721204674e-07]
[-2.0380310463655182e-05, -3.963960670172462e-05]
[-2.4747217248793918e-05, 6.114027179102144e-05]
[3.6160905665438836e-05, 6.1836789206626275e-06]
[2.4908919975752397e-05, 5.1440763070842443e-05]
[1.748360530018367e-05, 6.932784798463487e-05]
[4.306464917987196e-05, 5.1236135567678254e-05]
[-4.4116841246388816e-05, 7.365255256480685e-05]
[-6.274886684642933e-06, -7.102884378862306e-05]
[2.784699056901374e-06, 2.84286191705313e-05]
[-6.69191495483723e-05, -2.353179863856525e-06]
[5.2012414241575655e-05, 4.074016532318314e-05]
[1.4123628204520955e-05, 5.7059805292247745e-05]
[5.184658470991366e-05, 5.6338902535424396e-06]
[8.093852429968962e-05, 3.425129824979889e-05]
[-5.89248633886541e-06, -1.9180236192184452e-05]
[1.0368625081857985e-05, -7.068823752229281e-05]
[2.571717578039867e-05, 1.4526322116181767e-05]
[-9.937144510030471e-05, 1.598925752688274e-05]
[-2.6642253582301323e-05, 7.574747414196281e-05]
[-1.7557818351443544e-06, 3.494787061569804e-05]
[-9.837457834241392e-07, 1.4649431917472533e-05]
[0.00010805546757759396, -3.813288005190957e-05]
[6.388712699578747e-05, -9.786313215631726e-06]
[5.4894091152474234e-05, -5.59689452896972e-05]
[9.080955656437517e-05, 5.069099765359075e-05]
[9.199612493904219e-06, 2.710713743592219e-05]
[-5.4338648763474495e-05, 6.707542308234671e-05]
[4.322208347196099e-05, 4.59565548334151e-05]
[-1.319180397274522e-05, -3.0365980182245345e-05]
[2.758496545207656e-05, 9.465659649876557e-06]
[5.132485155123767e-05, -1.778407090158307e-05]
[-1.3172338286793206e-06, 1.461054499451997e-05]
[7.882690838301176e-05, 5.8795927646571045e-05]
[4.175612385526328e-05, 1.3558964274046348e-05]
[-1.575785332391666e-05, 6.219255803396884e-05]
[2.1605609550778837e-05, 6.729712946074162e-06]
[3.539821147709177e-05, -3.85535214737498e-05]
[-2.696594013307241e-06, 2.6000833647787935e-06]
[5.0842008330748145e-05, -4.446570544885953e-05]
[7.950894106711903e-06, 7.33808603598507e-05]
[6.477773247042656e-05, -1.6431743898925877e-05]
[5.8084651700429646e-05, 5.066435033761196e-05]
[-4.953382485911595e-05, 1.2536920917405325e-05]
[3.0928934879950742e-06, -3.234973503118965e-05]
[-1.5358072238624842e-05, -9.086574919991985e-06]
[-4.086362648145214e-05, -4.802619483446069e-05]
[6.17046646222974e-07, 2.6751935898780554e-05]
[-1.232057292055444e-05, 5.189105166314434e-05]
[2.339061875877846e-05, -1.8132417997640538e-06]
[0.00011221051938048454, 1.9843357223381375e-05]
[-2.6301672595652192e-05, -2.154337373849735e-05]
[5.1321550193828e-05, -2.502257601100233e-05]
[2.381479359103711e-05, -6.6797383777572605e-06]
[-5.1465695249719445e-05, 1.763058247937488e-05]
[-4.751876419550882e-05, 6.511457817781618e-05]
[-3.145813214699977e-05, 8.016192404219913e-05]
[-3.8833183249868675e-05, 1.4493541883320304e-05]
[6.374705618483745e-05, 1.014695653045461e-05]
[2.4882376039314646e-05, -4.690305337839984e-06]
[1.1939914234287974e-05, -1.2163376243878865e-05]
[8.046940457739904e-05, 5.06599868397295e-05]
[-4.803676203410379e-06, 5.7481583029816985e-06]
[-1.732089170342066e-05, 8.088035871273158e-05]
[1.30750012316376e-05, 4.084909528301317e-05]
[-1.6852721088089773e-05, -1.457436360413622e-05]
[3.3426475373743436e-06, 3.2146573174518522e-06]
[2.499353966944895e-05, -4.093098185886483e-05]
[-2.020919657075293e-05, 1.846852428255552e-05]
[3.717087430210597e-05, 3.437958310509304e-05]
[4.429537309391662e-06, -5.476850278962608e-06]
[-1.994435384133908e-05, 6.793406892202647e-05]
[5.4881189772704175e-06, -2.378963216737029e-05]
[-1.700434729501321e-05, 1.935037443234755e-05]
[-7.726570075528016e-06, -6.270152057122336e-05]
[4.423453523161314e-05, -1.7256338136317773e-05]
[1.9823902626669998e-05, 3.664701366518086e-05]
[5.099324585663978e-05, 1.1935843407528957e-05]
[6.363895635386196e-05, 4.18004776117642e-05]
[-4.518172454802405e-06, 1.6933202634294986e-05]
[5.6797536075001154e-05, -4.086914518669493e-06]
[-1.9481414960775822e-05, 2.51242596741863e-05]
[-3.160348611842834e-05, -4.5885511298582315e-05]
[3.607800083049728e-05, 3.8381892232430825e-05]
[-1.915583100663837e-05, 5.272734739980578e-05]
[1.3953195939664376e-05, 4.133197935451971e-05]
[7.788615634263252e-05, 2.0063666311020967e-05]
[3.91976376161729e-05, -1.403496171141494e-05]
[7.53340424363147e-05, -1.3587965083550202e-05]
[5.368689049212172e-05, -3.4922814827753612e-06]
[-3.6535927728120754e-05, -6.2113178337375174e-06]
[3.065064657215011e-05, 2.6870978037552007e-05]
[-1.815484917866428e-05, 6.597054979817774e-05]
[-4.3275321954805435e-05, -1.3331344925204824e-05]
[2.6421719904856644e-05, 2.495719228233495e-05]
[3.141419080507357e-05, -5.7258352023414893e-05]
[9.159599847929911e-06, -6.834233761465747e-06]
[3.865576315539854e-05, 5.86975631811093e-06]
[-8.074097982868622e-06, -1.1419689305125491e-05]
[1.6545208497826397e-05, 5.788939688467637e-05]
[2.9664671189531464e-05, 6.9795308824359414e-06]
[-3.9790298627662146e-05, -1.2728563103636681e-05]
[2.4801961842138565e-05, 3.6569933621333206e-06]
[1.9218794058972755e-05, -5.247659535029259e-05]
[2.0819487062312403e-05, 1.851933003205186e-05]
[1.92084117567326e-06, -8.595410247086432e-06]
[1.8074883772367656e-05, 4.666226202731938e-05]
[-1.3819120095570625e-05, 5.864792928764184e-05]
[1.5866919429674553e-05, -6.416460885505515e-06]
[-6.0192266853720255e-05, 2.7332908977384385e-05]
[-1.0613329430420038e-05, -2.781966236353739e-05]
[2.7261343240603253e-05, 1.216415068083787e-05]
[-9.299230392390001e-06, 1.505398353018883e-05]
[3.11071191541612e-05, 6.011432326369359e-06]
[3.545712811892088e-05, 7.868172900726833e-05]
[1.6055853485491545e-05, 2.3072535786927695e-05]
[5.1215260263526297e-05, -1.3207092165457013e-06]
[-1.530372980486361e-05, -2.612708523419549e-06]
[-3.713980874528455e-05, -7.589507771132986e-06]
[2.9167537461384507e-05, 3.1014149281430314e-05]
[-6.094244511094249e-05, 1.9993229142728497e-05]
[-1.9716406074399284e-05, 2.6444856643825787e-05]
[2.8745737779931058e-05, 3.9740719269543145e-05]
[9.936727219939101e-06, 4.377407494593477e-06]
[4.741042639697102e-05, -4.799284095935441e-05]
[3.6670797777693664e-05, 2.4334438748496723e-06]
[-1.6696593984621977e-05, -2.8197955690645315e-05]
[3.0235756891316967e-05, 5.162030728717015e-05]
[-5.245273052789656e-06, 2.4946496220978887e-06]
[-3.9090563404897694e-05, 8.109816455381669e-06]
[3.371138990848621e-05, 3.232208106856982e-05]
[9.47683410301714e-07, -3.8139137609638496e-05]
[1.316202756251883e-05, -1.1324571066444189e-05]
[2.6176268134503466e-05, 1.0663519295905921e-05]
[3.9005437337813476e-06, 2.642561477556038e-06]
[2.406036569292669e-05, 7.684361963988806e-05]
[1.7727425106306427e-05, -7.270771690326416e-06]
[-6.063228263492038e-06, 3.803092991930268e-05]
[3.238175464195803e-05, -1.058217242860815e-06]
[3.054295841868615e-05, -2.606872152918771e-05]
[2.3016278795369438e-05, 1.2156788146311381e-05]
[5.372601330261295e-05, -1.176400113134246e-05]
[2.582628857965806e-05, 5.891723302609009e-05]
[2.1748790016484776e-05, 2.637536702043697e-05]
[1.5205972934528855e-05, 1.3817068683863454e-05]
[-2.078976196440152e-05, 1.930257641734323e-05]
[-2.3061432073978594e-06, -3.072161929218442e-05]
[1.3612545134433773e-05, -1.297529798777175e-05]
[-3.8175985187072214e-05, -3.6012163494580918e-06]
[3.8706030581536766e-05, -3.041492654398681e-06]
[2.3856070619610037e-05, 4.643372052354211e-05]
[5.5020487554902076e-06, -5.737787361459468e-06]
[5.830704955345212e-05, -3.334714545829426e-06]
[1.0531595517726533e-05, -1.9206987610931314e-05]
[7.206900104250735e-06, -2.4382899392105806e-05]
[1.0924270791218271e-05, -6.922256300612162e-06]
[-4.334430847185988e-05, 2.0721565603010195e-05]
[-2.2587815031949177e-05, 1.3194318695772256e-05]
[3.281647861846926e-05, 5.094178266992766e-05]
[-3.5213549793716714e-05, -1.2640845501094011e-05]
[3.83132896131233e-05, -6.642046993882156e-06]
[2.670190015130469e-05, 7.729384868759848e-06]
[6.6436346802534185e-06, -2.3366017098847003e-05]
[1.574697929562774e-05, 5.3726576899920664e-05]
[-2.2164173796301867e-07, 8.151190912575323e-06]
[-1.0999176849546544e-05, 3.1373253707847604e-05]
[3.178520003443985e-05, 3.8612702818352496e-05]
[-2.0724337225663803e-05, -3.777485384509616e-05]
[4.600505212115635e-06, 2.1695793813725217e-05]
[2.5886122556606495e-05, -8.618293132367505e-06]
[-1.009821313835424e-05, 2.1649529695827452e-05]
[7.826003481425925e-06, 4.672703483921126e-05]
[-1.788664949831098e-05, 7.878662777488499e-06]
[-5.668085894416919e-06, 4.745860987609429e-05]
[3.2214290468512985e-07, -1.7576738579438977e-05]
[-5.946757918665058e-06, -1.6100291929055377e-05]
[-3.4886252603394396e-07, -7.326068012292186e-06]
[4.955196645403323e-05, -8.021248811072856e-06]
[7.319075384048385e-06, 3.158224245226014e-05]
[1.339404585951054e-05, 1.4160266833013191e-05]
[2.8956723500950243e-05, 1.4796233865632669e-05]
[-1.4817018180179886e-05, 2.9313725610269348e-05]
[1.1248305751540566e-05, -4.0460195736669036e-05]
[-1.2843611174595537e-05, -7.080124323155523e-06]
[-3.150279728664218e-05, -1.070496615263039e-05]
[1.7255897994061797e-05, 2.749212182515115e-05]
[2.870691229506228e-06, 2.364351175476731e-05]
[-8.69893004007416e-06, 1.7554492845128777e-05]
[6.570020840368507e-05, 5.289247653306184e-06]
[2.6854210166127324e-05, 1.9164126304316298e-05]
[1.9171550105667734e-05, -4.1033917468319414e-05]
[3.5587268472137e-05, 4.090955672664265e-06]
[-1.3916864253005201e-05, 1.9617394882792683e-05]
[9.189311301838199e-06, 3.0382667288719745e-05]
[1.342857933561703e-05, 4.717383779817563e-05]
[-1.5308397747049174e-05, -2.470231336149098e-05]
[3.140176160362773e-05, 2.990696125063086e-05]
[3.3292307408217675e-05, 1.2461304055716438e-06]
[-8.625982864586546e-06, -2.7381386210681424e-05]
[3.933052379057056e-05, 3.086489075077026e-05]
[2.8870935841196488e-06, 2.6643769763246006e-06]
[1.3514537060665965e-05, 3.711510014331454e-05]
[1.3895308424133335e-05, 3.254213021608443e-06]
[-6.782272856775684e-06, -4.39561175845718e-05]
[2.6044521756196648e-05, 1.6803109142204953e-05]
[2.0262528901859866e-05, -3.4130425130340925e-05]
[-1.8846670204464289e-06, 8.162410523482322e-06]
[1.6464627556334044e-05, 3.85722821483192e-06]
[3.6838835121288938e-06, 1.8539205467016373e-05]
[-2.1712100663151546e-05, 3.016789720267088e-05]
[3.4719744660405283e-06, -2.148428143564085e-05]
[-2.5795329801625577e-05, -1.1806872389885648e-05]
[9.7432959458299e-06, -7.711752200378896e-06]
[1.890593707044863e-05, -1.2057557881584025e-05]
[-8.080565075396784e-07, 2.747967237204385e-05]
[1.9064475161617578e-05, 1.8594640424668407e-05]
[4.924421272022028e-05, 3.188053215499864e-05]
[-9.89303699659716e-06, 1.8677247038856315e-05]
[2.8068326349238448e-05, -1.111875773548987e-05]
[-5.758719487380937e-07, -1.5795150650754763e-06]
[-2.2240835437200082e-05, 4.070841033432249e-06]
[-1.2459241988116432e-06, 8.848232430913594e-06]
[-2.399487241774856e-05, 4.6676255279320955e-05]
[-1.4481475774985597e-05, 2.7420178121019892e-05]
[3.5728538952506383e-05, 1.755654923940586e-05]
[8.582156301506494e-06, 3.4939775809261775e-06]
[2.0473530867315404e-06, -3.04805549466991e-05]
[3.8336049040799125e-05, 2.0966797390054026e-05]
[-1.6401201911042662e-05, -1.37476909479739e-05]
[4.982031145406296e-06, 1.3590628047066566e-05]
[-4.034838203215152e-06, 3.960687213031347e-05]
[-1.8584708693397678e-05, -1.0983987025592334e-05]
[1.7027480701536923e-05, 1.847650705613657e-05]
[1.102796009976037e-06, -2.695898865257007e-05]
[-8.51707579030414e-06, -1.19377117734909e-05]
[2.539458199300043e-05, 3.836300570723983e-05]
[-2.9150769270958055e-06, -1.88136878169487e-05]
[5.812745391131635e-07, 4.013125397442363e-05]
[9.38995487651667e-06, -3.259550236944797e-06]
[-1.367029520621399e-05, 1.1501788556134152e-05]
[3.0325926288515825e-05, -8.448352528223069e-06]
[1.3910981172093884e-05, -2.2774562763505646e-05]
[1.4755009088762705e-05, 1.2651388661355512e-05]
[3.5601433899357104e-05, 2.259426615089377e-05]
[1.3040173213574313e-05, 1.71642767672342e-05]
[-1.908239110393062e-06, 2.8367487325542395e-05]
[1.810489186715447e-05, -1.394806788401759e-06]
[-1.4480693277918455e-05, 1.1720155864369808e-05]
[-5.081265539774726e-06, -1.0915477237499749e-05]
[2.0543033594944138e-05, -1.3890449654607728e-05]
[-1.7354268958880148e-05, 2.3250320090165144e-05]
[3.245644205297771e-05, 2.520124862137596e-05]
[2.7664977126584667e-05, 2.4158377366856332e-05]
[1.9141165101807522e-05, 6.5336254752579315e-06]
[4.1227303923890846e-05, -1.3427336010313207e-05]
[2.3895023808834584e-05, -1.0229206213061004e-05]
[-1.703030386261163e-05, -1.0084134027048622e-05]
[1.15628017638425e-05, -1.5334841751146744e-05]
[-1.2783027269362701e-05, 3.639013653600198e-05]
[-1.7997074163278448e-05, 6.942994758840637e-06]
[1.827249281829979e-05, 2.3922022096778406e-05]
[-3.2688125878310714e-06, -1.5930387265980506e-05]
[2.0890173415555324e-05, -2.9860961258787455e-05]
[2.2439620923742076e-05, 1.4842621976429715e-05]
[-7.017991002444823e-06, -2.6728375901896584e-05]
[7.10421723182364e-06, 1.5067218592623721e-05]
[1.7058161140948158e-05, 2.205378242464695e-05]
[-2.291138068777343e-05, -2.9196794220087696e-06]
[1.7722564712774336e-05, 2.7035481653781e-05]
[-6.57580159324489e-06, -3.349475885217057e-05]
[1.9008841719903025e-05, 1.0444581048957291e-05]
[1.7828716390090593e-05, 1.704769044064136e-05]
[-1.0421524259951465e-05, 7.418357917621243e-06]
[4.015297090410874e-06, 3.188388627731187e-05]
[6.995822853822498e-06, 1.2611140425000666e-05]
[-2.3457880864590636e-05, 2.3674361671485733e-05]
[4.913125421529552e-06, 1.213974225033887e-06]
[7.3203100001140164e-06, -1.653278230931421e-05]
[6.878425955696155e-06, 1.3087999953254048e-05]
[3.5941038645237455e-05, 1.255607699660044e-05]
[-2.679826991675016e-06, 1.913637963579795e-05]
[9.321628536285154e-06, 1.956744215302758e-05]
[2.525939220132667e-05, 4.114828622614475e-06]
[-1.9979475881726216e-05, 3.4012955672790834e-06]
[-1.770130925105029e-05, -1.4520214301039225e-05]
[-2.1812098015550063e-06, -1.6353689078929534e-05]
[-3.133567619462152e-05, 1.0399422090301425e-05]
[4.242708569246467e-06, 2.1241494964074903e-05]
[4.7644632985566204e-06, 1.463870395622402e-05]
[4.77668393905617e-06, 1.8991238568744073e-05]
[4.145349001882792e-05, -2.228584387004018e-05]
[1.757105452728641e-05, 1.1567415851843066e-06]
[-2.2466191163528215e-06, -2.611658211221224e-05]
[1.2899225835326378e-05, 8.114373128809138e-06]
[-1.7576546321035336e-06, 2.3360574570988057e-05]
[-1.3275769561713058e-05, 1.1159251288889172e-05]
[1.6125962216603784e-05, 3.571121918524711e-05]
[-5.2847041133174955e-06, 2.1168717374009383e-06]
[2.213783827099275e-05, -1.3451759319438317e-05]
[2.452847703571237e-05, 1.3730211488149902e-05]
[-1.2079409042742295e-06, -1.921953943684329e-05]
[2.168496830357025e-05, 4.0423981947368404e-05]
[4.073262708681469e-06, 5.381891281297513e-06]
[-1.6997894802806002e-06, 6.8436213964129244e-06]
[1.3479736884369764e-05, 2.1964100479276993e-05]
[5.794465141928384e-06, -1.488835288132595e-05]
[1.676356632451803e-05, 2.911629349122702e-06]
[3.737533427333739e-05, -1.7782598014104423e-05]
[-3.950666836338712e-06, 1.2973715643224693e-05]
[1.886145148832785e-05, 2.1185191756867283e-05]
[-8.664832383820098e-07, 4.181687622673014e-06]
[-1.7183155413220963e-05, 5.576547825181244e-07]
[5.350976052254097e-06, 1.0601101254892331e-06]
[-6.6454848336866545e-06, -1.0479454770034868e-05]
[-4.993569882857929e-06, -7.636906685329348e-06]
[3.2223854504354055e-05, -1.1105703988739668e-05]
[1.0243125920517127e-05, 1.4273835930472822e-05]
[1.1469316300305454e-05, 2.4255148830171214e-05]
[4.05900209129173e-05, -1.5773223529524927e-06]
[-9.134231983898289e-06, -1.1422128345761617e-05]
[1.4272823665950618e-05, -7.04606333346014e-06]
[-1.3284833417004371e-05, -1.0003934847069296e-05]
[-2.5124234814932755e-05, 1.1667702669693192e-05]
[-4.296536973980025e-06, 5.749794853737722e-06]
[6.940280232958784e-06, 3.3420516336257755e-05]
[-1.0091885797591793e-05, 2.287982068882588e-05]
[2.7577174521953296e-05, -4.301564759445764e-06]
[1.74948344103254e-05, -9.043391692165059e-07]
[8.147391069135423e-06, -2.0139340516284188e-05]
[1.2280507298206844e-05, 1.6578445160675415e-05]
[-1.2474019655872581e-05, 2.1200543596194832e-05]
[6.34715583029688e-07, 5.593299754913517e-06]
[8.766395599546506e-06, 3.979116585139941e-05]
[-1.1593023560015764e-05, -7.027526025877098e-06]
[6.638670212032356e-06, 9.380032598002228e-06]
[1.9791874706132084e-05, -4.765550714297406e-06]
[-6.80919590115292e-07, -1.5015534311046963e-05]
[9.323270209526946e-06, 2.6979216948941342e-05]
[-1.9122924462336433e-05, 2.430526256258503e-06]
[-8.882324040948575e-06, 1.913151143499714e-05]
[6.694429125320145e-06, -8.941787663641065e-07]
[-1.581745032941395e-05, -3.7101528231331393e-06]
[8.158603115537844e-06, -2.7872437782239246e-06]
[2.870371152086104e-05, -1.232025583713936e-05]
[9.033044425899028e-06, -5.270521889089164e-06]
[1.4937037638329542e-05, 1.6178760534502068e-05]
[3.5288596219595902e-06, 1.1211053369639123e-05]
[-1.7142392646884996e-05, 1.6669141498781848e-05]
[1.5018981155856537e-05, -4.4655364085932625e-06]
[-1.9657722975893743e-05, -1.5226028349801801e-06]
[-1.66339659106729e-05, 2.3711516580759984e-07]
[2.379924394114996e-05, 7.665535637912946e-06]
[5.812618517841983e-06, 6.931310199603802e-06]
[2.1250668210365947e-05, 3.231286298758379e-05]
[3.506629838417874e-05, 9.316021119767925e-06]
[1.2470062945801885e-05, 8.310973071190553e-06]
[2.4865899551754916e-05, -1.477827944640353e-05]
[8.97451168779817e-06, -6.644907358188679e-06]
[-2.1445538795988872e-05, 1.1525793322753053e-05]
[7.742620538597755e-06, 5.106025082482479e-06]
[-1.5522901827824676e-06, 3.0110635637070615e-05]
[9.350667065088913e-07, 5.869716168560579e-06]
[1.518531957456215e-05, 5.012467703235934e-06]
[1.3764910099633987e-05, -6.226000556774913e-06]
[7.401223433456394e-06, -2.9101675413145678e-05]
[2.013545496987179e-05, 7.127391096206637e-06]
[-1.0665374573504138e-05, -3.801712936367385e-07]
[1.7692419607973076e-06, 5.718673244170525e-06]
[5.385449879491411e-06, 2.021735029572591e-05]
[-4.769852170903241e-06, -1.5208756364293308e-05]
[2.188857436846714e-05, 9.418385287174313e-06]
[9.134284048785413e-06, -1.8606874360393988e-05]
[1.3592794046057843e-05, -6.190220122201384e-06]
[1.5079822006242027e-05, 6.184419139840247e-06]
[-4.029321935675179e-06, 6.2677676805900084e-06]
[-1.974493883694084e-05, 2.3401600994815697e-05]
[4.779238839279845e-06, 6.4235647735944035e-06]
[-1.8656590519250393e-05, 4.023366785316229e-06]
[1.4889811937451869e-05, 9.339729968305122e-07]
[1.4105670713027152e-05, -6.414226469918932e-06]
[6.18847397637623e-06, 1.855332029343515e-06]
[2.9483936080376694e-05, 9.254275714187798e-06]
[1.657940300314742e-05, 1.9134231407924585e-05]
[-1.3054634106723917e-05, 1.7371523656661836e-05]
[1.0236118940798455e-05, 9.686832353361652e-06]
[-1.3568039884725991e-05, -1.1680672831859695e-05]
[-2.0036498100339806e-05, 5.8178283579707335e-06]
[3.4410695904651956e-06, 1.1149991806513881e-06]
[-2.0359462768460013e-05, 1.4159393959323197e-05]
[1.799059301742928e-05, 1.7141468986570096e-05]
[2.1322989461003417e-05, 1.1094594438404437e-05]
[1.3750406912746427e-06, 1.1231773375697252e-05]
[1.3965322030341093e-05, -1.975979411920903e-05]
[1.113346934306092e-05, -6.41236804954648e-06]
[-1.1264961613924318e-05, -5.154389716766072e-06]
[-2.758432123939336e-06, 1.0091292277109032e-05]
[-8.246399893392653e-06, 2.24225973076142e-05]
[-2.9379808477170144e-06, -7.63345670840021e-08]
[1.7892584253442756e-05, 8.744048749731448e-06]
[-6.6126726006032754e-06, 3.7082660561682523e-07]
[9.538266128816808e-06, -2.134225713301685e-05]
[1.3223814395613154e-05, 1.2681921839174937e-05]
[-6.1167530769346e-06, -1.0778118869181341e-05]
[-4.918461907199578e-06, 2.7615188480822894e-05]
[-3.849511313824827e-06, 1.1128416777750338e-05]
[1.8120060846227304e-07, 6.740526601989316e-06]
[2.404022484592261e-05, 6.377528547735212e-06]
[1.1954059223620583e-05, -8.573725643779007e-06]
[1.642756704617332e-05, 3.4691590138080652e-06]
[3.3704599514697287e-05, 1.6438697962861681e-06]
[-4.892360966068932e-07, 7.144978836581828e-06]
[-4.540179472464594e-06, 2.2810649576971483e-05]
[-2.4272988846697763e-06, 1.588171144170647e-05]
[-9.577314057845898e-06, 9.416367496933864e-06]
[3.5810058575599935e-06, -5.712276797298355e-06]
[1.2508102860075976e-05, -1.0576286648911193e-05]
[-4.329946579575972e-06, -9.108625670384285e-07]
[3.8194069279628984e-05, 6.725327558076977e-06]
[1.7504697633896615e-05, 2.1237790901462716e-06]
[1.6583629917077403e-06, 8.368921577239785e-06]
[1.8979543761621365e-05, 6.033040641395537e-06]
[-6.659175036838327e-06, -1.2942897718193347e-05]
[-8.11586199667147e-06, -1.1828690826443111e-05]
[-2.196221512873464e-06, -1.4789246873481154e-05]
[-1.5695500807932916e-05, 1.8091202418024643e-05]
[7.390934971068797e-06, 8.151434067293906e-06]
[1.9247593390891993e-05, 8.606271209854466e-06]
[-4.245457214058224e-06, 1.4423436644483978e-06]
[2.120650098658139e-05, -8.481029168588838e-06]
[5.4990278047645225e-06, 3.976806261879462e-06]
[1.373082783417967e-06, -1.5204189235590304e-05]
[3.7997761480230985e-06, 9.42202886357324e-06]
[-1.7096253348558577e-06, 2.7095100299912023e-05]
[-1.445187785553692e-06, 4.060488274199026e-06]
[1.9623374737889887e-05, 1.803720639381723e-05]
[-1.297140141853781e-06, -9.1935468490012e-06]
[1.7159789463705444e-05, 5.194221830984169e-06]
[7.5522172364728135e-06, 4.7659035384423065e-06]
[-1.0421098012802776e-05, -4.423946052711791e-06]
[1.3878579296910942e-07, 2.1089432135495967e-05]
[-1.5855767228845075e-05, 1.2700416680944127e-05]
[-1.1928557653195782e-05, 1.3596386873759858e-05]
[6.829793217533187e-06, 4.068359000519717e-06]
[1.0037366350523769e-05, -1.124177910516444e-05]
[1.1776300696819675e-05, 2.506349268648067e-07]
[2.350161873426737e-05, -9.59041798531679e-06]
[-3.9509805241921825e-06, 3.891428077024139e-06]
[4.570819837228235e-06, 1.5668164839610643e-05]
[1.2505588067868167e-06, 1.2317044688986423e-05]
[-2.6095064166516135e-05, 6.596567033223533e-06]
[-4.833556506919634e-06, -3.3231968568220305e-06]
[7.820089285986986e-07, -6.620000684298688e-06]
[-6.550421060333433e-06, -7.907247468574852e-06]
[1.4712575900632796e-05, 9.526734215753452e-06]
[1.0580949674271131e-05, 4.8489382164507155e-06]
[9.03071463098648e-06, 2.4274843051730333e-05]
[2.7942844255612886e-05, -3.789428481115742e-06]
[-1.0528550771216061e-05, 2.527047065652155e-06]
[-8.440716093849332e-07, -1.0806371013027949e-05]
[8.852593266661657e-06, 1.8009856797007728e-06]
[-7.728344623481043e-06, 1.1054988209080463e-05]
[3.2991556322414795e-06, 6.615548073907185e-06]
[7.345137740144558e-06, 2.3947255482437146e-05]
[6.884358066006069e-06, 6.488268918802831e-06]
[1.8009750965108928e-05, -5.434705154169772e-06]
[4.35302377285729e-06, 5.507854892394803e-06]
[-5.753865611524134e-06, -1.1708910698987607e-05]
[1.9789091675131987e-05, 1.6244575253565596e-05]
[-8.648592766918872e-06, 6.346731119405424e-06]
[5.566758651275733e-06, 3.5417993047848206e-06]
[1.1076664166716904e-05, 1.698580629605484e-05]
[1.2183359786518966e-05, -1.1842402664052898e-05]
[2.3442400517451056e-05, 6.831762599801561e-07]
[1.0503006617645916e-05, -1.2969408497459645e-05]
[-3.205466120495548e-06, -2.7617585453554305e-06]
[7.056730656485044e-06, 1.070129084022875e-05]
[-1.275203757586385e-05, 5.589291798280271e-07]
[-1.8249895826771834e-05, 1.2346197202917075e-05]
[7.010530386319935e-06, 2.7916913263315024e-06]
[-1.8315438099492098e-07, -8.910691437713503e-06]
[1.3986467618742893e-05, -9.249245338016632e-06]
[1.766764665456222e-05, -1.2563495615680598e-05]
[9.371503346677912e-06, 3.577384291880703e-06]
[1.1430045200933048e-05, 1.409769348281742e-05]
[1.2481030226441092e-05, 1.2265552954776604e-05]
[-1.9053858478446095e-05, 5.714090259179017e-06]
[6.511194056146863e-06, 7.672915786433032e-06]
[-4.615176007104205e-06, -9.558212601956662e-06]
[-9.675168069545048e-06, 1.915965060939051e-06]
[1.0365982481007167e-05, 2.2076298823309193e-06]
[5.994347761459004e-06, 2.0640167591956526e-05]
[7.790134583962605e-06, 1.9766972091328494e-05]
[1.6494411762393857e-05, 2.379439008270978e-06]
[-4.0617182382463035e-06, 5.656451723262679e-06]
[3.3467653556829013e-06, -9.015982415594426e-06]
[8.23196708199525e-06, 3.0596458748671784e-06]
[-1.3588068745351567e-05, 3.743277761980579e-06]
[5.383260330726891e-06, -2.1485535663390287e-06]
[2.774321549825487e-06, 2.6437965671144426e-05]
[-2.2093747902296457e-06, -3.358373732054165e-06]
[9.522000930295427e-06, -2.8582252847852985e-07]
[-3.9076265791471165e-06, -2.3972717297926494e-06]
[-3.815047319610798e-06, -1.0124128279748179e-05]
[4.153453085214975e-06, 1.5011127759478882e-05]
[-1.885650439270581e-05, -8.116494997489898e-06]
[-1.6505669372945952e-06, 1.1921658888913722e-05]
[7.375652100793939e-06, 1.0568293675128348e-05]
[1.3651654109936295e-07, -2.549428992637548e-07]
[2.3794751415354143e-05, -8.92043822753319e-07]
[1.1323366458287909e-05, -9.564165929509816e-06]
[8.677780808426933e-06, 1.8944005182597312e-07]
[8.334232939943842e-06, 1.4191654041623147e-05]
[-8.153002402193354e-06, 2.467611872503106e-06]
[-1.1075858871834043e-05, 2.309418074825098e-05]
[5.14787038756459e-06, 9.243747051579376e-06]
[-7.912535563758816e-06, 1.6479061624372071e-06]
[4.614214334230926e-06, -6.877898012569439e-06]
[2.0466506287730724e-05, -3.62767001679809e-06]
[4.318001489700407e-06, 1.6545841344250967e-06]
[1.9459645636321632e-05, 1.6939099535373536e-05]
[9.564037006803972e-06, 8.402927662576332e-06]
[1.6065256533415173e-06, 1.1617654966600277e-05]
[7.158606650348176e-06, -2.775731173625118e-07]
[-4.321950316243939e-07, -1.421868691797723e-05]
[-1.0493910292619368e-05, 1.5280795606642528e-07]
[1.6093911378977505e-05, -5.6345066086205264e-06]
[-9.018532278748381e-07, 1.6538804716942357e-05]
[4.243587195786047e-06, 2.713449892832731e-06]
[1.1482497278808568e-05, 5.041513349429705e-06]
[8.280934968574183e-07, 7.78710126995985e-06]
[8.349143898293832e-06, -2.022820649950907e-05]
[3.466875993896057e-06, -9.24567638560525e-08]
[-5.224204594345659e-06, -4.794338847813329e-06]
[1.0457739623215279e-05, 3.3355735833684452e-06]
[8.58473631937251e-06, 1.3339945902579586e-05]
[-5.334684691105096e-06, -1.104895430004832e-05]
[2.11785659193775e-05, 1.2959883923913118e-05]
[-7.716753426256773e-07, -1.6411259710080728e-06]
[8.612491024018176e-06, -6.776280845777194e-06]
[-1.306364874720245e-06, 3.1244609051683803e-06]
[-1.4452448447555e-05, 1.1311591996410186e-06]
[-3.272270566734292e-07, 2.037500120033453e-05]
[5.828388711659471e-07, 8.433745329043674e-06]
[-6.14055158310034e-06, -1.2936193478640945e-06]
[1.9012242587823636e-05, 1.2191854270010571e-05]
[1.4044619440801986e-05, -7.083083024328474e-06]
[7.796006832400115e-06, -1.0931654309265237e-06]
[1.4767606639327913e-05, 1.1337474479164444e-06]
[-4.5156157869596925e-06, 1.218787433025087e-05]
[-2.3651587417045095e-06, 2.0586709968128947e-05]
[-8.088929862384853e-07, 9.366271851468655e-06]
[-1.4476171794453041e-05, -8.16677191012305e-06]
[-1.7425545106031226e-06, 8.875479262093755e-07]
[6.741503395746307e-06, -6.730409461419562e-06]
[-6.906004232309915e-06, -2.2384661207408563e-06]
[1.0969169106589405e-05, 1.043643129881866e-05]
[7.34939293345338e-06, 5.755937509899223e-06]
[-3.242799395120066e-06, 1.722119466962546e-05]
[5.968418576918211e-06, -1.1508899219025981e-05]
[-4.596141749579896e-06, -6.66494285689323e-06]
[-7.549203813184135e-07, -5.2969378388223465e-06]
[5.7610237371164e-06, -3.475844596090294e-06]
[-4.678623322984521e-06, 1.5220029737153529e-05]
[8.640617418717578e-07, 2.3302123847157574e-06]
[1.3627679990690922e-05, 1.2579860886735572e-05]
[-5.807426034162844e-06, 1.2408844566852428e-05]
[4.996569138659979e-06, -1.2268007965138272e-05]
[5.138038984905599e-06, 1.260566946535268e-05]
[-2.058828350911396e-06, -8.75783558671947e-06]
[1.0092396787730884e-05, 1.2983592795640098e-05]
[-2.5900986870552867e-06, 9.546196735682466e-06]
[6.556213552111334e-06, 2.4614405672584994e-06]
[2.3097303165672822e-05, 1.4248230372326809e-05]
[5.660640225335634e-06, -3.1735973537033724e-06]
[7.3308447625097806e-06, -1.0231049328290887e-06]
