[77.00020402611872, -863.9375085010882]
[-0.4802982514907512, -6.836843486351757]
[-0.44681684912040964, -6.3732148566957]
[-0.11428004586145235, 0.011403335082183802]
[-0.12864295818833815, 0.011352939547924601]
[-0.044499866396208176, -0.7431140533952982]
[-0.03904577024698597, -0.7258659667090086]
[-0.028134249991994542, 0.0028662407225336917]
[-0.03259629359556504, 0.002811432801585745]
[-0.01625723187614625, -0.266308305885814]
[-0.013258713250266396, -0.26254960439288233]
[-0.012176132665118855, 0.0012775816615319402]
[-0.014815066394268883, 0.0012373880568215534]
[-0.008534170226468518, -0.13560540453199232]
[-0.006446310783687181, -0.13421751381305258]
[-0.006645697055081556, 0.000719563814553903]
[-0.008536731421656674, 0.0006884596931541198]
[-0.005324677783356435, -0.08194289745212702]
[-0.0037180783141330664, -0.08127852899740118]
[-0.004118249343785629, 0.0004604517986362966]
[-0.005598405322837063, 0.0004352138818775608]
[-0.003677082054053926, -0.05481548745108866]
[-0.0023697763579626496, -0.054443833322847635]
[-0.0027644703258239423, 0.0003192698565510077]
[-0.003983122026766095, 0.0002980781331831106]
[-0.002714706359149943, -0.039226875894791347]
[-0.0016120419891478832, -0.03899606694535285]
[-0.0019602287975162835, 0.00023388904068510907]
[-0.002997112626287768, 0.00021564230681475616]
[-0.0021011793190943706, -0.029452480124601]
[-0.0011474681177574553, -0.029297940568665082]
[-0.0014462513437717983, 0.00017831220412428683]
[-0.002349148374208132, 0.00016229983978433005]
[-0.001684483934504044, -0.022923077439016115]
[-0.000844129801993887, -0.022813547145248636]
[-0.0010994421673424792, 0.0001400993614943391]
[-0.001899334145274434, 0.0001258381217041915]
[-0.0013875627474959629, -0.01834640086355599]
[-0.0006364074719424906, -0.018265231501725543]
[-0.0008553978113882421, 0.00011268812822212704]
[-0.0015735584682722292, 9.98352390734758e-05]
[-0.0011678751312071967, -0.015014837595327624]
[-0.0004887605141945528, -0.014952487387021263]
[-0.000677833012575485, 9.234963687493325e-05]
[-0.0013295208880921838, 8.065348604369138e-05]
[-0.0010003305025474418, -0.012514511318383326]
[-0.00038062658045667774, -0.012465183180303985]
[-0.0005450746655867589, 7.683715026407523e-05]
[-0.0011416160529316155, 6.610774784815421e-05]
[-0.0008693276770177505, -0.010590242888882107]
[-0.00029946528919744253, -0.01055024350637801]
[-0.0004435502117696166, 6.473112061261554e-05]
[-0.0009935891523912554, 5.482157472880278e-05]
[-0.0007647375895967201, -0.009077757727505409]
[-0.0002372917120361251, -0.009044639348262162]
[-0.00036442074901402166, 5.5098711593259964e-05]
[-0.0008747072578301762, 4.58931527684836e-05]
[-0.0006797427290106128, -0.007867422867040896]
[-0.00018883552329818087, -0.007839508209030344]
[-0.00030173743934647224, 4.730632744137653e-05]
[-0.0007776451117367245, 3.8711772440302994e-05]
[-0.0006096123339798254, -0.006883803645071629]
[-0.0001505106728707517, -0.006859910056402407]
[-0.0002513824994241909, 4.091131336392273e-05]
[-0.0006972601046418836, 3.285202517000485e-05]
[-0.00055097660974468, -0.006073617609094251]
[-0.00011981262323956798, -0.006052890285100476]
[-0.00021043564198444664, 3.5596790329661676e-05]
[-0.0006298528958853522, 2.8010270703426876e-05]
[-0.0005013800681163971, -0.005398363093447822]
[-9.495214446619826e-05, -0.005380170645353788]
[-0.00017678156473305284, 3.113104593377436e-05]
[-0.0005727052148250811, 2.3965125714897617e-05]
[-0.00045899750843414466, -0.004829658574549145]
[-7.462544414682526e-05, -0.004813525616491732]
[-0.00014885927386591724, 2.734144553778739e-05]
[-0.0005237819843322, 2.0552131273388063e-05]
[-0.000422448186478519, -0.004346210608575096]
[-5.786570297416915e-05, -0.004331773058720234]
[-0.00012549766278217855, 2.4097218052521185e-05]
[-0.0004815341385236427, 1.7647071089588184e-05]
[-0.0003906711287546827, -0.003931791012272368]
[-4.394474769942036e-05, -0.00391876574184824]
[-0.00010580509063681798, 2.1297825257782232e-05]
[-0.00044476496768131035, 1.5154722989962899e-05]
[-0.0003628395830528319, -0.003573856849288626]
[-3.2306461055675584e-05, -0.003562020631808105]
[-8.909364905680672e-05, 1.8864935808549088e-05]
[-0.000412537590652462, 1.3001111970778467e-05]
[-0.0003383011368152111, -0.0032625899441842687]
[-2.2520776619572302e-05, -0.003251764573813487]
[-7.482623013595202e-05, 1.673678057001471e-05]
[-0.00038410967461435797, 1.1128072493760133e-05]
[-0.000316535042008681, -0.0029902162534753973]
[-1.4251319965907783e-05, -0.0029802578415859537]
[-6.257889551519735e-05, 1.4864116280433048e-05]
[-0.00035888658493710146, 9.48936782768639e-06]
[-0.000297121304121184, -0.0027505156375641493]
[-7.232276196589282e-06, -0.0027413067928242496]
[-5.201370678471762e-05, 1.320729153908573e-05]
[-0.00033638723663809156, 8.047874651362363e-06]
[-0.0002797179589215659, -0.002538463508564487]
[-1.251607522512188e-06, -0.00252990754143545]
[-4.285883112110922e-05, 1.173408564175693e-05]
[-0.0003162188501750762, 6.773513334668024e-06]
[-0.00026404414162506384, -0.0023499653128495612]
[3.86128695684107e-06, -0.002341981883751343]
[-3.489378523435782e-05, 1.0418095443553987e-05]
[-0.00029805804709345796, 5.641706064429819e-06]
[-0.00024986731473752855, -0.002181657348898164]
[8.244757871977981e-06, -0.0021741791607784444]
[-2.7938360242049654e-05, 9.237516196192175e-06]
[-0.00028163652432763864, 4.63221376900691e-06]
[-0.00023699352308081956, -0.0020307556326852327]
[1.2011822327018251e-05, -0.002023725889210959]
[-2.1844218321576125e-05, 8.17421190169032e-06]
[-0.0002667300790126781, 3.728251022405704e-06]
[-0.00022525987988952778, -0.0018949400084014162]
[1.5255426538907102e-05, -0.0018883104402986906]
[-1.6488451828194917e-05, 7.21299700662259e-06]
[-0.0002531501145510151, 2.9158034283716106e-06]
[-0.00021452871677318797, -0.0017722644126568349]
[1.805248871722398e-05, -0.0017659937304628226]
[-1.1768600298153742e-05, 6.341077061766676e-06]
[-0.0002407370051224489, 2.1830970956537854e-06]
[-0.00020468298759990233, -0.0016610867601136448]
[2.0467033171378546e-05, -0.0016551394303484512]
[-7.598761793181641e-06, 5.5476104645069135e-06]
[-0.00022935486671163408, 1.5201838188816374e-06]
[-0.00019562262717354173, -0.0015600136944941972]
[2.255264017492209e-05, -0.0015543589635540478]
[-3.9065333901910915e-06, 4.823360207795169e-06]
[-0.0002188874026959331, 9.186120232818062e-07]
[-0.00018726164354365693, -0.0014678567103793422]
[2.435437609449309e-05, -0.0014624678199208763]
[-6.305858582245083e-07, 4.160416555099022e-06]
[-0.00020923457812389856, 3.71165262025297e-07]
[-0.0001795257791745719, -0.001383597046140439]
[2.5910325047728833e-05, -0.0013784505977597616]
[2.281272653503752e-06, 3.5519741630740675e-06]
[-0.000200309938324289, -1.2834754115065294e-07]
[-0.00017235061650433536, -0.0013063574019179375]
[2.7252812865974363e-05, -0.001301432839175165]
[4.873652883957691e-06, 2.992151205527538e-06]
[-0.0001920384324735902, -5.852620256208141e-07]
[-0.0001656800336395925, -0.001235379005833613]
[2.8409391341188694e-05, -0.001230658189206646]
[7.184842998927965e-06, 2.475843172422554e-06]
[-0.0001843546360218301, -1.0041954225936678e-06]
[-0.00015946493769947168, -0.001170002904176154]
[2.940363461689799e-05, -0.0011654697601372055]
[9.247832528785915e-06, 1.998602197961219e-06]
[-0.00017720129010534436, -1.3891594961012999e-06]
[-0.00015366222002688446, -0.0011096546077622033]
[3.025578711390864e-05, -0.0011052948373785343]
[1.1091150019515439e-05, 1.5565376647597162e-06]
[-0.0001705280947603971, -1.7436533951697974e-06]
[-0.00014823388956886063, -0.0010538314254523833]
[3.0983293668018774e-05, -0.001049632261087896]
[1.273955182351516e-05, 1.1462347924151572e-06]
[-0.00016429070663098733, -2.0707395002039775e-06]
[-0.00014314635046908109, -0.0010020919591083623]
[3.1601235384481896e-05, -0.000998041960236118]
[1.4214591445897706e-05, 7.646860291088409e-07]
[-0.00015844990220671706, -2.37310727757567e-06]
[-0.00013836979684445083, -0.0009540473496422045]
[3.212268980590238e-05, -0.0009501362306365557]
[1.5535092332284728e-05, 4.092335844085859e-07]
[-0.0001529708759859666, -2.6531266708040846e-06]
[-0.00013387770355954842, -0.0009093539463184688]
[3.2559029714107623e-05, -0.0009055724305401247]
[1.6717542110411543e-05, 7.752254299608907e-08]
[-0.0001478226492770407, -2.912891478579205e-06]
[-0.00012964639561285907, -0.0008677071442329716]
[3.2920172394756975e-05, -0.000864046839842425]
[1.777642301931115e-05, -2.3254083575396933e-07]
[-0.00014297756977446618, -3.154258023552181e-06]
[-0.00012565468276504177, -0.0008288361785404735]
[3.321478813678169e-05, -0.0008252894723581594]
[1.8724489682243883e-05, -5.228227816789222e-07]
[-0.00013841088654212297, -3.3788761881758944e-06]
[-0.00012188354818354341, -0.0007924997107044696]
[3.345047542602231e-05, -0.0007890596771262803]
[1.9573003635565966e-05, -7.949906249415939e-07]
[-0.000134100387515379, -3.5882157396471825e-06]
[-0.00011831588197219745, -0.000758482073527092]
[3.36339088478077e-05, -0.0007551423960608927]
[2.0331932220549187e-05, -1.050538901203879e-06]
[-0.00013002608903162072, -3.78359044034271e-06]
[-0.00011493625253278239, -0.0007265900621997168]
[3.37709641549111e-05, -0.0007233449656249835]
[2.1010117513688142e-05, -1.2908092428820517e-06]
[-0.00012616996931626157, -3.966176193248572e-06]
[-0.00011173070959991094, -0.0006966501836890293]
[3.386682447326095e-05, -0.0006934943751927269]
[2.1615420676995845e-05, -1.5170098881522875e-06]
[-0.00012251573853455655, -4.137029018080884e-06]
[-0.00010868661386309597, -0.000668506292751711]
[3.392607095209499e-05, -0.0006654349106832713]
[2.215484539083018e-05, -1.7302309290867512e-06]
[-0.00011904864006385962, -4.2970989505564106e-06]
[-0.00010579248944342368, -0.0006420175500253741]
[3.3952760029709594e-05, -0.0006390261191377977]
[2.2634643839392066e-05, -1.9314574922213446e-06]
[-0.00011575527809717934, -4.447242032634691e-06]
[-0.00010303789538967933, -0.0006170566572497732]
[3.3950489872314193e-05, -0.0006141410494872046]
[2.306040811467236e-05, -2.121582694636359e-06]
[-0.00011262346751199359, -4.588232214386423e-06]
[-0.00010041331373056295, -0.0005935083240448252]
[3.392245736444366e-05, -0.0005906647240859764]
[2.3437148964959575e-05, -2.3014166809498526e-06]
[-0.00010964210306141364, -4.720769457677854e-06]
[-9.791005156145616e-05, -0.0005712679334051105]
[3.38715072301099e-05, -0.0005684928082989593]
[2.37693641755507e-05, -2.4716966985360855e-06]
[-0.00010680104473137497, -4.845488979610124e-06]
[-9.552015505098765e-05, -0.0005502403783278348]
[3.3800174601861244e-05, -0.0005475304506630252]
[2.4061097817905386e-05, -2.6330944801755685e-06]
[-0.00010409101728983683, -4.96296789559425e-06]
[-9.32363339538611e-05, -0.0005303390425692167]
[3.3710721796254006e-05, -0.0005276912667022682]
[2.431599181941524e-05, -2.7862227093833347e-06]
[-0.00010150352193966095, -5.073731023819139e-06]
[-9.105189506763978e-05, -0.0005114849065491339]
[3.360517025363663e-05, -0.0005088964474913582]
[2.453733106587419e-05, -2.9316419564717755e-06]
[-9.903075831921293e-05, -5.178257228732885e-06]
[-8.896068331232243e-05, -0.0004936057625304219]
[3.348532845759422e-05, -0.000491073977146983]
[2.472808274092686e-05, -3.0698655665850616e-06]
[-9.666555567669488e-05, -5.276983779778366e-06]
[-8.695702974259589e-05, -0.0004766355208774137]
[3.335281612626417e-05, -0.00047415794110922116]
[2.4890930806126255e-05, -3.201363970695148e-06]
[-9.440131190890932e-05, -5.370310185270899e-06]
[-8.503570521822823e-05, -0.0004605135992311882]
[3.320908552817414e-05, -0.0004580879170857921]
[2.5028306389347776e-05, -3.3265696895434793e-06]
[-9.223193934541907e-05, -5.45860276762733e-06]
[-8.319187931959959e-05, -0.00044518438047340403]
[3.3055440051388274e-05, -0.00044280843456945274]
[2.5142414433507176e-05, -3.445880609742602e-06]
[-9.015181662021254e-05, -5.542197551888783e-06]
[-8.142108372233281e-05, -0.00043059673187419156]
[3.289305050113711e-05, -0.0004282684953537119]
[2.5235257199926475e-05, -3.5596628887857307e-06]
[-8.815574577253349e-05, -5.621402822675314e-06]
[-7.971917939553208e-05, -0.00041670357880435605]
[3.272296953227283e-05, -0.0004144211484509164]
[2.5308655144794245e-05, -3.668254801858506e-06]
[-8.623891382394944e-05, -5.696502653251834e-06]
[-7.808232734474174e-05, -0.0004034615239519451]
[3.254614427516955e-05, -0.00040122311037565916]
[2.53642652442293e-05, -3.7719683193548903e-06]
[-8.439685855592127e-05, -5.767758197772199e-06]
[-7.6506962381373e-05, -0.0003908305075367713]
[3.236342747214849e-05, -0.0003886344263033803]
[2.540359740273862e-05, -3.871092341789506e-06]
[-8.262543767346975e-05, -5.835410665067098e-06]
[-7.498976946873626e-05, -0.00037877350476997473]
[3.217558743706661e-05, -0.0003766181683702019]
[2.5428028930213342e-05, -3.965894401547487e-06]
[-8.092080121405165e-05, -5.8996827846935496e-06]
[-7.352766258872379e-05, -0.00036725625313611954]
[3.19833167181649e-05, -0.00036514016370148283]
[2.5438817425865734e-05, -4.056622185055758e-06]
[-7.927936672651181e-05, -5.96078011283474e-06]
[-7.211776554694183e-05, -0.0003562470095026804]
[3.1787239936242884e-05, -0.00035416875218702293]
[2.5437112362969305e-05, -4.143506066311975e-06]
[-7.769779680319444e-05, -6.018893370263179e-06]
[-7.075739474715625e-05, -0.0003457163307179073]
[3.158792064783533e-05, -0.00034367456767414595]
[2.542396528586177e-05, -4.226759667602664e-06]
[-7.617297894871311e-05, -6.074198823424748e-06]
[-6.944404361730605e-05, -0.0003356368761417705]
[3.1385867452327076e-05, -0.00033363034103151]
[2.5400339072861877e-05, -4.306582059521169e-06]
[-7.470200723466713e-05, -6.126860319977112e-06]
[-6.817536842063099e-05, -0.0003259832306572591]
[3.118153952264002e-05, -0.00032401072363730243]
[2.5367116137070544e-05, -4.383158634990725e-06]
[-7.328216578576796e-05, -6.177030013543305e-06]
[-6.694917547078738e-05, -0.0003167317438931144]
[3.0975351450690525e-05, -0.00031479212703161563]
[2.5325105780779622e-05, -4.456661896579117e-06]
[-7.191091380574777e-05, -6.2248490130811795e-06]
[-6.576340952735293e-05, -0.0003078603848592071]
[3.076767758014576e-05, -0.00030595257793825104]
[2.5275050884024375e-05, -4.527253146369148e-06]
[-7.058587189655297e-05, -6.270448946243956e-06]
[-6.461614314279274e-05, -0.00029934861140946956]
[3.055885597347263e-05, -0.0002974715880745826]
[2.5217633837802678e-05, -4.5950830584451374e-06]
[-6.930480970016029e-05, -6.313952415848423e-06]
[-6.350556710454924e-05, -0.0002911772502948995]
[3.0349191828982214e-05, -0.0002893300345203631]
[2.515348188672495e-05, -4.660292194313964e-06]
[-6.806563464620274e-05, -6.355473408437007e-06]
[-6.242998157657276e-05, -0.00028332838983438635]
[3.0138960679382265e-05, -0.00028151005267151863]
[2.508317202621485e-05, -4.723012411222971e-06]
[-6.686638161167158e-05, -6.395118604840544e-06]
[-6.138778810527157e-05, -0.00027578528131047553]
[2.992841117888112e-05, -0.00027399493789409535]
[2.5007235345042567e-05, -4.783367221150581e-06]
[-6.570520356015408e-05, -6.432987647186916e-06]
[-6.037748230824924e-05, -0.00026853224920941887]
[2.9717767601633582e-05, -0.00026676905599781753]
[2.4926160949949316e-05, -4.841472113714662e-06]
[-6.45803629858166e-05, -6.469173379208826e-06]
[-5.939764710527484e-05, -0.00026155461032376093]
[2.9507232173209275e-05, -0.0002598177625502962]
[2.484039960282819e-05, -4.8974358565767595e-06]
[-6.34902239961821e-05, -6.5037630690989445e-06]
[-5.844694658874161e-05, -0.0002548385990386315]
[2.9296987093641036e-05, -0.0002531273283571389]
[2.4750366889245146e-05, -4.951360197624766e-06]
[-6.243324518591387e-05, -6.536838039084003e-06]
[-5.7524120404162105e-05, -0.00024837129907059885]
[2.9087196357302503e-05, -0.00024668487137563533]
[2.4656446217026506e-05, -5.003341058906763e-06]
[-6.14079729731043e-05, -6.568474794466095e-06]
[-5.6627978509027344e-05, -0.00024214058190916155]
[2.88780074777506e-05, -0.00024047829531781417]
[2.4558991448514478e-05, -5.053468569493624e-06]
[-6.041303557118016e-05, -6.598744994479322e-06]
[-5.5757396436595386e-05, -0.0002361350494919645]
[2.8669552953886068e-05, -0.00023449623247095985]
[2.445832934980241e-05, -5.101827762921118e-06]
[-5.944713738885443e-05, -6.627716091944791e-06]
[-5.49113108807564e-05, -0.0002303439823185538]
[2.846195166528176e-05, -0.00022872799194656457]
[2.4354761730224772e-05, -5.148498177232064e-06]
[-5.850905396591333e-05, -6.655450881742908e-06]
[-5.4088715712774516e-05, -0.00022475729080484452]
[2.8255310032587744e-05, -0.0002231635111559216]
[2.4248567550032296e-05, -5.193555354054968e-06]
[-5.759762714649397e-05, -6.68200894976545e-06]
[-5.328865814990813e-05, -0.00021936547244960636]
[2.804972323988686e-05, -0.00021779331309107475]
[2.414000468501515e-05, -5.237070376806763e-06]
[-5.671176078628215e-05, -6.707446165432618e-06]
[-5.2510235374336744e-05, -0.00021415957061982072]
[2.784527617927246e-05, -0.0002126084652117055]
[2.402931161369498e-05, -5.2791103533067485e-06]
[-5.5850416710967465e-05, -6.731815122174023e-06]
[-5.175259132728094e-05, -0.00020913113751533374]
[2.764204438543416e-05, -0.00020760054250551496]
[2.3916708943041987e-05, -5.319738681230923e-06]
[-5.5012610997273725e-05, -6.755165362914983e-06]
[-5.1014913749591884e-05, -0.00020427220004848312]
[2.744009488697685e-05, -0.0002027615934550031]
[2.3802400818416503e-05, -5.359015472716777e-06]
[-5.419741051737592e-05, -6.777543766933736e-06]
[-5.029643150811225e-05, -0.00019957522748945133]
[2.723948690297462e-05, -0.0001980841077630635]
[2.3686576138000348e-05, -5.396997061923869e-06]
[-5.3403929815898366e-05, -6.7989940245039016e-06]
[-4.9596411976216004e-05, -0.00019503310335239332]
[2.704027262545594e-05, -0.00019356098831374569]
[2.3569409813642417e-05, -5.433737295224006e-06]
[-5.2631328065766425e-05, -6.8195578927787714e-06]
[-4.8914158744972625e-05, -0.00019063909769145848]
[2.6842497783619024e-05, -0.00018918552353580642]
[2.3451063779440784e-05, -5.469287002013434e-06]
[-5.1878806393179655e-05, -6.839274637959747e-06]
[-4.82490094293464e-05, -0.00018638684233518443]
[2.664620223291614e-05, -0.0001849513627013022]
[2.333168798936136e-05, -5.503694355146749e-06]
[-5.114560532111512e-05, -6.858181366975469e-06]
[-4.760033362583016e-05, -0.00018227030796696964]
[2.6451420487516586e-05, -0.0001808524930637101]
[2.321142133279025e-05, -5.537005206612822e-06]
[-5.043100239424114e-05, -6.87631333667893e-06]
[-4.6967531087904746e-05, -0.00017828378205342332]
[2.6258182137972597e-05, -0.0001768832178408175]
[2.3090392404299942e-05, -5.569262561899713e-06]
[-4.973431004227924e-05, -6.893703403509921e-06]
[-4.635002988440107e-05, -0.0001744218500421002]
[2.6066512371691886e-05, -0.00017303813746272212]
[2.2968720351936034e-05, -5.600507745284755e-06]
[-4.905487344976367e-05, -6.910383165137368e-06]
[-4.574728482076296e-05, -0.0001706793762772385]
[2.587643230889114e-05, -0.00016931213053339444]
[2.2846515518870625e-05, -5.630779849052914e-06]
[-4.839206871234958e-05, -6.926382388638963e-06]
[-4.5158775904940995e-05, -0.00016705148708642814]
[2.5687959377185265e-05, -0.00016570033696161612]
[2.2723880102354377e-05, -5.66011602887162e-06]
[-4.7745301049298416e-05, -6.941729285003806e-06]
[-4.458400692430864e-05, -0.00016353355490580923]
[2.5501107643988163e-05, -0.0001621981421252583]
[2.260090876099463e-05, -5.6885517789040385e-06]
[-4.7114003135728666e-05, -6.956450765260858e-06]
[-4.402250410318054e-05, -0.00016012118367372818]
[2.531588812715313e-05, -0.00015880116230282404]
[2.247768910670911e-05, -5.716120394350099e-06]
[-4.6497633614625555e-05, -6.970571884312715e-06]
[-4.34738149188707e-05, -0.00015681019444790945]
[2.5132309018127685e-05, -0.00015550523032520358]
[2.2354302292457162e-05, -5.742854041035361e-06]
[-4.589567557146401e-05, -6.984116894315218e-06]
[-4.293750685957498e-05, -0.00015359661357142174]
[2.4950376015242526e-05, -0.0001523063837738925]
[2.2230823422383916e-05, -5.768783199966432e-06]
[-4.530763524203396e-05, -6.997108672912589e-06]
[-4.2413166395194324e-05, -0.00015047666009881944]
[2.4770092500681073e-05, -0.00014920085243702585]
[2.2107321996062135e-05, -5.793936916687059e-06]
[-4.473304073773776e-05, -7.009568957550005e-06]
[-4.190039794371714e-05, -0.00014744673483141346]
[2.459145976296817e-05, -0.0001461850473740145]
[2.1983862319059633e-05, -5.818343035424167e-06]
[-4.4171440852197597e-05, -7.021518565464291e-06]
[-4.139882291065433e-05, -0.00014450341008498402]
[2.4414477204581786e-05, -0.000143255550707877]
[2.18605038177222e-05, -5.842027660796223e-06]
[-4.362240400826445e-05, -7.032976842014094e-06]
[-4.090807884593595e-05, -0.00014164341938052716]
[2.423914246629799e-05, -0.0001404091053415768]
[2.17373014585881e-05, -5.86501615229551e-06]
[-4.308551714297948e-05, -7.043962642117041e-06]
[-4.042781852819921e-05, -0.00013886364929810435]
[2.4065451667665272e-05, -0.0001376426068342984]
[2.161430601001213e-05, -5.88733257267382e-06]
[-4.2560384788267736e-05, -7.05449376758871e-06]
[-3.9957709231819294e-05, -0.00013616113038661393]
[2.3893399504038015e-05, -0.00013495309433331215]
[2.149156434719246e-05, -5.9089999053796305e-06]
[-4.204662814580318e-05, -7.0645871726449094e-06]
[-3.949743197484423e-05, -0.00013353302938431955]
[2.3722979394680266e-05, -0.0001323377428140704]
[2.136911972215605e-05, -5.9300401121786805e-06]
[-4.154388423038835e-05, -7.074259011363715e-06]
[-3.9046680810006507e-05, -0.0001309766419373415]
[2.3554183620655422e-05, -0.00012979385581779468]
[2.1247012026631706e-05, -5.950474333049627e-06]
[-4.1051805052774726e-05, -7.0835248266454265e-06]
[-3.860516222586874e-05, -0.0001284893850565516]
[2.338700338944122e-05, -0.0001273188579259399]
[2.112527797472341e-05, -5.97032235610806e-06]
[-4.0570056912520025e-05, -7.092399011976447e-06]
[-3.8172594452934305e-05, -0.00012606879147034067]
[2.3221429016340167e-05, -0.00012491028912980928]
[2.100395139324751e-05, -5.989603538925081e-06]
[-4.0098319611533983e-05, -7.100895722089717e-06]
[-3.774870693940002e-05, -0.0001237125029180386]
[2.3057449966445986e-05, -0.00012256579813918478]
[2.0883063371973654e-05, -6.0083362696250475e-06]
[-3.9636285833630214e-05, -7.109028327567657e-06]
[-3.733323978893921e-05, -0.00012141826455239202]
[2.2895054961891148e-05, -0.00012028313679951497]
[2.076264246216042e-05, -6.0265381564561515e-06]
[-3.918366050116584e-05, -7.116809594143181e-06]
[-3.692594325022114e-05, -0.0001191839195448241]
[2.2734232056675907e-05, -0.00011806015471171882]
[2.0642714861199285e-05, -6.044226204982017e-06]
[-3.874016016809645e-05, -7.124251854173647e-06]
[-3.6526577218864986e-05, -0.00011700740415340749]
[2.25749687272625e-05, -0.00011589479431189931]
[2.0523304525732478e-05, -6.061416301328393e-06]
[-3.830551250708081e-05, -7.131366481116785e-06]
[-3.6134910827989586e-05, -0.00011488674240506258]
[2.241725189033872e-05, -0.00011378508556625366]
[2.0404433392642862e-05, -6.0781240809326675e-06]
[-3.787945570865592e-05, -7.138164752618081e-06]
[-3.575072194328399e-05, -0.00011282004244170252]
[2.2261068040485554e-05, -0.00011172914232926434]
[2.0286121470397545e-05, -6.0943644054067825e-06]
[-3.7461738029820335e-05, -7.14465731954661e-06]
[-3.53737968061818e-05, -0.00011080549174660725]
[2.2106403253729923e-05, -0.00010972515758012058]
[2.016838698043477e-05, -6.110151532123798e-06]
[-3.7052117310434896e-05, -7.150854370863158e-06]
[-3.5003929632848596e-05, -0.0001088413533095467]
[2.1953243259265065e-05, -0.00010777139959833315]
[2.0051246477720275e-05, -6.125499144971069e-06]
[-3.6650360527773485e-05, -7.1567656572124605e-06]
[-3.464092223937065e-05, -0.0001069259620150309]
[2.18015734929633e-05, -0.00010586620836167127]
[1.9934714974426115e-05, -6.1404205130566325e-06]
[-3.6256243363980145e-05, -7.162400644633582e-06]
[-3.428458374332699e-05, -0.0001050577205839176]
[2.1651379100484647e-05, -0.00010400799149706819]
[1.9818805999313738e-05, -6.154927989499015e-06]
[-3.586954985294877e-05, -7.1677680080206585e-06]
[-3.393473016632953e-05, -0.00010323509704163181]
[2.150264504297006e-05, -0.00010219522175697326]
[1.970353176333761e-05, -6.169033829106496e-06]
[-3.549007193552611e-05, -7.17287644363962e-06]
[-3.3591184173342725e-05, -0.0001014566210458534]
[2.1355356089491906e-05, -0.00010042643335550494]
[1.9588903205233765e-05, -6.182749682503985e-06]
[-3.5117609148024864e-05, -7.177734157870486e-06]
[-3.325377476626201e-05, -9.972088105544841e-05]
[2.1209496863461297e-05, -9.870021914487603e-05]
[1.9474930087817754e-05, -6.196086750231977e-06]
[-3.475196827289195e-05, -7.1823490180311644e-06]
[-3.292233699547786e-05, -9.802652165746828e-05]
[2.1065051883040198e-05, -9.701522795008133e-05]
[1.9361621087982117e-05, -6.209055930739282e-06]
[-3.4392963007695565e-05, -7.1867286947080444e-06]
[-3.259671174249412e-05, -9.637224041370018e-05]
[2.0922005547263645e-05, -9.537016142163735e-05]
[1.924898382739404e-05, -6.2216673328840955e-06]
[-3.404041370504152e-05, -7.190880171037417e-06]
[-3.227674539929559e-05, -9.475678612344551e-05]
[2.0780342225301673e-05, -9.376377230557731e-05]
[1.9137025006679687e-05, -6.233931056975894e-06]
[-3.369414701931417e-05, -7.194810518473815e-06]
[-3.1962289681608524e-05, -9.317895594884718e-05]
[2.0640046239694954e-05, -9.219486157457935e-05]
[1.9025750426379662e-05, -6.245856702669084e-06]
[-3.335399567716557e-05, -7.198526403018324e-06]
[-3.165320138731609e-05, -9.163759330413357e-05]
[2.0501101895553653e-05, -9.066227632303914e-05]
[1.8915165058142058e-05, -6.257453514513234e-06]
[-3.3019798207356565e-05, -7.202034224496057e-06]
[-3.134934218573804e-05, -9.013158573809021e-05]
[2.036349350231781e-05, -8.916490765531471e-05]
[1.8805273111544007e-05, -6.268730518288468e-06]
[-3.269139868397608e-05, -7.205340252169901e-06]
[-3.105057840213643e-05, -8.86598630488733e-05]
[2.022720540173495e-05, -8.770168880578577e-05]
[1.8696078044860842e-05, -6.27969604932721e-06]
[-3.23686465345252e-05, -7.20845014762217e-06]
[-3.0756780867169375e-05, -8.72213948988898e-05]
[2.009222194176985e-05, -8.627159275831353e-05]
[1.8587582677101477e-05, -6.290358499083659e-06]
[-3.2051396254617615e-05, -7.2113697092146545e-06]
[-3.046782467053255e-05, -8.581518974276614e-05]
[1.9958527554764238e-05, -8.487363117987146e-05]
[1.847978919214399e-05, -6.300725839514243e-06]
[-3.1739507238726095e-05, -7.214104393304943e-06]
[-3.0183589026733237e-05, -8.444029263254826e-05]
[1.9826106728904058e-05, -8.350685222918708e-05]
[1.8372699192317765e-05, -6.310805758857896e-06]
[-3.143284356843523e-05, -7.216659446862561e-06]
[-2.9903957099897127e-05, -8.309578372003856e-05]
[1.969494403031291e-05, -8.21703390643802e-05]
[1.8266313748752094e-05, -6.32060578997784e-06]
[-3.1131273811380034e-05, -7.219040033978885e-06]
[-2.962881583301602e-05, -8.178077683668183e-05]
[1.956502412503447e-05, -8.086320842587424e-05]
[1.8160633398725534e-05, -6.330132853726855e-06]
[-3.083467087913738e-05, -7.221250775013566e-06]
[-2.935805583970108e-05, -8.049441756652342e-05]
[1.9436331747613167e-05, -7.958460871460016e-05]
[1.805565824157529e-05, -6.339393974652552e-06]
[-3.0542911793468575e-05, -7.223296461689177e-06]
[-2.9091571197792376e-05, -7.923588256356084e-05]
[1.9308851771704383e-05, -7.833371931154076e-05]
[1.7951387931230967e-05, -6.348395820643393e-06]
[-3.0255877561502498e-05, -7.225181592684926e-06]
[-2.8829259353213565e-05, -7.80043777659778e-05]
[1.9182569176434683e-05, -7.710974879671095e-05]
[1.7847821717403844e-05, -6.357144830937411e-06]
[-2.997345300836951e-05, -7.226910500202077e-06]
[-2.857102097986175e-05, -7.67991372628285e-05]
[1.9057469064054366e-05, -7.59119338186176e-05]
[1.7744958474397166e-05, -6.3656472252815455e-06]
[-2.969552662684949e-05, -7.228487357124891e-06]
[-2.8316759843716177e-05, -7.56194222175377e-05]
[1.8933536676812857e-05, -7.473953802078492e-05]
[1.7642796737993294e-05, -6.373909125501065e-06]
[-2.9421990424827182e-05, -7.229916295592442e-06]
[-2.8066382723457295e-05, -7.446451928502795e-05]
[1.881075736276383e-05, -7.359185046257322e-05]
[1.7541334692172672e-05, -6.381936114741027e-06]
[-2.915273982734279e-05, -7.231200965074347e-06]
[-2.7819799238937293e-05, -7.333374021412098e-05]
[1.8689116639380998e-05, -7.246818522416154e-05]
[1.7440570250965015e-05, -6.38973392036446e-06]
[-2.888767348827037e-05, -7.2323452129929855e-06]
[-2.7576921780347874e-05, -7.222642037027494e-05]
[1.8568600159474258e-05, -7.136787993161642e-05]
[1.7340501042045764e-05, -6.3973079711399095e-06]
[-2.8626693204775178e-05, -7.233352640356738e-06]
[-2.7337665395310573e-05, -7.114191787430113e-05]
[1.844919372362419e-05, -7.029029489913352e-05]
[1.724112443726722e-05, -6.40466351831126e-06]
[-2.8369703788777567e-05, -7.234226719887715e-06]
[-2.7101947689955885e-05, -7.007961267330165e-05]
[1.8330883285178068e-05, -6.92348122017794e-05]
[1.7142437581607606e-05, -6.411805749562127e-06]
[-2.8116612944162345e-05, -7.234970909986149e-06]
[-2.6869688725228436e-05, -6.903890576381855e-05]
[1.8213654960907988e-05, -6.820083490144402e-05]
[1.7044437374172383e-05, -6.41873936280124e-06]
[-2.7867331195752243e-05, -7.235588225906753e-06]
[-2.6640810962375028e-05, -6.801921791668719e-05]
[1.8097494996593966e-05, -6.718778577385898e-05]
[1.6947120541441207e-05, -6.4254692244691824e-06]
[-2.7621771729435807e-05, -7.236081896733193e-06]
[-2.6415239121724277e-05, -6.701998952257648e-05]
[1.7982389825421663e-05, -6.619510715627497e-05]
[1.6850483616048795e-05, -6.431999940159638e-06]
[-2.737985033082757e-05, -7.236454933889913e-06]
[-2.6192900136168262e-05, -6.604067939175451e-05]
[1.786832603190014e-05, -6.522225974975315e-05]
[1.6754522961043294e-05, -6.438335969805031e-06]
[-2.7141485280712807e-05, -7.236710246050215e-06]
[-2.5973723062677756e-05, -6.50807641314477e-05]
[1.7755290362186926e-05, -6.426872199805089e-05]
[1.6659234784291432e-05, -6.444481632617016e-06]
[-2.6906597264758636e-05, -7.2368506415787515e-06]
[-2.5757638998147314e-05, -6.413973755206581e-05]
[1.7643269734524125e-05, -6.333398949570634e-05]
[1.6564615160488683e-05, -6.450441217553671e-06]
[-2.6675109277479736e-05, -7.236878938388092e-06]
[-2.554458104131463e-05, -6.321710958348548e-05]
[1.7532251204599447e-05, -6.241757390690328e-05]
[1.6470660007900095e-05, -6.4562185702055075e-06]
[-2.6446946575053865e-05, -7.236797549214913e-06]
[-2.5334484169969862e-05, -6.23124062668623e-05]
[1.7422222018170785e-05, -6.151900295819912e-05]
[1.6377365153807943e-05, -6.461817725456065e-06]
[-2.6222036541900806e-05, -7.236609112892811e-06]
[-2.5127285210202466e-05, -6.142516872800763e-05]
[1.7313169576760323e-05, -6.063781941434421e-05]
[1.628472630930966e-05, -6.46724249292463e-06]
[-2.60003086504923e-05, -7.236316079350935e-06]
[-2.4922922763015443e-05, -6.055495270151923e-05]
[1.720508144653632e-05, -5.9773580603106335e-05]
[1.6192739088843888e-05, -6.472496566323205e-06]
[-2.578169437914002e-05, -7.235920816750507e-06]
[-2.472133713371516e-05, -5.970132807764372e-05]
[1.7097945366084666e-05, -5.8925857965186346e-05]
[1.6101399028189967e-05, -6.477583628983208e-06]
[-2.556612713353057e-05, -7.2354257167339675e-06]
[-2.4522470309817912e-05, -5.8863877966913725e-05]
[1.6991749212103002e-05, -5.8094236118355624e-05]
[1.6010701558849538e-05, -6.482506953620071e-06]
[-2.5353542214029412e-05, -7.234832792912815e-06]
[-2.4326265849916595e-05, -5.804219880140016e-05]
[1.6886481049915858e-05, -5.727831296203911e-05]
[1.592064206856758e-05, -6.487270013511015e-06]
[-2.5143876699329493e-05, -7.234144290713118e-06]
[-2.413266886591714e-05, -5.723589944342522e-05]
[1.6782129099279786e-05, -5.647769878630582e-05]
[1.5831215874381743e-05, -6.49187608026125e-06]
[-2.4937069419583846e-05, -7.233362284808642e-06]
[-2.3941625962087265e-05, -5.64446008232411e-05]
[1.667868174115572e-05, -5.5692015910713266e-05]
[1.5742418238748335e-05, -6.496328329774759e-06]
[-2.47330608882379e-05, -7.232488783204261e-06]
[-2.3753085184652356e-05, -5.566793549510729e-05]
[1.6576127517486938e-05, -5.492089824282731e-05]
[1.565424437635632e-05, -6.500629844974348e-06]
[-2.4531793245241573e-05, -7.231525730622135e-06]
[-2.3566995965618176e-05, -5.490554730913644e-05]
[1.64744551384155e-05, -5.416399095004021e-05]
[1.556668946067763e-05, -6.504783619798449e-06]
[-2.4333210202454048e-05, -7.230475009334381e-06]
[-2.338330911078046e-05, -5.4157090613932146e-05]
[1.6373653446533076e-05, -5.3420949663929296e-05]
[1.547974862999013e-05, -6.508792561754628e-06]
[-2.413725699124125e-05, -7.2293384430488494e-06]
[-2.3201976704023686e-05, -5.342223045334826e-05]
[1.627371146739609e-05, -5.269144067809872e-05]
[1.5393417009415544e-05, -6.5126596868747555e-06]
[-2.3943880295529407e-05, -7.228117990198957e-06]
[-2.3022952099882588e-05, -5.270064180068479e-05]
[1.617461837433165e-05, -5.1975140183457835e-05]
[1.5307689650384537e-05, -6.516387354382758e-06]
[-2.375302826937431e-05, -7.2268149770016166e-06]
[-2.2846189872249845e-05, -5.1992009299312025e-05]
[1.6076363494432755e-05, -5.1271734009927794e-05]
[1.5222561634498089e-05, -6.519978424102124e-06]
[-2.3564650391522113e-05, -7.225431255752923e-06]
[-2.267164577751668e-05, -5.129602691891777e-05]
[1.59789363081142e-05, -5.058091728327163e-05]
[1.513802801209052e-05, -6.523435487626461e-06]
[-2.3378697486670097e-05, -7.223968433778261e-06]
[-2.2499276714271765e-05, -5.061239762643721e-05]
[1.5882326447225203e-05, -4.9902394097800507e-05]
[1.5054083823087816e-05, -6.526761064662434e-06]
[-2.3195121665986473e-05, -7.2224280702748445e-06]
[-2.232904068866226e-05, -4.994083307099939e-05]
[1.5786523693051002e-05, -4.92358772012369e-05]
[1.4970724101059929e-05, -6.529957604972658e-06]
[-2.3013876285810086e-05, -7.220811676533767e-06]
[-2.2160896762213333e-05, -4.928105346574396e-05]
[1.5691517991522907e-05, -4.858108787847426e-05]
[1.4887943876870646e-05, -6.533027490707166e-06]
[-2.2834915907682385e-05, -7.219120718382488e-06]
[-2.1994805083802582e-05, -4.863278655456438e-05]
[1.559729938693799e-05, -4.793775491829244e-05]
[1.4805738182244177e-05, -6.535973039512033e-06]
[-2.265819626040555e-05, -7.217356618183235e-06]
[-2.1830726758542696e-05, -4.7995768449854426e-05]
[1.5503858116105995e-05, -4.730561545213119e-05]
[1.4724102053081944e-05, -6.5387965054175545e-06]
[-2.2483674202850024e-05, -7.2155207554991385e-06]
[-2.166862388319757e-05, -4.73697426193187e-05]
[1.5411184543512313e-05, -4.668441394206635e-05]
[1.4643030532460188e-05, -6.541500082057894e-06]
[-2.2311307688788196e-05, -7.213614469148144e-06]
[-2.1508459498664756e-05, -4.675445981483506e-05]
[1.531926917464066e-05, -4.6073902110310705e-05]
[1.4562518673363889e-05, -6.5440859040033494e-06]
[-2.2141055732505244e-05, -7.21163905903488e-06]
[-2.135019756099865e-05, -4.61496778269288e-05]
[1.5228102654973874e-05, -4.547383869402122e-05]
[1.4482561556852791e-05, -6.546556229003464e-06]
[-2.197287836064321e-05, -7.209595966284343e-06]
[-2.1193802914099003e-05, -4.5555161246157994e-05]
[1.5137675766552228e-05, -4.488398920782233e-05]
[1.440315423267835e-05, -6.54891271878455e-06]
[-2.180673664228805e-05, -7.207486055205159e-06]
[-2.1039241262066355e-05, -4.497068123607284e-05]
[1.5047979428861602e-05, -4.430412571720943e-05]
[1.4324291814429846e-05, -6.551157523959628e-06]
[-2.164259256562384e-05, -7.205310696201117e-06]
[-2.088647914433306e-05, -4.43960153139189e-05]
[1.4959004694836686e-05, -4.373402662016801e-05]
[1.4245969419554583e-05, -6.553292562438973e-06]
[-2.1480409070462336e-05, -7.203071044736831e-06]
[-2.0735483908906893e-05, -4.383094714008329e-05]
[1.4870742749861776e-05, -4.3173476436841884e-05]
[1.4168182186899414e-05, -6.555319702283846e-06]
[-2.1320150004361382e-05, -7.200768223136755e-06]
[-2.0586223675289617e-05, -4.327526649097746e-05]
[1.4783184924871406e-05, -4.262226578344297e-05]
[1.4090925278459343e-05, -6.557240763538363e-06]
[-2.1161780095313443e-05, -7.198403322306035e-06]
[-2.0438667369004904e-05, -4.2728768361699476e-05]
[1.469632263417786e-05, -4.208019047524658e-05]
[1.4014193881209391e-05, -6.559057519339717e-06]
[-2.100526492543331e-05, -7.195977402008058e-06]
[-2.0292784611131154e-05, -4.219125383386757e-05]
[1.4610147465177192e-05, -4.15470523950634e-05]
[1.393798320828421e-05, -6.560771697528001e-06]
[-2.0850570905395216e-05, -7.1934914923077464e-06]
[-2.014854575538294e-05, -4.166252919135527e-05]
[1.4524651114289355e-05, -4.102265860966847e-05]
[1.3862288500823827e-05, -6.562384982589098e-06]
[-2.069766525003569e-05, -7.190946595070358e-06]
[-2.000592185280592e-05, -4.1142405922844905e-05]
[1.4439825401280082e-05, -4.0506821372576773e-05]
[1.3787105028972846e-05, -6.563899015821217e-06]
[-2.054651595459478e-05, -7.188343683683929e-06]
[-1.9864884630904633e-05, -4.063070055468354e-05]
[1.4355662267928615e-05, -3.9999357957620774e-05]
[1.3712428107784391e-05, -6.565315568474173e-06]
[-2.0397091757273778e-05, -7.1856838760597785e-06]
[-1.972540647443566e-05, -4.012723449042799e-05]
[1.4272153775363172e-05, -3.950009049902281e-05]
[1.3638253039807702e-05, -6.566635859572845e-06]
[-2.0249362175678298e-05, -7.182967751262481e-06]
[-1.958746040764403e-05, -3.9631833856190735e-05]
[1.4189292102950724e-05, -3.900884583701858e-05]
[1.3564575203961482e-05, -6.567861582706946e-06]
[-2.0103297397766617e-05, -7.180196377021275e-06]
[-1.9451020073946168e-05, -3.914432935089862e-05]
[1.4107069546187567e-05, -3.8525455368920714e-05]
[1.3491389997760672e-05, -6.568994222411195e-06]
[-1.9958868319736034e-05, -7.177370625055524e-06]
[-1.9316059719942658e-05, -3.866455610335162e-05]
[1.4025478514589906e-05, -3.804975490617757e-05]
[1.341869285285957e-05, -6.570035227415616e-06]
[-1.981604651163371e-05, -7.17449134393644e-06]
[-1.918255417832082e-05, -3.819235353355599e-05]
[1.3944511530916692e-05, -3.7581584536428014e-05]
[1.33464792357596e-05, -6.570986010978608e-06]
[-1.9674804198177576e-05, -7.17155935944791e-06]
[-1.9050478836213358e-05, -3.77275653845599e-05]
[1.3864161242826967e-05, -3.71207886556979e-05]
[1.3274744648489323e-05, -6.571847952330234e-06]
[-1.9535114239882523e-05, -7.1685754756412035e-06]
[-1.891980967716478e-05, -3.727003893166936e-05]
[1.3784420364593153e-05, -3.666721517814331e-05]
[1.3203484629298323e-05, -6.572622397282846e-06]
[-1.9396950115851963e-05, -7.1655404752513085e-06]
[-1.8790523180212126e-05, -3.681962585344589e-05]
[1.3705281760811872e-05, -3.6220716407076026e-05]
[1.3132694752990282e-05, -6.573310660284992e-06]
[-1.926028590551465e-05, -7.162455120529598e-06]
[-1.8662596361518347e-05, -3.637618144783361e-05]
[1.3626738387784165e-05, -3.5781148251867734e-05]
[1.3062370631686249e-05, -6.573914023921823e-06]
[-1.912509627280401e-05, -7.159320153826698e-06]
[-1.8536006746505684e-05, -3.593956468347925e-05]
[1.3548783306394085e-05, -3.5348370279353336e-05]
[1.2992507914894036e-05, -6.574433740913488e-06]
[-1.899135644919947e-05, -7.156136298425153e-06]
[-1.8410732354867676e-05, -3.550963808793273e-05]
[1.3471409679000068e-05, -3.492224560258661e-05]
[1.2923102304066014e-05, -6.574871195486054e-06]
[-1.8859042204749654e-05, -7.152904419854833e-06]
[-1.8286751688800784e-05, -3.508626764114897e-05]
[1.3394610770545157e-05, -3.450264077442533e-05]
[1.2854149497310008e-05, -6.575227260052774e-06]
[-1.8728129888095912e-05, -7.14962488201909e-06]
[-1.816404371812741e-05, -3.466932267123801e-05]
[1.331837994411611e-05, -3.408942568400297e-05]
[1.2785645272878066e-05, -6.575503263328564e-06]
[-1.859859632857841e-05, -7.146298515864347e-06]
[-1.804258786919366e-05, -3.4258675754877954e-05]
[1.3242710661609536e-05, -3.368247345703068e-05]
[1.2717585433794087e-05, -6.5757003458455365e-06]
[-1.8470418877702954e-05, -7.1429259734800965e-06]
[-1.7922364011546676e-05, -3.3854202620697826e-05]
[1.3167596480179178e-05, -3.328166035987401e-05]
[1.2649965822161824e-05, -6.575819621879031e-06]
[-1.8343575381524202e-05, -7.139507890968622e-06]
[-1.7803352447165466e-05, -3.3455782056518446e-05]
[1.3093031052791027e-05, -3.2886865706627244e-05]
[1.2582782319053853e-05, -6.575862180280279e-06]
[-1.82180441671842e-05, -7.136044888111925e-06]
[-1.7685533884925775e-05, -3.306329597529967e-05]
[1.3019008138215327e-05, -3.249797192600434e-05]
[1.2516030844789139e-05, -6.5758290856421375e-06]
[-1.809380403022809e-05, -7.132537569676245e-06]
[-1.7568889483232653e-05, -3.26766287016278e-05]
[1.2945521546958716e-05, -3.2114863847465536e-05]
[1.2449707358891393e-05, -6.575721378410115e-06]
[-1.7970834222114096e-05, -7.128986525550829e-06]
[-1.7453400758649096e-05, -3.229566782980697e-05]
[1.2872565220534149e-05, -3.173742955991932e-05]
[1.2383807860200102e-05, -6.575540075992592e-06]
[-1.7849114437917812e-05, -7.125392330942226e-06]
[-1.7339049630415992e-05, -3.192030351348296e-05]
[1.2800133175061568e-05, -3.136555970145727e-05]
[1.2318328386870525e-05, -6.5752861728718415e-06]
[-1.7728624805146698e-05, -7.121755547262465e-06]
[-1.7225818394694947e-05, -3.1550428545051856e-05]
[1.2728219514590577e-05, -3.099914753945665e-05]
[1.225326502944657e-05, -6.574960795202589e-06]
[-1.760934585876006e-05, -7.118076875256563e-06]
[-1.7113689717462854e-05, -3.118593827994287e-05]
[1.2656818429213068e-05, -3.06380888944191e-05]
[1.2188613878333365e-05, -6.574564587580323e-06]
[-1.7491258583052227e-05, -7.114356542853306e-06]
[-1.700264662252149e-05, -3.0826730563232596e-05]
[1.258592419295379e-05, -3.02822820670845e-05]
[1.2124371102512077e-05, -6.5740986343043595e-06]
[-1.7374344322002022e-05, -7.110595225512384e-06]
[-1.6892672484503102e-05, -3.0472705658979304e-05]
[1.2515531163770355e-05, -2.993162776837588e-05]
[1.2060532896956966e-05, -6.573563846368202e-06]
[-1.725858482179432e-05, -7.106793432964942e-06]
[-1.6783751017990234e-05, -3.0123766181749945e-05]
[1.2445633780888699e-05, -2.9586029050787666e-05]
[1.1997095495583365e-05, -6.572961114614806e-06]
[-1.7143962207283314e-05, -7.102951662535384e-06]
[-1.6675866270743356e-05, -2.977981703020105e-05]
[1.2376226564358994e-05, -2.9245391242049834e-05]
[1.1934055171108904e-05, -6.572291310902312e-06]
[-1.7030458972777662e-05, -7.099070400251595e-06]
[-1.6569002601274363e-05, -2.94407654727602e-05]
[1.2307304126490948e-05, -2.89096220316698e-05]
[1.1871408234984115e-05, -6.571555288770181e-06]
[-1.6918057972242773e-05, -7.095150120511873e-06]
[-1.646314472203425e-05, -2.9106520487820475e-05]
[1.223886111889616e-05, -2.8578630810238703e-05]
[1.1809151037184273e-05, -6.570753883550218e-06]
[-1.680674241053004e-05, -7.091191287084131e-06]
[-1.63582776157023e-05, -2.87769936009874e-05]
[1.217089230776125e-05, -2.8252329508093865e-05]
[1.17472799660151e-05, -6.569887913143724e-06]
[-1.6696495834273017e-05, -7.087194352717319e-06]
[-1.6254386577818636e-05, -2.8452098228215483e-05]
[1.2103392523110656e-05, -2.7930631937955752e-05]
[1.1685791447918481e-05, -6.568958178299056e-06]
[-1.6587302123477476e-05, -7.083159760334912e-06]
[-1.615145719613409e-05, -2.8131749770093917e-05]
[1.203635666768843e-05, -2.7613453889296924e-05]
[1.1624681947319804e-05, -6.567965463055714e-06]
[-1.6479145483055957e-05, -7.079087942313267e-06]
[-1.6049475345281117e-05, -2.7815865556835018e-05]
[1.1969779718623563e-05, -2.730071307399662e-05]
[1.1563947978729394e-05, -6.566910680849691e-06]
[-1.637201042253844e-05, -7.0749794671143285e-06]
[-1.5948427177558955e-05, -2.7504364795705172e-05]
[1.1903656723877276e-05, -2.699232907366067e-05]
[1.1503586056740844e-05, -6.565794292201499e-06]
[-1.626588179787225e-05, -7.070834456557318e-06]
[-1.5848299117937614e-05, -2.7197168520648463e-05]
[1.1837982802354041e-05, -2.668822328960596e-05]
[1.1443592770749023e-05, -6.564617180460086e-06]
[-1.6160744729126764e-05, -7.0666534610908105e-06]
[-1.5749077856175298e-05, -2.6894199542215613e-05]
[1.1772753142458292e-05, -2.6388318892289764e-05]
[1.138396473447656e-05, -6.563380067270419e-06]
[-1.6056584642903937e-05, -7.0624368760097145e-06]
[-1.5650750341267283e-05, -2.659538240018522e-05]
[1.1707963001039712e-05, -2.6092540775346507e-05]
[1.132469859850549e-05, -6.5620836599555865e-06]
[-1.595338725279838e-05, -7.058185087949198e-06]
[-1.555330377489561e-05, -2.630064331737847e-05]
[1.1643607702060965e-05, -2.5800815508292274e-05]
[1.1265791049638874e-05, -6.5607286518498675e-06]
[-1.585113855229192e-05, -7.0538984752455125e-06]
[-1.54567255931104e-05, -2.6009910296109773e-05]
[1.157968264775544e-05, -2.5513071433835854e-05]
[1.1207238811136722e-05, -6.559315722465264e-06]
[-1.5749824808397594e-05, -7.049577408102525e-06]
[-1.53610035094065e-05, -2.572311250714776e-05]
[1.151618326905579e-05, -2.522923805697852e-05]
[1.1149038641897202e-05, -6.557845537769058e-06]
[-1.564943255441542e-05, -7.04522224859172e-06]
[-1.5266125435786648e-05, -2.5440181100427894e-05]
[1.1453105097258831e-05, -2.4949246855421325e-05]
[1.1091187336526032e-05, -6.556318750461365e-06]
[-1.5549948584242523e-05, -7.040833351124043e-06]
[-1.5172079526171167e-05, -2.5161048594790625e-05]
[1.1390443714898169e-05, -2.4673030670108176e-05]
[1.1033681724878508e-05, -6.554736000918826e-06]
[-1.5451359945573007e-05, -7.036411062838477e-06]
[-1.507885415846788e-05, -2.4885648981148867e-05]
[1.1328194765847233e-05, -2.440052380792146e-05]
[1.0976518671851343e-05, -6.553097916861539e-06]
[-1.5353653934485623e-05, -7.031955723352246e-06]
[-1.4986437929631613e-05, -2.4613917683879993e-05]
[1.1266353955208253e-05, -2.413166200337935e-05]
[1.0919695088748571e-05, -6.551405252130937e-06]
[-1.5256818077208356e-05, -7.027467803594201e-06]
[-1.4894819650446145e-05, -2.4345791523577853e-05]
[1.1204917048424079e-05, -2.386638238188743e-05]
[1.086320788584727e-05, -6.549658333299124e-06]
[-1.5160840172195877e-05, -7.022947351970066e-06]
[-1.4803988340583718e-05, -2.408120868105379e-05]
[1.1143879869224271e-05, -2.3604623423323368e-05]
[1.080705404279958e-05, -6.547857891336939e-06]
[-1.5065708213163331e-05, -7.0183948263358165e-06]
[-1.4713933223886588e-05, -2.3820108662281347e-05]
[1.1083238300013676e-05, -2.3346324927508988e-05]
[1.0751230561475977e-05, -6.546004507557157e-06]
[-1.4971410431469101e-05, -7.013810539413523e-06]
[-1.4624643723315511e-05, -2.356243226447896e-05]
[1.1022988279763002e-05, -2.3091427980237444e-05]
[1.0695734476970364e-05, -6.544098752059302e-06]
[-1.4877935278656551e-05, -7.009194797263918e-06]
[-1.4536109457230495e-05, -2.3308121543053062e-05]
[1.0963125804119844e-05, -2.2839874920244085e-05]
[1.0640562857475167e-05, -6.5421411842847554e-06]
[-1.4785271421846602e-05, -7.004547899980285e-06]
[-1.4448320222348876e-05, -2.305711991493209e-05]
[1.090364693540069e-05, -2.259160944279026e-05]
[1.05857128039899e-05, -6.540132352961248e-06]
[-1.4693407738269881e-05, -6.9998701415219244e-06]
[-1.4361266036433395e-05, -2.280937158585794e-05]
[1.084454775535093e-05, -2.2346576027121312e-05]
[1.053118145000198e-05, -6.538072797379613e-06]
[-1.4602333310881344e-05, -6.995161810213757e-06]
[-1.4274937064406856e-05, -2.2564822333648316e-05]
[1.078582443420073e-05, -2.2104720719895443e-05]
[1.0476965961042639e-05, -6.535963046228055e-06]
[-1.4512037423364266e-05, -6.990423188552031e-06]
[-1.4189323660818154e-05, -2.2323418936043282e-05]
[1.0727473183369529e-05, -2.18659905625862e-05]
[1.042306353447875e-05, -6.5338036189799276e-06]
[-1.4422509555800378e-05, -6.98565455353739e-06]
[-1.410441635363302e-05, -2.2085109278369153e-05]
[1.0669490265902137e-05, -2.1630333700006776e-05]
[1.0369471399221397e-05, -6.5315950254496435e-06]
[-1.4333739380145705e-05, -6.980856177007944e-06]
[-1.402020584118091e-05, -2.184984232558862e-05]
[1.0611871995858113e-05, -2.1397699352054822e-05]
[1.031618682657831e-05, -6.529337898464327e-06]
[-1.4245716744604175e-05, -6.9760284573117115e-06]
[-1.3936682987825133e-05, -2.1617568096099493e-05]
[1.0554614737423584e-05, -2.1168037787566707e-05]
[1.0263207084637571e-05, -6.527032464953564e-06]
[-1.4158431714789144e-05, -6.971171391173536e-06]
[-1.385383882063218e-05, -2.1388237635283636e-05]
[1.0497714904300626e-05, -2.0941300298005228e-05]
[1.0210529506116117e-05, -6.52467934048051e-06]
[-1.4071874501503379e-05, -6.966285367671077e-06]
[-1.3771664525652483e-05, -2.116180299019388e-05]
[1.0441168958708058e-05, -2.0717439172646124e-05]
[1.0158151442452024e-05, -6.522278999554487e-06]
[-1.398603550217814e-05, -6.961370638436382e-06]
[-1.369015144425667e-05, -2.0938217185489938e-05]
[1.038497341049327e-05, -2.0496407673764594e-05]
[1.0106070274962242e-05, -6.51983190824712e-06]
[-1.3900905285774146e-05, -6.956427450355296e-06]
[-1.3609291059091255e-05, -2.0717434328937356e-05]
[1.0329124828067915e-05, -2.0278160143105683e-05]
[1.0054283414495657e-05, -6.5173385244143844e-06]
[-1.3816474588840277e-05, -6.951456045900528e-06]
[-1.3529075034879323e-05, -2.0499409068869268e-05]
[1.0273619792444677e-05, -2.006265145876318e-05]
[1.0002788301072263e-05, -6.5147992980019165e-06]
[-1.3732734311988626e-05, -6.946456662965117e-06]
[-1.3449495148698531e-05, -2.0284097351830344e-05]
[1.0218454963462076e-05, -1.9849837793350922e-05]
[9.951582403550097e-06, -6.512214671405836e-06]
[-1.3649675516202997e-05, -6.941429535195498e-06]
[-1.3370543330948337e-05, -2.0071455880010802e-05]
[1.0163627035264522e-05, -1.9639676071325773e-05]
[9.900663219347683e-06, -6.509585079028657e-06]
[-1.3567289419397222e-05, -6.936374891908237e-06]
[-1.3292211651638741e-05, -1.9861442220242553e-05]
[1.0109132745406146e-05, -1.9432124077845003e-05]
[9.850028274166478e-06, -6.506910948084199e-06]
[-1.3485567393001219e-05, -6.9312929584230965e-06]
