[-488.24824759292864, -802.3651775971472]
[-1.1632513836921454, 16.408281090930643]
[-1.0131529850429644, 9.986188792226365]
[-0.878238354131506, 0.016953664815524405]
[-0.9954875434187045, -0.20276622743500994]
[-0.08118009868750464, 2.0713001583088015]
[-0.05215009597652909, 0.6688818806945491]
[-0.06838313686550457, 0.01926058703203637]
[-0.1168743965747936, -0.060993160203032915]
[-0.004572190220828887, 0.7794578896389623]
[0.0203416521493196, 0.09099284092683213]
[0.04469083247614947, -0.015721377426203276]
[0.018919276225972226, 0.0019507242575742545]
[-0.001142491521584077, 0.3823974519145885]
[0.022091401099878283, -0.0015423997979446824]
[0.05742993454681056, -0.031185691602139798]
[0.039802362348936526, 0.028756966947446116]
[-0.009603003965885648, 0.21025206187103151]
[0.01043993954493061, -0.012671033315026392]
[0.04686047756034739, -0.03086234489850348]
[0.03133493282882327, 0.03550545509542857]
[-0.015974271616020275, 0.12394534282984004]
[-0.0004866564954397745, -0.009297512124412322]
[0.033103522596384494, -0.02143003972923585]
[0.018375262617093213, 0.031868165698114126]
[-0.01683505563590515, 0.07650335911618811]
[-0.006370265226984806, -0.0057710854632624375]
[0.022064022651331783, -0.009237079630143974]
[0.00942539669407405, 0.024848121269085865]
[-0.01318533252987919, 0.048080652345114494]
[-0.00737031387258924, -0.0038139816150675188]
[0.014566264767779558, 0.0011324213396473048]
[0.005829243402599937, 0.018652488951600432]
[-0.007725039822901403, 0.02994632961727528]
[-0.005642249996373305, -0.0023705720638731442]
[0.009796925368054543, 0.007462689215903762]
[0.005711265437556345, 0.014679428102944703]
[-0.0030041386639685363, 0.018479985080943173]
[-0.0034515879963326057, -0.0006770421792978709]
[0.0068594726447313015, 0.0096485896145877]
[0.00655394117162178, 0.012363434564374831]
[-0.00040097155031485615, 0.012037848763045922]
[-0.0020619623687201383, 0.0011573946017571224]
[0.005227322361823328, 0.00888700453518787]
[0.006704018914703624, 0.010494702189211669]
[4.062094874823785e-05, 0.00929023969969478]
[-0.001572433282287733, 0.0025908338014636323]
[0.004590137179246057, 0.006769957975462759]
[0.005782376691840341, 0.008309569339116862]
[-0.0008383599561971877, 0.008687915790881462]
[-0.001445701136836064, 0.0032411243022134606]
[0.004579793779109664, 0.004620277262391781]
[0.004289649968079345, 0.0058802469419578784]
[-0.0019706495028479765, 0.008684578360869999]
[-0.001191111606386741, 0.003157343619278663]
[0.004696576414158216, 0.003189146194007897]
[0.002930420611490625, 0.0038135518298751947]
[-0.0025818136755670906, 0.008206668647142035]
[-0.000737087343859244, 0.0027034397960266077]
[0.004477340352437409, 0.0026547431887672945]
[0.0021184419620841055, 0.0026544256787417453]
[-0.002407622015729416, 0.006929208970971379]
[-0.0003526550570973619, 0.0022638279037554554]
[0.003731339283850943, 0.002790594824912729]
[0.001854435861616266, 0.0024630398251384023]
[-0.0016332101825176082, 0.0051746362463145346]
[-0.0003102164719868683, 0.002027072772046168]
[0.0026340419501402756, 0.003188860976788055]
[0.0018889036982046026, 0.0028088638032763846]
[-0.0006775699182058892, 0.0035349831274230636]
[-0.0006105901149708881, 0.0019667808251317975]
[0.0015967379201261567, 0.0034663335166713605]
[0.0019549320014281, 0.0030990479964109197]
[4.5652304735188665e-05, 0.0024669690356613483]
[-0.0009741815352468652, 0.0019645129023428964]
[0.001000181142902845, 0.003408626274171045]
[0.0019046851802535514, 0.0029568253290512825]
[0.0003020892651535989, 0.0020742773807880255]
[-0.0010662349971788387, 0.0019380670201147865]
[0.0009687289088318174, 0.0030218883330972446]
[0.0017157881926150864, 0.002391761566615358]
[0.00010415081905978951, 0.002139259345343092]
[-0.000754106657203657, 0.001880814034839251]
[0.0013198742980899958, 0.0024831993038016975]
[0.0014328025394982902, 0.0016938681715230608]
[-0.000331678581240169, 0.0023162199486055357]
[-0.00019811228781918544, 0.0018179608214603515]
[0.001699646440916247, 0.0020189194186328585]
[0.0011187831908507917, 0.0011790491664949165]
[-0.0007097208692314894, 0.002336779333977912]
[0.0002758753144318504, 0.0017514439487911204]
[0.0018001547061610168, 0.0017758698324923383]
[0.0008399714095368438, 0.0009831026250202157]
[-0.0008054917259547878, 0.0021156391260883645]
[0.0004101692220874753, 0.001653125912407738]
[0.001521821209650831, 0.0017543341657138]
[0.0006592405888126152, 0.0010249475198413904]
[-0.0005714166747514682, 0.0017322636876798692]
[0.00018115379370819973, 0.0015044266828718733]
[0.0009964689096193524, 0.0018342373661530686]
[0.0006129011405317519, 0.0011194904630844604]
[-0.00014559607371644745, 0.0013368064228733711]
[-0.00020842016160038668, 0.0013328120603866012]
[0.00048037390850685924, 0.0018681044632827826]
[0.000679455189023237, 0.0011257124664041385]
[0.0002392885970926295, 0.0010517850461654321]
[-0.00048408415055870013, 0.001201997339623062]
[0.00019693137170440078, 0.0017754302326937754]
[0.0007744125107644884, 0.0010211004456670003]
[0.00039371350153238893, 0.0009191365501834969]
[-0.00047956955655825695, 0.0011606391878455913]
[0.00022151025140931813, 0.0015791750910385538]
[0.0007921637676135962, 0.0008727980440721428]
[0.00027519580949719735, 0.0009031768230318704]
[-0.00022204488473409612, 0.0011959886229802041]
[0.0004618361812074312, 0.0013697558807335142]
[0.0006746353070865574, 0.0007560470373960682]
[-5.490852563738713e-07, 0.0009299701272116323]
[0.00011587859963668734, 0.0012366241172574455]
[0.0007283253176382232, 0.0012315449134852052]
[0.0004561538752181349, 0.000694291372968947]
[-0.00024188778842715308, 0.00093344644029969]
[0.0003435814369971979, 0.001205644645423165]
[0.0008445760642241673, 0.001186885780869229]
[0.00024523660829878224, 0.0006589572747350836]
[-0.000300796982000584, 0.0008848233091680591]
[0.00036581377738498233, 0.0010814014838769204]
[0.0007367645435225612, 0.001192490772453647]
[0.00015086300898037308, 0.0006115939174722307]
[-0.00015463657683900678, 0.0007957312612460465]
[0.00021699649178152924, 0.0009154904858279522]
[0.0004601562848693952, 0.0011818043710632442]
[0.00020539262017993387, 0.0005427808220246355]
[9.535129713356127e-05, 0.0006995796768577422]
[1.4550347638198069e-05, 0.0007928611504817162]
[0.0001567172949297202, 0.0011161689391409046]
[0.000341421836173441, 0.00047621937537467574]
[0.00029890351835137885, 0.0006254009327010257]
[-0.0001219306451763491, 0.0007661531394467236]
[-2.811020619652993e-05, 0.001007485861805768]
[0.0004402160220611795, 0.0004421149678499603]
[0.0003513460458000883, 0.000580430304690599]
[-0.00013192772352317583, 0.0008164817825986742]
[-2.355657094227359e-05, 0.0009010931454586091]
[0.0004158026681816973, 0.0004483377716782977]
[0.0002488540722911936, 0.0005508987412949917]
[-2.9155360635968464e-05, 0.0008704554156983013]
[0.00013390736392027147, 0.0008374076148249809]
[0.00027302985283261805, 0.00047395242311265573]
[7.684632435395189e-05, 0.0005181132511844488]
[0.00012242192578915123, 0.0008579843819508381]
[0.00032841336685018874, 0.0008228614221001962]
[9.89686217574004e-05, 0.00048670450395721376]
[-5.20274797424225e-05, 0.0004763999277641595]
[0.0002478424670933066, 0.0007644748646947475]
[0.00043465340643100703, 0.000829253029605237]
[-2.6703569928621107e-06, 0.00046656744718387433]
[-6.644560734336835e-05, 0.000438450774729926]
[0.000294712699070665, 0.0006379193442531683]
[0.00038878675391762485, 0.0008177331381666875]
[1.6031959447104782e-05, 0.0004165009248768836]
[2.915029353633969e-05, 0.0004235446733320547]
[0.00025136875528630753, 0.0005484751065778504]
[0.00021981309945662275, 0.0007671851988559908]
[0.00011934503508870264, 0.00035580729038819925]
[0.00016837588342033527, 0.0004380635987272785]
[0.00014790733790004396, 0.0005345163789391982]
[2.5316133703601196e-05, 0.0006869640078496775]
[0.0002200724486454142, 0.0003057238544572627]
[0.00026922861568356993, 0.0004648228017101186]
[4.118083878346113e-05, 0.0005767927625157654]
[-9.090814083978493e-05, 0.0006076420505944924]
[0.00024344524725863903, 0.00027938445332464923]
[0.0002818379053689535, 0.00047171180646388144]
[-1.2231210627933198e-05, 0.0006176480455188926]
[-7.979568297483697e-05, 0.0005588678368258493]
[0.0001752267186337919, 0.00028009535083073356]
[0.00021137839825592641, 0.0004349596982096138]
[1.5050561753129216e-05, 0.0006068916175389905]
[2.980955633305471e-05, 0.0005502146445721667]
[6.314057809075901e-05, 0.0003033548838587419]
[0.00010785394365492307, 0.00035972413285589866]
[0.00010549064303877476, 0.0005377479904932203]
[0.00015646256498771244, 0.0005664983978841409]
[-2.3024016523098823e-05, 0.0003375211206556594]
[3.3235060290237595e-05, 0.00028107266764187955]
[0.00020561817619091372, 0.00044739231083124054]
[0.00021996583504402256, 0.0005785847343897643]
[-3.975362434260887e-05, 0.00036410449609464157]
[2.6375591847704882e-05, 0.00024233441917598242]
[0.00025730687869351954, 0.00038549254853711967]
[0.00018809984946122071, 0.0005616415142166709]
[6.866187532317269e-06, 0.00036290531403904147]
[8.429882831295643e-05, 0.00026504056554821354]
[0.0002332007110155132, 0.00037726930744685916]
[8.87606018360465e-05, 0.0005097663015292131]
[7.375861994418642e-05, 0.0003236110684263771]
[0.00016787469691648127, 0.00033199419314411394]
[0.0001531032177406466, 0.0004083517795105962]
[-1.5333825263308398e-05, 0.00043910694698012787]
[0.00011433798866811173, 0.0002569645203212012]
[0.00022669271705444416, 0.0003964479348905377]
[6.973275720567607e-05, 0.00043943605653851137]
[-6.872606060248643e-05, 0.00037824616437875935]
[0.00010712695676862172, 0.00019442828149296432]
[0.00022834294813667277, 0.00041196889008732196]
[3.3305140318906634e-05, 0.0004363489689527267]
[-5.409941056533363e-05, 0.00035132227626966106]
[6.266965378709521e-05, 0.00017163153700439082]
[0.00017570100609054506, 0.0003628125712026309]
[5.943530208099568e-05, 0.00039239269077950834]
[4.71574647409323e-06, 0.0003632711837826541]
[9.918565210681463e-06, 0.00020414870282020603]
[0.0001029658476441736, 0.00027420675273426287]
[0.00012219018194643827, 0.00032893759647462106]
[6.434651463985142e-05, 0.00039586560187709896]
[-2.4155559061433962e-05, 0.00027309906632061454]
[5.353342766822866e-05, 0.00019590734403096555]
[0.00017557642439214316, 0.00027756193672912044]
[9.045094037638673e-05, 0.0004176882971735907]
[-2.796727646536823e-05, 0.0003336125589792349]
[5.347619668993886e-05, 0.00017047834580274923]
[0.00018640233349720425, 0.0002587758338821744]
[7.494989668888064e-05, 0.00040305974314436277]
[-6.76689177891987e-06, 0.00034309382920533205]
[9.69002219655124e-05, 0.00020730923595357886]
[0.00015457710218269582, 0.00027145192731961587]
[3.4379086547797755e-05, 0.00034873869931284496]
[2.4161463354044344e-05, 0.00029049254039437145]
[0.00015181561800869936, 0.000278477207754646]
[0.0001079789578262158, 0.00029704305792899177]
[-5.195032821703194e-06, 0.00027737904182845163]
[4.81787047812432e-05, 0.0002053209861703209]
[0.00018195581136515315, 0.00033757003025403076]
[7.862560354787718e-05, 0.00031264461740088123]
[-2.46959894822929e-05, 0.00022430848765403466]
[5.3956133509114323e-05, 0.00013888136636963644]
[0.00016982630363227003, 0.00034821368823524657]
[7.968631131116677e-05, 0.00030359713808136846]
[-2.032844655897037e-05, 0.00021509077515963204]
[3.928526313290437e-05, 0.00013019784315093652]
[0.0001260261844837629, 0.0003044049949164629]
[9.986138575157621e-05, 0.00026954918730925925]
[-1.3678951399365147e-06, 0.0002482730728297078]
[1.1839473998159766e-05, 0.00018036912359953305]
[7.96897221163051e-05, 0.0002315364405507947]
[0.0001166366224816251, 0.0002230773255205154]
[1.8302752974375114e-05, 0.00029526922553960167]
[-1.3981941511725937e-05, 0.0002529663119983372]
[5.78043582712684e-05, 0.00016951946913107419]
[0.00011556568083812002, 0.000183075251460163]
[2.8585748354126306e-05, 0.0003183124337453602]
[-2.4182101332481665e-05, 0.0002993976029504464]
[6.810647163960071e-05, 0.0001493986664850011]
[9.994602022755927e-05, 0.0001657923460967048]
[2.7206870986465348e-05, 0.000295037637257467]
[-1.336704858045934e-05, 0.00029087736495458927]
[9.66399005440377e-05, 0.00017701051061580486]
[8.48464116178782e-05, 0.00017655280583755983]
[1.86511425420699e-05, 0.0002332850630597516]
[1.1260831313864017e-05, 0.000235186214511518]
[0.00012002601213811914, 0.0002317452541238385]
[8.250675767951243e-05, 0.00020576717616854756]
[9.909468159152723e-06, 0.00016602284083178098]
[3.389331760050851e-05, 0.0001683850433187306]
[0.00012235816691608115, 0.00027957744816720087]
[9.203485410402834e-05, 0.0002324412504404183]
[5.908595890558033e-06, 0.0001297257903947191]
[4.043221910876582e-05, 0.00012936432305354906]
[0.00010454731942988182, 0.0002922944774674807]
[0.0001012774425770413, 0.0002351834528160346]
[7.055533779221079e-06, 0.00014075096402124676]
[2.8158733943683956e-05, 0.00013563305561836714]
[8.069269959376513e-05, 0.0002624540557676358]
[9.803310859701764e-05, 0.00020550850430645085]
[9.992938522662698e-06, 0.00018538362155368082]
[7.435085316309653e-06, 0.00017561356694062447]
[6.59100559075032e-05, 0.0002064851818031066]
[8.055969166115631e-05, 0.00015490935810325013]
[1.0857711191691877e-05, 0.00022966126600354464]
[-6.203743165178466e-06, 0.00021984326115387365]
[6.554374155515186e-05, 0.0001547316799124232]
[5.892320494446657e-05, 0.00010955736304202324]
[8.748022581439585e-06, 0.00024172721026616273]
[-3.6972534465384843e-06, 0.0002410565883641802]
[7.329909833916903e-05, 0.0001340741246618482]
[4.684361049506203e-05, 9.43633548199374e-05]
[6.760690412027648e-06, 0.0002116068646028646]
[1.117478255041604e-05, 0.00022937764733160781]
[7.824465413229509e-05, 0.00015277636905541847]
[5.115515223985678e-05, 0.00011627514648782089]
[9.496625170551942e-06, 0.00015594116308648154]
[2.5634838048738118e-05, 0.00019462123986557778]
[7.40958261091218e-05, 0.00019614879381557593]
[6.707245788817318e-05, 0.0001585487869422697]
[1.8656467160704793e-05, 0.00010583539774322581]
[2.868491637197934e-05, 0.0001571890995656633]
[6.34320960082313e-05, 0.0002356392263798135]
[8.215589930071765e-05, 0.0001909134107339061]
[3.0280483491740284e-05, 8.687247730709835e-05]
[1.9950030856419332e-05, 0.0001352856784122558]
[5.4342482496583244e-05, 0.00024607846887625406]
[8.515280134124836e-05, 0.00018939766126391255]
[3.647183746191551e-05, 0.00010434747602960925]
[9.404003720403509e-06, 0.0001361341606267441]
[5.307828699940842e-05, 0.00022068374972578075]
[7.302047030233183e-05, 0.00015230769820862022]
[3.1119829463577275e-05, 0.0001421029767837978]
[8.399171488759904e-06, 0.00015451343638894777]
[5.888481332361195e-05, 0.00017456407774266158]
[5.1842203576457635e-05, 0.00010118214087229127]
[1.5571567389294216e-05, 0.00017406725091995146]
[1.963617650810323e-05, 0.00017735132930085662]
[6.480013763277004e-05, 0.00013459730457471286]
[3.221176525210548e-05, 6.608018394693715e-05]
[-5.681628055809185e-07, 0.00018016311880070246]
[3.454467830274477e-05, 0.0001909282534666712]
[6.32897618904893e-05, 0.00012227640128387174]
[2.295792148085396e-05, 6.558966756120554e-05]
[-5.147475578941296e-06, 0.00015690751323151758]
[4.033799611776606e-05, 0.00018736510854466815]
[5.211200747147482e-05, 0.00014064709356836902]
[2.6960842574197397e-05, 9.536508696619816e-05]
[7.74680915785475e-06, 0.0001175008067169081]
[3.093639038759255e-05, 0.00016804654131036267]
[3.611129711502542e-05, 0.00017359932024196834]
[4.0489677679445e-05, 0.0001325028766154257]
[3.237382253376553e-05, 8.282255751224099e-05]
[1.2695769025850012e-05, 0.00014267419200325593]
[2.394735814986726e-05, 0.0001974113050635662]
[5.5385420838716115e-05, 0.00015172997088180873]
[5.3948645276080676e-05, 6.939290942464815e-05]
[6.715389289091434e-08, 0.00012408027369723018]
[2.2315985236720515e-05, 0.00019634874897800358]
[6.275595395366373e-05, 0.0001416218873432351]
[5.824320538283523e-05, 8.098403536016541e-05]
[4.45980909002941e-06, 0.00012100835893047446]
[3.157619516214183e-05, 0.00017186371143806944]
[5.702445338173767e-05, 0.00011014110651841325]
[4.17016228848599e-05, 0.00010774236140198568]
[2.5055986522026785e-05, 0.00013280387392389237]
[4.539550074844634e-05, 0.00013987618067295982]
[3.905867264564211e-05, 7.714118666002356e-05]
[1.4681712393382895e-05, 0.00013248222115795627]
[4.880149274133494e-05, 0.00014960982153078284]
[5.438359383802549e-05, 0.00011899557774766589]
[1.669329142278686e-05, 6.046954864991072e-05]
[-4.947066118754506e-06, 0.0001403552519683715]
[5.964426563917491e-05, 0.00015855745936521615]
[5.148291801093663e-05, 0.00011834191973786323]
[1.3901430885865373e-06, 6.556521826250883e-05]
[-3.7090572849174386e-06, 0.0001267278553699347]
[5.006092060211298e-05, 0.00015225242860017474]
[3.614681474845005e-05, 0.00013302765132422456]
[1.8357775210808835e-06, 8.452883052384452e-05]
[1.8301557467962498e-05, 9.921141284233159e-05]
[2.6391111970600067e-05, 0.00013375520741885395]
[1.5075806051728646e-05, 0.00014933016799889565]
[1.7941165449814056e-05, 0.00010339745224494101]
[4.739489949891207e-05, 7.288087040335789e-05]
[4.353269375922952e-06, 0.00011432147340206811]
[-1.0358377961483534e-06, 0.00015483992649989453]
[3.961246314265754e-05, 0.00011136608989237295]
[6.54112472320556e-05, 6.140897337503226e-05]
[-1.6781202167859277e-06, 0.00010531091295246098]
[-3.319673537394152e-06, 0.00014616630706520972]
[5.221858588910777e-05, 0.00010592442643181377]
[6.165630195775762e-05, 6.922232810424589e-05]
[1.2053748525531205e-05, 0.00011010109802284118]
[9.839877166073485e-06, 0.00012950104085840408]
[4.599288674467239e-05, 9.199243740432017e-05]
[3.955860001192413e-05, 8.931692161651128e-05]
[3.690461858019134e-05, 0.00012198725015277745]
[3.099798771755147e-05, 0.00011486338552169073]
[2.3116197649164505e-05, 7.736263693280954e-05]
[1.3866287811747924e-05, 0.00010802451663272095]
[5.798231983589197e-05, 0.00012957503441501927]
[4.712740618684208e-05, 0.0001089434161140046]
[-2.933018850792557e-06, 6.818691577836766e-05]
[7.387054550278549e-07, 0.00011367798964367903]
[6.351205313370745e-05, 0.00012546411158842474]
[4.7048024106599584e-05, 0.00011151480752150111]
[-1.601304464282638e-05, 6.679958213728909e-05]
[7.5968398032255635e-06, 0.00010360396169051267]
[5.1352666081083687e-05, 0.00011155761694148225]
[2.8647999403608182e-05, 0.00011705973354164678]
[-8.281792292237633e-06, 7.188613292652413e-05]
[2.919476100121665e-05, 8.500859738214128e-05]
[2.928594402515361e-05, 9.707207185644107e-05]
[1.14393694933268e-06, 0.00011945438415736365]
[1.4258944750364377e-05, 7.984119883694407e-05]
[5.180758924795692e-05, 6.947823015146515e-05]
[9.873615573648131e-06, 9.106832502402129e-05]
[-1.9767369707462956e-05, 0.00011600272666717482]
[3.5771575039728054e-05, 8.64133762931707e-05]
[6.215705928129533e-05, 6.513167134991615e-05]
[3.4559443588544347e-06, 9.549868464509004e-05]
[-2.1457188541573746e-05, 0.00010837011334630109]
[4.144249228910102e-05, 8.835198825468682e-05]
[5.5188047065724e-05, 7.186340495368704e-05]
[1.3055029856157141e-05, 0.00010411760011558302]
[-2.689360590613088e-06, 0.00010055345331139165]
[2.7517088832418324e-05, 8.479566090274782e-05]
[3.624332297758048e-05, 8.263086312232382e-05]
[3.3285216067158174e-05, 0.00010779927338475104]
[2.4962545675188963e-05, 9.587137453737071e-05]
[3.4722418673638344e-06, 7.773404837818632e-05]
[1.705395365614315e-05, 8.927156446258966e-05]
[5.331077007797447e-05, 0.00010179149762135076]
[4.401946116083799e-05, 9.504690984496467e-05]
[-1.4957780019697609e-05, 7.092835205591008e-05]
[8.553029864133421e-06, 8.824135618729079e-05]
[6.23306615376018e-05, 8.916734545616478e-05]
[4.2133657064180596e-05, 9.62449267906118e-05]
[-1.6665154076944688e-05, 6.762181881070362e-05]
[1.4841143927801781e-05, 8.216881867904174e-05]
[5.516376256942124e-05, 7.80217497653446e-05]
[2.0054091737442548e-05, 9.658564987796714e-05]
[-2.238200116855271e-06, 6.850505918776228e-05]
[3.1421915305140935e-05, 7.663413578784528e-05]
[3.528300766025144e-05, 7.496343380619663e-05]
[-8.822678573716658e-06, 9.401071459297361e-05]
[1.7353684485355014e-05, 7.151387168125023e-05]
[4.822385968461518e-05, 7.524227784388993e-05]
[1.3433035495835632e-05, 8.015020711171772e-05]
[-2.706452351260158e-05, 8.848553708502849e-05]
[2.8872719227315824e-05, 7.371210315146315e-05]
[5.545194038947959e-05, 7.704863072002799e-05]
[1.9814539710949486e-06, 8.755884739267139e-05]
[-2.426050933243551e-05, 8.200011337700097e-05]
[2.5616239007708597e-05, 7.3741624238427e-05]
[4.90482541669196e-05, 7.813220626740058e-05]
[7.732751255540293e-06, 8.989617273780226e-05]
[-3.272278763642722e-06, 7.738322381267704e-05]
[1.097776247327431e-05, 7.272289997828363e-05]
[3.287258722031727e-05, 7.560601692202518e-05]
[2.7449500162757268e-05, 8.408231893569651e-05]
[2.217276022420389e-05, 7.649719380187214e-05]
[-4.932670943480488e-06, 7.277624351207518e-05]
[1.6422982018871046e-05, 7.047693878781125e-05]
[4.92790261084064e-05, 7.317270352757976e-05]
[3.655889243558974e-05, 7.88223937485677e-05]
[-1.247027844852866e-05, 7.450249840090795e-05]
[9.283604584853222e-06, 6.692366947991246e-05]
[5.977141367030647e-05, 6.364752401688545e-05]
[3.214164350584525e-05, 8.145127905545557e-05]
[-8.286462670703543e-06, 7.586340605603148e-05]
[1.539804893635477e-05, 6.865090498470172e-05]
[5.231698245367067e-05, 6.0526567486229865e-05]
[1.2958164101739555e-05, 8.080652654401943e-05]
[3.6121606876715617e-06, 7.379360010406621e-05]
[3.058932502475464e-05, 7.541099153561548e-05]
[3.146363437167565e-05, 6.405166534084739e-05]
[-8.682346833155385e-06, 7.519378128975629e-05]
[1.536038348001756e-05, 6.737316371518975e-05]
[4.502335010159175e-05, 8.263028648469728e-05]
[1.003714065336489e-05, 7.00575552545768e-05]
[-2.0285531720676264e-05, 6.642056121836104e-05]
[2.0324676228658523e-05, 5.9686999047237066e-05]
[4.931362525367744e-05, 8.456283205091064e-05]
[8.23966540886012e-07, 7.324616631088077e-05]
[-1.6418920375668722e-05, 5.90299246638476e-05]
[1.6550448381981442e-05, 5.6268762319275356e-05]
[4.0505179249444856e-05, 7.85978600731374e-05]
[8.383809292827893e-06, 7.071614577840168e-05]
[-9.356762227241688e-07, 5.728765885865128e-05]
[7.057508539909385e-06, 6.085100224137441e-05]
[2.4015503743604616e-05, 6.745705076272035e-05]
[2.650081032457008e-05, 6.342315009494337e-05]
[1.639532267326549e-05, 6.188783690608268e-05]
[-2.4470024868605833e-06, 7.170356839630854e-05]
[1.0117154155941943e-05, 5.762350363813784e-05]
[4.281757150770282e-05, 5.5069632162840776e-05]
[2.606837335250578e-05, 6.891378192241948e-05]
[-6.7699358552442135e-06, 8.183821447155584e-05]
[7.193088134682668e-06, 5.510993069790526e-05]
[4.719978467560004e-05, 4.962542969394468e-05]
[2.3934316661144983e-05, 7.2197946758501e-05]
[-3.7551111431444184e-06, 8.35250690263134e-05]
[1.6268010507025643e-05, 6.15058689640291e-05]
[3.798415323386095e-05, 4.915127766913496e-05]
[1.2640558126886248e-05, 6.76969301717234e-05]
[4.813236712197799e-06, 7.405147200079121e-05]
[3.051669899489795e-05, 7.291767212880274e-05]
[2.210187060902591e-05, 5.2938517372425054e-05]
[-6.99148750227252e-07, 5.674264656864436e-05]
[1.418599079350269e-05, 5.833115680942136e-05]
[4.003237236549495e-05, 8.236260077777724e-05]
[9.597662288862718e-06, 5.804976273582341e-05]
[-8.765071364824628e-06, 4.556227688357062e-05]
[1.912525086489314e-05, 4.6074519273742176e-05]
[3.850035195063217e-05, 8.39616573299895e-05]
[6.8454728971607814e-06, 6.0811480921296734e-05]
[-7.794770559954589e-06, 4.1093968558947314e-05]
[1.681927469497635e-05, 4.526161767043346e-05]
[2.717398081686362e-05, 7.63343398613725e-05]
[1.3150777739709407e-05, 5.866244937224874e-05]
[8.999170372850362e-07, 4.596370468458455e-05]
[8.689278323516236e-06, 5.652551299055453e-05]
[1.3567921151216855e-05, 6.331045945354163e-05]
[2.2489886801688175e-05, 5.1660059937730374e-05]
[1.2111486485930079e-05, 5.632023684631893e-05]
[-1.904744564851235e-07, 7.251331598492894e-05]
[6.0522082504232966e-06, 5.1741298881857745e-05]
[2.836171163556056e-05, 4.28354564029898e-05]
[1.9786066371263455e-05, 6.42813181076507e-05]
[-4.065465510683097e-06, 8.272853558219384e-05]
[8.291950475192156e-06, 4.77361270058152e-05]
[2.7936380540993788e-05, 3.684172665488483e-05]
[2.0307764973526155e-05, 6.338745177314475e-05]
[-2.064331827700272e-07, 8.045607164292035e-05]
[1.7308965273965526e-05, 5.3334687170836226e-05]
[2.2876884001155062e-05, 3.723761138135773e-05]
[1.4305498939548578e-05, 5.319414425541957e-05]
[9.128539136149527e-06, 6.700405685822197e-05]
[2.614204105411133e-05, 6.531026471079393e-05]
[1.704221931864147e-05, 4.389720950026543e-05]
[6.022002958960826e-06, 3.9689691226474366e-05]
[1.8033136626738333e-05, 5.05452791402794e-05]
[2.8837166400119685e-05, 7.675175480231777e-05]
[1.3404079726164753e-05, 5.245559598077154e-05]
[6.201044709941428e-07, 3.1214469973887826e-05]
[2.0896211578746993e-05, 4.06445258297472e-05]
[2.4149421051777864e-05, 8.072973892729596e-05]
[1.250038421679589e-05, 5.667874261972017e-05]
[1.0461263973970958e-06, 3.276813643787735e-05]
[1.626166723338318e-05, 4.2320896912473316e-05]
[1.5651119983917106e-05, 7.422269209528265e-05]
[1.3048793339104359e-05, 5.25915864808546e-05]
[6.408061919704888e-06, 4.267922198084029e-05]
[7.805502688112975e-06, 5.341964669969279e-05]
[8.689153821683782e-06, 6.012285844117504e-05]
[1.3596737712909257e-05, 4.159220077265546e-05]
[1.2890526090065385e-05, 5.385419310558262e-05]
[1.6578034301162337e-06, 6.654034517507984e-05]
[6.700731257774928e-06, 4.5941773573754396e-05]
[1.3637301234520338e-05, 3.0073794551638278e-05]
[1.6528582721830887e-05, 5.858918094631127e-05]
[2.010324811951847e-06, 7.379741833979381e-05]
[9.423307907445791e-06, 3.962180443994878e-05]
[1.3510831634144793e-05, 2.538263805462737e-05]
[1.5866120912338966e-05, 5.356969994307903e-05]
[8.252244920958773e-06, 7.126203258939201e-05]
[1.381633504793367e-05, 4.472789569509583e-05]
[1.3599427908683737e-05, 3.070198530370771e-05]
[1.2626763400191976e-05, 4.1774487279822026e-05]
[1.5708865859220822e-05, 6.0653774418009676e-05]
[1.6545838759984832e-05, 5.7996380522506996e-05]
[1.3759047483019593e-05, 4.252463456241862e-05]
[1.002178112163854e-05, 3.0274815165820534e-05]
[1.930223505286488e-05, 4.781640156359401e-05]
[1.6085776917917904e-05, 7.103102230032743e-05]
[1.3446768857394709e-05, 5.274319011738804e-05]
[1.0108023333565974e-05, 2.5643420401399997e-05]
[1.7263595240124552e-05, 3.928061098845692e-05]
[1.3181993748223597e-05, 7.537019840642145e-05]
[1.2249733951641417e-05, 5.40978413864357e-05]
[1.2298454465820008e-05, 3.0018920451502923e-05]
[1.2108419726930553e-05, 3.8887562815559384e-05]
[9.79966431713386e-06, 6.782508624622596e-05]
[1.0244249460278354e-05, 4.520127545837305e-05]
[1.4154286994250143e-05, 4.0136363365944616e-05]
[8.318068038720705e-06, 4.6039803934805335e-05]
[7.62183269720218e-06, 5.258998748222665e-05]
[7.936629640520332e-06, 3.155666912990629e-05]
[1.3713991555863725e-05, 4.9591772567997294e-05]
[8.736278515525386e-06, 5.620833051372953e-05]
[7.148842855242421e-06, 3.86191310436379e-05]
[5.987431392268094e-06, 2.1820438439637546e-05]
[1.1354225414705876e-05, 5.270564098341923e-05]
[1.2555760871300892e-05, 6.334820796435187e-05]
[7.756078147916345e-06, 3.39066861697046e-05]
[5.006281913966237e-06, 2.1952006647341094e-05]
[9.571026051577447e-06, 4.766911894898973e-05]
[1.633732407341215e-05, 6.309235529305957e-05]
[8.378155673290089e-06, 4.0430194273133324e-05]
[5.430012823048891e-06, 3.1337615656407136e-05]
[1.0812471634674692e-05, 3.7339523102808414e-05]
[1.702406887482688e-05, 5.5168062006588636e-05]
[8.248707368319064e-06, 5.308719882302082e-05]
[7.292639579214999e-06, 4.346398369791532e-05]
[1.5161424718301841e-05, 2.746744726056516e-05]
[1.4409588001695894e-05, 4.367579520722642e-05]
[7.2990011462659155e-06, 6.323393077434236e-05]
[9.883081191430776e-06, 5.0453305779962765e-05]
[1.9871238149060666e-05, 2.345280965054819e-05]
[1.1126105913028539e-05, 3.485290171617583e-05]
[6.104875272194832e-06, 6.433482111040112e-05]
[1.1672857553102212e-05, 4.8180212018911206e-05]
[2.1295008617472355e-05, 2.7373508036776517e-05]
[1.0320897217863667e-05, 3.340560915543467e-05]
[5.466393805941827e-06, 5.592298546358565e-05]
[1.0951753065591152e-05, 3.855851980838487e-05]
[1.7784997932257518e-05, 3.683234468420879e-05]
[1.3019541137804236e-05, 3.9570325265914086e-05]
[5.824861332048847e-06, 4.3403091636251556e-05]
[7.06647530535065e-06, 2.7790986401377005e-05]
[1.1267023937389098e-05, 4.6257084716228025e-05]
[1.7300237642209337e-05, 4.886772944723283e-05]
[6.833018323715301e-06, 3.414866017553697e-05]
[1.4057495544977927e-06, 2.215141730271819e-05]
[6.143718385254182e-06, 5.0028102011934195e-05]
[1.9846417791263837e-05, 5.4903148651780365e-05]
[7.420383294043376e-06, 3.274493877222784e-05]
[-2.90706631393689e-06, 2.4251043025474983e-05]
[6.223870676738685e-06, 4.575735726794483e-05]
[1.8553846151674047e-05, 5.349709053047158e-05]
[6.474647815238321e-06, 3.850759782578206e-05]
[-2.852572985712065e-06, 3.1998250861975386e-05]
[1.1916544058167278e-05, 3.580504124756079e-05]
[1.4142357292301622e-05, 4.5387160474613664e-05]
[3.799256586958788e-06, 4.657923843276457e-05]
[2.1805211555259163e-06, 4.043333315259523e-05]
[1.9774285356710664e-05, 2.5996386319837583e-05]
[9.617946314044445e-06, 3.561817536443246e-05]
[6.258823547766745e-07, 5.1438383994240056e-05]
[9.400718842145217e-06, 4.4867551213169377e-05]
[2.4752621219203963e-05, 2.2147059316468543e-05]
[8.109653446219944e-06, 3.0027476244906537e-05]
[-9.20019811778694e-07, 5.0284030489011755e-05]
[1.402660417626489e-05, 4.3332907355808636e-05]
[2.3590905294357256e-05, 2.6461668872990174e-05]
[1.0727102478069739e-05, 3.130121737277003e-05]
[7.131131525284218e-07, 4.423697086725076e-05]
[1.2452888092151504e-05, 3.718862880119911e-05]
[1.6962861684399755e-05, 3.6111826017287685e-05]
[1.589696425385867e-05, 3.7369027434897006e-05]
[5.067038704065219e-06, 3.70135218479839e-05]
[5.000054212833671e-06, 2.9974868833715362e-05]
[8.981369006733075e-06, 4.500361109181783e-05]
[2.0463808905746284e-05, 4.3171919674400705e-05]
[9.483030730783604e-06, 3.233914215139411e-05]
[-3.897871388366947e-06, 2.541930881461152e-05]
[4.501293874081824e-06, 4.766018988267007e-05]
[2.1664978168387666e-05, 4.437825035408238e-05]
[1.0629489153757277e-05, 3.186427309145867e-05]
[-8.478937385272833e-06, 2.562957465540583e-05]
[6.085284169871086e-06, 4.268513228766757e-05]
[1.8701311345320493e-05, 4.02864849158302e-05]
[6.903355967532304e-06, 3.465877913771953e-05]
[-5.59970460167758e-06, 3.0193177182169517e-05]
[1.2561342570112377e-05, 3.351238123139311e-05]
[1.3091046094315661e-05, 3.390856326283831e-05]
[-2.56837524720277e-08, 3.820966265782877e-05]
[2.9671979671352933e-06, 3.6480633274466046e-05]
[1.9922418729903524e-05, 2.598875979026305e-05]
[7.793423777657793e-06, 2.9419881129366665e-05]
[-5.8886592148102435e-06, 4.004670965207513e-05]
[1.1614259870618149e-05, 4.1014787518334206e-05]
[2.38195247377615e-05, 2.4497781233590032e-05]
[5.6670391784807705e-06, 2.9068549901173357e-05]
[-6.541006098703672e-06, 3.9023868640963855e-05]
[1.4672563360740298e-05, 4.131868056063415e-05]
[2.2057728532365317e-05, 2.927699013277607e-05]
[7.998941755515965e-06, 3.1841943534866024e-05]
[-9.579182028707223e-07, 3.570366119864943e-05]
[1.0235024984539542e-05, 3.731363247894137e-05]
[1.570349353818834e-05, 3.6646058122147274e-05]
[1.3737664834367891e-05, 3.466409294333728e-05]
[7.696796085143731e-06, 3.183033997000706e-05]
[1.358183041477723e-06, 3.1410315965541e-05]
[8.33813309653042e-06, 4.1769709944211586e-05]
[1.982842682812791e-05, 3.493978168889189e-05]
[1.3901085247791656e-05, 2.9267163266871732e-05]
[-6.125254136235547e-06, 2.7094157170948208e-05]
[4.0058185132307855e-06, 4.187397687932526e-05]
[2.2662341488038917e-05, 3.2394032336791057e-05]
[1.3412275684299146e-05, 2.89524408524644e-05]
[-7.5551038946491955e-06, 2.6775362517827972e-05]
[4.9967909343529016e-06, 3.7713204718237137e-05]
[2.0089410131698612e-05, 2.892963916695246e-05]
[6.231141029044984e-06, 3.04066814912074e-05]
[-2.39058178956586e-06, 3.0280677520311272e-05]
[1.0604234836120163e-05, 3.252037538828412e-05]
[1.293211608369843e-05, 2.6874968789475373e-05]
[-3.2231977631341086e-06, 3.207779828478391e-05]
[5.741649655104097e-06, 3.504628511222935e-05]
[1.7489813955405553e-05, 2.9500359184170266e-05]
[4.922479927421675e-06, 2.7159175053623197e-05]
[-8.93221171417713e-06, 3.236451283522568e-05]
[1.1686961567919374e-05, 3.7922211225144276e-05]
[2.1508440530212947e-05, 2.979044742434933e-05]
[7.532270354659865e-07, 2.8799303522564212e-05]
[-7.204823785827985e-06, 3.070416230621653e-05]
[1.2113252379042372e-05, 3.7319636115890065e-05]
[2.0074494997107672e-05, 3.21978017674418e-05]
[3.1829166657892927e-06, 2.9899536484384592e-05]
[9.380491194366236e-07, 2.7978741895307024e-05]
[7.3550244208409055e-06, 3.4152349189530556e-05]
[1.3760922741246073e-05, 3.455975613519957e-05]
[1.1015709678097174e-05, 2.9194682753391765e-05]
[1.0482971142700137e-05, 2.5885993700125454e-05]
[7.890084851025492e-07, 3.0923544757088806e-05]
[6.111345566495174e-06, 3.544626413415353e-05]
[1.9486865092344097e-05, 2.690937089294687e-05]
[1.5683406696109792e-05, 2.5659616548823205e-05]
[-3.527535705760698e-06, 2.9726441604593923e-05]
[1.6085816382238605e-06, 3.491702482888437e-05]
[2.309537254396865e-05, 2.440953803606316e-05]
[1.3646345135343019e-05, 2.7074280081952617e-05]
[-3.2795034396460032e-06, 3.0743950621636706e-05]
[2.9103937403407443e-06, 3.39924421069171e-05]
[1.9176387705543974e-05, 2.309680794021496e-05]
[5.953977921968612e-06, 2.854739119267924e-05]
[1.0317961446626445e-06, 3.2384607937085974e-05]
[9.077334150009442e-06, 3.353180454676585e-05]
[9.801246415586107e-06, 2.345550141363839e-05]
[-2.550450699800866e-06, 2.8348554423240913e-05]
[6.723564419566785e-06, 3.283832969858125e-05]
[1.6040076497803035e-05, 3.353068228900691e-05]
[5.86303272008537e-07, 2.4866748870047695e-05]
[-6.837157867027599e-06, 2.6026100126145396e-05]
[1.0629875069409142e-05, 3.168542867530537e-05]
[1.914949957318446e-05, 3.332568775438194e-05]
[-2.9097294732827184e-06, 2.6143270472470115e-05]
[-4.6139978207085375e-06, 2.289917395686958e-05]
[1.0815191275742597e-05, 3.0192615027901937e-05]
[1.621031522710918e-05, 3.237706458314449e-05]
[1.1978878882157318e-06, 2.6288069824714766e-05]
[2.5892758790391213e-06, 2.1130107828448708e-05]
[7.4745627451910934e-06, 3.0072182133078496e-05]
[8.961242303290318e-06, 3.087864484596636e-05]
[9.945306968628387e-06, 2.5000189376400694e-05]
[1.0587485394675245e-05, 2.20188423729617e-05]
[2.707380949873439e-06, 3.180290470140845e-05]
[1.9416659703952455e-06, 2.968696064109544e-05]
[1.7557887088126556e-05, 2.2757457057709374e-05]
[1.5050124342552706e-05, 2.485225340997932e-05]
[-6.451760989900635e-07, 3.400010647502949e-05]
[-5.335689340357774e-07, 2.9668654760950375e-05]
[1.925330514995771e-05, 2.0559361878502713e-05]
[1.3848417495410104e-05, 2.7290026551607394e-05]
[-5.409028225322743e-07, 3.444661915341651e-05]
[2.7645984738144946e-06, 3.100742810663304e-05]
[1.4208755612754587e-05, 1.9469256986148764e-05]
[8.030515015744477e-06, 2.709073710562091e-05]
[3.0938163859683954e-06, 3.198439710161427e-05]
[9.240781736030712e-06, 3.2983991958140946e-05]
[5.787631868675591e-06, 2.0077944659968594e-05]
[1.066875223221242e-06, 2.3888721323556128e-05]
[8.230265372465018e-06, 2.7697266222481698e-05]
[1.433084740798396e-05, 3.435628455403239e-05]
[-9.138648369225177e-07, 2.2077914431650747e-05]
[-3.1088083635166797e-06, 1.9616517804299516e-05]
[1.1844010926388704e-05, 2.4336764991111925e-05]
[1.4613164878510276e-05, 3.40696658191475e-05]
[-2.3661598147761698e-06, 2.4238512539562218e-05]
[-2.2093799519132262e-06, 1.7168105327203254e-05]
[1.1742845484954967e-05, 2.4340022783578275e-05]
[1.0006995067500524e-05, 3.187698392814742e-05]
[1.4490393226429532e-06, 2.4985097724444794e-05]
[3.2168237187948923e-06, 1.825857618720228e-05]
[8.026250007620028e-06, 2.793269220002781e-05]
[3.61198603596527e-06, 2.855405818696921e-05]
[7.501703447376773e-06, 2.3403926476178727e-05]
[1.0126662038409395e-05, 2.2090219580217507e-05]
[3.1532321763672044e-06, 3.27858695454708e-05]
[-5.560072486310297e-07, 2.5607367925672975e-05]
[1.194286488537255e-05, 2.0048887313273145e-05]
[1.4694577938956233e-05, 2.5855984295497514e-05]
[4.215793806272572e-07, 3.553164508598994e-05]
[-2.5509312395755046e-07, 2.4570403532209184e-05]
[1.2443831232888947e-05, 1.685211611329729e-05]
[1.44900753328292e-05, 2.673495414606819e-05]
[1.77300333503716e-06, 3.4057319836633404e-05]
[3.7007155542223558e-06, 2.6158397266551336e-05]
[9.222468088987412e-06, 1.5966775614051354e-05]
[9.885296386014097e-06, 2.391714503469089e-05]
[6.422582576548486e-06, 2.8948466416545138e-05]
[8.281081864458528e-06, 2.969069344169184e-05]
[4.428637261744139e-06, 1.8207687575211295e-05]
[3.821974937534556e-06, 1.918284689875205e-05]
[1.1338458212051261e-05, 2.3104635470727608e-05]
[1.0415503502780865e-05, 3.319452742549245e-05]
[6.150655172815211e-07, 2.2236482958626347e-05]
[1.6639478961355536e-08, 1.5641214811706883e-05]
[1.3313054539901281e-05, 1.9857673487000405e-05]
[8.925291978489902e-06, 3.4337949280510704e-05]
[-6.39679848646324e-07, 2.525917859969029e-05]
[6.803200757188321e-07, 1.556784996400995e-05]
[1.1187801611092785e-05, 2.0901180055932223e-05]
[5.000526787507509e-06, 3.182817548934985e-05]
[7.173923349847178e-07, 2.4921919359155442e-05]
[5.198478820245267e-06, 1.8882245189366653e-05]
[6.6332448594788596e-06, 2.5347457898193537e-05]
[1.1348699602287127e-06, 2.6452675915694668e-05]
[3.5133341711457433e-06, 2.109707250827486e-05]
[1.063254490384774e-05, 2.3280239944523107e-05]
[2.9184270614046603e-06, 3.0382368232384493e-05]
[-5.669154057863501e-07, 2.0947030083540152e-05]
[6.110293511274456e-06, 1.6179527926096782e-05]
[1.3699214788970293e-05, 2.5837280007712238e-05]
[2.577103501710809e-06, 3.296888773240969e-05]
[4.37652138973732e-07, 1.8514860596008376e-05]
[7.195115046321199e-06, 1.3528984834015184e-05]
[1.2880122079617085e-05, 2.492230311479382e-05]
[5.678014711518742e-06, 3.15267832785987e-05]
[3.077563670517147e-06, 2.077403019373758e-05]
[6.31517361437961e-06, 1.5088754179382047e-05]
[9.242892205940656e-06, 2.1158741445259643e-05]
[9.923463826222445e-06, 2.669624854184649e-05]
[5.5422463087762e-06, 2.6478174680655275e-05]
[4.014649582217977e-06, 1.990902618470569e-05]
[5.486627189132953e-06, 1.6907505860613847e-05]
[1.2417009724985384e-05, 2.090430128331988e-05]
[6.3943938185540006e-06, 3.202863721993299e-05]
[1.5209571075369688e-06, 2.471182863073018e-05]
[3.985223750113676e-06, 1.47300712557627e-05]
[1.1727188363619412e-05, 1.7062399591760702e-05]
[5.272876287931716e-06, 3.364344798510721e-05]
[8.094495196342422e-08, 2.6153287588370766e-05]
[5.262941871087001e-06, 1.5853443591312688e-05]
[8.740854406584682e-06, 1.706291562786344e-05]
[2.917886596121022e-06, 2.984453178031532e-05]
[2.603108793866604e-07, 2.3174598602904162e-05]
[7.926739702485142e-06, 1.9527128343299616e-05]
[5.794043853604713e-06, 2.0775480725820916e-05]
[6.464149791794715e-07, 2.256719421497161e-05]
[1.6315487020440722e-06, 1.7750488060606223e-05]
[9.945655957591115e-06, 2.3544307877682025e-05]
[4.871291862072746e-06, 2.6034884743716957e-05]
[-3.84417405421833e-07, 1.603913763023601e-05]
[3.098898266079564e-06, 1.3509503620751095e-05]
[1.019448819523927e-05, 2.5538845335404403e-05]
[6.271062111595782e-06, 2.970645049432674e-05]
[2.306471904856e-07, 1.4089978872755538e-05]
[3.678165162779301e-06, 1.3234340608597739e-05]
[9.092294406792822e-06, 2.4315323752466256e-05]
[8.645192980494265e-06, 2.9386950891954755e-05]
[1.9610404901060363e-06, 1.766797470104109e-05]
[3.1755632561303315e-06, 1.7014569003096034e-05]
[7.972563696445611e-06, 2.051871971520125e-05]
[1.0205743212532425e-05, 2.4861626241226564e-05]
[3.6592044009853275e-06, 2.4235831367680483e-05]
[2.2390942564509686e-06, 2.2291935286300468e-05]
[7.835717836579548e-06, 1.6304871016836753e-05]
[1.0060025117053506e-05, 1.8407870600645193e-05]
[4.24135289145422e-06, 2.944296817780634e-05]
[1.73357108201877e-06, 2.5661803381871184e-05]
[8.55111987763113e-06, 1.4162284138419245e-05]
[8.682274749316488e-06, 1.3593328011873851e-05]
[3.360035942590045e-06, 2.9928506822117507e-05]
[1.9572533184186724e-06, 2.5109529572908684e-05]
[9.112759903451284e-06, 1.547719830509442e-05]
[7.314303488548113e-06, 1.314582799005759e-05]
[1.6365712344756922e-06, 2.5384572200665145e-05]
[2.3826244171382127e-06, 2.118241489984518e-05]
[8.643633830351938e-06, 1.963317945430365e-05]
[6.914773109358008e-06, 1.7186038446859175e-05]
[2.494069496761231e-07, 1.858055082570864e-05]
[2.1786057626815847e-06, 1.644752107346492e-05]
[7.248143965576936e-06, 2.4235331201549748e-05]
[7.511459951065058e-06, 2.3032364341729616e-05]
[1.0957256203758536e-07, 1.3460427163313263e-05]
[1.0809956662296769e-06, 1.3762779233485525e-05]
[5.987644869816233e-06, 2.645469695286562e-05]
[8.363614194456526e-06, 2.6831221826312257e-05]
[1.1963544679916005e-06, 1.2663134912299645e-05]
[-1.819842790906634e-07, 1.4562902983072945e-05]
[6.010961754645411e-06, 2.477671881429e-05]
[8.663862839153325e-06, 2.6021169666018418e-05]
[2.570500512860674e-06, 1.606311635832247e-05]
[-3.764926937432911e-07, 1.8174107183410726e-05]
[7.56596354942185e-06, 2.0066646849448144e-05]
[8.158337975405772e-06, 2.0996847649099037e-05]
[3.1013374535704408e-06, 2.111974642593495e-05]
[1.1544819824571562e-06, 2.2400804663882945e-05]
[9.698843201622065e-06, 1.5174293164443853e-05]
[7.246836541074941e-06, 1.4824457435891336e-05]
[2.3743996919178834e-06, 2.461207675541477e-05]
[3.715646124557992e-06, 2.4868958283630338e-05]
[1.088684075079005e-05, 1.3200638602550718e-05]
[6.595591125257982e-06, 1.1187687571245775e-05]
[1.0539329583503232e-06, 2.455318577276877e-05]
[5.541738137493368e-06, 2.430522558349857e-05]
[1.0124679859946362e-05, 1.5483061312854263e-05]
[6.634785182924041e-06, 1.1974069361764261e-05]
[3.6576300321833344e-07, 2.1152200366159404e-05]
[5.060455833372224e-06, 2.112135766096923e-05]
[7.661266256231425e-06, 2.06462773274102e-05]
[7.299410222344482e-06, 1.614693452856031e-05]
[1.0716564414758878e-06, 1.6425633427546993e-05]
[2.207694713235453e-06, 1.711094129897006e-05]
[4.871421498742201e-06, 2.542514672534968e-05]
[8.114214044400297e-06, 2.0613930116264445e-05]
[2.7611987225839574e-06, 1.2883907194644051e-05]
[-1.284283855339241e-06, 1.447858204636776e-05]
[3.3801958017054545e-06, 2.6774045093977406e-05]
[8.488409676092601e-06, 2.239290626522561e-05]
[4.08613482597367e-06, 1.2138748899076512e-05]
[-2.97461295829457e-06, 1.467847955251983e-05]
[4.04861251623867e-06, 2.386336767896957e-05]
[8.030881916754051e-06, 2.0522210502207927e-05]
[3.820802735692019e-06, 1.416016283775634e-05]
[-1.455581530446226e-06, 1.7615750997429513e-05]
[6.462548438522075e-06, 1.8605778211500112e-05]
[6.767292907605693e-06, 1.6452887305395958e-05]
[1.930893150009494e-06, 1.745941483394242e-05]
[2.5368803167613585e-06, 2.163942881931724e-05]
[9.191118012230604e-06, 1.4357051969726697e-05]
[5.196872910673278e-06, 1.2814763546427355e-05]
[-2.4079587346292897e-07, 1.9992447284900017e-05]
[6.514351781561345e-06, 2.4409908848173345e-05]
[1.0606305854810039e-05, 1.3695250225043143e-05]
[4.1286991089295455e-06, 1.1573129709840924e-05]
[-9.05650756555243e-07, 2.0275647031886557e-05]
[7.901066135129753e-06, 2.424182900045979e-05]
[9.779302085677344e-06, 1.679607109006387e-05]
[4.278086731202002e-06, 1.2886979624593398e-05]
[7.814725465626893e-07, 1.8151723008924536e-05]
[5.799260578365217e-06, 2.11616656417557e-05]
[6.989053210393337e-06, 2.1462742537586843e-05]
[5.761825488559413e-06, 1.532355957251097e-05]
[3.949162896699221e-06, 1.482450016329108e-05]
[1.6040838458353246e-06, 1.697676422829364e-05]
[3.6056456014232907e-06, 2.4693593259364488e-05]
[7.81775297070686e-06, 1.7062169257897608e-05]
[6.5064945341530844e-06, 1.2139563067226078e-05]
[-1.945478751198132e-06, 1.4209360252537273e-05]
[1.4027805901040136e-06, 2.4641100763389545e-05]
[9.071038942883025e-06, 1.7110965208400053e-05]
[6.608725329343423e-06, 1.1494064617131872e-05]
[-2.5851481903205187e-06, 1.4506839482480993e-05]
[1.6103029952044268e-06, 2.1646171384462343e-05]
[8.352509803431774e-06, 1.5733463998385266e-05]
[4.03284301362869e-06, 1.3005528171981806e-05]
[4.6172856559001385e-08, 1.756527617483017e-05]
[4.172079897217518e-06, 1.777326607954599e-05]
[5.60712274014219e-06, 1.3979088443208387e-05]
[4.357689401199294e-07, 1.5464891564953565e-05]
[4.282876449879236e-06, 2.132550027414415e-05]
[7.646331627850222e-06, 1.5326141163563012e-05]
[2.2001233081492266e-06, 1.283826562906154e-05]
[-1.7267842851997894e-06, 1.713594931068707e-05]
[7.591284649166585e-06, 2.3346327207629525e-05]
[9.912227696196041e-06, 1.5428834385489143e-05]
[2.246584019927056e-07, 1.2665809584325172e-05]
[-8.699772409137552e-07, 1.6900326702207202e-05]
[8.161272953888243e-06, 2.2421242992495816e-05]
[9.390237203643625e-06, 1.7554183784129762e-05]
[1.123239840250534e-06, 1.3164005744664697e-05]
[2.6310679905328094e-06, 1.4978062178649942e-05]
[5.908427935796823e-06, 1.931551342265747e-05]
[6.0880685461839334e-06, 2.0127536044300953e-05]
[4.545621910767572e-06, 1.3761382245791598e-05]
[6.6759042911535005e-06, 1.271683552539482e-05]
[2.362655575738337e-06, 1.6130329058949844e-05]
[1.7597223272991513e-06, 2.1628206977472586e-05]
[8.346390786506674e-06, 1.4020557527971711e-05]
[8.809225427230949e-06, 1.1595541040590462e-05]
[-3.433295020782712e-07, 1.4793682511171635e-05]
[-1.0593639979683545e-06, 2.142081015256425e-05]
[9.88551038215435e-06, 1.3825894611574352e-05]
[7.784756031803397e-06, 1.216579231583248e-05]
[-6.974650104980135e-07, 1.578821404507602e-05]
[-6.359792547316889e-07, 1.9892940029020423e-05]
[7.826551666006987e-06, 1.3340282753626642e-05]
[4.308135964789517e-06, 1.3709546707985076e-05]
[1.4360859104736723e-06, 1.7998641482053213e-05]
[2.7685110788010225e-06, 1.8002154724874875e-05]
[3.1694917103711195e-06, 1.2854221673054556e-05]
[5.425140603351752e-07, 1.4854679241824154e-05]
[4.847391580485583e-06, 1.9689961406152423e-05]
[6.953222290245753e-06, 1.6650901454973166e-05]
[-1.2859127311581897e-06, 1.2627528628017526e-05]
[-1.2344909472924992e-06, 1.465968362190928e-05]
[7.687034911330048e-06, 1.9798627722333872e-05]
[9.14231509105759e-06, 1.627089962807915e-05]
[-2.7563313749756624e-06, 1.2756761753746071e-05]
[4.011035498185933e-08, 1.3321440839431098e-05]
[8.454375949706883e-06, 1.8561381076698247e-05]
[7.802769415365951e-06, 1.6751181245111546e-05]
[-3.4430099382642965e-07, 1.3098448400136048e-05]
[3.661855620396004e-06, 1.1963702015838074e-05]
[6.790948990698098e-06, 1.7099264416217674e-05]
[3.6857350433905367e-06, 1.7622710628495408e-05]
[4.338437801010286e-06, 1.3316556397663382e-05]
[7.623329080552743e-06, 1.1694111689108944e-05]
[3.693915912261758e-06, 1.6407357014192048e-05]
[-6.498702204149609e-07, 1.8339265855205067e-05]
[8.230547319076909e-06, 1.3093448857859347e-05]
[9.762319288508792e-06, 1.2695046991084702e-05]
[1.0063340666888188e-06, 1.6607678085034383e-05]
[-2.532733845650448e-06, 1.852852159627688e-05]
[8.828099263891165e-06, 1.240798951851474e-05]
[8.942809733125667e-06, 1.407749415899967e-05]
[3.9157628986541404e-07, 1.7019376769511485e-05]
[-9.401227346050867e-07, 1.813389846538893e-05]
[5.769870520866416e-06, 1.1656461971654153e-05]
[5.659830303761382e-06, 1.4608865958332107e-05]
[2.3259080880995778e-06, 1.688713581154966e-05]
[2.8747922838079365e-06, 1.7396382991891057e-05]
[9.711543614912554e-07, 1.1439769409787859e-05]
[1.7755747070413719e-06, 1.3724053446434459e-05]
[5.729314863298085e-06, 1.6090435307231088e-05]
[6.288622878519723e-06, 1.6676636967520586e-05]
[-2.6969527457034598e-06, 1.2094461849802146e-05]
[-4.792288436153425e-07, 1.2006266801256604e-05]
[8.55122179215656e-06, 1.523384347621587e-05]
[7.081526813494665e-06, 1.6211684966099815e-05]
[-3.229254968289963e-06, 1.3316033093679902e-05]
