[134.53361319702628, 92.11524182455756]
[-45.87207642265234, 2.2843639564903397]
[-31.975992248861274, 0.24781533044835768]
[1.7604929828079432, 15.441434877728156]
[-6.577254150265265, 12.456361852408495]
[-6.507305097723139, -1.327253025161407]
[0.8695771651075628, -0.953829574734514]
[0.40807401274934796, 0.9987359462009744]
[0.06658455109001848, 0.8126538157119492]
[-1.724342262107123, 2.2054735442820084]
[-1.7876375936685154, 0.5627984618492907]
[-0.0685083478841163, -0.12714361957409892]
[0.4793888140441871, 0.5986532458147003]
[-1.3456756358448443, 0.6334776831880053]
[0.10015650000594523, -0.1494055967920418]
[0.05507109186163839, 0.23564203435454756]
[-0.28254966815092164, 0.2659171064517758]
[-0.39416591554689573, 0.4143282862816231]
[-0.2474340455402868, -0.2706946266841197]
[-0.5358051007804026, -0.04937178931159458]
[0.17822407862996448, 0.4510750931105181]
[-0.1790303850665549, 0.24332523684190388]
[-0.06648020118823039, -0.3420225392564804]
[-0.04329276330785703, 0.0007725551834467659]
[-0.26384912236473257, 0.0778173585121058]
[-0.38769615728801154, 0.12218728458922179]
[0.12524972672342427, 0.013150272560753518]
[-0.06645224622620272, 0.017802092073905262]
[-0.1653500619385726, 0.059496337354722595]
[-0.10701077689782945, 0.04115507711406674]
[0.02217383936754258, -0.15414894091184111]
[-0.09145968422376205, -0.05048741798048928]
[-0.15777088485129775, 0.055942682411412564]
[-0.14426106212030554, 0.16656003975913292]
[-0.012247840736394178, 0.06705954269845404]
[-0.02085822105334678, -0.15150261507364737]
[-0.06460470850693545, -0.08170527523775356]
[-0.042909569306814443, 0.1054155083011914]
[-0.0434780555475518, 0.012575859298040948]
[-0.09477944414991812, -0.021230467423298593]
[-0.11612098942335325, 0.06258196190837662]
[0.026411117620678493, 0.04347715141042846]
[-0.0031567392188089904, -0.01620980059281052]
[-0.08885071856552607, -0.04825051284294654]
[-0.053392335032917515, 0.011643140908127014]
[0.03643549916683764, 0.06346711164428816]
[-0.06254384170512806, 0.02839842295469097]
[-0.059078322727776245, 0.011136035669504996]
[-0.07488342448792551, 0.021634236112035188]
[0.006150004771995787, -0.005215039016705281]
[0.029669309028964586, 0.03051645133414782]
[-0.023894003395400043, 0.029678094769593433]
[-0.09310088696220331, 0.0040397698629468515]
[0.01252663143831434, 0.032715674728318545]
[-0.02283948893280008, 0.041723438933187085]
[-0.0344513837663627, 0.007808216504363141]
[-0.019459009591057064, 0.008423775466803951]
[0.007451095601206381, 0.027011775779656577]
[-0.023567170908985025, 0.04903789091540889]
[-0.019378893127972363, 0.0204239191374731]
[-0.036700349378340436, -0.017909665540127073]
[0.012372457024848904, 0.03439819266850941]
[-0.014139838074764294, 0.05095075487290468]
[-0.04533196272851214, 0.014613580216898403]
[-0.007903124393961292, 0.014039090114685404]
[0.023066125690951345, 0.018204533144501045]
[-0.027180092423332816, 0.011016844428862638]
[-0.03330475947414008, 0.03976674615896586]
[-0.0027678520793962998, 0.012869978114050495]
[0.002636695994247873, 0.0005135940331648658]
[-0.014132195011498063, 0.030171824321357066]
[-0.0341380928674605, 0.0394650885029082]
[-0.00841929342314831, -0.0005341481830399564]
[0.0043425691808601785, -0.0009971707826338383]
[-0.0035307743734917033, 0.01411547067437735]
[-0.020507757286593306, 0.036392469098143254]
[-0.008808800855525864, 0.010328557847749296]
[-0.02524761007005001, -0.0016677081053400877]
[-0.00954799295976613, 0.014425783046791464]
[-0.006911165635623915, 0.028276704329173362]
[0.0038494494346812437, -0.0047210948928780305]
[-0.016049413571752352, -0.0028384215276668345]
[-0.013441565266195069, 0.018207592762342018]
[-0.022030538130070512, 0.022975179360499365]
[0.0016239952241952904, -0.0016052589166490605]
[-0.014911150955967317, 0.0028286470738093095]
[-0.012822365159269183, 0.005466172121086854]
[-0.009974394862277025, 0.00874060482070349]
[0.004733509193977248, 0.0061478172791812336]
[-0.020770508270803685, 0.0002629342366053944]
[-0.015546264394019627, 0.0009151592611557624]
[-0.011431159130288596, 0.019853764373162608]
[0.0005577188689969148, 0.004570552038536624]
[-0.0135127029936577, -0.01350307974511622]
[-0.01072316633030379, -0.00034547578626903386]
[-0.009779802106722246, 0.013932231239789927]
[-0.00421653861283644, 0.008492444203096916]
[-0.016924537932195283, -0.0005128471634432419]
[-0.008271573043488245, -0.002930581608111882]
[0.0013014008506879726, 0.005157287995988913]
[-0.0073133608378473935, 0.0032052821041747004]
[-0.02243418754180876, -0.00546334704834317]
[-0.00881405278540437, 0.004861578265660971]
[0.0053535950344090755, 0.009474536253414434]
[-0.006065347662550402, 0.0029582538550994852]
[-0.015024961913393031, -0.0009023881175121984]
[-0.009497069742623987, -0.0013018982656094191]
[0.000275860351097057, -0.0014124030560705436]
[-0.006022383793037656, 0.006544896167859318]
[-0.011647814487479646, 0.006840967042184565]
[-0.011808763015538681, 0.003519735101312302]
[0.005592176502716706, -0.0014610386337315373]
[-0.0024580646245271343, 0.0029973280427249005]
[-0.011999453014358896, 0.004364773261831045]
[-0.008832913850294055, -0.00037033711273912195]
[0.0021864288671512577, 0.0006074030567817523]
[-0.010011353331231265, 0.01074971562875049]
[-0.0051760647574604635, 0.006259069112963089]
[-0.0036617468334714243, -0.0015635837291723131]
[0.0011481202749556996, -0.0011479549785949894]
[-0.0048794107473564274, 0.006339418623891757]
[-0.007021104924975985, 0.008409034633497417]
[-0.00786712962842484, 0.002842412261877203]
[0.002360819565312755, -0.000372219749475336]
[-0.007704580847601061, 0.005189507482256106]
[-0.0050528648934053955, 0.008105519648088214]
[0.0017029030323858496, 0.003964132353264427]
[-0.0005773437157478023, -0.0007778838190731774]
[-0.008282894567691601, 0.0036541109518226644]
[-0.004472173562954818, 0.010628481712012236]
[-0.0057171229053125106, 0.0028430488607323334]
[-0.0009443136296848342, -0.00124093249625018]
[-0.00036112364559909294, 0.005850084199276628]
[-0.003958191153900892, 0.008996369215754974]
[-0.0033853053426212143, 0.003542193497418633]
[-0.004155992712242318, 0.00015144363761557256]
[-0.005549190844366864, 0.0016950331358399073]
[-0.001370715171391812, 0.010329179613366185]
[-0.0012141763905066938, 0.0037181603445930467]
[-0.006338576228047954, -0.0024871083397050575]
[-0.002673387690608389, 0.006517679113753061]
[-0.0023934209870956624, 0.00956947474282227]
[-0.002096792828602853, -0.001110350704484786]
[-0.005653217642123842, 0.0010078132265574358]
[-0.004126245700265346, 0.003366159133036395]
[-0.0009505576233737323, 0.005661273046930121]
[-0.0005864169179819086, 0.0048978097606403315]
[-0.010355593886874959, 0.001091388154045081]
[-0.003934403619725927, 0.0008481823789957821]
[0.002032931082836864, 0.00612096167670248]
[-0.0007109948340510187, 0.0014300471093361966]
[-0.008308299736077211, 0.0007326879658793584]
[-0.004098502490597851, 0.0026812601169939887]
[-0.002663886644088398, 0.003484469083964631]
[-0.001926255343796538, 0.0030296207439477404]
[-0.006301805601463524, 0.003376461519818158]
[-0.0019716628717004157, -0.00026393960035971976]
[0.0005865780985558934, 0.00031971948966293823]
[-0.0029038819948012454, 0.0021321968412248843]
[-0.008897018729682838, 0.003409326849283023]
[-0.003207288063911802, 0.0021595105903547684]
[-0.00032263214119477787, 0.0020293124444574068]
[-0.0021013603919676216, 0.0008652050016539348]
[-0.004756450433450601, 0.0005096653319269229]
[-0.0027577438655385506, 0.001032268242829898]
[-0.001451883468002551, 0.001133936206604541]
[-0.002358940729111386, 0.001864407586956246]
[-0.005927945018102891, 0.004094244655906909]
[-0.003935194578518847, 0.0011171645306365385]
[0.0010844972244810833, -0.0021924106052020054]
[-0.0012256237553927574, 0.0010675183720614823]
[-0.0058321918443564325, 0.0031718099995475812]
[-0.003197219032400389, 0.0013666218718233203]
[0.00040061378540398596, -8.928361695487164e-05]
[-0.00277990357930491, 0.002151867462536955]
[-0.003949733782618675, 0.003814178269810009]
[-0.002607091699516728, -0.0003945754975739624]
[-0.0013042393773018413, -0.0036683694296381075]
[-0.0017746913510723883, 0.003200128438421407]
[-0.001689952773984954, 0.006039765502902472]
[-0.0030867589687234576, 0.0010456203294711974]
[-0.0021261666787943945, -0.002216258097291035]
[-0.002121612257036276, 0.0008482913836306005]
[-0.0012297176976251989, 0.0035092333096966577]
[-0.0015896440363570852, 0.0017013203168158436]
[-0.002967408963034157, -0.0013262054099551501]
[-0.0031194145918274074, 0.002910073879376803]
[0.0005076185773725816, 0.004005942576676469]
[-0.0015304353796253278, -7.527757542309318e-05]
[-0.003590388621567908, -0.0004024335571223281]
[-0.0012665649458960537, 0.0021403540901869522]
[-0.0005612774923103303, 0.0021620827716220536]
[-0.0031500765746376724, 0.0021263121433389154]
[-0.002456683320063213, 0.0006729131408952371]
[-0.0015686375778485862, 0.0015019383966884264]
[-6.932785336910552e-05, 0.003038023742608087]
[-0.00032050595083893407, 0.0007774671051837545]
[-0.0036357219875022273, -0.0004899999657458354]
[-0.003195736726082421, 0.0026014597696976116]
[-0.0001944040317669038, 0.003302946268780582]
[-0.0017699098249268075, 0.0006611958560047704]
[-0.0027004325349502256, 0.00041313305753276283]
[-0.0004669722370028162, 0.0021056627692434826]
[0.0003019132710515571, 0.002163119768126328]
[-0.0016455614523043782, 0.000909385871141033]
[-0.00506312438847234, 0.0012345894418382408]
[-0.003106412750156662, 0.0012660292749410718]
[0.002242282288294817, 0.0017909513827720214]
[1.8697093168151824e-05, 0.0014525480097860033]
[-0.0045240456020348985, 0.0013052492426435802]
[-0.0017401480720671547, 0.001643848943461479]
[0.00010770525705616762, 0.0008578041916982304]
[-0.0016958257527674714, -1.4991742825987142e-05]
[-0.002893374573043783, 0.003332813017270758]
[-0.0021195379301977013, 0.0015311394620241559]
[0.0002250728633159116, -0.0013700710100119362]
[-0.00015618420263063815, 0.001648018203476459]
[-0.0034897499332716686, 0.003569198263503881]
[-0.002272509212260715, 0.00014465029001453633]
[8.672366976963941e-06, 0.00010128858382732475]
[-0.001198360540123851, 0.0007605041055236406]
[-0.0018176955443318654, 0.0019328145858228674]
[-0.0018448009038985157, 0.0013618438802135702]
[-0.0018790267172873049, -8.435282058366633e-05]
[-0.00047697278196968257, 0.001244216118304331]
[-0.0011070161159202896, 0.0030253931607980428]
[-0.0020592547216369576, -0.0003163636617827259]
[-0.000652308949559699, -0.0008263333765951703]
[-0.0012006630282095782, 0.0014091129209595488]
[-0.00261660307233319, 0.0025196390565717375]
[-0.0013520452893880461, 0.001181374739667146]
[-0.0006818112103450132, -0.0001156105097345067]
[-0.001047381552370153, 0.0006876589419694129]
[-0.0009214018535969835, 0.0022260646710603738]
[-0.0016286621992348815, 2.8665016855304246e-05]
[-0.0021540815604050266, -0.0006902915304140677]
[-0.0009472814925826807, 0.002004520400181606]
[-0.0008731364878842591, 0.003128002561482369]
[-0.001726461321339516, 0.0005170639022966175]
[-0.0016976841956062479, -0.0012590123157781435]
[-0.0005661452566049635, 0.0006574343440376718]
[-0.0003421193010326555, 0.0024687485929549557]
[-0.0014430588464659153, 0.0007506426942307243]
[-0.002967065889494769, 0.00014839738158205218]
[-0.0015598740507333092, 0.001979516236466153]
[0.0002775862051322374, 0.0014981842020088398]
[-0.0007522367878408792, -0.0005153000354050502]
[-0.0026628001856808803, -4.45345069322034e-06]
[-0.0010027608363158136, 0.002002286150613014]
[4.7390248763365395e-05, 0.0016469973636218105]
[-0.001417396110759056, 0.0005188519876314912]
[-0.0029002941627225276, 0.0008039883361853073]
[-0.0014255742710274077, 0.000894995937840759]
[0.00023521906616591481, 0.0003415607741353299]
[8.993206138285803e-06, 0.000806297217677443]
[-0.002432941477489764, 0.0009099290613112376]
[-0.002167082904989376, 0.0013668069715525866]
[-0.00021838347632624489, 0.00113550353421904]
[-0.0005832824518535173, 0.0001253957329726274]
[-0.0022438375330945115, 0.0007469490616994479]
[-0.0009233457219435248, 0.0010824063727003785]
[-6.913752320050759e-05, -0.00018840543224526995]
[-0.0011605364905311055, 0.0011255871868789125]
[-0.0021252654837359553, 0.001806205223849694]
[-0.0012292497942429925, 0.00035182094944068154]
[9.983608821989565e-05, 0.0001641744132206413]
[-0.00028534863366808105, 0.0005017289047213134]
[-0.002166797283537081, 0.0005981758206507204]
[-0.0017164758822016957, 0.0013200234423639753]
[-0.00017884704223536385, 0.00017784285365859964]
[-0.0005545151212520971, 0.00017787160185214757]
[-0.0010607601921155396, 0.001824403965910465]
[-0.0009844177413860233, 0.0006454045309826628]
[-0.00064430387662473, -0.0009364276347600675]
[-0.0005718133054484764, 0.0007087883927993088]
[-0.0016017322927892041, 0.0016743247445024922]
[-0.001886138849121366, 0.0004855790287290468]
[0.00032552469952495944, -0.00017964717314773726]
[0.0002493110388590569, 0.0008667501602201977]
[-0.001133931533381649, 0.0012660302746738163]
[-0.0013685887522236206, 2.890203526156876e-05]
[-0.0012333205240892542, -0.000413258638585115]
[-0.0009211345388286107, 0.0010767866294671136]
[4.624367265254614e-05, 0.0018738972898001659]
[-0.0009540615091129523, 0.00015223165112260295]
[-0.0008297040465318761, -0.0008423686642557715]
[-0.0003428399072936683, 0.0010599232093981281]
[-0.0008051847096635645, 0.0018489624693164425]
[-0.0010830232708293197, -2.52075998133372e-05]
[-0.0009242250087655168, -3.296689466072977e-05]
[-0.0012416818740895175, 0.000987161529625219]
[0.00023615182660452483, 0.0009506271121943327]
[-0.00033339073701750543, 0.0005035004913003516]
[-0.0018147553039628284, 0.00035436662892887605]
[-0.000640953030121072, 0.0007722205186379838]
[0.00014881766411048436, 0.0013918913042973297]
[-0.0014129452450904537, 0.0001326338625564638]
[-0.0011813624871048756, 0.0001212187436259865]
[-0.0005497467289392044, 0.0010266051503609597]
[-0.00042194070164612574, 0.001007238584204831]
[-0.0004957702860581038, 0.0005983199835892239]
[-0.0012245803828974944, 0.0008234702646004455]
[-0.0011190146195587686, 0.0006785206987474091]
[-0.00012503709414238284, 0.0008918713993906202]
[-0.0008072776885649446, -8.94191578392628e-05]
[-0.0015590355921872648, 0.0004430887456007837]
[-0.0006648854081374687, 0.0017238312978079123]
[-0.00021688638385039538, 0.0011527265829594235]
[-0.0006017658337231172, 9.302970186697568e-07]
[-0.001431728341077767, 0.0005741319056497551]
[-0.0011539234965434065, 0.0003845741372849286]
[-4.0747375791965953e-05, 0.0007477537442610663]
[-0.00020584586788353204, 0.0008412957816358565]
[-0.001971029128822301, 0.0008133105856579486]
[-0.0013712922494530239, 0.0008935181605690921]
[0.00010698921081039522, 0.00043126660586631504]
[-9.201074690937117e-05, -0.00010961791902414086]
[-0.001453952067522541, 0.001051923748176302]
[-0.000987766599149613, 0.0007173321506924249]
[-0.0004943031566380061, -4.3914375501316605e-05]
[-0.0007237045112882604, 0.0008918419348232787]
[-0.0014000537505132818, 0.0013556781548147573]
[-0.000712583806647335, 3.492324665507751e-05]
[-0.00020498420874124137, -0.0003661403715681105]
[-0.00014381990255830923, 0.0005407714048092094]
[-0.0010843247038733392, 0.0009971492637967094]
[-0.0012895997576930635, 0.0006451834918577148]
[-0.0010215599199852807, 0.000201372024697416]
[-0.000315260113431734, 0.00026056463381826656]
[-0.0004456953530777852, 0.0005708264065496793]
[-0.0005555722870572988, 0.0003917066529750546]
[-0.0007048413335888626, -0.00028051372160428634]
[-0.0005419943689843887, 0.000649108434692583]
[-0.0010299373591065863, 0.00108420262647832]
[-0.0010002574889673987, 0.00011065338691050586]
[-0.00030603395578081283, -0.00012767039153507853]
[-4.3773307828620656e-05, 0.0006388006508740995]
[-0.0008516079967333667, 0.00020450759202972346]
[-0.0009107772095758304, 0.00028551819246575016]
[-0.0005576260020362656, 0.00012282669513999367]
[-0.00046923395220882513, 0.0005969848476429923]
[-0.00039985880693532705, 0.001112364401859356]
[-0.0006247452557724409, 2.788322580437458e-05]
[-0.0007992826586658841, -0.0009296892307283366]
[-0.000464549033338979, 0.0008512035539165082]
[-0.00034956426653531825, 0.0011328485007610078]
[-0.0007311013304397707, 0.0001522875645444538]
[-0.0005512101404115399, 2.3369115025581588e-05]
[-0.00048195073870840877, 0.0006240823576702387]
[-0.00014179628769145358, 0.0005043959298178802]
[-0.000513045169461962, 7.416378836656856e-05]
[-0.0012790985383759057, 1.4763607040280124e-05]
[-0.0007531168359505847, 0.000934675694099732]
[0.000539779232992782, 0.0007942191770709955]
[-0.0004926447053221483, 5.833098287459648e-05]
[-0.0009785792769521628, 0.000250737566370951]
[-0.0004948989952022753, 0.0005581729385972928]
[-0.0003395040083805645, 0.00044176075189700237]
[-0.0005673630133494201, 0.0003301180736350606]
[-0.0005550799388402139, 0.0005523973608539106]
[-0.0009590525705923669, 0.000698594030288241]
[5.0160096096818485e-05, 0.0004420652279796874]
[-9.281316415782337e-06, 8.015646344691763e-05]
[-0.0010182106722823325, 0.0005600252624300139]
[-0.0007780095571213452, 0.0006522633079713569]
[-0.00011769360985444677, 0.0005962757688396589]
[-0.000740165824058378, 0.0002731032880829709]
[-0.0006273769505113769, 0.0003977470577122416]
[-0.0004520133184721664, 0.0004553116088893139]
[-0.00010005138083174492, 0.0005963492686675703]
[-9.797839091689464e-05, 0.0004088748127281938]
[-0.0011022023418993387, 0.0006502538069957375]
[-0.001157096166053917, 0.0003379712357702014]
[9.749616845944331e-05, 0.0003347488954279082]
[-0.00020786820502680797, 0.0001833888394595362]
[-0.0009059813819123214, 0.0006899536047883376]
[-0.00042426988884713274, 0.0007607739033265587]
[-0.0002405423170963733, 0.0001976004650808133]
[-0.00041226819155943534, 0.00010192285978991023]
[-0.0008822985247712162, 0.0009696667730072078]
[-0.0008907597146258668, 9.713771119859715e-05]
[-0.00013408607205429163, -0.00014783862455901298]
[0.00011102788852240201, 0.000775603032366845]
[-0.0008822912837299288, 0.0008256034035881848]
[-0.0008646673340028275, 0.00019048345823837604]
[-0.0004690352466135417, 0.00012732917989237424]
[-0.0001594879987340675, 0.00012207353918863156]
[-0.00041936990404746813, 0.0007170605557802398]
[-0.0006519011620636089, 0.000304031520210607]
[-0.0007493787750559658, -0.00023424343267485978]
[-0.00031395120159543113, 0.0008222607235161012]
[-0.000568771819156965, 0.0009301565725628701]
[-0.0004299832740533916, -0.0003024810770028228]
[-0.00035152567334714464, -0.00014064414218568043]
[-0.00036828604607749144, 0.000576948020114508]
[-0.0006253811027928649, 0.0004916061758405074]
[-0.0006031176310802751, 0.0003452957317873345]
[-0.0008144746787924172, 0.00011188266705180333]
[-0.0003186488495401027, 0.0003868122957297049]
[-3.050480355651147e-05, 0.0005594969142729833]
[-0.0003548902349726907, 3.251427653748473e-05]
[-0.0008035050089505264, -0.0002457475473790771]
[-0.0005411847902363209, 0.0005957378023374454]
[-0.0004535927017251633, 0.0008092759930367066]
[-0.0005422913217557335, 0.00019980351057938273]
[-0.0005074985099639238, -7.933029144770176e-05]
[-0.0002251262039376506, 0.0004586900680960265]
[-0.00013937134131292161, 0.0002639443771362132]
[-0.0005059902414860373, 2.2487332750162348e-05]
[-0.0009253232290330551, 0.0003090522679882468]
[-0.0005862463263007212, 0.0007428948957571985]
[6.985910050383293e-05, 0.0005115081036868308]
[-0.0003065156137940228, -7.638034899425106e-05]
[-0.0007832407075627629, -0.00019473809314482504]
[-0.000499877160154566, 0.000606199579274283]
[-7.413183744933716e-06, 0.0005627903831465775]
[-0.0002808465278072436, 0.0001390368160797406]
[-0.0007397965476564627, 0.0004156054121499386]
[-0.000827368836894965, 0.0004416208443392064]
[5.119394314298531e-05, 1.766372742947886e-05]
[7.140565316443581e-05, 0.00014966554760095785]
[-0.0008509169403026762, 0.0003901161257467006]
[-0.0007542851644089521, 0.0004923158377330723]
[0.00024824316788027434, 0.0003053676389239979]
[-0.00026820999211069063, 0.00021379695918096256]
[-0.0007977945481796034, 0.0005092179208242148]
[-0.00045344127452243144, 0.00013458394205490692]
[-0.00010588122710564196, -0.00015412851936144611]
[-0.00021191732327646706, 0.0005480016930718562]
[-0.00044445870048517855, 0.0007258974992064293]
[-0.0006829198184892249, 0.0001911291362911849]
[-0.00011959054581131556, 4.6993357629837584e-05]
[-1.6079907876637156e-05, 0.0001152076331270846]
[-0.000593975953385173, 0.0005265955884525206]
[-0.0005153859484030854, 0.00044971953031312795]
[-0.00024817292235726485, -7.586670750051733e-05]
[-0.0003542462948228353, 0.00028315323884388344]
[-0.0002684427405959533, 0.0006900470243491504]
[-0.00035200459584747157, 7.437086294904971e-05]
[-0.00030097106557255837, -1.0737596546163408e-05]
[1.602862138089245e-05, 0.0004441609643914407]
[-0.0006079076313171283, 0.0004811083576412162]
[-0.0008701182121850504, 0.00011301658616201526]
[-0.00013868735686309308, 1.814652866964639e-05]
[4.676601144659731e-05, 0.0003815891255473658]
[-0.0002823046385239669, 0.0006506912993683792]
[-0.0003058930757263989, 9.092336904012455e-05]
[-0.0005986920576203647, -0.0002034191568329527]
[-0.000436804934065782, 0.0004709468113077986]
[-0.000245953563939888, 0.0008075351352520715]
[-0.00040033103789865326, -0.00012069760978712651]
[-0.00033115757926793776, -0.00025695164182613917]
[-0.0001195614509477555, 0.0006895639320654845]
[-0.00023963206179278274, 0.0006377650488020165]
[-0.0003645050607669377, -7.940635436594345e-05]
[-0.0008081289074296505, 0.00010611411756193678]
[-0.0005255606217789976, 0.0003022800701633077]
[0.0002864477378895919, 0.00039719864667578375]
[-0.00017684682935905326, 0.00022304404255912846]
[-0.0008962302525911889, 4.553710743467054e-05]
[-0.00037374619516194617, 0.00045327925484396625]
[-2.5306806763103484e-05, 0.0005263008452853421]
[-0.00032476119647929834, -0.00011862771590007842]
[-0.0005201791005714704, 0.00023938240165356783]
[-0.0004975613056731679, 0.00043069231118445656]
[-0.0001303841945790793, 5.728194102350842e-05]
[-0.0001970893971993317, 0.00023725891706227048]
[-0.0006742458084763063, 0.0005206631459576637]
[-0.0004371246966642546, 0.0002883609568922786]
[8.600683044756381e-05, 0.00023198257019708783]
[-0.0002828229963550589, -5.1008166265090193e-05]
[-0.0006483469387843638, 0.00014900795194106205]
[-0.0005334549718584922, 0.0005041200932717968]
[-0.00016492486219179224, 0.0003659635624122734]
[-0.00010866483915855651, 0.0002100878224030947]
[-0.0004645352136029273, 0.00032266109378344815]
[-0.0005513516240835889, 0.00011691348691594827]
[-9.520840382790108e-06, 3.608058142103715e-05]
[-0.0001212387686611513, 0.00018755398320986078]
[-0.0007886234804130826, 0.0005159746611641675]
[-0.0005858292831385156, 0.00043922673193086403]
[9.223930109143567e-05, 4.469861229206007e-07]
[-8.00136971880333e-05, 0.0001184263205900038]
[-0.0005535778973874902, 0.00043783429086872994]
[-0.0004182271756410505, 8.515476158724167e-05]
[-0.00018508710889705501, -8.556514689542216e-05]
[-0.0001969205738586305, 0.000480195768303493]
[-0.0004498961864435533, 0.0006690420456165191]
[-0.000536426642281998, 9.695320655914857e-05]
[-0.00025403214004360297, -0.000319288374951876]
[8.559762875663679e-05, 0.00023551367910317617]
[-0.0002566654193408985, 0.0005576334049082338]
[-0.0004814330299511005, 0.00022125524676437636]
[-0.0004573671701559867, -3.689805127117529e-05]
[-0.0002815911689000028, 0.0003525401762415753]
[-0.00019528383593228615, 0.00041160614491733694]
[-0.00017478441553600566, -3.0435702983014346e-05]
[-0.0003955391333132219, -0.00018466829329924495]
[-0.00016216058648688136, 0.0005326477270169022]
[-0.00018641270716562852, 0.0004575290423048106]
[-0.0004635692888362575, -5.220610794567926e-06]
[-0.00044166114875002216, 6.954221661782667e-05]
[-0.0001074943646439952, 0.000290571361655563]
[-0.0001501290984442516, 0.0001892260382582861]
[-0.00019618019712056012, 0.00020438848985386213]
[-0.00044137175821823416, -5.5929253755429564e-05]
[-0.0003947355397468377, 0.00032106295811089314]
[-4.7173520130255886e-05, 0.0005573188564580445]
[-0.00015430731957538635, -4.627069804741951e-05]
[-0.00046747983334022303, -0.00012625486337342062]
[-0.00020854386205393372, 0.00043687922354658515]
[-0.00010923945460958318, 0.00022174766566080556]
[-0.00038277675871373207, 6.638003905529155e-05]
[-0.0004091367900190268, 0.00022989988877069462]
[-0.00021221425666426152, 0.00025988568745495544]
[0.00013816826414417283, 0.0002558284751636372]
[-0.00014229274314850326, 4.0214990945211526e-05]
[-0.0007224181025771992, 4.317165631699538e-05]
[-0.00047861817086665426, 0.00038092188057908816]
[0.0001531372605573511, 0.0002888320972106312]
[-0.0001307339199064228, -2.2468262445604625e-05]
[-0.0003140346903231783, 0.0002717290172980259]
[-0.00032441883067528543, 0.00032164794517650086]
[-0.00013963385354900937, 5.5139046246176215e-05]
[-0.00014334196564987078, 4.362253501648261e-05]
[-0.00047738176610641336, 0.000431905358096861]
[-0.0005614340451112892, 0.000216063920656262]
[0.0002188745013537996, 3.518109058241181e-05]
[1.2526723759447023e-05, 0.00018889537007901747]
[-0.0004998619028658002, 0.0003616445338768398]
[-0.00038406638466039617, 0.00011297857610141626]
[-0.0001560175497119093, 0.00016694791235503936]
[-0.00024463256956059123, 0.0001847987332493084]
[-0.00019750383591736476, 0.00035955933801035816]
[-0.0003879459472705925, 0.00013210042360241314]
[-0.00014613324704747244, -4.258514676618724e-05]
[-3.092424360655842e-05, 0.00026008344500387526]
[-0.0004023291212967989, 0.0005671046742354371]
[-0.00038750441086624586, 0.00010095174745686913]
[-0.00011366872867445144, 3.167054891770049e-06]
[-0.0002780757979336207, 0.00011659716865357328]
[-0.00028496542777293327, 0.0003162745859669261]
[-0.00022510418641431568, 0.00027288355636891776]
[-0.00029839410885103973, 0.00010737587071435462]
[-8.542799996221363e-05, 0.0002427827782265253]
[-0.00023587750185636615, 0.00042583295607924107]
[-0.0004936436480556944, -2.3564094092800615e-05]
[-0.0002868915939228849, -6.169209899723957e-05]
[-1.8348207449872338e-05, 0.00032234764583377856]
[-0.00030491327816855153, 0.0003902643896551185]
[-0.0003428823792589776, 0.00022824424571613044]
[-0.00030633462190295807, 3.114599563777687e-05]
[-0.0001493291673146449, 0.00018102207222420175]
[-0.00020204894781358264, 0.00035569591109178844]
[-0.0002533835857133973, -5.999595335555441e-05]
[-0.0004122637284311439, -6.701741619153517e-05]
[-0.00022783976999118938, 0.0005962129331282054]
[-0.00019601101516643327, 0.00038072310192648756]
[-0.00022176676743761864, -7.648387709281723e-05]
[-0.0003890094972100475, -1.6822253068732307e-05]
[-0.00016674581602926786, 0.0002103767808055504]
[-6.712153748042286e-05, 0.00024027540765553246]
[-0.00021409325373208943, 0.00020842572614312993]
[-0.0005794542965044981, 7.023267053156423e-05]
[-0.00036100773413404175, 0.00027088335405411196]
[1.9594825800009485e-05, 0.0002053247954148102]
[-8.860854913944616e-06, -9.154377420814153e-06]
[-0.00038125231136379445, 4.091696457539373e-05]
[-0.00028324090721736084, 0.00030063309426380663]
[-0.0001550282066461947, 0.00013931455447241392]
[-0.00031865460131055845, 0.00010671852587111619]
[-0.00036141556777707917, 0.0002448341887568567]
[-0.0001306486743613, 0.0001884371574269808]
[4.55761492645923e-06, -5.546021992933192e-05]
[-0.00013308211597665154, 8.970731056408277e-05]
[-0.0003722955159975727, 0.00016883817445879912]
[-0.0003880508474576605, 0.00025512649308221877]
[-8.0528763675633e-05, 0.0002580419678482049]
[-8.78536939277752e-05, -8.162086210892518e-06]
[-0.00023204204576206255, -1.9233111914068735e-06]
[-0.00026456512422906586, 0.00028692687764142726]
[-8.500994949893481e-05, 5.552149617915614e-05]
[-0.00012131562178413491, 5.4857823453016014e-05]
[-0.00029054571335793145, 0.0003457105302971525]
[-0.00038189622465159556, 0.0001464737937873356]
[6.830598067711358e-05, 1.3885569444760382e-05]
[5.179868123539322e-06, 0.00013632749526020643]
[-0.0004387359998116458, 0.0001321192833288673]
[-0.000370765656862615, 0.00014760526675700741]
[7.342049419628571e-05, 0.00012051631651330968]
[-8.244621612102376e-05, 0.0001658393116488327]
[-0.00020025962356004512, 0.00036433851960631855]
[-0.000285774099014216, 4.266214465104001e-05]
[-0.00022219598601461166, -0.0001595756032576716]
[-8.111238475091986e-05, 0.00023529086368186125]
[-0.00016593241593790276, 0.00043084802475955655]
[-0.0003340002675992493, 0.00010960214855963712]
[-5.901486520848431e-05, -4.0607057502847765e-06]
[-7.516536419298336e-05, 0.00014926370170507963]
[-0.0002254218048802492, 0.0003096127001205422]
[-0.00021358751292067935, 8.060175271804026e-05]
[-0.00031288548588637166, 5.497399333443537e-05]
[-0.00020171217047465495, 0.00027838019839304673]
[-2.8922036077183577e-07, 0.0002634177598667062]
[-0.0002592190677385073, 2.4797998332243276e-05]
[-0.0002624754377862082, 9.619056235098816e-05]
[7.160968806124712e-06, 0.0002316288174812886]
[-0.0002658300961931592, 0.00029082877886622144]
[-0.0003431554335744935, 8.322976779105706e-05]
[-0.00018230483622473648, 5.033263932396892e-05]
[-0.00020636564314368763, 0.0002171326523528888]
[-0.00013312720186166305, 0.0002773131676489238]
[-6.824235375811963e-05, 4.8924552838502944e-05]
[-0.0003123267241848249, 6.84239063838965e-05]
[-0.00020299057705675666, 0.0003068825575768819]
[-0.00017902143757641403, 0.00032413745091597335]
[-0.00031339745772664086, -7.705246117893638e-05]
[-0.0002687326129478633, -2.1544002380705085e-05]
[-9.101692909246938e-05, 0.00031418932474747835]
[-6.112112674806075e-05, 0.0002807265828760827]
[-0.00012886085276361727, 9.254657288318424e-05]
[-0.00046265701075575913, 0.00010068321096955504]
[-0.0003317427169474297, 0.00012171778136195466]
[3.588701567921841e-05, 0.00019702626130350953]
[-8.836333862676307e-05, 9.384710083548686e-06]
[-0.00038080313462125737, 6.182962635501062e-05]
[-0.00023751245014162, 0.00038830027465158604]
[-8.037017973785802e-05, 0.0001493867829853411]
[-0.00012392810383576782, -8.257138579659436e-05]
[-0.0003186515154416508, 0.0002338732484990086]
[-0.0002812398819601724, 0.00012716518185109174]
[-2.224903252410343e-05, -4.10839816040974e-05]
[-7.887190038681491e-05, 0.00020092293352037827]
[-0.0003843473442165378, 0.0002073150553101588]
[-0.0003153872103951079, 0.00014352979964016993]
[-2.119900300745725e-05, 0.00011568562392506171]
[-7.875317654254532e-08, -1.0885450221244375e-05]
[-0.00022133608290229433, 9.565396374042884e-05]
[-0.00033781882097020516, 0.00018339569417386015]
[-0.00017916656984711885, 3.279838956771197e-05]
[-0.00010787188553813831, 0.00018525293871601844]
[-0.0002280143955849072, 0.0002644080111988689]
[-0.00019616389881216278, 4.1823000448575065e-05]
[1.658560838741982e-05, -7.164195636667758e-05]
[-8.145525845285051e-05, 0.00012069081975213392]
[-0.00035753896433847465, 0.0002132570350750762]
[-0.0003250715493845896, 0.00016438270294663604]
[-6.941927076777044e-05, 6.440384400811794e-05]
[-3.4436346003891005e-05, 0.00014786943861865715]
[-0.00014725635369770146, 0.00016357942382035084]
[-0.0002219256476578002, 6.08637867167694e-05]
[-0.00017157078825512373, -7.841438735974038e-05]
[-7.977413230281227e-05, 0.00019190826118263213]
[-0.00018960518417079908, 0.0003978143116521865]
[-0.0003221372515130605, 9.473187924941354e-05]
[-0.00011941224170565479, -0.00012638773671100334]
[1.363418294536567e-05, 0.00019911596401007634]
[-0.0001623731313262905, 0.00021690861964325514]
[-0.00022546420776087261, 1.759595622828798e-05]
[-0.00020064193192305402, 6.490771368661274e-05]
[-0.00015888093641985845, 0.00030645364844127457]
[-6.389054564279184e-05, 0.00026542267800155894]
[-0.00016871864140985404, -6.471863728000488e-05]
[-0.0002983684352810406, -0.00010419561494354884]
[-8.45953607409855e-05, 0.00030951192581183534]
[-2.061194334837535e-05, 0.0002937016079229138]
[-0.0001871266057203308, 2.053378071754236e-05]
[-0.00024406328434994906, 7.034254966052991e-05]
[-0.00021548616043731705, 0.0001698910006148538]
[-7.388073495936953e-05, 0.00016759942088534138]
[-1.2637333606749235e-05, 5.578664126936611e-05]
[-0.0003039261217417377, 3.075906436354574e-05]
[-0.00026586694185924686, 0.0002504031934198597]
[5.849813613949262e-05, 0.00021904186839519658]
[-0.00012308141609339296, -2.878606130540806e-05]
[-0.0003151341408110797, 0.00012089296364987262]
[-9.80206598320682e-05, 0.00016916495961502576]
[-5.8556292766701046e-05, 7.507566424247783e-05]
[-0.00018178707944005446, 0.00010520607828992667]
[-0.00024571461831192354, 0.00013937038866411108]
[-0.0002239947818907656, 0.00012168141045129643]
[4.501802032080837e-05, 0.0001542147956054979]
[1.456815058749339e-05, -1.1181596056009102e-05]
[-0.0003304932553764156, 0.00011015034187123601]
[-0.0002799429365491213, 0.00024327155864710404]
[-4.9744311032592914e-05, 7.590259457016663e-05]
[-0.00011500877106056934, -3.9435464209147675e-05]
[-0.00017487419538883553, 0.00018757081818771004]
[-0.00017693404376241395, 0.00015936420402276608]
[-1.1819397850033886e-05, 3.6156807734943897e-05]
[4.981169637249816e-07, 9.289395419014024e-05]
[-0.00037911264699523606, 0.00020934960501095556]
[-0.0003927899342963462, 2.9523310557368065e-05]
[7.928055177837401e-05, 1.5045184254033894e-05]
[4.747911754929626e-05, 0.00014114472271632011]
[-0.00021714781777091782, 0.00020309563174530226]
[-0.00023055526248966425, 9.099446772654896e-05]
[-0.0001547072199518558, -1.140023883540453e-05]
[-0.00010509764396603345, 0.00010461456164533381]
[-0.00016306731880349166, 0.0003290641924703977]
[-0.00023569233666478895, 2.3165333819241685e-06]
[-7.058339896786735e-05, -0.0001620209933820005]
[-5.87899842095568e-05, 0.0002631039423431174]
[-0.00021068270834970508, 0.00032301592748406813]
[-0.00018384465041237637, 6.730414845136038e-06]
[-0.00017699165525261046, 2.6247222762247092e-05]
[-0.00013722283671557247, 0.00010572654766206543]
[-4.163792621601856e-05, 0.00015455348339119684]
[-0.00020087322570498754, 0.0001118653648513393]
[-0.00029468076302511213, 1.3042967605264577e-06]
[-6.801208019354028e-05, 0.00021692732129487483]
[-6.521890918264467e-05, 0.0002868608586394823]
[-0.00020123139882332122, -2.02664370910835e-05]
[-0.00017787136613558557, -3.120819070093206e-05]
[-0.00012465673677163405, 0.00018267555507530536]
[-0.00017015305160718135, 0.00016938883961081785]
[-0.00017337324642283103, 0.00010284217996783807]
[-0.00020023686612347796, 8.275012170407686e-05]
[-0.0001093174733713953, 0.00022038773140752727]
[-3.877744391204627e-05, 0.0001687414282479996]
[-0.00013526261084318564, -8.589910950883989e-05]
[-0.0002931306927696567, -2.6061462068599495e-05]
[-0.00017425438251088277, 0.0002951326897037143]
[-4.6639560673272795e-05, 0.0002530254127072473]
[-0.00011439539951507705, 5.4408661045682316e-05]
[-0.0002549693331763067, -1.4736529570902324e-05]
[-0.00015545729860527713, 0.00011587890483470004]
[1.4582184342956661e-05, 0.00012390523088373628]
[-3.879391670837118e-05, 4.479315463450789e-05]
[-0.0003453546132964544, 0.00011623210856988309]
[-0.00028059393413173983, 0.0002328396781943326]
[5.168347418380015e-05, 5.6007701233026785e-05]
[-9.936981300126546e-06, -8.243737830926356e-06]
[-0.00028076756240420775, 0.00010086857993951703]
[-0.00013161048277030019, 0.00013106472856710266]
[7.131183497224858e-06, 1.378342332057636e-05]
[-0.00012815424329787328, 0.00010912708712235934]
[-0.00024596382997815747, 0.00021747043816532086]
[-0.00020406119350344087, 6.395308335408606e-05]
[-2.763778304809561e-05, -6.672929016465073e-05]
[5.803422200682806e-05, 8.113399049223396e-05]
[-0.0001605527267104223, 0.00013772532185801073]
[-0.0002536405452194662, 0.00013019492458121035]
[-7.643687258586385e-05, 5.903270314026876e-05]
[-7.060476629797141e-05, 2.547379135626332e-05]
[-0.0001456739038808441, 0.00014935013883667775]
[-0.00011306060856233757, 8.557720345424985e-05]
[-6.461890214812249e-05, -7.498007765832648e-05]
[-6.534571357563745e-05, 0.00014578644975054428]
[-0.00015896076855831387, 0.00020766550167645656]
[-0.00022820463311021277, -4.025016389061498e-06]
[-9.619802857602222e-06, 4.6987424982028155e-05]
[1.575993168435874e-05, 0.0001081404009237591]
[-0.00019205719515605346, 0.00010958366341622117]
[-0.00020598660919263212, 9.349833732281987e-05]
[-9.155328020372944e-05, -2.786640913867225e-05]
[-9.061574569094177e-05, 9.633309054242478e-05]
[-3.829323924846306e-05, 0.0003045264279271688]
[-0.00013210343934612345, 1.2976723205535001e-05]
[-0.0001539000811730945, -9.58401438860973e-05]
[-7.155022285972729e-05, 0.00017555380956747746]
[-0.00014092876152030365, 0.00023035111307519868]
[-0.0002212061129110779, 4.7256060750622275e-06]
[-8.572934329220683e-05, 2.874604389198343e-05]
[-5.2869358477976997e-05, 0.00016328804766753413]
[-1.1353022892623965e-05, 0.00018470971309918205]
[-0.00013151091020079456, 5.350404456344604e-06]
[-0.00032066841329763535, 4.1840445826960004e-05]
[-0.00016252603415666672, 0.0001763106663390801]
[3.420777393962904e-05, 0.00019625936516089876]
[-0.00013592038409917725, 3.0283844541789673e-06]
[-0.00016053144833480526, 3.1025847148292984e-05]
[-0.00010623792819946078, 0.0001855591743267146]
[-0.0001224768901652018, 0.0001778301247196204]
[-9.775632588122289e-05, 8.98796184887335e-06]
[-0.00020575807528921963, 0.00012024889058236815]
[-0.0002277132099443623, 0.00013923149712897695]
[1.2669870455778512e-05, 6.896807577917718e-05]
[-5.427447738903281e-05, 5.844774317450771e-05]
[-0.0002576609698847236, 0.00011051450075823949]
[-0.00011872044098948462, 0.00014908290747570573]
[-5.809558656354229e-05, 0.00016920887479561324]
[-0.00015456421546086057, 1.6497456657305586e-05]
[-0.00019351239673306335, 4.565354920369391e-05]
[-0.00015567662730710317, 0.00011444856694548845]
[-5.462652801289762e-05, 7.184227274347876e-05]
[-3.00953267645546e-05, 0.00010804574597376645]
[-0.00023111692492128796, 0.00015738466032801796]
[-0.00018034098716422295, 0.00011370845227993281]
[-2.9524932417729355e-05, 3.70140851818912e-05]
[-8.583084649942119e-05, -4.223725658080227e-05]
[-0.00022279677211409265, 8.55822831838382e-05]
[-0.00014040121142730108, 0.0002196436231403573]
[-5.3422166726220955e-05, 4.0812926091197965e-05]
[-3.8507275902641136e-05, 6.286098618916991e-05]
[-0.00019000598493405102, 0.0001424899744043237]
[-0.00019789786936866283, 4.005651049993064e-06]
[-5.004893075614275e-05, -2.8206461716723252e-05]
[1.4001879081924906e-05, 0.0001240469793753335]
[-0.00019778053926676475, 0.0001278175870042808]
[-0.0002350662147553445, 0.00013073855554644742]
[-6.856985701961249e-05, -5.06371922610882e-06]
[1.4598795027714884e-05, 3.766990324517716e-05]
[-0.00011671854576177781, 0.00013607401199122737]
[-0.00013335211786563717, 2.2740464528651916e-05]
[-0.00011279697843490089, -6.236969399012193e-05]
[-0.00011899199731142673, 0.00020550077027607291]
[-0.000136707928270266, 0.0001862870986952675]
[-0.00011474774909611685, -1.1686866922901856e-05]
[-6.36610389035952e-05, -4.557663164490855e-05]
[-1.076453117870857e-05, 0.00010377278057804168]
[-8.401732251546445e-05, 0.00010947950816943275]
[-0.0001851187080228328, 8.408974414926725e-05]
[-0.0001749017501525285, 3.998279074457489e-05]
[-9.688493253458275e-05, 9.220867958275366e-05]
[-1.5467350321277107e-05, 0.0001283883540376049]
[-6.801020695898496e-05, 5.0380106300085964e-05]
[-0.00012356107381208958, -4.898576461691284e-05]
[-8.18608721822045e-05, 0.000126253727928273]
[-9.369100787784412e-05, 0.00018361556418199781]
[-0.0001985114414920358, 1.3204704506636356e-05]
[-8.770923375855944e-05, 6.133077701259149e-05]
[-1.891953841468008e-05, 0.000149250253182652]
[-6.013572131739753e-05, 4.851872462297013e-05]
[-0.0001315309619410593, 1.0706381370954865e-05]
[-0.0001489343623301692, 6.230324693926037e-05]
[-0.00012366691860252188, 0.00015466306605625701]
[1.0365748910889927e-06, 0.0002163354471603502]
[-9.530855855161002e-05, -2.7872498058294226e-05]
[-0.00017022785743377178, -4.3857872213996785e-05]
[-0.00011438476940532627, 0.00018039220725757366]
[-4.5870484175300485e-05, 0.0001443214912067621]
[-7.278113704288491e-05, -1.752447868236251e-06]
[-0.00012120984422624159, 0.00011356715968777534]
[-0.0001721138006655007, 0.00011779027503112938]
[5.709566662182031e-06, 8.427851909890982e-05]
[-2.153810379777049e-05, 1.8058578928462077e-05]
[-0.00026770836621889393, 7.557502216076414e-05]
[-0.00016614026363651752, 0.00012899692770949878]
[6.358596146124884e-05, 9.283911870165348e-05]
[-7.393168329008354e-05, 3.658928673977435e-05]
[-0.00015768071599027433, 0.000131365245756479]
[-0.0001095770125229649, 6.196048563185397e-05]
[-0.00010352549270391254, 2.9666750432144617e-05]
[-5.178145256799424e-05, 7.240606084744916e-05]
[-0.00013602884248623687, 0.00013996451958588063]
[-0.00018802984881713912, 9.819101530480351e-05]
[-1.4895704742244609e-05, 2.0204459258370278e-05]
[-4.887517304746208e-06, 8.789544250001335e-06]
[-0.0001712973173214269, 0.0001353575584473951]
[-0.00012109706899146718, 0.00011742039760646167]
[-0.0001051734884554914, 4.6890801320462194e-05]
[-9.713015358232618e-05, 4.536941696824809e-05]
[-0.00010931236713700512, 7.878464195407164e-05]
[-0.00014817159288304464, 5.3345358043216384e-05]
[-4.680963987375303e-05, 4.445906054490259e-05]
[4.8779627264089725e-05, 0.00010907478409758614]
[-0.0002055298913345143, 0.00013000797164273298]
[-0.00023391147770719265, 3.853473852554953e-05]
[-4.964781667242575e-05, -5.32824596821517e-06]
[-3.090705685683884e-05, 6.172127780955904e-05]
[-0.00012102660003750036, 0.0001270220506900811]
[-0.00010192702304792796, 8.502221976766818e-05]
[-9.579980107494567e-05, -2.5045905708836504e-05]
[-6.507913125783707e-05, 0.00012323531018745143]
[-0.00013878887813897726, 0.00020047783839683385]
[-0.00016859862522746252, -5.830947535752709e-05]
[-8.177319334446657e-05, -7.487757709358223e-05]
[-2.8716259013364387e-05, 0.00018885817860604323]
[-7.469717668749307e-05, 0.00014511096096755244]
[-0.00013693492665420998, 4.7455711506806664e-05]
[-0.0001799119896921603, 2.6569728602217346e-05]
[-7.749811778308413e-05, 5.9059710491485284e-05]
[5.348529035564993e-06, 0.000119746990912932]
[-0.00010849251423723782, 2.0501643756519472e-05]
[-0.00017975290100987612, -2.914948001686568e-05]
[-0.00011217737968294977, 0.000202308384609301]
[-5.215211812022516e-05, 0.00014696639107129178]
[-8.042057106789902e-05, -4.016393967810894e-05]
[-9.921048836478152e-05, 4.821144059475452e-05]
[-9.026388224898235e-05, 0.00011072426954590597]
[-5.579087363224988e-05, 4.035372811118931e-05]
[-0.00011997715438298584, 5.3565613377874743e-05]
[-0.000171263408543669, 7.627090878005449e-05]
[-0.0001103683409112155, 0.00013674886593076016]
[1.8129886929389716e-05, 0.00011192286972265542]
[-2.943112975758999e-05, -2.0674830180263115e-05]
[-0.0001477785357252917, -1.8999308827934158e-05]
[-0.00014734772403192375, 0.00012675979781187965]
[-5.557181739658523e-05, 0.00013429730932180278]
[-7.519493505378505e-05, 4.4672129665955865e-05]
[-0.00012689521220388134, 5.99028618563438e-05]
[-9.632624424743552e-05, 0.00010449984755931795]
[2.1908632953704377e-05, 1.4301809365568907e-05]
[-2.2743259932497817e-05, -8.374936118823312e-07]
[-0.00021424839385722483, 0.00010611909898251837]
[-0.00016979251758500458, 0.00013114197872688207]
[3.555250402673127e-05, 6.488648512290723e-05]
[-2.073063478000292e-05, 2.9598461074049204e-05]
[-0.00016631472943129388, 5.237841887203998e-05]
[-0.000107700110288933, 7.555340636304642e-05]
[-2.3751720282766398e-05, 5.560689864493595e-06]
[-7.565211214324852e-06, 6.029400692194459e-05]
[-0.00012325984617780894, 0.00017744322598942444]
[-0.00019729313397273684, 6.046661694145833e-05]
[-4.151343701520871e-05, -4.7838615468547355e-05]
[4.946230197512558e-05, 6.157822632663068e-05]
[-0.0001374594665676937, 0.00011294856978083783]
[-0.0001376702387058254, 5.74886103209965e-05]
[-2.9453482347271964e-05, 1.7247875874591354e-05]
[-5.888263422204609e-05, 8.972795502349556e-05]
[-0.00010251048476987712, 0.00014515585835569653]
[-9.89236850797992e-05, -1.646988617335504e-05]
[-0.00010205790697261075, -4.405602385726751e-05]
[-1.4529793313282358e-05, 0.00014955559397077794]
[-7.205714922912942e-05, 0.00013610577739400082]
[-0.0001544094837034049, 6.355775861485724e-06]
[-6.135994207047413e-05, 1.663586526125249e-05]
[-3.2074092502713814e-05, 5.7302442145822086e-05]
[-9.430531311750007e-05, 0.00013348613625489142]
[-8.092797797075446e-05, 5.601264933275535e-05]
[-0.00012322527820554652, -3.6158668961262797e-05]
[-0.00011033608876130294, 0.00010135769708288084]
[-1.74271676675955e-05, 0.0001638663691445122]
[-9.603135941061054e-05, -2.5135589814095916e-05]
[-0.00010491704508203831, 1.0896172991575748e-05]
[-1.916649578970718e-05, 0.00013096090436505448]
[-8.650073133878444e-05, 0.0001127734441824027]
[-0.0001725458487203185, 2.771081503129269e-06]
[-0.00011982140434780783, 1.8914209665956555e-05]
[-6.83031491795986e-05, 9.937714748114307e-05]
[3.251448496219625e-05, 0.0001303818674952828]
[-4.777069623177095e-05, -1.2001343206169413e-06]
[-0.00019398104155693603, 1.3835789963004969e-05]
[-0.00014250607072029955, 0.00014046772280221914]
[-2.9255907092043572e-05, 0.00013274765803760954]
[-7.884026702717657e-05, -5.477644763198994e-05]
[-9.880083825957765e-05, 2.152095861622169e-05]
[-0.00010492428390466903, 0.00015741032868301762]
[-1.2099878102754958e-05, 7.682346049869056e-05]
[-3.0661418764827146e-05, 1.414519286231132e-05]
[-0.00021736086475186277, 0.00010466867180882085]
[-0.00017820994743469312, 5.212336557358123e-05]
[5.905764142045272e-05, 3.552821261206679e-05]
[-1.825525169927948e-05, 6.0921306282085e-05]
[-0.00017601338865675352, 5.32469495900037e-05]
[-0.00012400418521903156, 9.86271139355975e-05]
[-3.770499288078448e-05, 7.351621114096152e-05]
[-3.838976224638732e-05, 2.434012673445743e-05]
[-0.00012081782841515533, 0.00011117444999710069]
[-0.0001342592567981117, 5.0871706859040994e-05]
[-3.551272110436862e-05, -5.4226357092415634e-05]
[-3.628435713479844e-05, 9.591608993050893e-05]
[-0.0001539795501934449, 0.0001502154910777223]
[-9.648494877054214e-05, 7.894826326818732e-05]
[-2.299155778105917e-05, 1.5377723314030645e-05]
[-3.8086757012861794e-05, 8.21006671015978e-06]
[-0.00012419116028519056, 5.4009847278845e-05]
[-0.00013039343480619747, 8.88065651063405e-05]
[-8.377933310618757e-05, 1.588131057453368e-05]
[8.587251151132014e-08, 0.00010546067592299632]
[-8.644124789457253e-05, 0.0001179368620616017]
[-0.00012993251280145335, 1.5518614742582315e-05]
[-5.1497646872927794e-05, -4.285747694045272e-05]
[6.2170150442325545e-06, 6.420037046684507e-05]
[-0.00013929663696145983, 0.00011787377250979669]
[-0.00014436705396829452, 7.530594325536044e-05]
[-4.534393916603985e-05, -1.703928925989029e-05]
[-1.9473802111577565e-05, 0.00010640087620935462]
[-7.690258809399386e-05, 0.00010961701632008353]
[-6.62921810527517e-05, -4.557134073321541e-05]
[-9.786044247463155e-05, -4.777305404198712e-05]
[-6.467063277820762e-05, 0.00015745351712596022]
[-4.814874954395254e-05, 0.00015592121150821703]
[-0.00011008529486639107, 5.294307616636462e-06]
[-0.00011099435913915212, -4.996255213299966e-05]
[-1.776460339585062e-05, 7.294903220434606e-05]
[1.9317072691149573e-06, 0.00010163067931047431]
[-6.168687533478212e-05, 2.687877230220931e-05]
[-0.00014653811941697792, 1.980940231352188e-05]
[-0.00013481668326796592, 9.454866242657872e-05]
[8.980730105745405e-06, 9.428405824775735e-05]
[-2.8709570209742297e-05, -1.1819557810627268e-05]
[-0.00011899355432555547, 5.9785332635863e-06]
[-5.00954291512562e-05, 0.0001103306730222825]
[-3.3812048602505085e-06, 6.388649323564328e-05]
[-0.00012024952582403992, -1.0305154471770828e-06]
[-0.00010711029750472278, 9.497597451127437e-05]
[-7.01453818334613e-05, 6.263062952565485e-05]
[-8.369313356640373e-06, 3.3404416095030726e-05]
[-2.700893004377314e-05, 3.1140280095050266e-05]
[-0.00011154332772572717, 2.5763515397004416e-05]
[-0.0001348349201361343, 8.674552991923962e-05]
[2.3803549363266008e-06, 0.0001247633179195691]
[-4.180219003428742e-05, -3.078893161576057e-05]
[-9.953278078352057e-05, 4.4793986464643915e-05]
[-8.761255088925862e-05, 0.00010672724643937676]
[-3.3920053534544636e-05, 2.7723572182780654e-05]
[-5.683562382649207e-05, 2.4644966516260136e-05]
[-0.00011781037504567105, 0.00010160370270395624]
[-0.00012028252523831745, 4.47781575383735e-05]
