[563.6328460140303, -272.3587301699267]
[-9.637011313755707, -11.254278986076494]
[-7.552056359395688, 18.931832704591617]
[-23.540926329965302, 22.250954029132018]
[13.55622729582133, 17.801703979293386]
[48.566970436781965, 24.43951230881434]
[-12.903928417363936, -25.730618342126114]
[13.330025691316779, 19.13538969801476]
[-12.963272244666975, 6.902025837774096]
[31.691240700776724, -10.609269877631341]
[3.1599179234705455, -11.852105103914957]
[2.343300251688799, -18.267216991595433]
[16.050875174569676, 8.750040476530435]
[-11.71688916342645, -6.739728664454351]
[-16.789197561844112, 0.3499820965561199]
[16.136385807729166, -14.964296487467724]
[17.62211781160234, -8.117019618870938]
[-3.196791601226304, -2.776947912633261]
[-15.646562688401016, -2.3701979980052412]
[9.81190048797864, -4.446499238711997]
[3.477949501409971, 8.770362556215993]
[0.09437960107046928, -9.60622841053774]
[-7.056265586306203, -5.020731746368364]
[-1.4695743798718734, 6.942606806022533]
[-6.524939641207485, 9.694942340692483]
[-1.9739928424958326, 1.2598978668631475]
[-12.201155607866431, 8.074764882098997]
[0.02610978072052661, 2.456154574001755]
[10.502885400046132, 8.18518016541001]
[-5.154006537935301, 2.6882225093873324]
[2.459414088424313, 0.21589300231342212]
[-0.7877475029311632, -1.2052681266458327]
[3.8645860638262612, -0.2869870678569405]
[-5.620170219463427, -4.848979384468873]
[2.357457070316718, -1.7842894943717678]
[0.8188116143516064, -11.58793408667973]
[4.051368755866354, 5.777423507419614]
[6.8241475512263285, -8.123103263805087]
[3.974562016675522, -6.112543217597793]
[4.159117383362169, -4.4755687893792935]
[-3.554088523967782, -3.076541857921688]
[1.7874271723885167, 3.5746115075080693]
[-1.3509300247162832, -2.3793776862494753]
[-0.4151715653859249, -2.254832286767818]
[-6.014641338775421, 2.8654551235902566]
[-0.016761726961723733, 0.9446215914445378]
[0.6055438658562371, -0.2501365140408968]
[2.405006055067982, -0.9213242658289382]
[-3.868997212227729, 0.4999665198374753]
[2.298632454473826, -0.41048276672978035]
[2.2487335885407678, 0.01877669463842846]
[0.030163136986544492, -1.8105689883879368]
[0.44506777745341647, 0.7653507626158306]
[0.9630204914416881, -0.9729431857555075]
[0.9623993421539421, 0.12180712151431583]
[1.0485355138765093, 0.7269492312337453]
[-4.867401325459726, 1.4268668626262033]
[0.17794997677625657, 0.7214262647532943]
[-0.9819972836097661, -0.9890692771060674]
[0.7900990221375344, -2.8124654640581337]
[-3.291087762366601, 0.014132790327843314]
[-0.5644892987270236, -1.5250943189203598]
[0.10390790894841351, 4.133212717211816]
[-1.0429939137463653, -1.7464337644703294]
[-0.44426856702311857, 0.6677660792439615]
[2.1163771905440254, 0.1504671897653036]
[1.095743301309982, 3.016792674184198]
[0.831992749869339, -2.318553378539265]
[2.1241771012737956, 0.8942002747025056]
[1.4096204426413277, -2.654538596603688]
[0.1270380936904264, -0.12466981419672896]
[-2.3807711377999663, 0.19783363695923745]
[-0.4576240345356276, -2.8742971689646324]
[0.31585987146031047, 1.9673597767491624]
[-0.048741746718537704, 1.0742591655369793]
[-0.7149892714510022, -1.9714751856065824]
[-0.6580418853612333, -0.8164890202503221]
[1.0464485175446105, -2.2710681448155277]
[-1.6372852472927386, 1.240291779709311]
[0.17247838195689613, -2.2398394587411707]
[0.04928242161100005, -1.0766113225654863]
[3.1248579576506126, -4.204734727364312]
[-0.5599795698263436, 0.9383044041384265]
[1.0021158263791037, -1.2553629772799801]
[-0.7579521827893265, -0.01291223094523175]
[2.3187813150239625, -0.964130755428309]
[-1.3604853737447136, -0.3449272371916906]
[2.3718475087523787, 1.5169580820881297]
[-0.013849384065925174, 0.3356299621532608]
[0.43061091880519897, 0.09880538058238575]
[-0.6442592825952705, 2.003478884210229]
[0.521340732995444, 0.830296893108194]
[-1.4467880189798916, 0.28410085170081834]
[0.8721266427297742, -0.6677176160758722]
[0.09160248634733947, -0.732299973117076]
[1.005392844293031, -0.4454276335120896]
[0.45833564911435665, 0.09141511160729165]
[-0.04117096596117764, -1.4296592217559265]
[-0.9358576077523016, 0.6939836287408467]
[0.11986986354467644, -0.015404674061214929]
[-0.04751319791677444, -1.1674494003131164]
[1.3104934619426265, -0.716306787739132]
[-2.4265845475631926, -0.2664205557386826]
[1.2497044623954294, 0.45936599720328464]
[-0.5932656188791505, 0.7462053942695759]
[1.0322170671906288, -0.019449872966704085]
[-1.533438984716681, 0.44412828930149373]
[0.6115816229244968, 0.7465522244570085]
[-0.2584829458773067, 0.2625357983279286]
[-0.16664082719028173, -0.6756926770689766]
[-2.3657087998526705, 0.42656716490508095]
[0.733488624641458, 0.272960705653517]
[0.4989152734502237, 0.8833839961922817]
[-0.5759652948686631, -0.986940860066669]
[-1.0021157120340436, -0.30201938242826876]
[0.9204479471141385, -0.549668106483927]
[-0.47816912052294436, 1.3823134259568666]
[0.43156550528565263, 0.12883447192119252]
[-1.2941989691934492, -0.65611418252546]
[1.3528817262094313, 0.14021387873907715]
[-1.6996092366649238, 0.5897248477258552]
[-0.4800190682282044, 0.039914374444685874]
[-1.3216264568606837, 1.1956148512673686]
[1.0006190919640252, -0.28661941047175377]
[-1.127337029270873, 1.824203986758806]
[-0.09685031251564813, 0.44596892813790867]
[-0.18525259975660346, 0.3159615854711486]
[0.4707164829477424, -0.311472411526054]
[-0.9573064010157879, 1.9334120429854262]
[0.19100605233171986, -0.15965310914011574]
[0.2957960185270821, 1.1829946569795426]
[0.4621187037654193, -0.10837732151858777]
[0.36143334261124527, 1.3997702988505234]
[-0.7756411051795338, 0.4610006710492217]
[0.023479585219610466, 0.4006843422737588]
[0.24484787397518937, -0.15314803509286606]
[-0.6649603727411136, 1.2523118721536037]
[-0.505586486860047, 0.7429927246120068]
[0.9316379535620704, 0.1113695882098864]
[-0.6190126916352447, -1.024162180735938]
[-0.12020892719115639, 0.6557163189471338]
[-0.1461604457797887, -0.8375894079813978]
[0.209239255164132, -0.16116485756783328]
[0.07143529781100866, -1.6832897612090572]
[-0.6905551405878777, 0.5136731356191151]
[0.3146787143692851, -0.07035571860788643]
[0.19697014945080482, 0.33520299605773185]
[0.5297755986337109, -0.9560898955007495]
[-1.0107599074415652, -0.22037082157606547]
[1.5053451148733186, 0.17900077916493684]
[-0.25823219818579446, 0.5601726454814876]
[-0.14368172279830316, 0.11258081024984978]
[-1.0985327189215326, 0.5740092065985235]
[-0.0993558854876273, 0.6902454920951502]
[-0.3845858227520058, 1.4974403754562]
[-0.3725788739404716, -0.2313699489382784]
[-0.731016342448635, 0.14305243283440605]
[-0.06135706419434106, -0.4682543063433835]
[0.22127859978810316, 1.4200611972993844]
[-0.7252842923590637, -0.630329008484228]
[0.2853614352740309, 0.8403617986025408]
[-0.008280915862400873, -0.28091871083917636]
[0.1318809183253568, 0.8613785195747581]
[-0.31969024601403695, -1.1376639637014787]
[-0.04488206864395439, 0.12746314445478368]
[0.8294830867603938, -0.5976972408808543]
[0.22629476204621318, 0.8315702967626798]
[-0.2645178611502712, 0.21944957379523178]
[-0.5386256438924246, 0.30034322649319223]
[0.15123419274876493, -0.43919806495696495]
[-0.052687495024145936, 1.4710199246102622]
[-0.35583971446592666, -0.566595363579168]
[0.7003788522879325, 0.5978092231933961]
[0.6282744679202246, -0.5604311653265199]
[0.522447220086892, 0.46045529352462244]
[-0.6195243409868265, -0.06964348643159672]
[0.9119694377235146, -0.12777647688426752]
[0.10177162968401499, -1.3067172229836084]
[0.371534216743446, 0.13910403721158926]
[0.2437290435761017, -0.47391803868343746]
[0.4740521063444749, -0.7174702229516068]
[0.49409639733830024, -0.8861903695531336]
[-0.7185226507359949, -0.30504421265110404]
[0.44138054072008526, -0.1702939081351617]
[-0.270928228342582, -0.4507050775760961]
[0.5249844954723295, -0.786553798871723]
[-1.0917371301972687, 0.10223694757155344]
[0.3662569623516235, -0.10575539213171184]
[-0.20393892499059796, 0.3323052674602869]
[0.47987373678176803, -0.678445650888304]
[-0.6874046411034467, 0.4134454942569816]
[0.6209166160614957, 0.21708621238649714]
[0.01731610553154217, 0.4073192371677724]
[-0.057184232007641, -0.2224846772632437]
[-0.5250580374793264, 0.5170692317307376]
[0.3451014325075129, 0.3081706571414449]
[0.20256704543408605, 0.5110784122470472]
[-0.04397339519499588, 0.006635666232247967]
[-0.5569196918761661, 0.17369586148005167]
[-0.1959901761476357, 0.5475684013350274]
[-0.18606011804569, 0.7698668392218329]
[-0.8522179681363431, -0.6109144589769518]
[-0.11838254970109374, 0.41024898167940127]
[0.2553663108648977, -0.3536343958369348]
[0.24795327358579183, 0.5917488731341768]
[-0.41879269649819517, -0.40739839879131046]
[-0.27779045710255235, 0.09540735257372424]
[0.26108972711199474, -0.722115580944722]
[0.1462989317814371, 0.9829911776731124]
[0.031627752513489815, -0.7589532106659318]
[0.1751333105678332, -0.07665727270016387]
[0.8134900015288173, -0.5371115769393917]
[-0.11426953185853372, 0.43337793823325244]
[0.227366318124835, -0.21337418984777695]
[-0.14638086267393308, -0.05759607749635676]
[0.7383704895029803, -0.20218038102684865]
[-0.38399525977009275, 0.630314432481562]
[-0.19970847812108428, -0.0245563961633549]
[0.09566003851415766, 0.15797789691490727]
[0.06573073736648416, -0.7702789522903827]
[0.0972034557152987, 0.30734800938088147]
[-0.040016666759381314, -0.43376263166991846]
[-0.01780360889475524, -0.1757068519673951]
[0.44173717874364715, -0.793840824776276]
[-0.2441494258815109, 0.4680091010178984]
[-0.044208505096657635, -0.3240972822405609]
[0.2340011996830585, -0.17474742157594825]
[0.619937128670656, -0.7686944039953656]
[-0.6444733397160103, -0.07273360345879354]
[0.4843407447639997, 0.328322380478833]
[-0.20241568905856322, 0.27062690382808896]
[0.1371440314605683, -0.08113038887672794]
[-0.58596130322284, 0.6344992851903857]
[0.02665301553840438, 0.37867198956889403]
[0.09075788946623564, 0.5222271051620869]
[-0.10465051925460456, -0.33625257852800583]
[-0.27244558008754044, 0.5143010247318478]
[0.06764152593741513, 0.24285007594017305]
[0.6155743021316125, 0.8205488021921987]
[-0.333785565246554, -0.5694755804633036]
[0.1333402857699901, 0.1574397310084612]
[0.19975904278575696, -0.2578376758707806]
[0.5535826301216995, 0.09818526029550267]
[0.07374320431198766, -0.6872251449277722]
[0.004863985529803994, -0.3093039951024581]
[0.6267514583009403, -0.31490985971301]
[-0.1746655291571318, 0.09737561927723515]
[-0.04762974160897837, -0.5913236958973493]
[-0.5336219469425778, -0.0786312044812344]
[0.7119813024588065, -0.6197872913684598]
[-0.18843060994028604, 0.3095984929974077]
[0.3670077523464459, -0.6792413251700881]
[-0.4142811559047924, -0.020223892889182582]
[0.716872567914473, -0.3962376432096626]
[-0.36602648662489273, 0.5665934097916361]
[0.07813488180209138, -0.38759750141542837]
[0.017699893198466377, 0.2644766733267443]
[0.6547746276315659, -0.5612165574246594]
[0.146296274873657, 0.3654654534838049]
[0.15902744786131784, -0.20452388482691325]
[-0.13198766345509172, -0.17779975304784434]
[0.4609400672469016, -0.3543289041283331]
[-0.28449322793747384, 0.3578872143835333]
[-0.16539035185518491, 0.016598290668754345]
[-0.039407724036578995, -0.08606444230422505]
[0.08147455528250991, -0.6915438448717235]
[-0.22635312861077983, 0.474994490520531]
[-0.01072523481998755, -0.5679553559010665]
[0.34437653852163763, -0.007689372168560582]
[0.4146862818016286, -0.7705192225357778]
[-0.12848554243369376, 0.2536150143852307]
[0.1356552678916717, -0.28450559535441683]
[0.29271555055429027, -0.008402783246750367]
[0.4888945346330087, -0.8516740943228022]
[-0.02909669372467988, -0.0842426084937613]
[0.6209732679880353, -0.06647243331347297]
[0.1587384908205577, -0.20792036869789599]
[0.36451184574533013, -0.3632567639650337]
[-0.3325941265726512, -0.023192337385816053]
[0.11777639319761113, 0.022163132311245115]
[0.2081890247782214, -0.06953885986279185]
[0.1306983564253088, -0.5708056377113105]
[-0.31883268982257773, -0.2769342520448417]
[0.4046334356749096, -0.07415475263261884]
[0.050557215969267294, -0.06697687263263064]
[-0.02331542449205315, -0.577444868164915]
[-0.2466181510132352, -0.37413146673497466]
[0.5497959665531457, -0.3050605164977339]
[-0.1728787652344853, -0.16238346968109862]
[0.29568366462460205, -0.4504296994008422]
[-0.5681239122230954, -0.37121237643140637]
[0.8555842004388856, 0.025496478292725333]
[-0.4167992743078387, 0.10437976210821942]
[0.39275271418146007, 0.18634832682472857]
[-0.7827045596702751, -0.11396669547768412]
[0.5769243471048262, 0.4179203848875705]
[-0.5878505841660903, 0.5464152088965548]
[-0.05352082767688571, 0.17701379140610196]
[-0.3938550567597082, 0.36852864785955175]
[0.39837900897084644, 0.17297557668214553]
[-0.21386521903898342, 0.6265058798340597]
[-0.23870034550828167, 0.34183004491422087]
[-0.1203957441364287, 0.3270593493009697]
[0.07524330846597505, -0.11790448318359165]
[0.032494401140630874, 0.6056047825672906]
[-0.107692649918952, -0.23081522841571617]
[0.11123188141151821, -0.004853186479997218]
[0.3423036152224852, -0.23599698432506455]
[-0.2182325684864089, 0.24533837116676782]
[-0.014473094464667047, 0.15126002466436306]
[-0.1825310679011191, -0.022970779943855324]
[0.32365316183324866, -0.3643395452759479]
[-0.44448757450504034, 0.3032534134721422]
[0.08654689725767317, -0.060658634194359684]
[-0.13622877794209953, 0.23912928483346696]
[0.2623562875677189, -0.3775618287837292]
[-0.32665155236412413, 0.4805351679850661]
[0.22686502472248216, 0.20872526682560577]
[0.07412473335118003, 0.1732201124146886]
[0.2851822322505617, -0.34209915193344365]
[-0.2990100761985862, 0.3039622613680425]
[0.294752406908543, 0.09363462981831189]
[0.207248695954093, 0.17827267536705083]
[0.24859481568664932, -0.03305634859667245]
[-0.4351512014563198, 0.04029521813726866]
[0.2516339571304502, 0.4623263823053043]
[-0.17700077462052144, 0.24633517906607083]
[-0.07350716100241994, -0.09646591211144201]
[-0.3547262788395678, 0.13356804324163518]
[0.10571289716375032, 0.1933563209351829]
[-0.21548726950734448, 0.3718590347952606]
[-0.08586617335135494, -0.11366060540770345]
[-0.42872797469288054, 0.2983271492491194]
[0.11886550161914167, 0.037384606857925884]
[-0.0414770572667032, 0.5119760287154168]
[-0.15419150760109068, -0.1525952029050195]
[-0.22303851982563008, 0.35729347176312365]
[0.2965864243578611, 0.19872925688655108]
[-0.006685029727063474, 0.5567461998631347]
[-0.18883423897540275, 0.04936199998627805]
[-0.033386999712039775, 0.26710624424259044]
[0.05242961579324101, 0.16411980873896048]
[-0.010452398104047647, 0.5433757063441486]
[-0.5864454792532355, 0.11913951723308092]
[-0.030666018170213943, 0.29524445821215406]
[-0.133815219855987, -0.24945655833861846]
[0.31703490802844114, 0.5631443203566069]
[-0.454220516167283, -0.23925726758398158]
[0.2923988383281007, -0.015048350338888072]
[-0.07776476390566234, -0.4630611785371683]
[0.06409585731652268, 0.3384889539332149]
[-0.21742630965716048, -0.3902846268630129]
[0.23492874243270997, -0.026099208519235084]
[0.3664225943572986, -0.5487358303801835]
[-0.04614599246925464, 0.1207200406670732]
[0.17943754664029066, -0.03731394465270427]
[-0.07624516387914809, -0.08246726296133466]
[0.30378165481255004, -0.2670040861734234]
[-0.33668903834013053, 0.4117084774793933]
[0.09319664510937864, 0.1370941654604112]
[0.11448137131862378, 0.3587368153746111]
[0.025259927867334886, -0.08401485633686695]
[-0.0958273039554654, 0.43039342192334595]
[-0.08694835614384444, 0.1294217297025687]
[0.28885244329062526, 0.3175839162242071]
[-0.056967481373829565, -0.3365587863419813]
[0.19674983360542733, 0.2592619951984638]
[-0.11282059368196296, -0.026288406474884007]
[0.42389729772950413, 0.1634561006669203]
[-0.08267511093753366, -0.45786257467766445]
[0.061131797141066924, -0.05334169107349018]
[0.19398850718120664, -0.050225682830490836]
[0.15181586992193585, -0.08957957136847594]
[-0.024632129294295257, -0.25936894101810803]
[-0.22250724942813374, 0.022538353174209602]
[0.11172415903427002, -0.015015004567111467]
[0.18550693970702303, 0.20330292603043276]
[-0.09549139501397552, -0.3708345025583506]
[-0.07543289531806452, 0.0052077191319799265]
[0.23619427120380965, -0.0590745689082004]
[0.15189671248684655, 0.2098058875377452]
[-0.07616848541269927, -0.2420995801190891]
[-0.002395275396917966, -0.06846973818075164]
[0.26083837309783187, -0.17112306535546828]
[0.2311446075543127, 0.19211697312903708]
[-0.029710312989890242, -0.19271676991356768]
[0.045024150542169225, -0.22954773830217012]
[0.3420741742449329, -0.15601505308437186]
[-0.09209453536324691, -0.03925538431816933]
[-0.012238690571025446, -0.08263513745321516]
[-0.2168952511557392, -0.17110596999799066]
[0.24424407127123937, -0.14906015812505768]
[-0.2079711286885253, 0.19519639771469277]
[-0.02476322041239376, -0.17888725307897274]
[-0.16367730222621257, -0.08521948331900064]
[0.3780850408363981, -0.2757056530791976]
[-0.30656289336631326, 0.2757078326064296]
[0.020841316436122637, 0.014795765256776505]
[-0.0964175016801964, 0.13939211448214817]
[0.28925342047038, -0.309524254886417]
[-0.18307025814850536, 0.29831068914114167]
[0.21211557790769886, 0.04066646119984685]
[0.01914673008338076, 0.07575827159750625]
[0.2723092250966317, -0.04630771491258301]
[-0.1592602887989374, 0.3363131732373307]
[-0.0734963188872253, 0.2528182246065202]
[0.11280433782476479, 0.13051919981542326]
[-0.05485609474456954, -0.1969584683380518]
[-0.09515450880648739, 0.2123564054263879]
[-0.14806422214855153, -0.045581799963507974]
[0.30719074140176483, 0.07175078676253954]
[-0.10512111835491644, -0.47933350241750244]
[0.030620643492268437, -0.005764678974962578]
[0.0845698539014208, -0.19398059133876727]
[0.22266364232923322, -0.07316400405331736]
[0.04839421090542395, -0.5440228760119765]
[-0.07994467491466002, -0.12603943605908152]
[0.3831558237247972, -0.23468353981975454]
[0.05204384625934111, -0.1515093545114018]
[0.3611123036439753, -0.2480023667414767]
[-0.3993812281335339, -0.22224330416933202]
[0.37547602227765586, 0.15634943434890175]
[-0.1988866744375949, 0.20523893341464405]
[0.009409438958233762, -0.11204524965178053]
[-0.23636240120112867, 0.07268659262575916]
[0.32769394236739496, 0.02541600839268432]
[-0.09043293294593757, 0.20925616495701804]
[-0.016977640948773187, -0.013539109416784822]
[-0.18079349703338243, 0.10001049580947896]
[0.165978268301752, 0.012230321242318265]
[0.02954263346458838, 0.23998341217895913]
[-0.06542944009065588, -0.1653196691212172]
[-0.20307714005494945, -0.12043649112105981]
[0.30634727814735596, -0.11121530904188515]
[-0.1772019869353925, 0.23103459388787928]
[-0.009513812643835884, -0.03847765272696846]
[-0.24370673946127927, -0.09718825566328859]
[0.20007771467559415, -0.0741424371776146]
[-0.3702803661626422, 0.28921434267711377]
[-0.15554220741768732, 0.018181161467202722]
[-0.21619088053716864, 0.23818411470882483]
[0.11456458472041653, -0.2260969971088671]
[-0.1133729955475179, 0.48025332481133964]
[-0.11762715695926884, -0.031821446828132816]
[0.15398076549441927, 0.1395830040093815]
[-0.01794283993126977, -0.25524833533604285]
[0.045201219098290585, 0.33387363990689234]
[-0.2007325646940844, -0.1892362113833127]
[0.3603904831270215, 0.05003610026813787]
[0.12041833024267534, -0.42304277655395484]
[0.07007499880831447, -0.06304314827646007]
[0.014687093263922701, 0.002142059386112005]
[0.12999246807348072, -0.14390509549184405]
[-0.012596347502903948, -0.4000326002298106]
[-0.1342915193593553, -0.03231060721210266]
[0.08464986145548392, -0.16032277808880868]
[0.07082410997236468, -0.0693297529548974]
[0.14853610981009763, -0.41835617515209866]
[-0.21584999214387354, 0.0013195294858384665]
[0.2812255323248267, -0.11332577003379929]
[0.02425226011928555, 0.05322612166287288]
[0.21526892083225946, -0.313755363988249]
[-0.22733774771023663, 0.03297924124505158]
[0.37562816508226804, -0.021727554999363408]
[0.020208921341283687, 0.11817638324043789]
[0.2651509765352134, -0.12704528597671427]
[-0.20317854948069258, 0.012390191592229094]
[0.40885996231015725, 0.2027523444369329]
[-0.06136976843844455, 0.14110249465224256]
[-0.04257611632531244, 0.02889360889618231]
[-0.24247993884285568, 0.08241182475541697]
[0.07856716937831543, 0.028332625913106924]
[0.08182203953648476, 0.2616173717199901]
[-0.09996279132528396, -0.15061690414030904]
[-0.050623945476276466, -0.13068999407472304]
[0.10430843139597229, -0.13222934862356273]
[-0.020352460762682295, 0.1332222459423399]
[-0.1694938770133435, -0.28442498926310167]
[-0.054444440578667486, -0.10677199790368863]
[0.31276938148280076, -0.3004920570322617]
[-0.06553910764292958, 0.058671595344887306]
[0.1291645410963589, -0.12818684477907394]
[-0.08909469240269996, -0.21739078625279273]
[0.3403742938165567, -0.12694783420813716]
[-0.26917235566695374, 0.11229019921044425]
[0.029165191295173698, 0.06503019882284222]
[-0.19053255896289056, -0.02780771935185511]
[0.19813583607715457, -0.08502000397495024]
[-0.1706396150430723, 0.227147543471114]
[-0.034727211629211774, 0.0280164200181644]
[0.00277277548627336, -0.03713198013620578]
[0.1464865642909028, -0.19359186946045304]
[-0.2074673391829593, 0.13992877575559104]
[0.004559886798139567, 0.029156470901433584]
[0.04008635240612696, 0.004423299093803235]
[0.17512873154025244, -0.3288008147307634]
[-0.21434052974941203, 0.0024041484518901868]
[0.23881599769465456, -0.0009537785677761201]
[-0.17194062713826133, -0.10578514581964493]
[0.23971579504841306, -0.0654724364118332]
[-0.47726735243175167, 0.10211619575567887]
[0.15719562111296642, 0.1707654041267359]
[-0.18546762803563963, 0.18464643663660152]
[0.11743676503147465, -0.09920025091510898]
[-0.38320206026641035, 0.23594316604253107]
[0.11996600659647211, 0.23565854745904158]
[-0.044184685468982465, 0.37921211948888933]
[-0.06944530228961965, -0.04749547482237371]
[-0.10810973341162983, 0.2600760124212802]
[0.0796865547723089, 0.12784601014539532]
[0.13234720750157208, 0.28535651843680065]
[-0.10067700831018211, -0.11524924106147061]
[-0.049207164681658866, 0.08439503823691263]
[0.1538591382415127, 0.05018737967210185]
[0.1551339182701238, 0.10243272885127619]
[-0.10988000037847956, -0.022429074883039912]
[-0.19281208807187267, -0.13051000975027593]
[0.056391358737504005, 0.026259759360170776]
[-0.15818943489575651, 0.2129750363501013]
[-0.11833546781420873, -0.17303047929334558]
[-0.14778104822041152, 0.0015202936431385483]
[0.25230419624420325, -0.1526087588438294]
[-0.1561335539282097, 0.16349207134196309]
[-0.023432927238361878, -0.06982251894721703]
[-0.2880036660606673, 0.0295609338189462]
[0.21483306231741295, -0.12876926216925033]
[-0.20168891275191508, 0.35796364999748864]
[0.11112010929136656, -0.018817849224535776]
[-0.10452551331224763, 0.024762725335635505]
[0.2835323475684105, 0.024892313489837115]
[-0.2732523449217753, 0.2358034817398258]
[-0.07894912836394913, 0.2114566982190953]
[-0.19165171088813418, 0.1282105277877965]
[0.01655426762528578, 0.027165517832093422]
[-0.2909496074098638, 0.35157628954844067]
[-0.23850589026167274, 0.10510741636751048]
[0.002734610191147513, 0.20453207213182634]
[-0.10513010458898431, -0.20825112446868133]
[-0.12831930876125086, 0.2958183338949436]
[-0.1912980153779676, -0.009212604921339906]
[0.013066944567605876, 0.1679023921812215]
[-0.10869485637426701, -0.31061703286887465]
[-0.11910046825145873, 0.2902494350069148]
[-0.05215782919941592, -0.11729631650007788]
[0.16837519388769312, 0.15498551166673524]
[0.09308226088426585, -0.2788892589510936]
[-0.13287880790825626, 0.15409453318359734]
[0.028753196772336342, 0.08582233488079083]
[0.06864469795654154, 0.23936404670591982]
[-0.1528063982236163, -0.23219950627152885]
[-0.022138162006329176, 0.22315515223387605]
[-0.008712253609562681, -0.05453429770061724]
[0.2902841618387541, 0.1840103066275115]
[-0.1955891759772158, -0.25178887527973426]
[0.04465603118405864, 0.03468747986099274]
[-0.03566061330122611, -0.21277353163571378]
[0.25882525284107566, 0.10058039902558957]
[-0.07964912692878795, -0.44698375400816914]
[0.07743799207752894, -0.17707896174594318]
[0.20401674680603446, -0.2756877636646299]
[0.09261054001579289, -0.03657672774337084]
[0.07984919777111749, -0.2966927932072152]
[-0.1562539839737121, -0.24849095936119647]
[0.3490389701728429, -0.10549920815582947]
[-0.1837204594800363, 0.06095691261700764]
[0.01032605080070681, -0.08998303344458947]
[-0.19287545930346306, 0.011056585362601346]
[0.20161860740609208, -0.10991889757734252]
[-0.07484437244803355, 0.26121374483173654]
[0.0036662364186478835, -0.02146385621825264]
[-0.07146253688297277, 0.027321983577767828]
[0.14975246179325685, -0.02213620783971393]
[-0.04471679224129865, 0.32594787790036484]
[-0.1725467884593686, -0.05931175120135268]
[0.17015726288883726, 0.10138476088440174]
[0.10401269181125375, -0.2384465355108879]
[0.04745423420091199, 0.1280514167582537]
[-0.04681158324291901, -0.018550646949911598]
[0.049167900592011204, -0.0928764359463326]
[0.01528857842813125, -0.2168026369112368]
[-0.08024395394361133, 0.11406816457081992]
[-0.09695978657671767, -0.11328008676175505]
[0.05918427915819363, -0.036955932720717066]
[0.05304286281335041, -0.36299679067488233]
[-0.13812271408059446, 0.10281432371558175]
[-0.00597231397897402, -0.18659493706575647]
[0.08697192661842151, 0.028991868303299362]
[0.10964848726153018, -0.39532756721561]
[-0.1505737810962658, 0.07228094777551541]
[0.16764636206633943, -0.1422054747620255]
[0.10815838703650482, 0.028000559327797103]
[0.1755891396121689, -0.3576488659016276]
[-0.0729495423522562, -0.04619919705194264]
[0.26716349862695493, -0.014040391497652793]
[0.037003756392565645, -0.039487793845109365]
[0.10024353454638807, -0.12445592519543758]
[-0.23185366970158244, -0.04598607025335266]
[0.1205935506392048, 0.007834730994084826]
[0.03234792771872014, 0.06787890503520722]
[0.02759977209377712, -0.23490268504252432]
[-0.15754890424393797, -0.09568296269846488]
[0.19259039478951273, -0.06459827999842349]
[-0.062237903592285815, 0.07866744161581951]
[0.005153466940059914, -0.24364627651287274]
[-0.15004322599592118, -0.02720077697337986]
[0.2930117214666761, -0.15416716448082946]
[-0.02863172226488625, 0.105932717933226]
[0.15092496519688448, -0.12420093835410528]
[-0.18664564454428711, -0.08750076418422842]
[0.3635945216875351, 0.012604336719045595]
[-0.14950009396219222, 0.1642713161406263]
[0.04677139899481972, 0.06285185098223156]
[-0.16776468419164048, 0.03789828225807146]
[0.12582339953081847, 0.029957214309089375]
[-0.09723661490848451, 0.29288814792485063]
[-0.1264442675241012, -0.0023463381028140384]
[0.04462922200436431, 0.011618357703464866]
[0.08000615152885077, -0.14088333306091005]
[-0.034229839822828734, 0.12064894652434599]
[-0.15187877284142393, -0.06706404166421698]
[0.02744731725802818, -0.05046552027631651]
[0.07217987352235741, -0.31812647060389054]
[-0.05045626628515326, 0.05003032293354376]
[0.07427344382892503, -0.16855699498025634]
[-0.03392671318266838, -0.2105976592879108]
[0.2697546361790437, -0.2197307212789551]
[-0.34782482612752263, -0.01117837723770243]
[0.12309196427106095, 0.030392546981453217]
[-0.17611664294773743, -0.00038082025477159664]
[0.15879683851570497, -0.1607340126703719]
[-0.3049756485181623, 0.16366424936949447]
[0.12255600198659752, 0.085885339859885]
[-0.09372239426562406, 0.16659469404298027]
[0.08155800777554409, -0.09728059805417977]
[-0.19151416526299775, 0.22232569461597174]
[0.05113350476640868, 0.08839684363450712]
[0.07126601026294827, 0.20011513080637544]
[-0.01686933521257436, -0.152046918504262]
[-0.08641971431997636, 0.16310296160812288]
[0.08502445063510916, -0.008021715835784149]
[0.12129156650413003, 0.11354651619534761]
[0.007547491076985963, -0.12025130486100366]
[-0.16606712851497268, 0.01188959978216797]
[0.03895968218262319, 0.052451650489295454]
[-0.02198620780389743, 0.21806533805505646]
[-0.12254296382274119, -0.21776107646927767]
[-0.07142540010999976, 0.10370117939358864]
[0.1387622413526772, -0.10626052274866016]
[0.06659027996195827, 0.21097876181099667]
[-0.04881376324159062, -0.16363622469029226]
[-0.08368538884213622, 0.08002614382907813]
[0.12497397797496904, -0.14195036794270766]
[0.10242501521036135, 0.2700149808018083]
[0.01440944172523026, -0.22446588130514777]
[0.08231392050482922, -0.041398065485007796]
[0.27620094582906235, -0.11361559883646521]
[0.027874863083645562, 0.09088044949115598]
[0.03897542794278522, -0.02180243115100522]
[-0.006603867195090596, -0.09805613638562571]
[0.18624677584010982, -0.07994500387561743]
[-0.06392905770004809, 0.062173728364967595]
[-0.044377111944749636, -0.05551190344019008]
[-0.041989800923029286, -0.0926372508757366]
[0.15913641655369684, -0.20029232431587074]
[-0.10420358161702231, 0.07014434569864908]
[0.05620392331720467, -0.06582112146154673]
[-0.07829166963397544, -0.09762598659754845]
[0.18666502782627675, -0.1991256114527472]
[-0.2219387552640954, 0.11861470200091973]
[0.14691824236403875, -0.05698495704782003]
[-0.03922319433480892, 0.008940268361843584]
[0.31513344152248063, -0.11607963333774596]
[-0.22038055209857488, 0.09233615302652914]
[0.16038614590261607, 0.21913831479256762]
[-0.11648788042657149, 0.11082691485944351]
[0.08011848486703824, 0.02598526080307839]
[-0.21030526383344084, 0.26209783425134553]
[0.0067876074988729995, 0.15735517590584885]
[0.059883612367296335, 0.1892071080490127]
[-0.06008061316721186, -0.056326209346763245]
[-0.10636091367816253, 0.21258051175525444]
[-0.07270449487599728, 0.04748771089168813]
[0.15979633778966668, 0.18347881391432297]
[-0.08731969646727622, -0.2460765275836112]
[-0.0007180759556044136, 0.05082622221127425]
[0.08138425110561062, -0.11387533856504961]
[0.11151041752488217, 0.06972846115175019]
[0.06285117703887455, -0.26749779130202533]
[-0.1124870318485564, -0.08538327022151726]
[0.28411344131145333, -0.0646479779958068]
[-0.0630021440408457, 0.010230649761024169]
[0.09224135265681822, -0.09560470866955206]
[-0.24894254264180826, -0.001731100751050818]
[0.20763435897307225, -0.031039262825154013]
[-0.06888522964318433, 0.20571608178224982]
[0.08378807001596401, -0.07006886472141916]
[-0.11224329323682564, -0.005515790144973276]
[0.22488568907594658, 0.03182888654409477]
[-0.07915589241838283, 0.17968776442564843]
[-0.011336765510083169, -0.02984264599280817]
[-0.038379654838097854, 0.0398425525445254]
[0.22787472226537592, -0.05265032956288007]
[-0.008563631983776243, 0.1143729568686177]
[0.07339786193160312, 0.040208969942307826]
[-0.11726967015465023, -0.12168546470333047]
[0.1980723240136971, 0.026699948898009362]
[-0.1998819538893783, 0.11587764804780937]
[-0.013630376581835676, 0.10486162014938988]
[-0.15345742676874435, 0.01674077228256815]
[0.11681814616513078, -0.007409829221858177]
[-0.22411789837234294, 0.2409658201699414]
[-0.018480734932673992, 0.09134116840788253]
[-0.07614159994531755, 0.12670966249026683]
[0.10155864501407974, -0.03652519241069818]
[-0.1610121110032039, 0.2700960866291127]
[-0.04675054568599793, 0.12310505854642351]
[0.028732322439855185, 0.1921199292060337]
[0.025225362829113196, -0.09387340391792831]
[-0.047470469131269954, 0.21777988016841104]
[0.03186112520889081, 0.1182976511046191]
[0.08079499883214464, 0.043356749414146134]
[-0.04546387384429247, -0.017288610785846092]
[-0.14152396237054948, 0.13133698992432802]
[-0.11927322776147228, 0.08275981903136465]
[0.0753929228042024, 0.14070388564695213]
[-0.10202715374205837, -0.17202997149914745]
[-0.08243349906557551, 0.046646784001319164]
[-0.009528685859587, -0.028466866914117706]
[0.03777166435755552, 0.0943552200965399]
[-0.08799772385002563, -0.22349420197457737]
[-0.1309878744507521, 0.09162878034117938]
[0.08820505500343964, -0.10624967355041803]
[0.037746193927555904, 0.1374157019526882]
[0.06544675790682342, -0.17061798931200212]
[-0.11818883144122538, 0.04136446279472322]
[0.21479260967121636, 0.020128270310494578]
[-0.0192154069550311, 0.1760930807683716]
[0.052213276583573276, 0.016170716296078524]
[-0.15400890338385353, 0.09713704666328757]
[0.08140527705980932, 0.14051390831473048]
[-0.011815078347252483, 0.3206706488780379]
[-0.17607142345016988, 0.005207624539677602]
[0.028014562663197073, 0.1633620045625161]
[0.00530440515353818, -0.026051156487519433]
[0.10281510497543966, 0.2397604686677638]
[-0.20380012530461994, -0.046235310141120034]
[0.057410198901889864, 0.06970668044825346]
[-0.03732314519714735, -0.19403023789719986]
[0.12560287788039382, 0.21066470001830273]
[-0.07967523020236571, -0.18918269121008147]
[0.13885647889571434, -0.08082086357611204]
[0.142935321557637, -0.1685091024133873]
[-0.02038296841583659, 0.05872137827003282]
[-0.03773801303590764, -0.05228588170255721]
[0.022651932409992692, -0.021606931688288117]
[0.08181914629761633, -0.1738661969746475]
[-0.046971676168363896, 0.13267135766816435]
[-0.03227141764969917, -0.014662229838377672]
[0.07908216222162406, 0.004991015534048682]
[0.02719614538906056, -0.17117355766216352]
[0.007937008213833974, 0.12224524426599617]
[-0.0486623942749964, -0.04642572644937715]
[0.15849524339960935, -0.000698869972633076]
[0.012995631390445905, -0.21754968796432278]
[0.012929825551170837, 0.04425201222955438]
[0.032104530734308044, -0.10541009262444928]
[0.17074771635493952, -0.08434437480738302]
[0.104796766940732, -0.23343255311585764]
[-0.10733654259130015, -0.11256456975734369]
[0.10235390585029447, 0.015797567762074027]
[-0.04154347444613771, -0.029097473052825312]
[0.010073579849496696, -0.1682707572392383]
[-0.16631473840538602, 0.03153089557192193]
[0.11665424751866899, -0.056016665112866015]
[-0.0032208528386542534, 0.07129158798125843]
[0.0297859563054439, -0.14054236313152724]
[-0.17015934487496118, 0.08588954891297212]
[0.07508961707773984, -0.0007294574218416616]
[0.05709491327055194, 0.2333347367328291]
[-0.01891127210477743, -0.1575180689222877]
[0.017108861198404657, 0.06610838103003272]
[0.14188622324212774, -0.05164825918127036]
[0.1357931171257724, 0.12000369538166608]
[-0.04338797013683498, -0.09234372088436393]
[0.029118646583355834, -0.048400065678619666]
[0.08392339084003674, -0.04173183910885353]
[0.07427499358278239, 0.05894407463129864]
[-0.11405870808823855, -0.10281826062552296]
[0.019223557830958138, -0.07819554229416281]
[0.055336914203665405, -0.19311108832423635]
[0.08113702513958337, 0.05718468192547521]
[-0.008143908571556953, -0.21807627608552776]
[0.018487151780735844, -0.16801668711867487]
[0.1787976507619072, -0.21890263838963264]
[-0.05917707805536104, 0.00928589070646374]
[0.07884573179634467, -0.1786726558363741]
[-0.008878050858440512, -0.13117706617649497]
[0.33459556977922816, -0.22422888563930576]
[-0.10022555282596979, -0.04404633925084783]
[0.22843665393229207, 0.029698995045799148]
[-0.13223889655114118, -0.1486314098686507]
[0.23677648048145958, -0.009324147415165962]
[-0.23050310559617815, 0.07844859211219873]
[0.08211669415685219, 0.09982561957451525]
[-0.07230270792107207, -0.024484086828638896]
[0.11312951420230793, -0.027792683125318185]
[-0.2012825980347646, 0.07360058052225041]
[0.013800764658780745, 0.08567400055708935]
[-0.036994386194932005, 0.011149305483753535]
[0.03507760448900711, -0.11879013929245402]
[-0.17100313876276574, 0.04455888459234866]
[0.03091231694044993, 0.012727006549854314]
[-0.027112161490005893, 0.00886002209353609]
[0.07640627962195196, -0.15107198314907255]
[-0.1956631464322995, -0.0046609565220620125]
[0.1675564240593023, 0.06759763416691345]
[-0.10475754653316904, 0.0041039241625463185]
[0.05760167920956714, -0.010775088698031843]
[-0.27484344856089643, 0.08915667081240186]
[0.03525392608418601, 0.09264816698518852]
[-0.027005525254833018, 0.19943868945385707]
[-0.04753484422699569, -0.0683470992601024]
[-0.11521601529758901, 0.07823425757942322]
[0.05478898483694949, 0.06054430048196385]
[0.014695665429933336, 0.18035796612640256]
[-0.13936920043195783, -0.09630208122928591]
[-0.009192782152850354, 0.07344092234041394]
[0.05258373206526958, -0.12275614543232621]
[0.1130507104154913, 0.07805345159936343]
[0.0013823386099325735, -0.16342222038153564]
[-0.04909089779279158, -0.12788842876465542]
[0.15693843709921496, -0.09457966859085615]
[-0.07508189755731232, 0.031109970188248362]
[0.024697064138113123, -0.0921059753293616]
[-0.16426033391861222, -0.085643622275204]
[0.17837524433288277, -0.08299948057436313]
[-0.15566630141857274, 0.11739321981118238]
[0.022425263555482133, -0.044690151913896414]
[-0.12425397931096507, 0.016421308181923028]
[0.1833408509283565, -0.06304810549119266]
[-0.15337066952396758, 0.18985064873600727]
[0.02112627848379299, 0.04983344173330623]
[-0.07275701102381105, 0.08578354510425391]
[0.11423548004614967, -0.05420118675459684]
[-0.048639086520038344, 0.2123878360117585]
[0.04454178456814062, 0.053129838356103576]
[0.027988693311723156, 0.003914038451986679]
[0.10105977133804156, 0.015434448286529567]
[-0.120350149616725, 0.12397312183636408]
[-0.08422562981284648, 0.12485747006466497]
[0.030526499587605893, 0.05811482536499463]
[-0.03616479420511114, -0.10254394644034626]
[-0.08042535624430591, 0.08793361053902492]
[-0.05017528270361638, 0.010075970932714784]
[0.027972362725966038, 0.028850805594333215]
[-0.03193724717830147, -0.17727282138870915]
[-0.09982498392420897, 0.1099562797030617]
[0.018588688437734188, -0.0654647921843236]
[0.06603694574005481, 0.05004550250488489]
[0.04869334020176813, -0.20342524233706166]
[-0.11553084865310204, 0.0175951475833645]
[0.14060209298478388, -0.03747925903946603]
[0.034575817844997137, 0.04512312309442388]
[0.08064622530723663, -0.09534963325779422]
[-0.14275101865412035, -0.015413910169606505]
[0.09870049989496056, 0.08374480392687345]
[-0.0482557346048923, 0.10701171094348846]
[-0.06256483514159618, -0.07237407201332585]
[-0.11012947510184345, 0.0524262685483126]
[0.06467108063215234, -0.021984737053579062]
[0.016250741283161507, 0.10552593793494025]
[-0.0634172026238571, -0.08291741419514043]
[-0.11757099035037064, -0.00031232806098558524]
[0.04555060446082604, -0.07277505012354862]
[-0.010405518552104698, 0.13066747405566095]
[-0.008430339143656235, -0.16993521227903485]
[-0.06687809035242973, -0.04704989904569923]
[0.22458834646416348, -0.07178983557031554]
[-0.10312470165288265, 0.07660710394621766]
[0.04405061216437156, 0.011700776876174879]
[-0.15842478354816997, -0.004781574099665703]
[0.15002457038725409, 0.005660032216575683]
[-0.12937031013143416, 0.2063434753025097]
[-0.02493087536234785, 0.057837270396566665]
[-0.062260836921825935, 0.09700560535730693]
[0.0557500188547866, -0.030271239208101652]
[-0.019573554696219186, 0.22746586959326082]
[-0.08010608860553617, 0.02791727607712491]
[0.08209223081476213, 0.04115211907089882]
[0.005045980101316641, -0.10490400163981495]
[0.02152134580261217, 0.12502506513989417]
[-0.06558153650171568, -0.07275919208563497]
[0.144435287672254, -0.05524314408924677]
[0.10653845981620497, -0.201373810849641]
[-0.042303340991732, -0.058913799546083695]
[0.07175048331415218, 0.0067398716723144625]
[-0.042811728790985104, -0.1323863748784725]
[0.06389640598928918, -0.13778873689147147]
[-0.19385034764636563, 0.006881471108885866]
[0.08202564040293077, -0.02212981024260377]
[-0.05416382750389789, -0.009012803657270349]
[0.11495737726395702, -0.09001169307295098]
[-0.22877677792584916, 0.04923692924890788]
[0.08758261632640878, 0.08406627252998325]
[-0.06697259886155241, 0.1106447909613993]
[0.04528664686125372, -0.0706017256571457]
[-0.14978159372299907, 0.0905764732020276]
[0.10893976063369246, 0.08026747329914544]
[-0.005239223731647258, 0.10827011979206748]
[0.01221429335455318, -0.006718272858835611]
[-0.14427936488258453, 0.048274185634374175]
[0.06482821048523064, 0.12279080369853806]
[-0.052415588783668365, 0.10968450313422733]
[-0.10686599746455794, 0.018939135122391232]
[-0.16937874632366706, 0.06946250639529536]
[-0.02436673404032981, 0.031763148153816284]
[-0.013349175351305476, 0.19705277393071666]
[-0.1302143695406283, -0.07357371218873524]
[-0.08718159975281309, 0.05610453118695037]
[0.011283754777415583, -0.033550180972969385]
[-0.04138008582809341, 0.21879544111693702]
[-0.13413823295064842, -0.10481964663601467]
[-0.01535275924347268, 0.0985909531135398]
[0.07801808623848382, -0.13846932481198196]
[0.048427589562140244, 0.17898403430133744]
[-0.01652414074418497, -0.03938784297492487]
[0.0005566070129329748, 0.009958346715769418]
[0.06478133657634416, -0.028468588135589973]
[-0.020316241198251234, 0.16797568074876723]
[-0.10849532940852089, -0.0157047656796864]
[0.05296492949820242, 0.043659254040712116]
[-0.004927242040590071, -0.11082725216132533]
[0.008980585822715631, 0.14750472555565608]
[-0.11110181248109517, -0.05696193693781579]
[0.07920797527464468, -0.006662621479717457]
[0.01305060789943828, -0.20328745663313816]
[-0.022244907352587023, 0.07745512751054368]
[-0.028672535979984926, -0.10427955123214341]
[0.04680730189634566, -0.018315609898850387]
[0.08546814597321031, -0.23315872061922485]
[-0.07867764595607965, 0.0327525572209262]
[0.1242581153096358, -0.03919356184621403]
[-0.020219708187837693, -0.04402747025702381]
[0.1260428065175312, -0.06695273839450167]
[-0.20475927052218532, 0.0845279181472937]
[0.033215432331996114, 0.08400981433830693]
[-0.02559309765983586, 0.1436026280062475]
[-0.005059723511532596, -0.06301276628619257]
[-0.10080578016495759, 0.1516717257671598]
[-0.014229526322122807, 0.09298176497471428]
[0.06046171883451626, 0.16449456527442266]
[-0.1402053738647115, -0.0892124182076128]
[-0.005278510206996351, 0.14200642402966213]
[-0.058350148290002124, -0.051446355773738794]
[0.17556139768919962, 0.1294493455789933]
[-0.09756656281945575, -0.180732531049962]
[0.0367147501235745, -0.017207877738093312]
[0.019806917447716232, -0.10223844954272376]
[0.09316837146442108, 0.027232272617519614]
[-0.05416344076471563, -0.18431223769520125]
[-0.054579378352907104, -0.06292673686468661]
[0.06742948331709586, -0.10928131803950275]
[-0.007488288565508983, 0.09588869072033945]
[-0.06522026707467662, -0.17662679605059695]
[-0.04035567744815574, -0.002558743304973939]
[0.11765245530960948, -0.16477202677364255]
[0.008534787082245199, 0.10653122222550064]
[-0.012393700445327657, -0.13243534649355265]
[-0.01611070609652357, 0.019594878005003962]
[0.10041515436583949, -0.15608473487320926]
[0.0590863305109455, 0.13098991307154562]
[0.03171753528249037, -0.14849756060434524]
[0.06347261397058368, -0.09419549856387745]
[0.18730331211554055, -0.13840615015435676]
[-0.04021949593408958, 0.017716046003728086]
[0.011189814473903409, -0.030658226734385674]
[-0.020259321916336143, -0.07622975158719869]
[0.09600183090792416, -0.1447955775158885]
[-0.07817314527985686, 0.044400295683633316]
[0.022458073305262227, -0.06169428232861268]
[-0.014595254483009301, -0.03539938002334349]
[0.10327956379025867, -0.16463065122640042]
[-0.10358434562361177, 0.07614042165953826]
[0.053917539154883204, -0.056091192125671874]
[0.014040130354695701, -0.0019356544884538418]
[0.12120483077454594, -0.1653720523401074]
[-0.08134124394084546, 0.0776111522098964]
[0.11257230197411557, -0.028657178323096943]
[0.06046833320935566, 0.013740670666117245]
[0.14389217562407358, -0.11834195949835671]
[-0.08501793089995044, -0.0007127525285009068]
[0.10280604402853274, 0.0832650895822749]
[0.015980812199787392, 0.01870659120174524]
[-0.013302310158156999, -0.08449588632055656]
[-0.06487182319009846, 0.030819371667749246]
[0.04849774052195599, -0.025088144185386463]
[0.07218993137089033, -0.01022471365302077]
[0.004666293137373462, -0.13934016060080634]
[-0.09880958318802568, -0.06712755894825702]
[0.06829555609551888, -0.07993473505441673]
[0.004947110878480848, 0.007572629920485033]
