[404.920842740792, -1046.0768899582663]
[14.296708538007437, 8.180606520531441]
[-6.6117693127984865, 9.81518664937289]
[0.6117738858758912, 1.8345206152818463]
[-0.3237126215799151, -1.8529851753881879]
[0.8595233979811079, -1.9746561743575626]
[-0.49175633138165153, -0.22700437458634326]
[0.4264099303262583, -0.24589773188418462]
[0.43277211605436317, -0.05827035087634158]
[-0.83216535760765, -0.24796907716252292]
[-0.05950722820566767, -0.0010303360551375818]
[-0.06134226530343412, -0.10966760311287516]
[0.039186786186753864, 0.10996168218884961]
[-0.11422524631545983, 0.4447489832699194]
[-0.02817629917557174, -0.06039672098539295]
[0.012003580734436525, -0.003539776095621505]
[-0.008493780151514585, 0.009223136117789466]
[0.24529088538334776, 0.06672001962069629]
[0.03876382498980746, -0.0013320997604040485]
[-0.023270314473048392, -0.04558296066155876]
[0.002583626440415543, 0.014349890313885894]
[0.03685251802419032, -0.1348963369658538]
[-0.01264994122247054, 0.021784407675058404]
[-0.043882057864895074, 0.03218627672426333]
[-0.018520587411469336, -0.0024442685379035822]
[-0.07545142543490968, -0.01930104836161206]
[-0.00786182422785231, -0.012812292210473863]
[0.03461145806901589, 0.036327147691316286]
[0.006843826673115061, -0.02098129845622576]
[-0.012773011387288591, 0.040234596470575035]
[0.010090546822638657, 0.0018198861526492749]
[0.029254931224492964, -0.029364944816475003]
[0.01883958795566798, 0.00460082717202237]
[0.016159721394377935, 0.010208841958366577]
[-0.005832017094936859, 0.008714797645859917]
[-0.021229518342912534, -0.021229346705666785]
[-0.0012309102796126958, 0.012213260631167344]
[0.007024134267773263, -0.001354505406147677]
[-0.0079074053591075, -0.006376012924574681]
[-0.013704060797187445, 0.01507053845866757]
[-0.006755202916446379, -0.00023490697325012633]
[0.004831965181794851, -0.004088262712605317]
[0.006306755298605693, -0.007084111973542306]
[0.010761271272857087, 0.008766605385726933]
[-0.0002274416296748072, -0.0046865316445714456]
[-0.002773761778826156, -0.006186818193604893]
[0.006312415086787482, 0.006218225122016197]
[0.005681515099407397, -0.006751982736845186]
[0.0032529768448128493, -0.0013406965442408492]
[-0.006271568254251569, 0.002059141927286845]
[-0.00562180197864437, 0.005280172403490546]
[-0.0036226429872954213, -0.003126181958149621]
[0.0017455430356108081, 0.0006819827896027419]
[0.0008227638183662123, 0.005829475351225355]
[-0.0038580986354119773, -0.004636578565068383]
[-0.0014348430139894397, 0.002284674828311073]
[0.0016731698249028426, 0.0010433306425639]
[0.004610221237069112, 0.00032172009370556864]
[0.0036146651223010196, -0.002523272966197254]
[0.0019451288925580457, 0.0010113898682275746]
[-0.0006938125185804722, 0.0026393689683530397]
[0.0005035172723207859, -0.0033020559884748835]
[0.0015760688323944727, 0.002531360317158615]
[0.0009458335024410403, -0.0014890075651505796]
[-0.002870801836288961, -0.0012578598580557099]
[-0.0027046705479421007, -7.181136493650264e-05]
[-0.0014157034034436577, 0.0008054128868355548]
[-0.0009473435365316973, -0.00043274988208441556]
[0.001604051590360811, -0.0029971028455433313]
[0.0002439289283417967, 0.0025688473850860594]
[-0.00013904440143464036, -0.0005747277351162983]
[0.00010216338521473745, 0.0005860485288886608]
[0.0026871534411516684, 0.0010705822114900343]
[0.002252518334987741, -0.00045179311789667054]
[0.00010788393273841734, 0.00017393869980542043]
[3.1912798471589454e-05, -0.00012887887140955456]
[-0.0003734106536796844, 0.001913917998153547]
[-0.0008319969925452142, -0.0017298303111061841]
[-0.00014300893132077053, -0.00018704535289604252]
[2.588220541177577e-05, 0.000906508015272034]
[-0.0013826667472089937, -0.00014460207316258078]
[-0.0013134158334677792, 0.0011469534757457822]
[0.0003598655069039225, -0.00012346628280091032]
[0.0016785474550224389, 4.0443910433229924e-05]
[0.00011966479716005174, -0.0013537958788853999]
[0.0009922795480283852, 0.0009836654290205082]
[0.000255179369729408, 0.0003101813093726591]
[0.0001253026019139014, -0.001859702814240194]
[0.0012788916881012469, 2.4702932182041337e-05]
[0.0005654483382864228, -0.00047740933223527904]
[-0.00020545427697360452, 0.00034833465192640745]
[-0.00173270636120737, -3.846699798870645e-05]
[-7.861506342038416e-05, 0.0008390109155156367]
[-3.096344205921753e-05, -0.00018201983415488954]
[-0.00031635735095658646, -0.00036080941473937145]
[-5.793457528069368e-05, 0.001614899126750835]
[-0.00038490515655098534, -0.00034208672196678336]
[-5.291528177109317e-05, -0.00018958175479466544]
[0.0007299266036698837, -0.0002524857874287023]
[0.0013711398006153175, 0.0003491370659376436]
[0.00045249194484497934, -0.00018475041973076145]
[-0.0003019558352006513, 7.28893262644803e-05]
[0.00013342459819387642, 0.0009699261573727913]
[0.0006015147137528043, -0.0009199934542740706]
[3.92948220571121e-05, 0.00024739017133068586]
[-3.108042412791612e-05, 0.0003400717591779401]
[-0.0009596418232442894, -0.00011707286073825429]
[-0.0005530251892533755, -0.0005668695203298046]
[-5.610674534750615e-06, -0.00018548208589486137]
[0.0002554640350096449, 0.00027464719436665064]
[0.0003346676219972977, -0.0008594375816182165]
[-0.0004060429302399915, 0.0004412421718447135]
[0.00029145168365929397, 8.382460456995977e-05]
[0.0004498200999289992, -0.00014939264729063595]
[0.0007471213723846404, 0.0002771054676209417]
[0.00035692731817960066, 0.0002733266538288426]
[-0.00016054027380540958, 0.00018629546648707418]
[-0.00019217164399154552, -0.00047289965144603485]
[-1.5887722389251735e-05, 0.0005757913295350026]
[6.388161120085556e-05, -0.0001258556640568731]
[-8.874186962085084e-05, -0.000296492378036195]
[-0.0004341557908738025, 0.0003581669512301988]
[-0.0004110975207556322, 0.00016900675909292673]
[9.414424207543348e-05, 0.00022979537264644634]
[0.00033039655664168777, -0.0001493890546961918]
[0.00046864288523562614, 0.0003722032924867724]
[-0.00019742791692256567, -0.00036020134546493887]
[0.0003641755743912789, -0.0001638237136731835]
[0.00025104826999222674, 0.00021429945049744603]
[0.0002427330120484683, -0.0004605837065914109]
[0.0003311191395996005, -0.0001889991869030716]
[-0.00018571828218727493, -0.0002351831681988159]
[-0.00014422310767603364, 0.00028760718741138724]
[-0.00042044255268458564, -8.993221514153049e-05]
[0.00016695919239723134, 0.0001600611420036202]
[-5.329967645728573e-05, 0.00022855050392578402]
[-0.0003145362590317724, -0.00023083703015336354]
[-4.116508850948719e-05, 0.00038503880517737343]
[9.762609216590334e-05, 6.82016951286668e-05]
[0.00018995132107774149, -1.1845513370301042e-05]
[0.0003373878475632225, -0.0003406003222392595]
[0.0002997025254583008, 0.00011648664180352597]
[4.066174889305607e-05, 0.00026143022683911]
[-3.802444133960137e-05, -6.440032419163799e-05]
[0.0002574949370162116, 0.0003346580808516464]
[0.00020101631217039895, -0.00017124192102135893]
[-0.000313578989890706, 3.758076351223494e-05]
[-3.0943087342860665e-05, 0.00010026764725101778]
[-0.00026974564119995603, 6.410936736900297e-05]
[-8.924143613420199e-05, -0.00021835996253138923]
[3.3398784877736176e-05, -0.0003509832035217819]
[0.00012255745915545901, 0.0001580385774544446]
[7.16554442945494e-05, -0.00020950751615278485]
[-0.00019429529235842624, 7.040459457707815e-05]
[0.00035566009469245596, 4.549724758123874e-05]
[0.00028988549783237616, -8.079401643112938e-05]
[0.0001318966612424699, 5.3976953776402326e-05]
[2.4600344667558005e-05, 0.00014272389333802593]
[-1.2352236778312431e-05, 0.00025390213807163775]
[-8.440155335537325e-05, -0.00031270949100470347]
[2.2567092142766754e-05, 4.305185382769139e-05]
[3.158009984816079e-05, 9.19266309107325e-05]
[-0.00011546044598666205, -2.352091523993849e-05]
[-0.00029081220199689284, 0.00016175710584509506]
[-2.0569590562402595e-05, 5.211980501007574e-05]
[0.00021056673742458898, 0.00011033697170681478]
[5.322281902220283e-05, -7.248145687877017e-05]
[0.00019181256739891905, 0.0002732515780268785]
[-4.9276276190335366e-05, -7.022660232169908e-05]
[0.00018228144243259692, -0.00026739511002915606]
[0.0001118228270529098, 3.107626257792262e-05]
[0.0001995369950305026, -0.00012103620475722998]
[8.409852443058696e-05, -4.9160115704882656e-05]
[-0.000274618430070539, -0.00015085662598135485]
[-9.965126435140803e-06, 0.000131530936731572]
[-4.556217603035595e-05, -6.689820849481443e-05]
[2.5552082218466277e-05, -5.5897419803940807e-08]
[-9.636429438009131e-05, 0.0002457274062836329]
[-0.00012221678982315964, -7.475377409926764e-05]
[1.469288325184337e-05, 2.4446852271875485e-05]
[0.00011649933533819379, -2.815104714271044e-05]
[0.00016040508815043375, 8.330442101017743e-05]
[0.00016666784424140824, -0.00012646484754530452]
[1.0377605139666457e-06, -1.6308064738623784e-06]
[5.424584831836832e-05, 0.00019159459046891314]
[8.221848494116557e-05, -4.4899216956384436e-05]
[0.00010809676773337884, 0.00016897400301352228]
[1.9971067218405025e-05, 4.478000133945059e-05]
[-0.00023438226988048427, 2.6605074529895134e-05]
[1.3433012929886523e-05, -5.542820010495664e-05]
[-9.140890358257103e-05, 2.4141932861265758e-05]
[4.49162036773032e-05, 4.237413397244205e-06]
[-1.229419885895311e-07, -0.0002632997282012717]
[-2.2733949688991117e-05, 1.9302976128177107e-05]
[5.4787534186750975e-05, -2.1672478349277213e-05]
[2.8556523915701515e-05, 9.395718858551394e-06]
[0.00024601996890208366, -1.7942392190051226e-05]
[7.650515018209347e-05, -1.0551627331878422e-06]
[-2.581315232919046e-05, 4.437470204710081e-05]
[2.6425470071256285e-05, -3.290777303521786e-05]
[4.929495727212796e-05, 0.00016859153620596423]
[-4.3903137478484844e-05, -9.677365314364472e-05]
[8.256090753944179e-06, -7.662028858357317e-05]
[-6.521551673599468e-05, 3.4953473702636906e-05]
[-8.570644371884428e-05, 5.919884681837573e-05]
[-9.51780445306305e-05, 0.00010500044898675842]
[9.527383413399093e-05, 8.316853938428181e-06]
[0.0001071447693978822, 0.00012402157579582962]
[-6.388553676650588e-05, -4.836830205690035e-05]
[0.00012552989221781274, 9.413957030857123e-05]
[3.505514089802153e-05, 4.964722930661525e-05]
[0.00013628225193373922, -0.0001380121765419684]
[4.014809098318306e-05, -7.448582288738237e-05]
[7.014229117840998e-05, -7.706306359489545e-05]
[-3.578912371349219e-06, 5.841331787037607e-05]
[-0.00014923779085657118, -8.684789564661344e-05]
[5.4783158753846095e-05, 2.6291062627414874e-05]
[-8.632541685815731e-06, -1.5309070254154733e-05]
[-6.565853904333396e-05, -2.78187747073666e-05]
[-5.022861536918555e-05, 0.00014769693971245293]
[-1.0166668155786596e-05, -1.53557288626871e-05]
[2.5255935689472153e-05, -3.296047458434259e-05]
[8.5667591362526e-05, -8.726282032961441e-05]
[9.928552654614453e-05, 6.499350265032344e-05]
[8.806052050086555e-05, -1.4085813575537287e-06]
[-5.917494468343776e-05, -2.596895183870629e-05]
[9.221197121367375e-05, 0.00010652014896317397]
[8.427863425541915e-05, -1.8474149231284542e-05]
[-1.8717475907426007e-05, 0.0001066639009976722]
[-2.4701324550735482e-05, 8.096633600152003e-05]
[-0.00010058327795992028, 4.692781775061938e-05]
[2.3356554806786e-05, -7.303999417418439e-05]
[-7.585008367881618e-05, -5.621595938853918e-05]
[6.959489449620548e-05, 5.307798891700938e-05]
[2.876844487520458e-06, -0.00010741404166170199]
[-5.3226890140534167e-05, -6.124786369188229e-06]
[7.350170241204879e-05, -3.362740644968776e-05]
[8.626322148161392e-05, -1.962502353630713e-05]
[0.00010455167477327332, 1.627188587705053e-06]
[1.3730377922627213e-05, 3.246631229503194e-05]
[-5.681494268161558e-06, 4.445067624136989e-05]
[1.686219849172943e-05, -9.888209613806431e-05]
[2.642587564105625e-05, 6.004298702444455e-05]
[-1.6610371303404925e-05, -3.5861636802358987e-06]
[-4.143471203699178e-06, -4.018602529265447e-05]
[-0.000106589636145904, -4.095847737417557e-06]
[-1.0442760034229392e-05, 3.482862933279485e-05]
[6.758867342693264e-06, 8.371790510518229e-05]
[5.1345306341765706e-05, -1.4479619665497268e-06]
[2.6941287812887182e-05, 0.0001153991310605118]
[-3.608751631123397e-05, -1.7005735411523837e-06]
[0.00011221333755168095, -8.41973179344091e-07]
[3.3230135612682954e-05, 3.210349656274092e-05]
[9.395595417660552e-05, -3.84222309645077e-05]
[1.00210089425401e-05, -5.18608371498086e-05]
[-5.071916605814408e-06, -8.435646829396681e-05]
[-1.5129028393179311e-05, 6.494261495737508e-05]
[-3.801688904825351e-05, -3.5802374968696427e-05]
[4.886260601733028e-05, -6.520579783564351e-06]
[-4.329901823335591e-05, 2.4775447560632102e-05]
[-8.527827122276066e-05, -3.015996831701173e-05]
[9.828860043192833e-06, 3.799120785380472e-05]
[3.469022575508518e-05, -1.6126371233937675e-06]
[2.7148587224967713e-05, 1.7037190755520015e-05]
[5.7164240667262334e-05, -9.850231802149834e-05]
[2.2117431336454718e-05, -8.120514565390646e-06]
[5.8151949717533125e-05, 4.746113938364216e-05]
[-9.795892013109153e-06, -6.980830947189709e-06]
[9.122252659521379e-05, 6.012708591640603e-05]
[1.33613287678358e-05, 1.0298826145893614e-05]
[-6.0015197944629506e-05, 6.967180552597263e-05]
[-2.738229035847972e-06, 3.802521827656058e-05]
[-4.2078858424776655e-05, 5.284018939266666e-05]
[2.328483119878877e-05, -1.90928055145978e-05]
[-4.9768419415313625e-05, -8.480901807228491e-05]
[3.830617891775745e-05, 3.075383142575605e-05]
[-8.819193823450533e-06, -2.7427923053435777e-05]
[-1.4143460761228965e-05, -2.9366619056503396e-06]
[8.731259881455955e-05, -3.5351355550605756e-05]
[6.262449975680262e-05, -9.605870388229576e-06]
[1.5232321799729664e-05, 8.52870728501598e-06]
[1.3467007165202105e-05, 7.884987988981962e-06]
[2.3943507116430673e-05, 4.4184152718562686e-05]
[8.446688418928261e-06, -7.972591579386012e-05]
[-5.474449327635966e-06, -7.060021993687826e-06]
[-1.542898330908482e-05, 1.5310354410935645e-06]
[4.703371738967732e-06, 3.587774427771251e-06]
[-9.311992939753377e-05, 1.5929359482580452e-06]
[2.51961299923692e-05, -6.814250869680016e-06]
[2.4960267480444998e-05, 5.592251919844804e-05]
[6.563140869220163e-06, 1.3611184612072336e-05]
[1.272122885809246e-05, 9.916497702677773e-05]
[1.1715091326358618e-05, 1.7823590354792973e-05]
[7.788586182666535e-05, -3.178738837483763e-05]
[5.8009296029226665e-06, -4.612691517968948e-06]
[7.231850132494166e-05, -6.272004342777748e-06]
[1.5993885326137658e-06, 8.074396509405446e-06]
[-3.328710378935895e-05, -6.275418369816599e-05]
[6.902199815694843e-06, 2.155536992509699e-05]
[3.2647536875041183e-06, -1.6626343709802427e-05]
[-8.870469007993265e-06, 3.2407938245215817e-06]
[-3.8019850582549086e-05, 3.89536961070136e-05]
[-3.410142714710407e-05, -2.0745812289835186e-05]
[2.5975413248779944e-05, -6.859336140599415e-06]
[1.3603376924242738e-05, -3.14087415389519e-05]
[3.0011811514629727e-05, 2.7369958826461982e-05]
[4.888645181289064e-05, -5.0442722690030584e-05]
[-1.5779790800030113e-05, -3.363930036937024e-05]
[5.768868305927599e-05, 3.0083643955347572e-05]
[1.7539046453185492e-05, -9.689156362790996e-07]
[5.109551196796902e-05, 4.533150854180157e-05]
[-2.7815453122137512e-05, 2.6222283388999124e-05]
[-4.4646266786685374e-05, 5.7338585143673626e-05]
[1.7482723519202104e-05, 1.4130877494800131e-06]
[-2.3101772885780747e-05, 2.4630285896054538e-05]
[1.4816331388556314e-05, 2.849865568110843e-05]
[-3.5817822714723224e-05, -6.217367917227268e-05]
[1.0264555583727741e-05, -5.285410579203287e-06]
[2.8567178558258632e-06, -6.415867281006626e-06]
[2.9213837725361458e-05, 1.729941420669512e-05]
[6.524917008343678e-05, -2.141233618838112e-05]
[1.765163336930886e-05, -9.604164141752136e-07]
[-9.879880952551323e-06, 8.34552397227517e-06]
[3.666470565200086e-05, -2.6872889932860744e-05]
[1.9436746966028373e-05, 3.743049459847825e-05]
[1.7022035927460877e-06, -3.113978389190919e-05]
[-7.099740738425453e-06, -3.3047672430064345e-05]
[-3.432586115442726e-05, -2.6220747281646695e-05]
[-2.0978848458419463e-07, 1.6571895941175363e-05]
[-4.205115468891574e-05, 1.554125762415204e-05]
[4.3335425189139354e-05, -1.812499583075944e-05]
[-5.301155783010714e-06, 4.969560364420644e-05]
[-1.4069538122774006e-05, 1.2297279746498191e-05]
[2.882430282347137e-05, 5.177528132205289e-05]
[3.040909636542466e-05, 2.624695187802839e-05]
[5.040710712335417e-05, -8.458576758185732e-06]
[-1.8829699134081945e-06, -1.8341538204069696e-05]
[4.000920719948731e-05, -1.889008314126528e-05]
[-2.111483082323229e-06, 3.1537607662279754e-05]
[-2.029468333253348e-05, -3.098894101072336e-05]
[1.443174632642652e-05, 5.980286407969437e-06]
[-1.5732228131337678e-07, -4.108639509281531e-06]
[-3.493589737546543e-05, 5.486417279820799e-06]
[-1.3943599624088865e-05, 3.131744958612126e-05]
[-6.176575684274654e-06, -1.2626547552407885e-05]
[2.5062007904974593e-05, -1.155259618845772e-05]
[-2.0272214116268117e-06, -5.027819679459533e-05]
[2.7048879818858396e-05, 1.2274217684460353e-05]
[4.392438737621518e-05, -9.232441135736957e-06]
[-2.18965986945735e-05, -2.8598976476834626e-05]
[5.806391438858971e-05, 4.3414552131082473e-07]
[1.297231509322927e-05, -6.781830837576663e-06]
[9.589512507679476e-06, 5.00410708434984e-05]
[-2.4952456528337663e-05, 3.0341735997918562e-05]
[-7.65173619377002e-06, 4.096613018289563e-05]
[7.113639189482157e-06, -7.286060644373649e-06]
[-3.4127077644274806e-05, -3.4384176296198277e-06]
[1.8531674346122795e-05, 3.195717695059219e-05]
[-1.3864269526223105e-05, -2.1815198729291385e-05]
[-5.1617267349257645e-06, -2.503432201372835e-06]
[1.7261949918800923e-05, -1.854311823912269e-05]
[3.982699046289895e-05, 1.3881621470090977e-05]
[2.486771225562734e-05, 9.676529063584738e-07]
[7.235642558278688e-06, 8.513282925504129e-06]
[5.7864671046958804e-06, 1.422627964059453e-05]
[3.719259121148788e-05, -3.901475420198253e-05]
[-4.104869182786075e-06, 7.337346580982285e-06]
[1.2045800066307066e-06, -1.095643753068476e-05]
[-4.678460579832233e-06, -1.265826485863375e-05]
[-3.89400127839834e-05, -3.378753077831753e-05]
[1.0754923732037014e-05, -4.324661052490519e-06]
[-1.4701259527488686e-05, 2.105250031803063e-05]
[2.591152495184934e-05, -9.300939220857618e-06]
[-2.0097961316523083e-05, 4.160465325797613e-05]
[-1.1901696623795033e-06, 9.576167550484627e-06]
[3.811063064484976e-05, 1.9411442952810276e-05]
[2.3651457222939598e-05, 1.8451877252648186e-05]
[3.060263742808711e-05, 1.2259885232734913e-05]
[1.8918061427952715e-06, -1.1563454879015556e-05]
[1.2436880159616415e-05, -3.5361126380473173e-05]
[-1.4042664497893043e-06, 3.156625582256822e-05]
[3.542285004876078e-06, -3.3502120018180648e-06]
[1.0335140613104699e-05, 5.840587843475298e-06]
[-2.2031259428845207e-05, 6.740030577212508e-06]
[-3.664983688556056e-05, 3.820003412480233e-06]
[1.7057729664121668e-05, 9.82262165544201e-06]
[-2.6714226415702758e-06, -1.0214792537877049e-05]
[1.859824799987919e-05, 9.573860256545386e-06]
[4.606566248455124e-07, -4.8250653788883824e-05]
[1.4114408165344372e-05, -1.7067036149231996e-05]
[3.1892296318281055e-05, 3.312956459583516e-07]
[-3.2441993618459453e-06, -1.3858269909072796e-05]
[5.3202052706091685e-05, -9.783286880615805e-08]
[-1.0218728945354805e-05, -5.3870574459047305e-06]
[-6.7541032147677704e-06, 3.587272132032915e-05]
[-8.030956681448487e-06, 1.3648550216571742e-05]
[2.488781959186781e-06, 3.451103513540943e-05]
[-1.0604164568661645e-06, 7.710070393462942e-06]
[-2.755381913166488e-05, -1.8478814992617387e-05]
[8.883976110901637e-06, 1.448482322025102e-05]
[-3.773575568188914e-06, -1.9920910199200392e-06]
[2.0955129116373428e-06, 9.73397051756697e-06]
[2.3165538666436447e-05, -2.039492124827902e-05]
[2.5748765025479514e-05, 1.0543753210967566e-05]
[3.867354034348125e-06, 1.5055521722803777e-05]
[1.7002831064788504e-05, 7.707411201873793e-06]
[1.3510741365796441e-05, 1.2702940036357635e-05]
[2.4259042251562057e-05, -3.212897349025301e-05]
[-1.9996489997398115e-05, -7.0506567675376886e-06]
[5.902866454521316e-06, -1.314700880683528e-05]
[6.226428064248779e-07, 2.420865767627234e-06]
[-3.608570616697726e-05, -2.0629850801867633e-05]
[1.6509007492282457e-05, -2.2460738763330212e-05]
[-7.599749060310801e-06, 1.1851788103645067e-05]
[4.927231342766181e-06, 2.3101120264490405e-06]
[-1.147544240365228e-05, 3.7072791717412956e-05]
[2.1269499900333777e-05, 6.829449664680354e-06]
[2.6754195540767967e-05, 5.459789397033177e-06]
[4.189438281620994e-06, 1.178015718084069e-06]
[2.4581900662457024e-05, 8.383650889121075e-06]
[1.2079316006302632e-05, 1.2448284804400522e-05]
[-2.6492798068655787e-06, -2.5949019688442654e-05]
[4.815281711367803e-06, 9.759354094640571e-06]
[5.912292650123163e-06, 1.2596431832045951e-06]
[-8.183879330658783e-06, 1.9104334883501828e-05]
[-1.8685751011660034e-05, 1.6593128756126063e-05]
[-1.6745429196940442e-05, 1.9781568216803436e-06]
[2.2193262408098935e-05, 1.1932938750458533e-06]
[-1.3800689242240982e-05, -1.8745989987523082e-05]
[1.958142931468565e-05, 1.3964426148510567e-05]
[5.038464780282581e-06, -2.7937779795816908e-05]
[5.6899122888864895e-06, -2.6492292311219856e-05]
[3.0428248881442244e-05, -7.383295534388323e-06]
[7.325952634709698e-06, -6.4211531632385466e-06]
[3.2492615698959115e-05, 6.4490413504425526e-06]
[-2.2764233963634695e-05, -4.582140682773961e-06]
[-1.2092931273854912e-06, 2.622147890118942e-05]
[5.433713526237227e-06, 9.322445965187498e-07]
[-3.9736403154577715e-06, 2.028687182809019e-05]
[-8.253071550834434e-06, 2.0011476301817765e-05]
[-1.3389643430450349e-05, -1.543610532805939e-05]
[-3.4926032418947095e-07, -3.2591003238380267e-06]
[1.132008904808357e-07, -2.659510969560408e-06]
[1.4022411772396381e-05, 2.0938136714832023e-05]
[2.3566224779392186e-05, -7.848922962239158e-06]
[5.149335286835921e-06, 1.1020552040275078e-05]
[-1.7775761431693127e-06, 1.337264287029627e-05]
[3.019902554649012e-05, -3.6484429374872285e-06]
[7.448326920456161e-06, 1.5397937543237816e-05]
[1.453358706637875e-05, -1.1128926438841447e-05]
[-1.78706270172746e-05, -1.2111355070509866e-05]
[-1.3256190412036517e-07, -2.6685717946839382e-05]
[-2.4182288551610753e-06, 3.100717847148715e-06]
[-1.742635857221453e-05, -4.4314761917796375e-06]
[1.7122407967029574e-05, -2.0456657138678835e-05]
[-1.703868634032879e-05, 8.08396603449446e-06]
[4.1546937473713186e-08, 6.398128435392003e-08]
[5.503067819656593e-06, 2.262002498576443e-05]
[2.116034052646043e-05, 6.123833329985118e-06]
[1.512704972217449e-05, 7.850508861761973e-06]
[3.712698252167357e-06, -5.031509434844095e-06]
[1.611794108145881e-05, -5.420296462221863e-06]
[1.2669751529859052e-05, 1.7929644796466082e-05]
[-4.708878260539784e-06, -1.1902848193856563e-05]
[8.825942165613387e-06, 3.5670454223701853e-06]
[-2.5714689209088704e-06, 1.872144750114657e-06]
[-1.6940202187232245e-05, 2.311700906176828e-05]
[-5.793640083517904e-06, 1.9516955573339878e-05]
[-3.827048074223072e-06, 5.497998084025291e-07]
[1.553308866822367e-05, 3.130752280394722e-06]
[-2.2366286392211387e-05, -2.268910183195194e-05]
[2.3710224390738333e-05, 4.913095241448895e-06]
[1.2050653314554793e-05, -1.0481273580387196e-05]
[2.059431845946591e-06, -1.6745790372030278e-05]
[2.5955555530199348e-05, -1.738627440426091e-05]
[5.414977675262389e-06, -1.273625570979986e-05]
[1.3934119817482493e-05, 1.65437627893672e-05]
[-1.4576808445077027e-05, 1.1053486589363004e-06]
[9.551062971235869e-06, 1.660364651479007e-05]
[-5.02415434144865e-07, -4.2153369949615715e-06]
[-1.534028975824775e-05, 4.532656698197357e-06]
[-3.4511743018939e-06, 1.5446162524135332e-05]
[-1.0130480386782992e-06, -2.0892407596173612e-06]
[-6.974232875295305e-06, -1.0805462156149304e-06]
[8.663840761896635e-06, -1.4690052513866014e-05]
[1.337364942499697e-05, 1.7338580992259933e-05]
[1.030214141295449e-05, 7.4272835872690735e-06]
[2.92449969396813e-06, 1.3414628288410668e-05]
[9.671225984275722e-06, 1.259957603107209e-05]
[2.767283957362532e-05, -6.448412000481518e-06]
[-7.617228652168073e-06, 8.302288177330919e-06]
[1.1609789937860882e-05, -4.795978494231967e-06]
[-1.0423066122866587e-05, -2.6995231455773094e-06]
[-3.604559238645777e-06, -2.6490883016816458e-05]
[-2.734994460240614e-06, -6.50905577503913e-06]
[-6.7141020386740635e-06, 2.6737644692742535e-06]
[1.0246996319240864e-05, -1.114719259232011e-05]
[-1.988961579767884e-05, 7.397897632183126e-06]
[3.850698610557979e-06, -3.8068073463237706e-06]
[1.6516778124753273e-05, 9.668124233419562e-06]
[1.298469303845362e-05, 2.7460636214948764e-06]
[7.626518503833779e-06, 1.25280049400045e-05]
[8.870011009687317e-06, -3.4380472943677798e-06]
[6.489550191224325e-06, -1.918479643803206e-05]
[1.0590547189714972e-05, 1.211346829038673e-05]
[6.231455943472852e-07, 5.40336013599152e-07]
[8.794925011185173e-06, 9.37633489406231e-06]
[-1.577242054784378e-05, 3.836847081772898e-06]
[-1.411245350824153e-05, 1.5791502265050106e-05]
[8.086006375362942e-06, 1.3807465919168926e-05]
[-6.7083498116460305e-06, 3.7486889105653454e-06]
[1.0084156597207905e-05, 1.3245331981742714e-05]
[-1.366890241610852e-05, -2.1641533203914376e-05]
[1.9332413825345895e-05, -8.046914329373767e-06]
[7.207573948453394e-06, -6.658121195601829e-06]
[9.012628635729492e-06, -6.442990336807952e-06]
[2.3777748037856483e-05, -1.1261038768986542e-05]
[-4.53958569741203e-06, -1.2942690696848835e-05]
[5.574610450809203e-06, 1.3528326999745488e-05]
[-1.8566406367881427e-06, -2.437867098081803e-06]
[7.174194745579454e-06, 1.2063827878217026e-05]
[-6.125490713326798e-06, 6.641216389047244e-07]
[-1.4541304257154053e-05, -2.6032039247558814e-06]
[-1.8212426661223802e-06, 3.55360733050869e-06]
[4.554448400639899e-06, -7.748142982766382e-07]
[-6.8689718959180635e-06, 6.731070582494114e-06]
[1.1854653507795132e-05, -1.52336026220945e-05]
[6.1858132622827355e-06, 9.93198439530607e-06]
[5.7819722563134945e-06, 1.3482209621940022e-05]
[9.095793552349463e-06, 1.542711241275807e-05]
[1.3472021396898626e-05, 1.1828958321677407e-05]
[1.6603119849117193e-05, -5.311337271662886e-06]
[-1.5405159969339444e-05, 3.377090915412939e-06]
[1.4288117913374698e-05, -7.541649156173058e-06]
[-4.676553989724219e-06, 5.933991594653243e-06]
[-6.260508383482133e-06, -1.4526326577724014e-05]
[-1.5194469580315229e-06, -1.59678268619734e-05]
[-5.161128600883469e-06, -1.3789932395980031e-06]
[1.7973063493048613e-07, -1.9546705509743134e-07]
[-9.045468606222462e-06, 1.0924623629907093e-05]
[1.3038715178055604e-05, -7.4703441036716445e-06]
[1.1438299073684988e-05, 3.6617362490776184e-06]
[1.1207342542896015e-07, -3.4915690897419083e-06]
[1.0575621226083243e-05, 5.044041044399705e-06]
[1.5166231388974438e-05, 4.614780579476063e-06]
[-1.2971876530709636e-06, -1.5521673810525716e-05]
[1.1220267249922866e-05, 6.527974733550046e-07]
[-1.4225655100563728e-06, -9.295321895530506e-07]
[1.7332750395365748e-06, 1.6343233953275416e-05]
[-1.5001761039190598e-05, 8.724804628768013e-06]
[-3.819389083670188e-06, 1.1550238659618906e-05]
[9.027057163324415e-06, 1.09634087406274e-05]
[-1.3420549314191454e-05, -5.162389050683558e-07]
[9.603555600812275e-06, 1.4625747960170243e-05]
[-5.045059841619903e-06, -1.1748170146208547e-05]
[1.5090937490302991e-05, -1.1275605825700197e-05]
[5.9850398080874e-06, -1.1009195176492348e-05]
[1.1794160270084397e-05, -1.5223066565095422e-06]
[1.63991095705196e-05, -1.6152411357051033e-07]
[-8.968681536360157e-06, -1.087524109544269e-05]
[5.563882107706419e-06, 7.289220942618968e-06]
[6.143799398616867e-06, -6.208472037527724e-06]
[-2.007495869885134e-06, 9.462824423711602e-06]
[-7.749816596680503e-06, 5.814716476815196e-06]
[-6.50019175041372e-06, -5.608013451841032e-06]
[-4.277308212286002e-06, -6.791695561836342e-06]
[3.0698570834264416e-06, -5.106142586697171e-06]
[-8.704330717937414e-07, 1.1831678770238274e-05]
[1.4791337714689656e-05, -7.619027853872362e-06]
[-4.440391766280527e-06, 7.613340879036867e-06]
[6.413239841629448e-06, 9.563972503845442e-06]
[1.6282984448556803e-05, 9.538292933042314e-06]
[7.460943885151394e-06, 1.4089628361357853e-05]
[8.67765868084458e-06, 2.6244355724736046e-06]
[-9.711759275110587e-06, 2.4832839931598905e-06]
[1.074737675016424e-05, -1.4312253029447053e-05]
[-7.202967194488985e-06, 3.5458368368157522e-06]
[-1.9207645531871265e-06, -3.4493111319422454e-06]
[3.142374200848508e-07, -1.0057003037911016e-05]
[-9.011879547993207e-06, -1.8731438571339964e-06]
[-1.7745518320344544e-06, -1.9683281896609728e-06]
[2.4290114677555374e-06, 9.132151279678258e-06]
[9.902093987677885e-06, -5.454308051017209e-06]
[6.966845540357092e-06, 3.7854472380860482e-06]
[-8.010186517415363e-07, -6.49035435418277e-06]
[1.1329771149370949e-05, -4.783806870523044e-06]
[1.4832549481980095e-05, 5.4045641796618415e-06]
[-3.954072948297166e-06, -8.455219706493544e-06]
[1.1024026425554556e-05, -2.812038264465855e-06]
[-6.976182131357422e-06, -5.294453440662927e-06]
[-9.371031964161558e-07, 1.8268530742604483e-05]
[-7.426421403611272e-06, 1.2890623515116051e-05]
[1.3058550190070406e-06, 7.42366364947511e-06]
[1.7741872354593013e-06, 1.0244094790334834e-05]
[-1.6252485412371342e-05, -2.5795327502908805e-06]
[1.4446832045381802e-05, 8.89531033149149e-06]
[1.5680186251781913e-06, -4.460624163940552e-06]
[9.489759477121495e-06, -3.716754330668204e-06]
[6.1708809605542925e-06, -1.4053668698221777e-05]
[9.511470008938261e-06, -6.311894818589181e-06]
[7.455747533580137e-06, 8.52185890684587e-06]
[-2.9269623565489344e-06, -4.0804237013136735e-06]
[9.487068535762866e-06, 4.436164549870281e-06]
[2.2207241616167828e-06, -7.140628498158996e-06]
[-1.2106227811031767e-05, 2.5465293713722303e-06]
[-1.9855751156594437e-06, 2.0505252840419264e-06]
[1.262031159576793e-07, -9.966335389188785e-07]
[-6.4870894363466824e-06, -4.344266278710762e-06]
[4.582541071163071e-06, -1.3915429404431912e-05]
[-1.1873022804052835e-06, 7.341906182081748e-06]
[1.103760889616806e-05, 1.1697295250051587e-06]
[-3.7868517926975542e-06, 8.681675062627292e-06]
[1.1863591888872094e-05, 6.164674103303902e-06]
[1.3596526103887285e-05, 5.985302375388635e-06]
[-3.0700703401720375e-07, 1.2280409263015768e-05]
[6.871056590661284e-06, 3.895263275099925e-06]
[-3.5803285262647755e-06, 5.347468894245644e-06]
[5.835112946828147e-06, -1.4202675921670682e-05]
[-7.626328378126934e-06, -1.383229041751477e-06]
[1.0435613662096443e-06, 1.696132179346277e-06]
[-7.362230065588449e-07, -2.2709703398904324e-06]
[-1.0759543192462306e-05, 5.782532652709449e-07]
[4.6414100585145945e-07, -5.042772787400285e-06]
[1.003157547248626e-05, 5.3951542551555765e-06]
[2.062225550658603e-06, -3.2888113795023766e-06]
[5.400482566919607e-06, 5.990098615682449e-06]
[4.64719284537507e-06, -6.3945360257999795e-06]
[8.432698451188436e-06, -1.3016629661244394e-05]
[8.778784070573309e-06, 6.180654914811345e-07]
[-1.4107070742987171e-06, -3.7357456812991963e-06]
[1.2429225871357641e-05, 2.821700071320432e-06]
[-1.3807579003155546e-05, -4.990241653346494e-06]
[-4.5743512054607915e-07, 1.0455396770137071e-05]
[-6.416427340560915e-07, 9.83764590548053e-06]
[-1.8686676381829415e-06, 9.10800790066002e-06]
[-1.4523145753786437e-06, 1.4190211781395234e-05]
[-8.816021039304012e-06, -4.118782552187117e-06]
[1.2419368261781805e-05, 1.3010472742283619e-06]
[4.971561598787755e-07, -4.378935995946742e-06]
[1.0087052073282088e-05, 2.4173913077407683e-06]
[7.3421594868894324e-06, -7.311959477118712e-06]
[3.5007942315035123e-06, -7.274934102463604e-06]
[5.1070356592575195e-06, 7.860574638876572e-06]
[4.0997469778480955e-06, -1.7754475337694586e-06]
[4.335423992141152e-06, 5.0149999887838526e-06]
[-1.607614672549662e-06, -4.690008491403663e-06]
[-1.1715550392643603e-05, -5.007108043741937e-07]
[2.5701478469919437e-06, -3.4184000802794934e-06]
[4.599599582322256e-07, -2.406134564592044e-06]
[-7.132977601131962e-06, 7.021505220583535e-07]
[6.396642816874909e-06, -1.4583055479855389e-05]
[-3.170725446692557e-06, 8.883027041821367e-07]
[8.680097375375617e-06, 3.799166949813859e-06]
[1.3013881797752092e-06, 1.0744179398447518e-05]
[1.4118651821548589e-05, 4.900924821860109e-06]
[5.717485761169705e-06, 3.7649270110406974e-06]
[-5.0492479017894e-06, 9.218937571872643e-06]
[9.711588691785344e-06, -2.2721764375566167e-07]
[1.0771227099137803e-06, 8.494616194232307e-06]
[3.8192415885429654e-07, -6.118717524428163e-06]
[-6.37815629044719e-06, -6.1355284014519285e-06]
[-4.035096869969834e-07, -1.8165270440906323e-06]
[-3.597235552210698e-06, 4.346836448454461e-06]
[-4.134583413584192e-06, 6.919658476323143e-06]
[4.455759970545259e-06, -5.786046038125381e-06]
[6.8236311701677654e-06, 3.3328867355027214e-06]
[-4.87274510606317e-06, -4.75303487652845e-06]
[1.0330672810865416e-05, 2.077018086216187e-06]
[7.324576330569599e-06, -2.0900074899632415e-06]
[4.530911364430956e-06, -1.1045644935703258e-05]
[7.512567167911044e-06, -5.544294598536226e-06]
[-2.108302402988732e-06, -6.217413016706974e-06]
[8.120424000224169e-06, 7.5686814654529755e-06]
[-1.2709895339468869e-05, -1.9057547200329594e-06]
[3.861534540926248e-06, 5.582932245451477e-06]
[-6.606234270734035e-07, 7.629263292979749e-06]
[-6.903917945222382e-06, 6.9989317403873486e-06]
[-5.239726033612335e-07, 1.3435477679624164e-05]
[-1.2090217547111592e-06, -2.44560124573745e-06]
[8.77762196123226e-06, -9.100354008322389e-07]
[-5.820308185237877e-07, -6.820753327335671e-06]
[1.016285046917531e-05, 3.830171242474867e-06]
[8.03540034144401e-06, 8.376899225392975e-07]
[-4.091653754700886e-07, -4.588836754915171e-06]
[4.426337049778795e-06, 4.546333062960262e-06]
[7.792166140468959e-06, -2.8650507413185977e-06]
[-2.4124647632350893e-06, 7.316645521115994e-06]
[-1.6965335130070258e-06, -1.3371216905921912e-07]
[-6.811247552997862e-06, -2.4950665905021374e-06]
[1.898246494436151e-06, -8.403120733302405e-06]
[-3.2862326717619794e-06, -6.436327820935617e-06]
[-2.8988823787545748e-06, 3.630516407393536e-06]
[8.740878346458203e-06, -8.419074078586108e-06]
[-7.242729877929982e-06, -5.600638309571568e-07]
[9.129659095732934e-06, -1.2293796561096623e-06]
[5.886830534262977e-06, 7.265208139595192e-06]
[8.57432865070118e-06, 7.854281351082903e-06]
[1.8971889276242493e-06, 5.317591200260097e-06]
[1.2443759167535262e-07, 6.54239776037846e-06]
[7.5156893242743494e-06, -5.03698348619519e-06]
[-1.7617196582664363e-06, 5.798586492355984e-06]
[-3.152214148038901e-07, -7.092465655333946e-07]
[-2.687276419964524e-06, -2.206305315777257e-06]
[-3.86348613301557e-06, -1.885673499651963e-06]
[-3.412232385868741e-06, 2.9663673677404745e-06]
[1.8766049462159984e-06, 9.003931121798203e-06]
[2.418655410840742e-06, -3.1325928805947534e-06]
[4.040391108215552e-06, 3.9338276132429295e-06]
[-4.792988661208447e-06, -4.842101319701454e-06]
[1.367908270644147e-05, -2.903985490659844e-06]
[6.248823157695149e-06, -1.916455422246166e-06]
[1.941880804934293e-06, -6.4005704822900356e-06]
[6.629214189701749e-06, -5.836553318511184e-06]
[-3.932839985086589e-06, -1.071124903273546e-05]
[5.613310588958864e-06, 7.87797131485135e-06]
[-7.6077830946097436e-06, 2.6300842547177794e-06]
[4.906718488281725e-06, 3.5363338892202556e-06]
[-5.369916318831436e-06, 5.452257726315524e-06]
[-8.560262291013032e-06, 3.370307925409932e-06]
[4.457399431501141e-06, 9.000646845502835e-06]
[2.6747246749669884e-06, 7.452147965381073e-08]
[3.908589338928736e-06, 3.0413459834316425e-06]
[1.700119580890641e-06, -9.325008487201525e-06]
[7.457820164535889e-06, -9.297540105868141e-07]
[5.083168305552999e-06, 6.76432817747763e-06]
[2.3691146955329145e-06, 9.306911229467474e-07]
[6.725419894215712e-06, 3.905295533401798e-06]
[3.616741340542462e-06, -2.745882265842159e-06]
[-8.56805356080903e-06, 5.756677235291274e-06]
[3.0794852319826482e-06, -1.216866206465994e-06]
[-3.6282005718320243e-06, -7.893391818503126e-07]
[-5.485046272735161e-08, -5.410812810593968e-06]
[-3.634650884598578e-06, -1.0548285029998716e-05]
[-1.5581951166021568e-06, 5.698367473438992e-07]
[7.342457100878441e-06, -3.77293177522553e-06]
[-5.650657864848807e-06, 1.444512766748951e-06]
[1.0718086739988295e-05, -3.2581108300976103e-06]
[5.281652226241107e-06, 3.764000472750162e-06]
[3.4621709975590775e-06, 7.2989793953315285e-06]
[2.161938729150492e-06, 4.728872960324537e-06]
[4.0457285762629525e-06, 6.128900046226127e-06]
[3.513252247858145e-06, -6.6526820881041004e-06]
[-3.3177801036510246e-06, 1.713614363296756e-06]
[-3.7009452336089765e-08, 1.0799203687961167e-06]
[-1.8967212037090952e-07, 3.085701445748601e-06]
[-6.454326001881228e-06, 8.118562572906329e-07]
[-1.7867396864268414e-06, -8.471697527934197e-07]
[5.1687522335530645e-06, 7.621963148962685e-06]
[-2.0182473782215382e-06, 1.384918918684308e-06]
[4.473604323360081e-06, 6.4249193469090304e-06]
[4.7170646097494107e-08, -5.47051888018929e-06]
[1.175080258897232e-05, -6.934501307592766e-06]
[8.595033018088394e-07, -3.4837822225908255e-06]
[3.982039248229263e-06, -4.272480556843927e-06]
[8.085672303703717e-06, -1.019151229714188e-06]
[-7.401772877418944e-06, -9.731290086190114e-06]
[4.388846708613947e-06, 2.6227596767736117e-06]
[-3.2563586072342776e-06, 1.3616663132598461e-06]
[7.371776179765366e-07, 5.11273415337854e-06]
[-6.210714395105121e-06, 6.864684164512025e-06]
[-3.4358225065034276e-06, 5.740114351615588e-07]
[4.578995775550432e-06, 3.8585185060391325e-06]
[9.052174304580163e-07, -2.3276200774857703e-06]
[2.899026909045088e-06, 5.156438599579483e-06]
[5.0620452893973544e-06, -4.673049350423231e-06]
[3.6047354898816053e-06, -2.7567689197260936e-06]
[4.88636719692126e-06, 5.315465557265142e-06]
[4.7393667143014184e-06, 3.4830880423220023e-06]
[3.9424974604962415e-06, 6.629970067312252e-06]
[3.343672778238771e-07, -1.5191790323498822e-06]
[-8.16663163355491e-06, 3.968012925681386e-06]
[6.468603149401009e-06, -2.971557186759455e-06]
[-4.2556480572171484e-06, -8.882749304439663e-07]
[-1.4250481167321638e-06, -1.1141057801727916e-06]
[-2.2432490669466176e-06, -1.0814354383659186e-05]
[-1.57240707077122e-06, -3.59418618556262e-06]
[5.606061534879636e-06, -2.0029277549848956e-06]
[-9.970487555022167e-07, 4.612681719792788e-06]
[1.0879552337274973e-05, -3.1762379373856398e-06]
[7.811587111605789e-07, 1.0841651494064575e-06]
[4.595812371777086e-07, 5.105827034834753e-06]
[6.149668749788617e-06, 9.445607976887871e-07]
[5.1917203519602495e-06, 6.444117606085875e-06]
[-1.3295598672025122e-06, -2.8363415347509857e-06]
[-1.6481251705613431e-06, -1.5055300173205666e-06]
[-1.5952651176154298e-06, -2.7049042065074858e-06]
[-1.065613538492327e-06, 5.513628080155986e-06]
[-3.872205383892435e-06, 5.932149880982784e-06]
[1.4895493362088175e-06, -7.020273300462065e-07]
[2.3438434894607063e-06, 6.504809698215652e-06]
[-5.289294881305473e-06, 8.872801190440427e-07]
[8.291515629935131e-06, 4.999680927410266e-06]
[2.193820991338441e-06, -2.488928794154577e-06]
[8.741955799806966e-06, -5.1995831528151015e-06]
[-3.278376332072064e-07, -5.881079347513918e-06]
[3.912233408120969e-06, -6.178290198111114e-06]
[6.2716249559224835e-06, 2.789413006215602e-06]
[-6.523656267562461e-06, -6.238477870790238e-06]
[4.4758426370750115e-06, -2.605601724381401e-07]
[-2.9179070624718584e-06, -2.0645528306384442e-07]
[-2.941564249675857e-06, 4.906613614963362e-06]
[-3.592733633817069e-06, 6.787156900896207e-06]
[4.379303480961383e-07, -1.233038331993619e-06]
[2.170039068993823e-06, 1.2610001699497886e-06]
[-3.660231279178916e-07, -4.518814662485271e-06]
[3.7006024829894235e-06, 4.303301416971883e-06]
[7.693685886248428e-06, -1.8494177916883459e-07]
[-1.9693033970202833e-07, -1.1585708852568377e-06]
[5.197671518020197e-06, 2.5172547729601646e-06]
[5.700118321905201e-06, 2.039229002326337e-06]
[-2.915427140814941e-07, 9.940133310515353e-06]
[1.237675465032284e-07, 1.9188610646536652e-06]
[-3.85480511566616e-06, 2.334192103159438e-06]
[5.026574443206533e-06, -4.890417958203219e-06]
[-8.201941924060666e-06, -3.0480216866024534e-06]
[9.875001566461705e-07, 8.331762856722547e-07]
[1.0328493440514563e-06, -5.910164294076203e-06]
[-3.2262351258305344e-06, -2.8869156147859343e-06]
[4.763683344344294e-06, -5.646645716284038e-06]
[2.2684268465716917e-06, 3.0503413412652503e-06]
[6.795556168726069e-06, 6.545465576768272e-07]
[2.4813435706150244e-07, 1.574426771705495e-06]
[3.0426670567518244e-06, 2.446389789079184e-06]
[5.622381188175041e-06, -2.8220363601505483e-06]
[1.9832551012566313e-06, 3.967194001419649e-06]
[-2.296121225653369e-06, -1.0185664683359796e-06]
[1.1323236163707229e-06, 2.25283078914007e-07]
[-4.189793042813639e-06, -3.7348176634977026e-06]
[-2.5669388658416947e-07, 3.2374686720904045e-06]
[-1.3403365892727948e-06, 8.126707894247354e-06]
[6.762456558062624e-07, 1.5002218965998182e-06]
[-9.34187406875786e-08, 6.3451190456254025e-06]
[-3.732251828258981e-06, 2.932340431027747e-07]
[1.1162711619057408e-05, 2.7916639606939686e-06]
[1.0454654864738844e-06, -1.5292193897703532e-06]
[5.7947235359012694e-06, -2.1097061688735153e-06]
[8.426907528447103e-07, -5.066240673867739e-06]
[3.0686139196323126e-06, -9.117974412109486e-06]
[3.5435640806102953e-06, 3.4504084998332463e-06]
[-3.335463770931524e-06, -1.7174978811373975e-06]
[4.4631063640387936e-06, 1.2496823298402404e-07]
[-5.471142014656927e-06, -1.2930430910162993e-06]
[-5.186913158216483e-06, 1.97303825177908e-06]
[1.4318487195907892e-06, 4.056874281059553e-06]
[1.6625864937003243e-06, -7.130044535896829e-07]
[-6.431462886147266e-07, 3.127028700866674e-06]
[1.3578011371917498e-06, -6.876701922203798e-06]
[2.5044802144241762e-06, -5.316723507287069e-07]
[6.9020025446481226e-06, 2.234427317671095e-06]
[7.632714990046807e-07, 2.3922156601463573e-06]
[6.700047962743261e-06, 2.778472740327942e-06]
[1.9119445117121714e-06, 9.373883417818085e-07]
[-2.886183010475385e-06, 9.021597409952786e-06]
[3.0627214996081786e-06, 1.985658040104532e-06]
[-2.555080220179029e-06, 3.1675022693078425e-06]
[2.2884078064167035e-06, -2.772003370177245e-06]
[-7.689189204712621e-06, -4.92929234080508e-06]
[2.09968018327622e-06, -4.849586543523299e-07]
[9.414966579690542e-07, -2.8665826926621563e-06]
[-2.511990204012715e-06, -3.43034417538135e-08]
[5.199805712785555e-06, -6.3145395144126315e-06]
[2.825685737471717e-06, 9.954367019976429e-07]
[2.9898438755442125e-06, 2.0472908931756795e-06]
[2.1531135797614454e-06, 1.71173287707993e-06]
[4.96329189816902e-06, 1.0621964505741488e-06]
[3.063474352638096e-06, -4.830863357119242e-06]
[-9.551748403335836e-07, 1.353789726071808e-06]
[-1.3041011505676714e-06, -1.5080011329660081e-06]
[3.899072875346299e-06, 2.5653489457155843e-06]
[-6.782198954696783e-06, -1.5922587905670138e-06]
[1.872626140819733e-07, -4.243811874138359e-07]
[-1.2287792927612173e-07, 6.2251193460663434e-06]
[-1.1175171346078372e-06, 4.773190843354591e-06]
[6.44864135201928e-07, 8.49850830808574e-06]
[2.5586072149863526e-07, -9.375137679512591e-07]
[9.028312090937629e-06, 1.8916131833135452e-07]
[-2.2737333626246525e-06, -2.0828775511294584e-06]
[6.813353426227131e-06, -1.0816864555174277e-06]
[3.1563183271743345e-06, -7.434001461081863e-07]
[3.731346602808827e-07, -7.632799192358597e-06]
[2.3825357212681197e-06, 1.9836830819630613e-07]
[-1.0039451100174457e-06, -1.536985590022688e-06]
[6.917715949517067e-07, 3.1790793171282417e-06]
[-4.876444004153768e-06, 1.9341289625440794e-07]
[-2.3899755414932833e-06, -7.353942623189447e-07]
[2.5707571085220593e-06, 1.392621820724485e-06]
[-1.190145798912745e-06, -2.4924728588837652e-06]
[-6.555236812810783e-07, 3.288025002157191e-06]
[4.46782512530941e-06, -5.018918558141738e-06]
[6.881704917791054e-07, -2.5491968993623937e-06]
[6.404690509526079e-06, 6.584837040357616e-07]
[1.6192026690564632e-06, 3.5525145504755606e-06]
[5.8435960817171395e-06, 4.949759608852133e-06]
[-9.196047342507896e-07, 8.52194802003492e-07]
[-2.4840504473377933e-06, 7.207196296488139e-06]
[5.1048018876592716e-06, 8.909313798932672e-07]
[-3.2113642768893946e-06, 3.2080688341373786e-06]
[-1.8697098036479787e-09, 4.252675846194709e-07]
[-5.420940411143826e-06, -4.877738644437635e-06]
[1.878979839720074e-06, -3.0287209706620494e-06]
[-3.245056734435536e-08, -2.0432237070044934e-06]
[3.414376422150589e-07, 3.711060128530619e-06]
[5.424602851689109e-06, -4.183480456373956e-06]
[5.025977729833375e-07, -4.793020426524519e-07]
[8.988899270340189e-07, 4.99576472454133e-07]
[6.1436656639823894e-06, -1.935605415670505e-07]
[3.890649798193868e-06, 1.986375326779033e-06]
[2.0036361214614828e-07, -3.1783667467921717e-06]
[1.3287550881813104e-07, -1.3394061846028205e-06]
[-1.7598109856714617e-06, -4.844359376532381e-06]
[2.6076625867510472e-06, 3.0849207375838184e-06]
[-5.6310803083492456e-06, 1.6900025033017574e-06]
[2.358829550200281e-06, -6.435562324991206e-07]
[-2.2750311731156714e-06, 4.85628567043709e-06]
[-2.3655158171154156e-06, 3.9361945705640444e-06]
[3.4558365925030365e-06, 7.734246973756242e-06]
[1.7676406263156252e-06, 3.466534084783923e-08]
[6.084967805505825e-06, 8.038625637224461e-07]
[-2.14917019321359e-06, -2.667913839973779e-06]
[6.793306755736861e-06, -2.6336394782777717e-06]
[3.2279504623700106e-06, 1.6069408436125698e-06]
[-4.910002935343272e-07, -4.209314925618379e-06]
[1.851684222731187e-06, -3.535106394281229e-07]
[-7.066341908557039e-07, -2.43354314355404e-06]
[-1.911047281033529e-06, 4.098125917617601e-06]
[-2.2185106303140856e-06, 1.957569625538058e-06]
[-8.416232401935175e-07, -2.1492096024255947e-06]
[1.281315390344595e-06, -5.291175395605308e-07]
[-3.1166043311658953e-06, -4.280954352897659e-06]
[1.4500977699172246e-06, 2.047093570545222e-06]
[6.752296514256351e-06, -2.496901427881393e-06]
[-1.783094293703047e-06, -1.6022762214379371e-06]
[6.17997612156751e-06, -2.1410543740579824e-06]
[1.89341385814501e-06, 1.282189611928608e-06]
[3.4193956063022224e-06, 7.948797157597554e-06]
[-7.488546773792848e-07, 2.8805574712187365e-06]
[5.609652515836672e-07, 4.798066490840913e-06]
[2.8994635022094872e-06, -6.39989402140273e-07]
[-6.0994683675485994e-06, 2.0465035816541466e-06]
[1.2589611952107393e-06, 1.2626162091133875e-06]
[-1.8097264267574742e-06, -2.0552010009666777e-06]
[-8.822309627287694e-08, -1.4845073912084228e-06]
[-2.8465625157014784e-07, -4.115937875193154e-06]
[2.1600332851257065e-06, 3.2609634637026375e-06]
[3.0996399591476376e-06, -3.7854211693000295e-07]
[9.193679505192787e-07, 7.123312840279228e-07]
[2.2700565424013663e-06, -7.307859979516218e-07]
[6.585873960351929e-06, -2.2785210132270084e-06]
[4.5107520557641223e-07, 8.337368337940632e-07]
[-8.547282637216824e-08, -2.5485981579587147e-06]
[1.981424000874199e-06, -4.6574491507911375e-07]
[-2.8825808455756885e-06, -6.028710025918205e-06]
[1.9165880771887522e-06, 5.944399941448797e-07]
[-4.2807480832851574e-06, 3.191611566838448e-06]
[2.3233129175723177e-06, 1.1612305264585565e-06]
[-3.762581083255334e-06, 4.177308146873643e-06]
[-1.2793924695220227e-06, 1.7987421873644216e-06]
[5.562526318059202e-06, 6.039942503699436e-06]
[1.0628686529789988e-06, 1.0486629155870286e-06]
[3.6278912513704187e-06, 2.2612475014671674e-06]
[1.8987172366313754e-07, -2.6689638301796714e-06]
[5.490223324189358e-06, -4.9415018560650115e-06]
[1.6121515941658338e-06, 2.4297267244843823e-06]
[7.5791086195931e-07, -5.309389797258923e-07]
[2.2755041005906307e-06, 1.3028014686500278e-06]
[-2.8099721284258194e-06, -2.4328337602796957e-06]
[-3.5707810478458057e-06, 2.3999184988743316e-06]
[1.8929965245051417e-06, 1.30485591193219e-06]
[-1.5184933699133318e-06, -1.3819616780930133e-06]
[-2.078223120260958e-07, 8.814415160957045e-07]
[-1.5836267425739514e-06, -5.857010548615538e-06]
[1.9249816792799024e-06, -1.5021981993879052e-06]
[5.467978224649173e-06, -1.960795599095788e-06]
[-1.1869431101041439e-06, 5.65918935435672e-07]
[7.198042192492482e-06, -1.250457843063324e-06]
[-2.2029157509262376e-07, -4.581870441944247e-07]
[1.8156933677127007e-06, 6.6183243490614e-06]
[1.101539433667753e-06, 2.8493964441822506e-06]
[9.536410709998222e-07, 4.898912805306743e-06]
[3.291435574370727e-07, -1.8897834519471246e-07]
[-5.45995305228919e-06, 4.1214183008064786e-07]
[1.7849610045028719e-06, 3.0207556953043557e-07]
[-6.641856547633107e-07, -4.905595447635136e-07]
[-9.08997676019041e-07, 1.2084862562392051e-06]
[2.603420222180297e-07, -4.2585117696614105e-06]
[2.403329033839885e-06, 1.9210974309125106e-06]
[1.3805661217558551e-06, 1.808833725400194e-06]
[2.9561813317396934e-06, 2.299203353067769e-06]
[2.922184084749868e-06, -1.4079975200476103e-06]
[4.631226269313782e-06, -3.7628596186722874e-06]
[-2.1700161539350837e-06, -4.2126312105317254e-08]
[1.8806896712186827e-06, -3.1768848087199153e-06]
[3.4331228333517316e-06, 6.966234959160378e-07]
[-4.9696664735365825e-06, -4.223944517989242e-06]
[1.4916378086038407e-06, -2.1753945561031607e-06]
[-3.1614374892546815e-06, 1.2197347738218678e-06]
[8.755209105065775e-07, 3.2103972449348817e-06]
[-2.683767679978466e-06, 5.832945506316356e-06]
[1.6361967766775898e-06, -5.991468793320465e-08]
[3.927103050749281e-06, 3.6213113885352755e-06]
[-1.353385253310968e-06, 2.658556881168783e-07]
