[624.3477203566315, 10.054427870917872]
[-20.001375253453705, 33.21019241646642]
[-6.1446503170470725, 27.038265928028224]
[21.023591985843726, 17.188475737807174]
[-8.602713100439658, -0.886283615133675]
[18.959497488046452, -8.07938052964626]
[4.706473663583154, -2.1892501786179634]
[-4.198078212999447, -6.751443186814482]
[7.9071280492794696, 4.204881765637552]
[-1.9125129411188597, 16.26412235570998]
[9.334378579497145, 1.2635305627425133]
[15.406115928818203, 24.337291361798442]
[19.364355630448653, -1.6484164073563699]
[4.105193023797398, 11.340557284499528]
[11.88119704502342, -6.9056448644500055]
[-3.113184899782425, -12.64816613868502]
[-10.160482842762022, 2.3971942173099445]
[12.026509631732146, -2.3339078964698086]
[1.2567112659182396, 13.566053680984659]
[-4.6036508455923615, 1.1744501833439882]
[-4.016635867002063, -4.420886748525062]
[6.2996576082446225, -0.21627215711702652]
[1.812129808323542, 5.172669119900373]
[-4.522797594630997, -0.518264271143114]
[-3.4124128412086137, -3.304602297693486]
[1.7618513255835504, 4.011211763575665]
[3.995955236075756, -0.13631040844943998]
[0.7126711076007464, -1.992831799216984]
[-0.747030620275754, 0.875468329158875]
[-0.9438618166438992, 1.3506034554790713]
[-0.11168517528076816, -2.602774927721825]
[1.6400010873761444, 2.150562106289195]
[0.35414468343001904, 0.44996906905651146]
[0.2734000788984705, -1.3088792197942682]
[-0.24707824433158, -0.2769680712838887]
[-1.1830311363747752, 0.3901391941808017]
[-0.030262376177093486, -0.7565654790152889]
[0.06521441092324487, 1.271347072519848]
[0.3333554418097844, 1.1097832909788896]
[1.4691139381585976, -0.3817563272825364]
[-0.038571349681189915, 0.6036129262102157]
[0.8487607141568119, 1.2936887742678218]
[1.5849865111306567, 0.8154981974438273]
[1.011601102749057, 1.1003980396329656]
[0.9896995234187385, -0.09105207335781795]
[-0.8410702023334498, -1.6755644104775573]
[-1.139547314955788, -0.110711115186227]
[0.15900539346046028, -0.6071095483089053]
[-0.9467548104743173, 0.4948548114785245]
[0.11539180579599728, 0.5453882583935128]
[0.21163145919969573, -0.16036192057795873]
[-0.5743833914932011, -0.5983059635753216]
[-1.0214436913218883, -0.11552879000530236]
[0.22367669488330533, 0.7743820818660048]
[0.4313175425055098, -0.24111698329990627]
[-0.3086647320895497, -0.19246222941593416]
[0.5764469116263085, 0.04001538712134156]
[0.2166333339116311, -0.7420065891127878]
[0.37282662432085534, 0.5227698697612615]
[-0.05754021084269478, -0.20488059193936436]
[0.28594435799257, -1.390617804068441]
[1.21904343623358, -0.5634604431581964]
[0.5812766435249821, 0.355595237599756]
[-0.032456455068102574, -0.5648691132608379]
[-0.17073137758373313, -0.5422886781256624]
[1.0349162679540496, 0.04114919044369447]
[-0.010629815542546606, -0.5638553519690177]
[0.6529804592384045, 0.16424734202357794]
[-0.5519881626388425, -0.12398849623410069]
[1.3419277811359747, 0.17352836405538863]
[-0.2578161821948055, 0.35598929193829854]
[1.03944906766113, 0.4592687422332036]
[-0.6993172596224406, 0.31329682009089677]
[0.32167529767846803, 1.0636340191742297]
[0.4295646501839907, 0.07751762984081445]
[-0.10142091993106184, 0.19020321123949113]
[-0.6482189498751416, 0.287071236293718]
[-0.6008605523146049, 0.16977441105035052]
[-0.5615596820167941, -0.09615675152535097]
[-0.12812276594951433, 0.6940690792913902]
[0.342434725089394, -0.1622946315545688]
[-0.10017403110827539, 0.04577457490055359]
[-0.15481696932736488, 0.02243795456844122]
[0.11532520939984514, -0.1680671272380394]
[-0.11828469922027618, -0.18887553763836262]
[-0.1607965524093874, 0.3982093258133821]
[0.31979144297976014, 0.1873356725886275]
[0.46484994736435614, -0.18057051157626702]
[-0.07073753734323018, 0.13576562222289823]
[0.1727884714741637, -0.10941641432807181]
[0.1985212766943627, -0.08539947423413441]
[-0.0027357975494435305, 0.3878382560763134]
[-0.2509874005169126, 0.13773357675040732]
[0.29354236480676266, 0.33795243243877593]
[0.14573956625559803, 0.17810786422947888]
[-0.2154119409544638, 0.14403043982274788]
[-0.0821853507778062, -0.09801384975613381]
[-0.09401421191548287, 0.23672463975633296]
[-0.28168476002525855, 0.156797428499158]
[-0.06738814344137722, -0.04885934896005928]
[-0.07083713549534243, -0.03694604390205747]
[0.36818962691916, -0.2305737057115156]
[-0.12760110899369342, 0.3462580192775997]
[-0.21248637266846981, 0.0445542562845036]
[-0.06704803748592275, 0.06608325605181253]
[-0.09959255786202847, 0.10350271059106841]
[0.0006632020894072194, -0.13602605614925878]
[0.03906575676094204, 0.14454590625341623]
[-0.17481087906802883, -0.07879081874044491]
[0.13613117042130507, 0.029485774154514477]
[0.19937831231875874, 0.04743808122928472]
[-0.16318889042924156, 0.2544124827628238]
[-0.1367891158837346, -0.22055127194008417]
[0.26323260120682557, 0.20911092752509175]
[0.09928781201376596, 0.13532634772611862]
[-0.0506040283870155, -0.08519870948739472]
[-0.21343424581620607, 0.3071462232418032]
[-0.3741412214844173, 0.10594165248341136]
[0.04625519784631116, 0.1327088367758007]
[0.19239098915883668, 0.006802448959220442]
[-0.01742826279158194, 0.19950134267567465]
[-0.03177981139486019, -0.0786161858498029]
[-0.11994186140511376, 0.23975568956710624]
[-0.07669538900285366, 0.025523722652147196]
[-0.02232013791621479, 0.26063937517278957]
[0.011406966843197086, 0.3197997130778423]
[0.10466827383959465, 0.09797992814014345]
[0.08215115250472027, -0.0524377692382183]
[-0.018115286720563173, 0.11644771145665533]
[-0.27148968868445245, -0.0869949225871891]
[0.10388563449679933, 0.26617778512553736]
[-0.06532305572201169, 0.06680050204440802]
[0.021761194907921944, 0.03692000109680471]
[-0.006259848147407876, -0.03000916864307479]
[0.32144034167273094, 0.2638365164032801]
[-0.3130449984038153, -0.04562965761250615]
[0.1891641178295871, -0.05947093384848401]
[-0.047605646775333854, 0.0009113148993316056]
[0.2632135203112491, -0.15187983392194138]
[0.057319313282583106, -0.06714528163045053]
[0.41108862992706463, 0.009095636727072254]
[0.11069831308849443, -0.21949183895584579]
[0.12085660611558668, -0.2010962418114064]
[-0.037384785887671246, -0.0025818697175770122]
[0.0016440195638194322, -0.17483533483200442]
[0.17396908564986413, 0.04980813295884823]
[-0.047497076590062415, 0.0992819848326536]
[-0.05781927593617864, -0.024669154283754935]
[-0.15783667595119422, -0.007854896175795156]
[-0.07549515917311878, -0.04704885200543907]
[0.026147931402876523, 0.04647845371958681]
[0.010614573269365213, 0.0902322357743297]
[-0.14140145023829098, 0.10348900535399408]
[0.03338233227752907, -0.07002245156289111]
[0.10082769530195068, 0.12875418910063274]
[-0.035140157806409666, -0.015197182459704472]
[0.14737080759986254, -0.019235680948081813]
[-0.0017601724235551952, 0.025207892449575997]
[0.1790752301064309, -0.030862376204467967]
[0.007115731428868344, -0.1400169947279436]
[0.04647812019165176, -0.10709796098073576]
[-0.003822727794799974, -0.02358635778410878]
[0.11714486703233584, -0.1244850607115755]
[0.04722431113668968, -0.009647084400812245]
[-0.09605433185294254, -0.01794808144290494]
[-0.015835528768326723, 0.14902208508585574]
[0.07948387401151424, -0.11376187278635708]
[0.06553563320854816, -0.02476713411473902]
[0.017807991143993562, 0.024844864652423304]
[-0.06924113769121365, -0.020577432893662206]
[0.052937610529512846, 0.1953816608656853]
[0.017092315370921374, -0.006643374845647615]
[0.1368273697389928, -0.07339739790563893]
[0.025188248333250396, -0.0667467148188462]
[0.030661737636286546, 0.08416238718755692]
[-0.011203605295824759, -0.00146754876499805]
[-0.04816717237930057, -0.004065911130471778]
[0.0007982541466787785, 0.018318049530574684]
[0.08244137586949707, -0.0943130482215454]
[-0.02357600864471432, 0.015674429694276695]
[0.025945816396843235, -0.06985063666737229]
[0.04753315779087919, -0.05495956280649906]
[-0.07524383384170696, -0.11340976570268829]
[-0.037859481670323325, 0.06489736999114848]
[-0.03323623127995101, -0.04229502415544334]
[0.05672757139692086, -0.0015027167336642312]
[0.0669920013900065, -0.022195515056974563]
[-0.03825138604135453, 0.0030146123322859373]
[-0.0071385299173320205, -0.006073186478885481]
[-0.0656094320129827, -0.04835831342113469]
[0.029804246092371978, -0.027315398295144663]
[-0.036753234047665395, -0.015029527206071565]
[0.011522914505060794, -0.08035450520889696]
[0.02123220384969446, -0.027109815854517324]
[-3.8016121124119506e-05, 0.013970583974436427]
[0.025645745223447897, -0.01055057025829246]
[-0.06802087779934311, -0.06270419609990228]
[0.0002961465546198333, -0.01355690902899602]
[0.014830685069395166, -0.00585991554875509]
[0.012832288758404725, -0.05228905066531837]
[-0.09805891007016823, 0.14877302217219493]
[0.03134822299708462, -0.051236791000604645]
[-0.004446578657762601, 0.039369525739616336]
[0.006860018687485925, -0.0527611250757246]
[-0.10771045481744612, -0.033572167290754205]
[0.06911093739354934, 0.032210622138404255]
[-0.00139065904593777, 0.12108532066656329]
[0.06666629042939726, -0.023674012351423634]
[-0.020365969005874285, 0.009611228010192603]
[-0.01620849724724832, 0.04747858887678591]
[0.08133609345638615, -0.033734113844104255]
[0.06433371209766803, 4.362504081131813e-05]
[0.05357354663700764, -0.018588062712279224]
[0.02028921798983585, 0.037958871174886444]
[-0.025848624954438848, 0.009721016118138776]
[0.03461221302003348, 0.02292424252047842]
[0.049539114491181535, -0.026047457638164823]
[-0.025375866962413784, -0.028745466252408036]
[0.02557679954913994, 0.026822998760900746]
[-0.030777281095875964, 0.06005038477333158]
[-0.02030071347850604, 0.0265550528252384]
[0.019039283141746632, -0.061019037194340986]
[0.0014958588228461966, -0.01236800783414968]
[-0.009014936925654027, 0.0054086314664630875]
[-0.022313052449343784, 0.014710704766194738]
[0.07735601268727765, 0.01503128707600443]
[0.027377919263044337, 0.035219317921333926]
[0.05772311195456614, 0.01379032334742658]
[-0.060810174916166804, 0.056780444116111606]
[-0.010803918886210684, -0.01744405922321135]
[-0.014934288592529654, 0.04847762404033584]
[0.009137082399733432, 0.06120932909112409]
[0.04747007856528063, 0.03448263860675549]
[0.03824878437126811, 0.009788637531215949]
[-0.02534199272343929, -0.031801797673117804]
[-0.016215495594931628, -0.00837229132195294]
[-0.04849990079856914, -0.040149631289310816]
[0.017451726841904325, 0.05455020560433921]
[0.10578341923494894, 0.01597317016973221]
[0.012124841287063592, 0.00825105103933399]
[-0.01760696766455805, 0.006716834250227621]
[0.003439740824778381, -0.022967830004529732]
[0.018929908988085664, -0.025875026372567334]
[0.029799557089221884, 0.024653185961784452]
[0.0007212403841101445, -0.01113100624261576]
[0.032144705274960717, 0.010543369932717983]
[0.005839256187459618, 0.11208738495487269]
[-0.007460018835485194, -0.013374457288832353]
[-0.04541813143480655, 0.004652563099494356]
[-0.0003548608829754274, 0.06349538286235079]
[0.05235555416643045, 0.03656161060153018]
[-0.005352987160175959, 0.011226990869885212]
[0.03154378026251892, 0.05578637670762909]
[0.007979401568422029, 0.019071063028159196]
[-0.00905609046258693, -0.006361123644625488]
[0.05272497938846554, -0.0010346550913753472]
[0.046971567182355956, -0.0281008131049183]
[-0.0072222741791067024, 0.007384996193207316]
[0.000902434299485666, 0.02137200687478913]
[0.03191661181589622, 0.04090100069376912]
[-0.06067886978441406, 0.019712996035377017]
[-0.001309724229016429, -0.017322559729906706]
[0.03558418880076253, -0.04662494923593785]
[0.002063656829414784, 0.06855403772614177]
[0.03354843426481802, -0.026881049326171524]
[0.016776681327173748, -0.006046713058485587]
[-0.031603208721730836, 0.005237534454948678]
[0.004082588758199057, 0.03254637562694307]
[0.02590801474083615, -0.0038804214721712693]
[-0.009207321739176322, 0.02944205368268027]
[0.07656655871629692, 0.014328720761797475]
[-0.0030042683026630934, 0.00023492380209377828]
[-0.019682660540731423, 0.016733997456752414]
[0.01495017114004224, 0.0010964140049440907]
[0.0059316635429143005, -0.03957726729494926]
[-0.021116018096571515, 0.022508320215024247]
[-0.028975560763676578, 0.02007468792271383]
[0.0007425869567677656, 0.0006782805815404025]
[-0.01884308859447681, 0.021392351157775602]
[-0.0040901964481628444, 0.04074584263190206]
[-0.0444119798080056, -0.0026544596540432064]
[0.001502425591379218, 0.034868404232456296]
[0.017886577500340506, 0.03815797781018393]
[-0.0016954970653329654, -0.005595517995313992]
[0.007095582658942667, -0.002195285455045326]
[0.015664207835868846, 0.0008040819252115305]
[0.01736754148937175, 0.023567430567474457]
[0.00019589890605198335, 0.0004491150506722441]
[-0.011159973079469698, -0.030428228498247556]
[-0.0023963248522267944, 0.00552688642722976]
[0.006079992205664686, 0.002832961054737959]
[-0.0009956755816781238, 0.01642562037211226]
[0.023934614761876416, -0.015375764268258152]
[0.0048952661626087135, 0.02022207431603662]
[0.01790272238955634, -0.03861621952210714]
[-0.006964660313107551, 0.004407144582005085]
[-0.014744851296971173, -0.01845735713197283]
[-0.006508230633982426, 0.01373227011576783]
[-0.0015866924322511244, 0.037528929275651546]
[0.006528695585151345, 0.015294103267486925]
[-0.008657892301958722, 0.034831380420621505]
[-0.04127722656135763, -0.015881059119555285]
[0.00609298573173013, 0.00022989580878385318]
[0.029986155828791106, 0.012763969142495224]
[0.0036445232260819346, 0.015881077666730414]
[-0.03383578879446758, -0.010626512394952048]
[-0.0185530584126819, -0.005127586481671997]
[-0.0039061981709416216, 0.0249528936104757]
[-0.00842154825399144, -0.014008953081756426]
[0.035588175937248834, 0.0023366632144086186]
[-0.001991273495425855, -0.02078639357947809]
[-0.011456075052792447, 0.02253442550834417]
[-0.022529675607410482, 0.002724759039361979]
[0.003694656203214297, -0.005763870466123366]
[0.008285760833935812, -0.0036883426714242606]
[-0.0013713439702280894, -0.01383186571492967]
[-0.03393268161921881, -0.014573336366241918]
[-0.01476245698541312, -0.01752316263468856]
[-0.005827437808022473, 0.007201167925246832]
[-0.012959970327535486, 0.006120681741667022]
[-0.04054607012877237, 0.012967800479991354]
[0.02201785936780476, -0.011498492835788632]
[0.019040506144766378, 0.022918303591048295]
[-0.004885590604281065, -8.896255409451825e-06]
[0.025363589845076973, 0.015108921004423514]
[0.011505766419899088, 0.0045724634674761955]
[-0.014483970415092251, 0.023831666169846333]
[0.009737972883414492, 0.002703726528271111]
[-0.007465761829076767, 0.020844948247005002]
[0.0025575172867448037, 0.00596183613868595]
[-0.0009422203473755664, 0.05163329630751612]
[-0.013127615100990142, 0.0074864808440465724]
[0.0018895681733803738, 0.0018458443639595146]
[0.00895185987597169, -0.0008958464476613859]
[0.01191040025696255, 0.018942214279910496]
[-0.004124777473387686, 0.01852499312607314]
[-0.005279138148670093, -0.0003802929488461171]
[-0.01268768985982105, -0.004800757225159713]
[0.023573666031027285, -0.01003378607200911]
[0.040430200615911516, -0.0016143254978457922]
[0.014966705168684702, 0.0033392141667911712]
[-0.0029284894251239146, 0.0022033645583056094]
[0.00280993623594894, 0.0004868760937480898]
[0.0057898691485270826, -0.009234693148873374]
[0.02407573356714021, -0.004578490190618401]
[-0.020224206464763195, -0.007631142059372931]
[0.016842649028833256, -0.009866938466542297]
[-0.004126804717619503, 0.006115976954764013]
[-0.028540245193027558, -0.00394690301382683]
[-0.013265241983949738, -0.012036120115024973]
[0.004528004429712573, -0.01996163902652781]
[0.007662317852913714, 0.005301999349808184]
[0.00795152413745226, 0.037301183013515815]
[0.009584152565449311, -0.017146028753337428]
[-0.0006973976733205545, 0.027616057507476643]
[0.0011846423892140079, 0.009911609497491147]
[-0.00010593081333498677, -0.01426331904349748]
[0.020786604724086888, -0.008290071831680595]
[0.007547915774750169, 0.04075931392432369]
[-0.00517254366746378, 0.012894227712824585]
[-0.02242004216108817, 0.015142195718257645]
[0.009055550511591015, 0.004106678861916846]
[0.0315687219084394, -0.009197563765417471]
[0.0006948127423400674, 0.007010933876196057]
[0.014079055005224328, 0.0015757406177636657]
[0.0016451505946729061, 0.009411530187603837]
[0.004321070326784748, -0.007257430552786215]
[-0.014406608763014583, 0.0035679941446146723]
[0.019941652353936856, -0.021056792525734835]
[0.020114936091089386, -0.03316379014693682]
[0.004390969850984694, 0.0010461227040989007]
[-0.0023818423238693986, -0.003356245455010655]
[0.002796364258948525, 0.006879918213407804]
[-0.007115789954769802, -0.010997687784791356]
[0.0042418470463710944, 0.021493513391726005]
[0.005166725425925334, 0.0019179709352392]
[0.017996486054093153, -0.010900148249742642]
[-0.013567550570558529, 0.007191130506684218]
[0.014682744653940538, 0.010366973224185116]
[0.00913890134881673, 0.007080740556141798]
[0.005984088695776796, -0.002519047351939155]
[-0.004766544007814955, 0.0010093847867522938]
[0.024441242681780107, 0.0029076632342798503]
[0.009229964963911208, -0.005204418719604012]
[0.012911896363687572, 0.01153218993876282]
[-0.008498786256658356, -0.0015831057880948164]
[0.012159601127620545, -0.02407614597420062]
[0.007693673445846927, -4.278374071771569e-05]
[-0.015552634841341607, -0.018923488546070767]
[-0.0006100306233047664, -0.011737533520452122]
[-0.0019380464113485582, -0.008237546746496823]
[0.0037455410425919437, -0.006091513061271369]
[-0.001432461483158072, -0.012843411575796456]
[0.008938278976991225, -0.009524743609573958]
[0.0014803781452265158, -0.01057180316998529]
[0.01330552021413417, 0.008998124582100003]
[0.0019323602359487407, -0.0024838126433394635]
[-0.00438457078442249, -0.01788977153433194]
[0.01052281985286338, -0.0010926830462467708]
[-0.00335648235932387, -0.007658318664373831]
[0.0009313363566432753, -0.007567542156347819]
[0.016265860310124947, -0.01770739253111117]
[-0.004016952272494961, 0.014878291666703288]
[-0.015461795298118058, 0.007550447239676447]
[-0.004409417555529593, -0.0034572507187006704]
[0.013307606893304319, -0.0012641748548034015]
[0.012899111238634964, 0.0024225931001640895]
[0.0020379738902703837, 0.0192708279652678]
[-0.007227243891215651, -0.003002862895778488]
[0.013928761965635084, -0.008435492642122872]
[0.0014359931502191392, -0.0037059054574023753]
[0.0032512694059296243, 0.0044978686070084595]
[0.0022361897777002926, 0.01403829718793946]
[0.005963102859373459, -0.006377972372663909]
[-0.01130955179535481, 0.013123264497671053]
[0.018390040859335488, 0.0006170195037091264]
[0.01795352882340151, -0.011863071624231072]
[-0.0025300433053923044, -0.003768122610968594]
[-0.00617114900958482, -0.003624978264511275]
[0.007059204228690885, 0.0017544429992324417]
[-0.0009965818116160485, -0.012805938194735439]
[0.008114798371953225, -0.004248858532627908]
[0.021052293597631277, 3.1215652350480294e-05]
[0.010405574650875715, -0.009975102189057394]
[-0.009091755820111791, -0.013218919370312943]
[0.0019178240720924555, 0.016684041554995976]
[0.011473724378247452, -0.0011418175599568758]
[0.011671540087484389, 0.005849639513566263]
[0.0002645244808143765, 0.002783875008184389]
[-0.01621486835475744, -0.01599823495799818]
[-0.008047198316560644, -0.0004104498907737675]
[-0.0002930486211268346, 0.014188048334141334]
[-0.011677877479331245, 0.0022788662631819667]
[0.013013121377352332, 0.006618727886475995]
[0.002248572725827458, 0.012416150683613736]
[0.0020690511800338096, 0.002922537233782996]
[-0.003018143558168651, 0.00603698238794198]
[0.010214419661605467, 0.015249514163937494]
[0.007692098687829385, -0.004474108202825955]
[0.01648576776425137, 0.010764680435100704]
[0.010823282090963171, 0.0011967435311812102]
[0.001556846859769867, -0.015031012542191302]
[-0.012808749094898375, 0.007866185005360682]
[-0.0074119718184594285, 0.018602374648482578]
[-0.00919510376129784, -0.013148500136802299]
[0.019022760035363295, -0.01086106264100306]
[0.01110326224704794, 0.0019630120588983724]
[-0.00858116127827041, 0.01339727310364447]
[-0.014751224694441345, -0.006686520234740367]
[-0.004764189526520857, -0.007167148739309792]
[-0.007938319739371757, -0.00048784140545443666]
[-0.00047081091785428075, 0.008376436296051892]
[0.01578924623039779, 0.011799321196079626]
[0.007951170523848472, -0.007204740944745547]
[2.798485296451325e-05, 0.012787214181863238]
[0.0067736419011826254, 0.007285069084900009]
[0.0014620350082493738, 0.009671049777053131]
[-0.0014447168264387078, 0.01921393069950561]
[0.01793821352375502, 0.005079822619844743]
[-0.00014363863599708981, 0.005073794389615305]
[0.004260690811793033, 0.0011255045599004587]
[-0.007095604169709946, 0.0039861479294101]
[-0.010795325156155278, 0.0005871564614347013]
[0.0035842202689368163, 0.01889707264589524]
[0.001301642848369422, -0.017508509410836592]
[0.008156122438951752, 0.007998906508760006]
[0.0023605771103600293, 0.01631552566012706]
[0.0064642649112547634, -0.005490565612680021]
[-0.011667613428193335, -0.0029441930470578415]
[-0.006789466384350684, 0.007957830579330971]
[0.007215893682365582, 0.005120137918397494]
[0.003752500415859769, 0.002537639622667398]
[-0.007414074207315435, 0.004744986189559097]
[-0.0067284440355527275, -0.0122903245643744]
[0.001063347216435362, 0.0037174878580825688]
[-0.005153218419221256, 0.0071911691421615576]
[0.007558361719898599, -0.0022007224949670556]
[0.006896606304937922, 0.008687139379880526]
[0.008498922628953798, -0.010110204481555751]
[-0.011470994416756634, 0.004816075754954463]
[0.001415604179446861, 0.000853435732111385]
[-0.005293075056362881, -0.002413494336326316]
[-0.0009538541908552245, 0.009609133937092174]
[0.0016857657632024653, 0.013516606829457323]
[-0.0017996460965162275, -0.004711039119785654]
[0.010209181405864659, -0.010147611147551583]
[-0.003765340729304817, 0.016525309261177235]
[0.0010050902635824477, 0.020917461174477348]
[-0.0021039660377434044, 0.013548758364090085]
[-0.009002781977715785, 0.0023101754965655363]
[-0.000871215799155306, -0.0005495888222185608]
[0.0032299654489270635, 0.015504512562302564]
[0.005910286477155205, 0.0008820557090650771]
[0.007370062681905876, -0.005306339121172177]
[0.005774112557951544, 0.002080920248918039]
[-0.00969669326629427, 0.008429625973692345]
[-0.006228405245921602, -0.004446487969459345]
[0.00946423597717494, 0.00039807337697594924]
[0.007479264911779457, -0.00019659122883508573]
[-0.0027297149818921174, -0.00873509025574104]
[-0.0015338253619618589, 0.000923413918724747]
[-0.0205685539872541, 0.007455936623448123]
[-0.011716411924551959, 0.0016741590747265667]
[-0.0005709625628484982, 0.003044385847916109]
[0.0008730562326337565, -0.009584421491818484]
[-0.00014250192410714124, -0.006209421097400303]
[0.008654405830891887, 0.015487399076178576]
[-0.00685555771497981, 0.010391777893312582]
[0.00146492422389366, -0.0023635801333851125]
[-0.0037185337451909883, 0.015265661509243467]
[0.0009966375599704258, 0.0067747226647072445]
[-0.0009989520622391557, -0.004209691054337661]
[0.00575683702292118, 0.004486535190218022]
[-0.009362250307989872, -0.002411277747527474]
[-0.00011295160992905173, 0.012074467216011908]
[0.0017694988270711143, 0.0008177014913742786]
[-0.015816145460258973, -0.0048782220373349006]
[0.007897026510715, -0.00534232042524152]
[0.006298967619082663, 0.006957722926906773]
[-0.012063102897705402, 0.006949428173877004]
[-0.005421145092719737, 0.007465744712064959]
[0.0023845510394244207, -0.0087487569565039]
[-0.003636601794070271, -0.0028585901071440656]
[0.006990903070971333, 0.00020591100993450073]
[0.01159285322026854, -0.0005593308635126748]
[-0.0022052871735528945, -0.013573557743079556]
[-0.0033390314452224623, 0.0072345063378072005]
[0.001336582280750953, -0.0027380473536929295]
[-0.0013175151072157831, 0.004340867687614214]
[4.3736591432641525e-05, -0.006495572098267621]
[0.005629089894319705, 0.00040959813691532343]
[-0.002099836807674116, 0.012032323529992062]
[-0.0005024153360329575, 0.0014571835415025935]
[-0.002624455815971649, -0.007759147214229767]
[0.007790070474473054, 0.00481103850454534]
[0.004634012516386399, 0.007547340197623709]
[0.002053713347537789, 0.004695336089434676]
[0.013082012792271391, 0.004097293902467047]
[0.010449590612347404, 0.005436935098700968]
[-0.0001386633175313179, 0.008826616681014643]
[0.0020052386705913805, 0.003774306503287028]
[0.00215697618432914, 0.004015457769424358]
[-0.004746029445799715, 0.012497950129103985]
[-0.003865734497585427, -0.0010278620025772067]
[0.0020790966033160663, -0.009884805875787883]
[-8.739569813120962e-05, -0.0027010515298108717]
[0.0008717565868970878, 0.006957803718784961]
[0.002499393421735552, -0.004472442769622859]
[-0.008783724653749547, 0.000583103138455332]
[-0.006068171095202857, 0.006957243267104313]
[0.0038608186931567423, -0.001345913363349216]
[0.0022103380651766757, -0.0061981550087974735]
[0.014853015306968809, 0.0005322570376986024]
[0.004282401597037078, -0.01088488965963652]
[0.003938609075847754, 0.00954611227379401]
[-0.006370997659033595, 0.0006604738989016146]
[0.002651332000946416, -0.01630341327310228]
[0.0038540761291669945, -0.006956521579451785]
[0.010500517676297172, 0.007507237460910421]
[0.0038994283576372357, 0.004124560909745542]
[-0.003906704953882789, -0.0020304171193127885]
[-0.0024587276689771453, 0.007183449938134523]
[0.0011563105473025304, -0.007952763098240473]
[0.0014632717133567508, 0.008706931150990999]
[0.005889073652234733, 0.00523599628124935]
[0.005913510263346522, -0.008783688183306965]
[-0.00013754607354257709, 0.007239091032534922]
[0.005832349802660702, 0.0033457157145294764]
[-0.002262896390537561, 0.005715114672368876]
[0.0027861193821773766, -0.0012908065151914956]
[0.005651590942833018, -0.0015920590396675122]
[0.004926889722223549, 0.000911034837382578]
[-0.0026027151488293987, 0.0046675700158829644]
[-0.0031177120773353273, -0.010033478458818204]
[0.003248696473421686, -0.00420987255240985]
[-0.0004915795637091824, 4.5361440017610295e-05]
[0.0002270668963939293, -0.0168697029956971]
[0.009744628957224305, -0.004158904932351397]
[3.171973658359917e-05, -0.0007516928045082222]
[0.003563463602200917, 0.0058866746553577695]
[-0.006475189635072064, -0.0034184948157941]
[0.0015326341125523751, -0.004102306997590886]
[0.003855423142679157, 0.0032740078596321665]
[0.0020545849465160304, 0.0029449551401099887]
[0.007124337306470455, 0.0037562909622948426]
[0.0036316641814801345, 0.00352127169330896]
[-0.0011671265455539433, 0.008161228181133014]
[-0.006594942012219794, -0.0025715022409615066]
[0.0029873817518142887, -0.006485955921938891]
[0.007014410191736251, 0.011353259404352398]
[0.00949549079599779, 0.006556095878614852]
[0.00634753343407346, 0.00784922246618864]
[-0.00014413256963458076, -0.006184709259467095]
[-0.0028525676528332877, -0.001387506522557081]
[0.0015193056981232522, -0.0005196350715443948]
[-0.00022441167200121237, -0.00024839451064376933]
[3.2908385564939246e-05, -0.002748181618961716]
[0.005283650383065414, -0.004961583977950386]
[-0.010130284895914082, 0.0038650619414126175]
[0.002555826877544909, -0.002967980358980153]
[-0.0027910465145156993, -0.007265798206548733]
[-0.004592581095223314, -0.004602625492571677]
[-0.003801098976424777, 0.003244469245806271]
[0.00011011120213735848, 0.004268816542773446]
[0.0006235913199861554, -0.00045313954724160443]
[0.002601596774978149, -0.008788215413464626]
[0.011813783572266867, -0.007753224890523602]
[0.002197697389687836, -0.0008940064883703469]
[-0.004970871170957014, -0.004331646143105189]
[0.004825725663799241, 0.006846226147951107]
[0.004969743749461519, -0.0021508777210767355]
[0.007525644413806015, -0.0010006033181681473]
[-0.0034015189718583083, 0.006123521900075701]
[-0.0033206701691271823, -0.004782455637759336]
[-0.0003586411928042099, 0.0027354237758490108]
[0.0002872670297990876, 0.013891425450984124]
[-0.0019569315078832306, 0.0018854779774351016]
[0.004675008654455581, -0.0040726164620972505]
[-0.0016154180997646206, 0.007442658199480312]
[0.003534725745052758, 0.0007634270484395134]
[-0.0009567327221578492, -0.000171760996059811]
[0.007538008486705938, 0.006462117829732605]
[0.00639466567259972, 0.0048750971228012085]
[0.002704092994177676, 0.0009183679047494175]
[0.001287450880582297, 0.0005488935728553967]
[-0.00012650971956090773, -0.006008667748662266]
[-0.0019909679813427394, -0.0005626194856540867]
[-0.0024521638035047144, 0.0021618520695950716]
[0.0014149549812888518, -0.00992335556679988]
[0.004468843050165372, -0.0007713995335471568]
[-0.001850823440769589, 0.0020409217220100917]
[-0.005036961059419642, 0.0015241897406772509]
[-0.005978128931125315, -0.010119233827103447]
[-0.0020043653134457218, 0.0025968253822019616]
[0.005320775596997174, 0.0066635773061658465]
[-0.00042589026042422207, -0.0013690803987006506]
[0.009232385217668226, 0.00034459038163703326]
[0.002296781734478337, -0.0013405404633626272]
[-0.0019825858877565716, -0.002618787991061744]
[0.007911363131930083, 0.0008189224501430892]
[0.00329863268187619, 0.00260479381402251]
[-0.0008982608263926051, -0.0019314074329079833]
[-8.816997482175015e-05, 0.0077447645204571924]
[0.005070294665588171, 0.004892349964320586]
[-0.004306943912840644, 0.0005142270890438061]
[0.0023097987534297926, 0.0029995195444010303]
[0.0028538994356574476, -0.0002547484624885743]
[-0.001191588574446567, 0.0032124996180465937]
[-0.003884596954179864, -0.0008348886532701383]
[0.004369894269934449, -0.0007270315249092718]
[0.0013974703254186482, 0.0012492444908816513]
[0.0056384470500184525, -0.00038102240876247695]
[-0.0036310914938106342, -0.0016220213049812915]
[-0.002860160431838926, -0.0011450848156886462]
[0.006090901473049415, 0.001196878610872143]
[8.28821005908198e-05, -6.206391255414445e-05]
[-0.006382246482300902, -0.000836307601783659]
[0.00017019909281670853, -0.0026519797758146613]
[0.0037929158602473256, -0.005883595377638162]
[0.0028687672828950905, 0.004636060931320074]
[0.001716013205835365, -0.0013450842477480407]
[0.002234969928806785, 0.0024732744653807037]
[-0.003988327177499307, 0.0005546191734642214]
[-0.002141357052103887, 0.008920694926890849]
[0.0036997422740867036, 0.004530104883240349]
[0.0030039645882674465, 0.0018660544159934123]
[0.008711858758296553, 0.01133753694981332]
[-0.0018569176263474457, 0.0020399352809389315]
[0.002796595059236018, -0.0056419044963301745]
[0.0006342773226071102, -0.00018518037453973957]
[-0.0008011213689582963, 0.006464135664237758]
[5.619678299449357e-05, 0.001490768280899557]
[0.0006871510985125562, -0.0015190649022222003]
[-0.00020690362047279774, -0.002632353356600836]
[-0.004316793965835647, -0.0006074006702128099]
[0.0019683633452133587, 0.005117763352442406]
[0.000676725046498794, -0.005893748910329677]
[0.0017247354307468668, 0.0012690786297393508]
[-0.0015763426530222557, -0.001548969261559563]
[0.0019401736991414842, -0.002155638867188059]
[-0.004529935027703574, -0.001980293270179345]
[0.001143410159625352, 0.0017305690858968603]
[0.000604406970408658, 0.0012936029902571589]
[0.0007338256074317651, 0.0023151448846956413]
[-0.0004564186222841826, 0.0033674304361626106]
[-0.006014898940769897, 0.003725176909829875]
[0.0005402490761590162, 0.0008697565919441042]
[0.0012264316636120265, 0.002454615731454668]
[0.0044912526278454434, -0.00198518048378471]
[-0.002316602805550516, 0.001156753546498357]
[0.006700980204795044, 0.0012182242569458435]
[-0.00011851540402288419, 0.0071382084548985425]
[-0.0063672123749075014, -0.003077206881243022]
[0.0018068139871825206, 0.0024512606668795067]
[0.001463825071095706, 0.007177620847530042]
[-0.0024568809850417372, 0.00019074693402720833]
[-0.0008418668868303766, 0.007149585048302098]
[-0.002238670376331159, 0.0035358003491176015]
[0.0022006770807228918, 0.001226747444413756]
[0.0009565494629626414, -0.000765076712292978]
[-0.008639773254269331, 0.0010446438207921682]
[-0.005175757824033789, -0.003833203984373146]
[0.002038550209607401, 0.0017620062574860151]
[-0.0025957067715438598, 0.006491373883019569]
[-0.001311127991795974, 0.0002810360636257281]
[0.004488036264407247, -0.0030671039313046045]
[-0.0004117116774450674, -0.0013391042778257978]
[-0.0033107401410812365, 0.0029210378800774706]
[0.007995223401291135, -0.0034529872402035977]
[-0.002820172318172831, -0.0008532414114270082]
[-0.0039018337422120908, 0.004020806196773807]
[0.00047418582364128214, -6.125158703357281e-05]
[0.0015198001928547755, -0.0015927772581159072]
[-0.004496145992945455, -0.0006257046745551387]
[8.381450843952809e-05, 0.005122954332082319]
[-0.0035631739266788753, 0.004039685282020533]
[0.0011879801219403796, 0.0014245549019326065]
[-0.0029648104727726388, -0.0019228712397443837]
[0.00520407329064887, 0.006028242075507284]
[0.0010131424507039966, -0.00019952605497319809]
[0.0035704452811051723, -0.0008555152514152509]
[-0.00039327699250846226, -0.00039828992887486203]
[0.0011452957822511434, -0.0015188890944584643]
[0.0014819537406779992, -0.001748689438429929]
[-0.004752145448909423, 0.005881999817305084]
[0.0008050868212819418, 0.00011001246823016952]
[-0.002063255643306533, 0.0038773418530663184]
[0.0012092472787075814, -0.002463839986566907]
[0.0006609004148948328, -0.003868712532096974]
[-0.004377350418249326, -0.00020209098452983465]
[-0.002848051993406958, 0.0027648516049542105]
[0.0001245833944448771, 0.00048047015752150646]
[-0.006328212630679397, -0.000836572513758127]
[-0.00033478445482543195, -0.0006259960161612566]
[0.005839304231615328, -0.0005123275174934716]
[0.0016943178581669271, -0.0026639907083369774]
[0.002023745324879589, 0.005274981105261312]
[0.002101053226912508, 0.0002656863385644137]
[0.0041136167511687804, 0.004960121040647747]
[-0.00033404731598363213, 0.0013795211185409217]
[0.001375284968117757, -0.002497914803364254]
[-8.563331515831774e-06, -0.004809305285729315]
[0.005916078041032585, 0.008252466704447015]
[-0.0009492089179272689, 0.004967501236110339]
[-0.0035573627580405276, 0.002107555817103257]
[-0.00028471286834141907, 0.00206124452265663]
[0.003389583770700255, -0.0007479467162683773]
[0.0013866865987013366, 0.0003779401214489414]
[0.007700032308939453, 0.009414224767480828]
[-0.0021511714456113884, -0.0033091883690362367]
[0.0003586481801058361, 0.0002558581714385]
[0.002787177070825486, 0.00435447900895862]
[0.005197077232486108, -0.0051435357956328975]
[0.002670671263481861, -0.006629407496652598]
[-0.0037836307116154433, 0.003457546660662253]
[0.0007137787106016313, -0.0015472150616807137]
[0.0004973189813522183, -0.0011826580982899348]
[-0.0006361537447999999, 0.003322190341721487]
[0.0020278697573402893, -0.001964436610805767]
[0.004214498123933014, 0.0010767031975595504]
[0.00042385173298623013, -0.0061843351930295914]
[-0.004034800870815453, -6.828636291385942e-05]
[0.0013443926100580872, 0.0015674651543543666]
[-0.0006362598179894541, 0.004145217106592932]
[0.0009745539118387048, -0.0007555417447849266]
[0.0023935575112152274, -0.003124959901921966]
[0.0046487104376126825, 0.0026529734091064044]
[0.0013319916670123944, -0.004988310830266712]
[0.0024782993533030984, 0.004786991693239984]
[-0.003274616246634804, 0.0027856416159460296]
[0.0010432119911585325, 0.00031143675877648436]
[0.0021834467706970673, -0.0022801665174621757]
[0.0008485226935554535, -0.0013401172876410586]
[0.004178230965779295, 0.00019362902518624075]
[0.0015802372302536616, 0.0015195860259779488]
[0.00034848135449151024, 0.0029284872886114082]
[-0.003960660711529347, -0.0031201131721938277]
[0.0023146927512470786, 0.0024542480588458145]
[0.002731082144829304, 0.004762101169178973]
[0.004208753349017064, 0.0013316250879031855]
[0.0007848899667174634, 2.5856511915011565e-06]
[-0.002794132627502776, -0.002661929996883235]
[-0.0007318848462595333, -0.0022288511814948174]
[-0.0013399748527771153, 0.002305117713703566]
[-0.002409658621862147, -0.0015845455614840937]
[0.0024936975697087554, -0.005035511127115215]
[0.0003145330672363056, 0.002426486067790338]
[0.0010282700921085616, -0.0001206537930855435]
[0.0022272402777891165, -0.0005049125543286955]
[-0.00023016526576488672, 0.00023477124224461493]
[0.004738987685833723, -0.0032094725030343426]
[0.0069142593635546645, 0.005160055835970852]
[0.0023128342615020697, 0.0027726025237590378]
[5.683739917848596e-05, -0.001929256200739221]
[0.0014613675798498538, 0.0002070655649248892]
[-0.00010190362946943532, 0.0004978106328243567]
[0.004823140432052925, 0.002150820780222733]
[0.00031152037430956514, 0.0014731837360431044]
[-0.002235080326545291, 0.0031760319210819773]
[0.0019572637106722024, 0.002621517869585241]
[0.0032849533626713168, -0.003777505534277751]
[-0.006283239172096167, -0.0021273577943658473]
[-0.0005211532610657765, 0.0005197247651348783]
[0.003721109716904092, 0.002749743539966265]
[-0.00031484645973989256, -0.0065732444415232336]
[0.004502199801578927, -0.00044987721875161535]
[0.00031231980377380286, -0.0007198279732321608]
[0.0011844543399272822, -0.004967377720927979]
[-0.004962890454819596, 0.000778354776828763]
[0.0027464298513265872, 0.003479352732251084]
[0.002101357333176984, -0.0012642232504139483]
[0.004347815490888973, 0.000981765186311212]
[8.37833421720724e-05, -0.002350207405570265]
[-0.001154444474830596, -0.002550769891979221]
[-0.003952854505609671, 0.00027178788809226195]
[-0.0022958161718424908, 0.003213249366884663]
[4.920458233936831e-05, -0.003444460666587379]
[0.004434691074732655, 0.0018321155583813087]
[0.004137865237611338, 0.004399808832057511]
[0.0011915898032233418, -0.0016056213930841778]
[0.0005924295207908603, -0.0009460167572961087]
[-0.0005218153181427154, 0.0026085229334060767]
[0.0004487531722258131, -0.001326507418181605]
[0.003973293777797621, 0.0036938187793854604]
[0.001616414984094039, 0.0030036563623025425]
[-0.0025935838663720956, -0.006385366556136918]
[-0.0027912572461548657, 0.0017105642761690298]
[0.0015543607963119932, 0.0038912366371531837]
[-0.004156483267567901, -0.002077973578187009]
[0.0018666546433908082, 0.0023365749193495766]
[0.002019733925275713, 7.408102338246625e-05]
[0.0009732519509862703, 0.0022451398268271694]
[-0.0019286974850518113, 0.0007250556416785736]
[0.0008192953432584749, -0.0011335168328203138]
[-0.0007833718952591218, -0.0036157973224423823]
[0.00431380949071139, 0.0020008013637555777]
[0.0015179126238688556, -0.0005962682212187209]
[-0.0008080453942644339, -0.0027310950784503185]
[-0.0037274925091996813, 0.0027050874411720383]
[0.004789909909041518, 0.00016814343698229317]
[0.0009094572040928561, 0.0001598526125944355]
[-0.002170048076476888, 0.0019302789529691]
[0.00042143510625264335, -0.0016122442090738542]
[0.001447224253655649, 0.002024308362987448]
[0.0014139189422779364, -0.0014088045062601307]
[-0.001057615046283572, 4.5339073872496805e-05]
[-0.0024358073461112073, 0.00284304287913556]
[0.00029753161934914507, 0.0014620957728019301]
[0.0012495892508761486, -0.0018596802064986817]
[0.0034065840886865484, 0.00033467242186224766]
[0.003385797193637907, 0.004425729178887616]
[0.002121254704807174, 0.0008181200546709122]
[-0.0029908196969883893, -0.001419115777905211]
[0.0004535132482989396, 0.002433330532059963]
[-0.0017641558713386574, 0.0025757032234791644]
[-0.0009440500572755472, 0.0007959229712923288]
[-0.00046726835128590993, -0.0017652311944655885]
[0.002176054670945407, -0.0001629803165003607]
[-0.00400950403706532, -0.00029259152746780037]
[0.0025767340993063242, 0.00521862031989706]
[-0.0013446193553151853, 0.0003146464634923296]
[0.0006840059864496179, 0.0013957908580873868]
[-0.0002981479114572694, -0.00028438124138435716]
[0.0013984601556487342, 0.0008153981367128305]
[0.0006479908120485267, 0.0009963439913139305]
[-0.00038369710697768594, -8.030909731493452e-05]
[-0.0006505890323655339, 0.003031337157817726]
[0.0006613337949534556, 0.0002134105029841793]
[-0.003059208934088564, 0.0009394224036580745]
[-0.0013352712611632116, -0.0010680588208636932]
[0.0031702471954499767, 0.0026285006727933546]
[0.0025212736783440416, 0.005813433268046619]
[0.0022572685064873588, 0.0031527587896411635]
[-0.002919516942044814, 0.0006767032440876397]
[0.00021507209203831812, -0.000948847090764815]
[-0.0003935990392073957, 0.0052859364941636455]
[0.002901006583974769, -0.0007560793391802045]
[-0.0022877197760533124, 0.0006532570776361935]
[0.0015428153424005275, 0.004111831627946372]
[0.0006270417503025233, -0.0006440623008714397]
[-0.0008093955630930072, 0.0008208542869979629]
[-0.0013994003292927548, 0.0017765209132867277]
[-0.0006272396953175552, -0.0025851889033325914]
[0.0007160939550266837, 0.0004599304157222317]
[0.00034909431766824706, 0.002513189844008723]
[-0.004948574903358732, -0.0007267336459244045]
[-0.002953271444943867, 0.0016712729707075713]
[0.0023332753171207143, 0.0003893419011462007]
[0.00048064495601625803, -0.006588241633432357]
[0.0026505937052765383, -0.001660081166742211]
[0.0009858520147780735, 0.00487122852936539]
[-0.0012240655475667384, 0.00301245053548993]
[0.0017323578601781686, -0.000250275129184907]
[0.0011772662002090262, -0.0009883449137900735]
[-0.0016340385594140402, 0.0011537406493848379]
[-0.0029288073808334814, -0.0004845025378133472]
[0.0034933612817905774, -0.0009807593019662275]
[-0.0036602233315336796, 0.00028683944308377507]
[-0.0014276776045051426, 0.003540728660538839]
[0.00019632765677018993, -0.00021536175865799478]
[-0.0023847192389935268, -9.680936051442712e-05]
[-0.0008821152394600518, -0.0012055586991076561]
[0.0041843606894881175, 0.0007547125567882729]
[-0.000276168453480774, 0.0034664362497148216]
[0.0015116286813268848, 0.003085152874076069]
[0.0012641349665004076, 1.5877765240868147e-05]
[-0.0010065430077683957, 0.0005790363969029322]
[-0.000445896703563764, -0.0004109398604439929]
[0.0013561440813543435, 0.0008234320098758907]
[-0.0008130342981483296, -0.001171030582805932]
[0.0020167857539560297, 0.0025730957731168735]
[0.004287039853768271, 0.0010365717499445926]
[-0.0018268392695660607, -0.0007128811475122787]
[-0.0036600399129677053, -0.0005365086802126551]
[-0.001129839022971979, -0.00012956462249602563]
[-0.001152387836471258, 0.002797508038147045]
[0.0028183300260391786, -0.0002953431026631037]
[-0.0013995190285476244, -0.002737281864513663]
[0.001994297026258085, -0.00046503291296956517]
[0.0014241172444114936, -0.0020314870384539607]
[-0.0006723049397537317, 0.000777039092965226]
[-0.001582529087236495, 0.0002724971688703448]
[0.003636964946806126, 0.0005589912014806186]
[8.923515765396628e-05, -0.0010061356715002079]
[0.0024196690661513476, 0.0002733327607041258]
[-0.002525166094037856, -0.0015853335546011926]
[-0.0014479325729646886, 0.0029460995512811117]
[-0.0017347420078843157, 0.0010068617126354762]
[0.0020337756511105143, -0.005748494741277976]
[-0.0006633197775493538, -0.0014050727709024047]
[-0.0003485503570205828, 0.002347309423652466]
[0.002600972858898487, -0.0004139069740445034]
[0.0004733373633661331, 0.001623763814918966]
[0.0006446704661994818, -0.0015149911840857677]
[-0.0023626732628774794, -0.0007960665439596115]
[0.0020391985185109762, 0.0027060592989252286]
[0.0038013646892348374, 0.00039479245878279445]
[0.0017930660627428208, -0.003868580309196512]
[-0.003700781529709707, 0.00580401595791713]
[-0.0009294759457125212, -0.0019710942387305558]
[-7.479419464656578e-05, -0.002905691650612219]
[0.0031222099770209233, 0.00020737182212048066]
[0.0028601381713072582, 0.0006601335972583056]
[0.0018645850872152647, 0.000698150754868801]
[-0.002286456402605691, 0.0013963548133522907]
[-0.0024979529428790226, 0.0006382313773760778]
[0.0029574523880980252, -0.00034861058077428897]
[0.000459794630626259, 0.0017925416628083723]
[0.003666058372247455, -0.0007789059998415948]
[0.001039127817130281, -0.0029590366682507516]
[0.0012990713681561294, 0.0019122603557112233]
[0.0005480655409666191, 0.0005786269250850767]
[0.001013898964395854, 0.0014589037542128425]
[-0.002159963324775749, 0.0014582592156537344]
[0.0011900320938978415, -0.0009141010540777428]
[0.001790929660947349, 0.0006439446574738848]
[0.0010612767912610288, 0.001120904559091862]
[-0.001702250755871243, 0.0008447495627592894]
[0.001753829363193543, -0.0003572366890832665]
[0.0003604249915551694, 0.0009898137469467397]
[-0.001207086927227402, -0.003015968787838899]
[0.0015696578838736708, -0.001267513310895611]
[0.0009611459424065938, 0.0030990744265835465]
[0.0033493354457082986, -0.0005228782263146528]
[0.00010401984785851637, -0.0007919033614920967]
[-0.00022053487110132441, -0.0006286660062634168]
[-0.0016829097131240145, 0.0016741973010662575]
[0.00017136634778376625, 0.0004972933740146459]
[0.0014017470224641712, -0.0003314164589645757]
[-0.00027807379256294257, -0.0029220895900748463]
[-0.0004374266367577137, 0.0011576664444816996]
[0.0010729932378989934, -0.00012585474574456842]
[0.002872493663501334, -0.00324811855151685]
[-0.00026702226054147946, 0.0016110628875061824]
[-0.0011182590570777834, -0.00011518096606953371]
[0.0018322461347979602, 0.003571129889685555]
[0.003180656872746954, -8.620901332774696e-05]
[-0.0017660106275698834, -0.001982951292472594]
[0.000977702622085297, 0.0004048950255779887]
[-0.001058719940092134, 0.0009736818423201335]
[0.0005279769837229498, 0.0005194078453075721]
[0.0021689600938005413, -0.0005221130064890795]
[-0.0020271114302719273, 0.002025823816683563]
[-0.0008162132818746656, 0.00025736958659290654]
[0.0007852907170247669, -0.0012653290171081024]
[-0.00032410178250681654, -5.1568757632330237e-05]
[-0.0003470505380327865, 0.004578377987209819]
[0.0030649434657888663, 0.0021799145661899368]
[0.000455461143840874, -0.0018567120630055053]
[0.0007855121276894445, -0.0012584098522165146]
[0.0036901851573959144, -0.0007304467499286288]
[0.0009091854142408012, -0.002217781245805378]
[-0.002488697778808918, 0.0030044311116391095]
[0.0024495300915007984, 0.0006898397058840156]
[0.0012651388546197073, -0.0022344998463129893]
[0.0024246112317204416, -0.0002963786264702853]
[0.00012261197133797697, -0.00010637419976888829]
[-0.002997062611461626, -0.0001529743929154781]
[-0.00020341320068048563, 0.0018415482856776674]
[-0.0004329864080735435, 0.0018314583330354545]
[0.0017436955323956171, -0.002768467205678124]
