[111.47430509059257, -966.2908587288027]
[-4.3677680888907275, 0.992363767654993]
[-3.8253850498222732, 0.7554915588242608]
[0.0007178969328514029, 0.2829087246472404]
[0.13425217141759865, 0.3173770025676417]
[-0.4630975172884746, 0.13085250216121302]
[-0.4411534967015598, 0.08463530101661121]
[0.008422040219623506, 0.06101665117849775]
[0.02394111974278179, 0.08898684577408744]
[-0.16488241870099785, 0.05217404598998421]
[-0.15934351311246076, 0.02607006841556192]
[0.004671231541155008, 0.023349298670845453]
[0.008692957156634318, 0.04326871318737169]
[-0.08347941324821306, 0.029163150045689257]
[-0.08102653893373457, 0.010887342542041267]
[0.0026794102922914065, 0.011103139668849238]
[0.0040378602475016345, 0.02633008578264917]
[-0.050107464336967666, 0.019168718908650906]
[-0.04868304147443325, 0.005116232125969233]
[0.001584393934245129, 0.0058389181387834554]
[0.002059282160300935, 0.01808606644805799]
[-0.033247067046012546, 0.013842898548072968]
[-0.032283701333764014, 0.0024507719889204083]
[0.0009283475511334127, 0.0031938041560772845]
[0.0010488727379336371, 0.01339352499207358]
[-0.023560275914981332, 0.010624251010844521]
[-0.022845121454675876, 0.0010698543265119653]
[0.0005065182247430133, 0.0017278131031837063]
[0.00046915269633429624, 0.01043530153334693]
[-0.01748675635657193, 0.008505486197056822]
[-0.01692281297816578, 0.00030144766817308266]
[0.0002200819495799533, 0.0008606372060215861]
[0.00010890120294404504, 0.008431156524500771]
[-0.013429705044838869, 0.0070216801403577556]
[-0.01296637853105409, -0.00014496969610888755]
[1.7212361051899272e-05, 0.00032471062923100646]
[-0.00012817890337402105, 0.006998682407219015]
[-0.010586275306504689, 0.005932626803716978]
[-0.010194427043163756, -0.00040976183759955376]
[-0.00013126126141116412, -1.5951352160037402e-05]
[-0.00029093846555072744, 0.005931528523298368]
[-0.008516937488714404, 0.005103347519461732]
[-0.008178467063940431, -0.0005665748164211948]
[-0.00024274507302057824, -0.0002357541516166961]
[-0.00040624283370260805, 0.005109877788997075]
[-0.006964633509324969, 0.0044528914807142606]
[-0.006667609055579504, -0.0006565831228693142]
[-0.0003281401108857773, -0.00037783525715351374]
[-0.0004898319100745674, 0.004460019935286219]
[-0.005770868418434105, 0.003930119307869351]
[-0.005507040074196112, -0.0007039937478028335]
[-0.0003945557468554295, -0.00046839610772053675]
[-0.0005514102905199714, 0.003934438338395463]
[-0.004833599290046564, 0.003501322270493379]
[-0.004597036052025771, -0.0007236280152049801]
[-0.0004467906717222636, -0.0005239710273308162]
[-0.0005972186938127955, 0.003501295404316984]
[-0.004084714091952435, 0.003143480967678247]
[-0.003871011598812757, -0.0007248677375013557]
[-0.00048818095753899726, -0.0005553315137634129]
[-0.0006314148531241237, 0.0031385552864700017]
[-0.0034773369624474526, 0.0028403983289280177]
[-0.003283134062603388, -0.0007138174988252644]
[-0.0005211061287380137, -0.0005696859265800214]
[-0.0006568537506419503, 0.002830538669094995]
[-0.0029783484392345017, 0.002580381930212816]
[-0.002801019734283372, -0.0006945417274826227]
[-0.0005473021318171956, -0.0005719699232025199]
[-0.0006755478345459309, 0.0025658200375868745]
[-0.0025638084441483855, 0.0023548018808194904]
[-0.0024012616972131084, -0.0006697988961699153]
[-0.0005680610145946119, -0.0005656301745755599]
[-0.000688948664959721, 0.0023358990097253063]
[-0.0022160623963847215, 0.0021571639888602334]
[-0.002066600882351999, -0.0006414912406818019]
[-0.0005843618678362805, -0.0005531148372952543]
[-0.000698124871975736, 0.0021343350797682348]
[-0.0019218584749225442, 0.001982497023381491]
[-0.0017840849195973618, -0.0006109478687683634]
[-0.0005969588044638652, -0.0005361886641290781]
[-0.0007038777869059487, 0.0019561690408265164]
[-0.0016710914870099458, 0.0018269374170096775]
[-0.0015438394354543306, -0.0005791073036824912]
[-0.0006064413678565916, -0.0005161401842626034]
[-0.0007068184529543942, 0.0017975269408538885]
[-0.0014559458408411885, 0.0016874415029017875]
[-0.001338229593221385, -0.0005466376869431855]
[-0.0006132768236617459, -0.0004939207414889069]
[-0.0007074200522132479, 0.0016553432718273697]
[-0.0012702990026181027, 0.0015615821446188782]
[-0.0011612764134443232, -0.0005140174174673717]
[-0.0006178402916567904, -0.00047023952356672893]
[-0.0007060543041426115, 0.0015271638427729606]
[-0.001109298725794794, 0.0014474024341466496]
[-0.0010082431015052684, -0.00048159014971238534]
[-0.0006204365575293025, -0.0004456295827646173]
[-0.0007030171862552059, 0.0014110030125720208]
[-0.0009690585152597464, 0.0013433087422463075]
[-0.0008753370682850203, -0.0004496028577354316]
[-0.0006213160909926962, -0.00042049438656110993]
[-0.0006985474014351567, 0.0013052386960197282]
[-0.0008464349896217804, 0.0012479913866885184]
[-0.0007594920974600683, -0.0004182325271426812]
[-0.000620686965113304, -0.0003951410778539888]
[-0.0006928398309375972, 0.0012085340683745116]
[-0.0007388629032765159, 0.0011603650009175404]
[-0.0006582069433354043, -0.00038760508942869976]
[-0.0006187238329964373, -0.0003698045277884532]
[-0.00068605546450895, 0.0011197784303931257]
[-0.0006442313717744952, 0.001079523158596718]
[-0.0005694242544582728, -0.0003578089958411468]
[-0.0006155747631688691, -0.0003446649221063858]
[-0.0006783288188008108, 0.0010380420188846884]
[-0.0005607899463280219, 0.0010047034590945358]
[-0.0004914387103482909, -0.0003289050361541257]
[-0.0006113664977052125, -0.0003198607459480307]
[-0.0006697735408942584, 0.0009625411022882169]
[-0.00048707658577340496, 0.0009352603815795391]
[-0.0004228265880472648, -0.0003009335004282576]
[-0.0006062085346361101, -0.00029549846068022134]
[-0.0006604866836017464, 0.0008926107483904211]
[-0.00042186188097526056, 0.0008706439785557407]
[-0.00036239123285231045, -0.0002739194378618137]
[-0.0006001963249397946, -0.0002716597743037674]
[-0.0006505519977437757, 0.0008276833820142215]
[-0.0003641054723595438, 0.0008103830012551327]
[-0.0003091204596503694, -0.00024787654438540585]
[-0.0005934137961305375, -0.0002484071439030622]
[-0.0006400424891435108, 0.0007672717576556742]
[-0.00031292170779750883, 0.0007540714262428416]
[-0.0002621529945177059, -0.00022281004972457552]
[-0.0005859353585710991, -0.00022578797088046443]
[-0.0006290224197966765, 0.0007109553275110869]
[-0.000267552368609314, 0.0007013576132854915]
[-0.00022075183035075163, -0.00019871887194167215]
[-0.000577827511396567, -0.0002038378180304612]
[-0.0006175488853501498, 0.0006583692479795733]
[-0.0002273448498959496, 0.000651935519661917]
[-0.00018428291702510258, -0.00017559722888105256]
[-0.0005691501358011664, -0.00018258289103156855]
[-0.0006056730666474941, 0.0006091954516107556]
[-0.00019173458403809462, 0.000605537530685929]
[-0.00015219800073407175, -0.00015343584840277202]
[-0.0005599575423449465, -0.00016204196312052943]
[-0.0005934412284482882, 0.0005631553484595209]
[-0.00016023079098026471, 0.0005619285739260071]
[-0.00012402071576622653, -0.00013222287702552293]
[-0.0005502993235695364, -0.0001422278733151927]
[-0.0005808955208439492, 0.0005200038246251371]
[-0.0001324048554305346, 0.0005209012574314276]
[-9.933524392280457e-05, -0.0001119445635633376]
[-0.0005402210511364913, -0.0001231486995740827]
[-0.000568074625188153, 0.0004795242770962993]
[-0.00010788079280144025, 0.00048227183322335776]
[-7.777701505540247e-05, -9.258577148463232e-05]
[-0.0005297648483053585, -0.00010480868025264378]
[-0.000555014277015875, 0.0004415244846487365]
[-8.63273862629077e-05, 0.00044587682647390103]
[-5.902504021570998e-05, -7.413036394687822e-05]
[-0.0005189698618988103, -8.720893947122832e-05]
[-0.0005417476910403174, 0.0004058331576024532]
[-6.74516692797944e-05, 0.00041157020837290226]
[-4.279555893754727e-05, -5.6561490761497524e-05]
[-0.0005078726524878618, -7.03480616590646e-05]
[-0.0005283059074900898, 0.0003722970393339464]
[-5.09934973947912e-05, 0.00037922101281440135]
[-2.8836750084082485e-05, -3.986180230008962e-05]
[-0.0004965075179756973, -5.4222547418047995e-05]
[-0.0005147180751472469, 0.0003407784611081377]
[-3.672100697371672e-05, 0.00034871132081759626]
[-1.6924308502586083e-05, -2.401360565906785e-05]
[-0.00048490676274948186, -3.882717467895702e-05]
[-0.0005010116833341627, 0.00031115327227682066]
[-2.4426799304977376e-05, 0.000319934545257361]
[-6.857729502512955e-06, -8.998980933760947e-06]
[-0.0004731009216398796, -2.4155289095162402e-05]
[-0.00048721275197172176, 0.00028330907765317104]
[-1.3924721574520849e-05, 0.0002927939695144266]
[1.5428243900772465e-06, 5.200136679706091e-06]
[-0.0004611189469505561, -1.0199034603086687e-05]
[-0.0004733459878361046, 0.0002571437347783645]
[-5.047140729130817e-06, 0.0002672014964608671]
[8.439176011329486e-06, 1.860189890257047e-05]
[-0.0004489883646958681, 3.05046163906475e-06]
[-0.00045943491293742866, 0.00023256406677080177]
[2.3573738714699477e-06, 0.000243076572278067]
[1.3977387626103177e-05, 3.1224502757609685e-05]
[-0.00043673540497879415, 1.5602938575831615e-05]
[-0.0004455019697897633, 0.00020948475442694736]
[8.426026843005863e-06, 0.00022034526090686235]
[1.8289682720003253e-05, 4.3086164223216095e-05]
[-0.0004243851113061581, 2.7468882153214302e-05]
[-0.00043156860809689945, 0.00018782738403508303]
[1.3283488104226526e-05, 0.0001989394443663306]
[2.1496090098698656e-05, 5.420510168357984e-05]
[-0.00041196143168731325, 3.8659426104925565e-05]
[-0.000417655355537061, 0.00016751962176675406]
[1.7043345017203615e-05, 0.00017879612824578395]
[2.3705855078373292e-05, 6.459952466753016e-05]
[-0.000399487294934886, 4.918627266314868e-05]
[-0.0004037818758391154, 0.00014849449999684503]
[1.9809352500309296e-05, 0.00015985684117780785]
[2.5018654018733183e-05, 7.428763031730456e-05]
[-0.0003869846743613792, 5.906162748003929e-05]
[-0.0003899670161637836, 0.0001306897974398813]
[2.1676512826647454e-05, 0.00014206710968908687]
[2.5525643153414407e-05, 8.328760051287687e-05]
[-0.00037447464068884884, 6.829814409381463e-05]
[-0.00037622884543697666, 0.00011404749793411662]
[2.2732010495270585e-05, 0.00012537600190762332]
[2.5310366466142764e-05, 9.161760291309662e-05]
[-0.0003619774063379211, 7.690887989592055e-05]
[-0.0003625846856212256, 9.85133208863398e-05]
[2.3056023932277632e-05, 0.00010973572898086148]
[2.4449543832617132e-05, 9.929579310470615e-05]
[-0.00034951236193991875, 8.490725650350806e-05]
[-0.00034905113665439913, 8.403630865766454e-05]
[2.2722432214733815e-05, 9.510129493320654e-05]
[2.3013757165332716e-05, 0.00010634031571135627]
[-0.00033709810674631413, 9.230702729665086e-05]
[-0.0003356440965514018, 7.056846710884468e-05]
[2.1799431648362316e-05, 8.143019133061147e-05]
[2.1068049005472378e-05, 0.00011276930694159581]
[-0.0003247524737410856, 9.91222491267818e-05]
[-0.0003223787773980469, 5.806445069533872e-05]
[2.035007512903031e-05, 6.868212952260144e-05]
[1.867244616145236e-05, 0.00011860089660722939]
[-0.00031249255019361044, 0.0001053672558436608]
[-0.00030926971782463397, 4.6481284912580634e-05]
[1.843274523559771e-05, 5.681880412714002e-05]
[1.5882419058921293e-05, 0.00012385320781971298]
[-0.0003003346946783836, 0.00011105663573479294]
[-0.000296330792911359, 3.577812399435665e-05]
[1.6101569789130944e-05, 4.580368753648312e-05]
[1.274928529443331e-05, 0.00012854435807813092]
[-0.0002882945510376267, 0.00011620521075141055]
[-0.00028357522190258777, 2.5916038096207572e-05]
[1.3406788150384027e-05, 3.560184722500859e-05]
[9.320565454690177e-06, 0.00013269245695135545]
[-0.00027638705969490474, 0.00012082801572191326]
[-0.00027101557404884957, 1.685782499860622e-05]
[1.0395074482277833e-05, 2.617978666685783e-05]
[5.640297247477832e-06, 0.00013631560414345545]
[-0.0002646264670662646, 0.000124940279888186]
[-0.000258663773255563, 8.567845892093473e-06]
[7.109823819739791e-06, 1.7505305627607548e-05]
[1.749313628340854e-06, 0.000139431886317265]
[-0.0002530263333255789, 0.00012855740903494617]
[-0.0002465311017316729, 1.0118810960246805e-06]
[3.5914059448582947e-06, 9.547376284890774e-06]
[-2.314510215178922e-06, 0.0001420593714163143]
[-0.00024159953871594197, 0.00013169496659554136]
[-0.00023462820276387575, -5.842998047289605e-06]
[-1.2260902547411856e-07, 2.276035796389131e-06]
[-6.516037235559935e-06, 0.00014421610312342903]
[-0.00023035828909856448, 0.00013436865711036194]
[-0.00022296508323949027, -1.202853959825223e-05]
[-3.997249590798058e-06, -4.337707781187916e-06]
[-1.0822672608490347e-05, 0.00014592009412939255]
[-0.00021931412053133315, 0.0001365943076477305]
[-0.00021155111569770568, -1.7575409823611388e-05]
[-7.999963103327845e-06, -1.0321959075687559e-05]
[-1.5204188367146099e-05, 0.00014718931694213122]
[-0.00020847790349209916, 0.00013838785061004444]
[-0.00020039504043012357, -2.25132784247295e-05]
[-1.2100454954422357e-05, -1.5704006393502112e-05]
[-1.9632566334137902e-05, 0.00014804169571525083]
[-0.00019785984677378465, 0.00013976530640980034]
[-0.00018950496765124392, -2.6870893021335718e-05]
[-1.627054394173766e-05, -2.051038538919414e-05]
[-2.4081856652147238e-05, 0.0001484950950851882]
[-0.0001874695010974925, 0.00014074276468933888]
[-0.00017888837973645266, -3.067614538432295e-05]
[-2.048403214122141e-05, -2.4766933060416108e-05]
[-2.8528050303067154e-05, 0.00014856730947399033]
[-0.00017731576292701057, 0.00014133636735025323]
[-0.0001685521339707119, -3.3956127196477226e-05]
[-2.47165873670796e-05, -2.8498834364620862e-05]
[-3.2948963756607164e-05, 0.00014827605155465218]
[-0.00016740687820981925, 0.00014156228945194638]
[-0.00015850246550774827, -3.673718022545458e-05]
[-2.894563655891913e-05, -3.173066339590136e-05]
[-3.732413413493063e-05, 0.00014763893884306434]
[-0.00015775044648180803, 0.00014143672124133921]
[-0.000148744990944083, -3.90449384839453e-05]
[-3.315026898903506e-05, -3.448641752012982e-05]
[-4.163472383533762e-05, 0.00014667348081331966]
[-0.00014835342529928575, 0.00014097584999450685]
[-0.00013928471245083784, -4.09043644655771e-05]
[-3.731114798294355e-05, -3.6789546323245936e-05]
[-4.586343334456178e-05, 0.00014539706541927266]
[-0.00013922213496408986, 0.00014019584062097135]
[-0.0001301260223938172, -4.233978118883819e-05]
[-4.141042999461497e-05, -3.866297711918598e-05]
[-4.99944211190817e-05, 0.0001438269439246742]
[-0.0001303622638395563, 0.0001391128172832934]
[-0.00012127270872719365, -4.337489842520803e-05]
[-4.543169044712858e-05, -4.01291345015764e-05]
[-5.401322998321856e-05, 0.00014198021716238518]
[-0.00012177887419473343, 0.0001377428449175211]
[-0.00011272796107286709, -4.403283478882081e-05]
[-4.9359855160524546e-05, -4.1209958033583405e-05]
[-5.7906718887723585e-05, 0.00013987381966873436]
[-0.00011347640851888663, 0.00013610190966528712]
[-0.000104494377406672, -4.433613719534435e-05]
[-5.3181136981717e-05, -4.19269154727786e-05]
[-6.166299967835798e-05, 0.0001375245047882112]
[-0.00010545869656497509, 0.0001342059003942575]
[-9.657397159368308e-05, -4.4306795991211345e-05]
[-5.688297687200805e-05, -4.230101315649826e-05]
[-6.527137814993367e-05, 0.00013494882958686727]
[-9.772896303705814e-05, 0.0001320705902426722]
[-8.896818167314358e-05, -4.3966257236238704e-05]
[-6.045398880138997e-05, -4.235280486630799e-05]
[-6.872229876186964e-05, 0.00013216313865394014]
[-9.028983583059258e-05, 0.00012971161714780965]
[-8.167787878232691e-05, -4.333543358825409e-05]
[-6.388390819389578e-05, -4.210239742796773e-05]
[-7.200729277556661e-05, 0.00012918354893021178]
[-8.314335513781579e-05, 0.00012714446621064912]
[-7.470337702231156e-05, -4.2434711292393956e-05]
[-6.71635433866502e-05, -4.156945439093285e-05]
[-7.511892930089914e-05, 0.00012602593455912636]
[-7.629098307315729e-05, 0.0001243844505807168]
[-6.804444389985065e-05, -4.128395692526432e-05]
[-7.028472963632737e-05, -4.0773198995314175e-05]
[-7.805076879230377e-05, 0.00012270591087526483]
[-6.973361413231682e-05, 0.00012144669381397577]
[-6.170031165553258e-05, -3.990252125318783e-05]
[-7.324028556110473e-05, -3.9732414576887365e-05]
[-8.079731891674768e-05, 0.0001192388196777916]
[-6.347158627140193e-05, 0.00011834611175387533]
[-5.566968924686222e-05, -3.8309242430756285e-05]
[-7.602397154382601e-05, -3.846544447982936e-05]
[-8.335399231040874e-05, 0.00011563971398953488]
[-5.75046928086298e-05, 0.00011509739591508694]
[-4.99507751791084e-05, -3.652244682528227e-05]
[-7.863045003797531e-05, -3.69901897554481e-05]
[-8.571706620141839e-05, 0.00011192334427190254]
[-5.183219479398815e-05, 0.00011171499514150973]
[-4.4541270820652734e-05, -3.455995093526454e-05]
[-8.105524722124002e-05, -3.532410807871589e-05]
[-8.788364333955911e-05, 0.00010810414290174375]
[-4.6452834277288524e-05, 0.00010821309980801885]
[-3.943839462472454e-05, -3.243906035366173e-05]
[-8.329471624146656e-05, -3.348420984139455e-05]
[-8.985161449626133e-05, 0.00010419621115975719]
[-4.136484812844454e-05, 0.00010460562542968788]
[-3.463889690152877e-05, -3.0176569118522956e-05]
[-8.534600155618577e-05, -3.148705472710844e-05]
[-9.161962204773388e-05, 0.00010021330562415276]
[-3.6565982521774565e-05, 0.00010090619699720804]
[-3.0139075240909197e-05, -2.7788758323210594e-05]
[-8.720700433140216e-05, -2.934874783866448e-05]
[-9.318702460969774e-05, 9.616882508134417e-05]
[-3.205350802026885e-05, 9.712813366502537e-05]
[-2.5934790522319506e-05, -2.529139452911444e-05]
[-8.88763488762212e-05, -2.708493452385774e-05]
[-9.45538627181719e-05, 9.20757989762988e-05]
[-2.782423535918621e-05, 9.328443500988826e-05]
[-2.2021483597534086e-05, -2.2699726929475972e-05]
[-9.035334968632291e-05, -2.4710796983407057e-05]
[-9.57208251319841e-05, 8.794687446933569e-05]
[-2.3874531589307413e-05, 8.938776594435982e-05]
[-1.839419230381667e-05, -2.0028486321432837e-05]
[-9.163797943356755e-05, -2.224104880244049e-05]
[-9.66892160969568e-05, 8.379430610505612e-05]
[-2.0200336970421784e-05, 8.545044425867232e-05]
[-1.5047569189435839e-05, -1.7291882053682706e-05]
[-9.273083748717603e-05, -1.9689930476851636e-05]
[-9.746092317830524e-05, 7.962994514643107e-05]
[-1.6797182265326782e-05, 8.14844278603788e-05]
[-1.197589959889278e-05, -1.4503600000548289e-05]
[-9.363311902599314e-05, -1.7071205014929092e-05]
[-9.803838571076362e-05, 7.546522961676683e-05]
[-1.3660206510501816e-05, 7.750130274619682e-05]
[-9.173120189026607e-06, -1.167680064428911e-05]
[-9.43465847700331e-05, -1.4398152774597328e-05]
[-9.84245639112924e-05, 7.131117599495918e-05]
[-1.0784175324185519e-05, 7.351227264129623e-05]
[-6.632837930314883e-06, -8.82411642932901e-06]
[-9.487353099069118e-05, -1.1683568411857692e-05]
[-9.862290831685883e-05, 6.717836978831215e-05]
[-8.163499421731668e-06, 6.952814754812575e-05]
[-4.348349260302475e-06, -5.95765124555836e-06]
[-9.521676016532865e-05, -8.939756258929954e-06]
[-9.86373299103338e-05, 6.307695875179542e-05]
[-5.792253692127325e-06, 6.555933494595267e-05]
[-2.3126597400863202e-06, -3.088978376086793e-06]
[-9.53795519407219e-05, -6.1785270091263556e-06]
[-9.847217061431657e-05, 5.9016645956255775e-05]
[-3.664196503022632e-06, 6.161583086755629e-05]
[-5.185038770283423e-07, -2.2913976588379015e-07]
[-9.53656345055176e-05, -3.411194629987513e-06]
[-9.8132174250809e-05, 5.500668385732821e-05]
[-1.772789294446353e-06, 5.770721181136418e-05]
[1.0416348294878253e-06, 2.6113542867522987e-06]
[-9.517915632106799e-05, -6.485739194594942e-07]
[-9.762245791633539e-05, 5.1055869009553057e-05]
[-1.1121651091738904e-07, 5.384262837504483e-05]
[2.375503570260784e-06, 5.422525840237391e-06]
[-9.482465830923381e-05, 2.099022306412124e-06]
[-9.694848388042132e-05, 4.7172538494760774e-05]
[1.3275944463764233e-06, 5.0030797977218544e-05]
[3.4910599592125058e-06, 8.194927737126267e-06]
[-9.430704620938535e-05, 4.8217837217423565e-06]
[-9.611603171832961e-05, 4.3364565436479485e-05]
[2.550952917679261e-06, 4.62800002098418e-05]
[4.3964514875888955e-06, 1.0919643249923672e-05]
[-9.363156348629609e-05, 7.510404179178476e-06]
[-9.513117106485502e-05, 3.963935712784916e-05]
[3.566384654068999e-06, 4.259807217596445e-05]
[5.09999502269938e-06, 1.358828426220593e-05]
[-9.280376450360173e-05, 1.0156081910517312e-05]
[-9.40002346971891e-05, 3.600385313320617e-05]
[4.381611406402419e-06, 3.899240471122445e-05]
[5.6101563005988425e-06, 1.6192988856245094e-05]
[-9.182948806585323e-05, 1.2750519102211477e-05]
[-9.272979206831344e-05, 3.24645242558777e-05]
[5.004530388191125e-06, 3.5469940324661664e-05]
[5.935529367806849e-06, 1.872641911801476e-05]
[-9.071483143308079e-05, 1.5285921656116308e-05]
[-9.132662337463238e-05, 2.9027373198681206e-05]
[5.443193920821182e-06, 3.2037170334689447e-05]
[6.0848162812196516e-06, 2.118175662176036e-05]
[-8.94661245467443e-05, 1.7754996606361706e-05]
[-8.979769391070924e-05, 2.5697934403712264e-05]
[5.70578894764414e-06, 2.8700134567863356e-05]
[6.0668067532014536e-06, 2.35526989502792e-05]
[-8.808990483877288e-05, 2.015095053325977e-05]
[-8.815012908680586e-05, 2.2481276415964313e-05]
[5.800616725672517e-06, 2.546442108615661e-05]
[5.8903580503347555e-06, 2.5833454713682785e-05]
[-8.659289237678003e-05, 2.2467486446298146e-05]
[-8.639118984965499e-05, 1.9382004247114892e-05]
[5.7360726291848935e-06, 2.233516694918891e-05]
[5.564375080173954e-06, 2.8018738074626903e-05]
[-8.498196544937109e-05, 2.4698799981182074e-05]
[-8.452824861771013e-05, 1.6404262576846795e-05]
[5.520626140466042e-06, 1.9317059676338122e-05]
[5.09779074070113e-06, 3.010376245234092e-05]
[-8.326413670145527e-05, 2.6839575695103424e-05]
[-8.256876583967454e-05, 1.3551740569162085e-05]
[5.162800967454216e-06, 1.6414340349477086e-05]
[4.499546471442573e-06, 3.208423435863139e-05]
[-8.144652957264853e-05, 2.8884981068002732e-05]
[-8.05202669331706e-05, 1.08276758926662e-05]
[4.67115557897281e-06, 1.3630805960174186e-05]
[3.7785732960801677e-06, 3.39563449878455e-05]
[-7.953635541602111e-05, 3.083066140950608e-05]
[-7.839031996681456e-05, 8.234861127998094e-06]
[4.054263860264664e-06, 1.0969814169758951e-05]
[2.9437730580880728e-06, 3.571676275096469e-05]
[-7.754089105227457e-05, 3.2672733276645216e-05]
[-7.618651385477015e-05, 5.775650139483446e-06]
[3.3206961787008576e-06, 8.434288074704588e-06]
[2.004000137847961e-06, 3.736262437398219e-05]
[-7.546745688435941e-05, 3.440777737354073e-05]
[-7.391643717991059e-05, 3.451965356116027e-06]
[2.4790008108337147e-06, 6.026721764695875e-06]
[9.680436007797333e-07, 3.8891525379392e-05]
[-7.332339557009071e-05, 3.6032830633137e-05]
[-7.158765763692898e-05, 1.2653056250533368e-06]
[1.537685687287571e-06, 3.7491874045336715e-06]
[-1.5539026883282236e-07, 4.0301510716989064e-05]
[-7.111605135690091e-05, 3.754537840017225e-05]
[-6.920770221285899e-05, -7.832444777755576e-07]
[5.052007297154382e-07, 1.6033415377592064e-06]
[-1.3576947757998337e-06, 4.1591063281720686e-05]
[-6.885274987511458e-05, 3.894334446372105e-05]
[-6.678403787918619e-05, -2.6930061745589207e-06]
[-6.100795080787869e-07, -4.0956636804256874e-07]
[-2.63037925460341e-06, 4.2759093383415436e-05]
[-6.654077871881547e-05, 4.0225081987171896e-05]
[-6.432405314105161e-05, -4.46369584861106e-06]
[-1.7998726223461547e-06, -2.288685445162031e-06]
[-3.96508487102154e-06, 4.380492690070348e-05]
[-6.41873686024752e-05, 4.1389363078070396e-05]
[-6.183504021817221e-05, -6.095414546436473e-06]
[-3.05600463190725e-06, -4.033554130478123e-06]
[-5.353599856039448e-06, 4.4728293062290536e-05]
[-6.179967519104324e-05, 4.2435367790805145e-05]
[-5.932417795317946e-05, -7.588636879551913e-06]
[-4.370425680216838e-06, -5.644090374345989e-06]
[-6.787874112512693e-06, 4.5529311581749e-05]
[-5.9384761697423016e-05, 4.336267329785315e-05]
[-5.679851554862836e-05, -8.944198645943757e-06]
[-5.735225232422758e-06, -7.120580520991737e-06]
[-8.260033263207678e-06, 4.620848003672462e-05]
[-5.694958203905642e-05, 4.417124108480053e-05]
[-5.4264956906191486e-05, -1.0163285371289632e-05]
[-7.142646512497963e-06, -8.46366905332685e-06]
[-9.762391888934463e-06, 4.676665935754443e-05]
[-5.450096487202849e-05, 4.4861405095575346e-05]
[-5.173024589943953e-05, -1.1247418904236639e-05]
[-8.585100463198714e-06, -9.674346343913065e-06]
[-1.1287466240683663e-05, 4.720506034483485e-05]
[-5.204559829574684e-05, 4.5433858678556316e-05]
[-4.920095235538824e-05, -1.2198444278577192e-05]
[-1.0055178975981738e-05, -1.0753936618534965e-05]
[-1.2827986178964856e-05, 4.7525229073308584e-05]
[-4.959001531323892e-05, 4.5889641096419354e-05]
[-4.6683458837959435e-05, -1.301851614121663e-05]
[-1.154566745001362e-05, -1.170408542905399e-05]
[-1.4376906398994027e-05, 4.772903194960598e-05]
[-4.714058013510769e-05, 4.623012431875795e-05]
[-4.4183948314624466e-05, -1.3710084097007247e-05]
[-1.3049556732203094e-05, -1.252674599117043e-05]
[-1.592741700073841e-05, 4.781864113700962e-05]
[-4.4703475122753744e-05, 4.6456998041122244e-05]
[-4.1708392495398705e-05, -1.4275879090419608e-05]
[-1.4560054203749395e-05, -1.3224166496739187e-05]
[-1.747295316922859e-05, 4.779651830544296e-05]
[-4.228468866951385e-05, 4.657225575172008e-05]
[-3.9262541144835517e-05, -1.4718898075805065e-05]
[-1.607059429092894e-05, -1.3798875662773824e-05]
[-1.9007204249577025e-05, 4.766539951261972e-05]
[-3.9890003810993946e-05, 4.6578179784873e-05]
[-3.685191214963801e-05, -1.5042389103769871e-05]
[-1.7574848166834744e-05, -1.4253668637609351e-05]
[-2.0524121983611643e-05, 4.7428279171368715e-05]
[-3.752498766063095e-05, 4.647732623325185e-05]
[-3.448178243881106e-05, -1.5249836028519148e-05]
[-1.9066732708239442e-05, -1.4591592600310399e-05]
[-2.2017927978512652e-05, 4.708839383482655e-05]
[-3.51949816476127e-05, 4.627250948185946e-05]
[-3.215717972748777e-05, -1.5344943140038758e-05]
[-2.0540418766534785e-05, -1.4815931427603068e-05]
[-2.348312046895895e-05, 4.664920649966042e-05]
[-3.2905092641533074e-05, 4.596678719692715e-05]
[-2.988287516647592e-05, -1.5331618965053195e-05]
[-2.199033853678145e-05, -1.4930191470474696e-05]
[-2.491448015928821e-05, 4.611438945767432e-05]
[-3.0660184763497966e-05, 4.556344380757249e-05]
[-2.7663376691577923e-05, -1.5213961268023546e-05]
[-2.341119229892774e-05, -1.4938085804327983e-05]
[-2.630707542605748e-05, 4.5487808406075025e-05]
[-2.846487215779625e-05, 4.506597518016964e-05]
[-2.5502923346687467e-05, -1.4996240630393842e-05]
[-2.47979543178678e-05, -1.4843518997609273e-05]
[-2.7656266667563933e-05, 4.4773505845752126e-05]
[-2.6323512517967274e-05, 4.4478072524833934e-05]
[-2.340548036766643e-05, -1.4682884638794746e-05]
[-2.6145877971672782e-05, -1.4650571758534348e-05]
[-2.895770987754176e-05, 4.397568447622735e-05]
[-2.424020143232397e-05, 4.3803606234904535e-05]
[-2.1374735090673447e-05, -1.427846205381833e-05]
[-2.7450500175385528e-05, -1.4363484866497522e-05]
[-3.020735950864939e-05, 4.3098691260956556e-05]
[-2.2218767613879642e-05, 4.3046610338492997e-05]
[-1.9414093745062644e-05, -1.3787666356512851e-05]
[-2.8707644898706697e-05, -1.3986644346708488e-05]
[-3.140147043478869e-05, 4.214700027077578e-05]
[-2.0262768806067477e-05, 4.221126566944511e-05]
[-1.7526678918966532e-05, -1.3215300632918314e-05]
[-2.991342605296321e-05, -1.3524565357192486e-05]
[-3.253659928426078e-05, 4.1125196909963524e-05]
[-1.83754886253773e-05, 4.130188436135551e-05]
[-1.571532795702213e-05, -1.2566261267776824e-05]
[-3.1064249553902634e-05, -1.2981876753470623e-05]
[-3.360960495479848e-05, 4.003796163271067e-05]
[-1.655993413257617e-05, 4.0322893772093416e-05]
[-1.398259207435748e-05, -1.184552240740544e-05]
[-3.215681463875075e-05, -1.2363305593621199e-05]
[-3.4617648399737355e-05, 3.889005395185663e-05]
[-1.4818834185748031e-05, 3.927882052190412e-05]
[-1.2330736242016638e-05, -1.1058120578888442e-05]
[-3.318811443442371e-05, -1.1673661871158814e-05]
[-3.555819167377905e-05, 3.768629652450839e-05]
[-1.3154638632106863e-05, 3.81742752898484e-05]
[-1.0761739892423128e-05, -1.0209138889272218e-05]
[-3.4155435852056826e-05, -1.0917822774736408e-05]
[-3.642899632738672e-05, 3.6431560081373604e-05]
[-1.1569518124920908e-05, 3.701393655020091e-05]
[-9.277298232662767e-06, -9.303692685647125e-06]
[-3.505635863743084e-05, -1.010071835005899e-05]
[-3.722812097506356e-05, 3.5130747389866546e-05]
[-1.0065364815792233e-05, 3.5802535752804676e-05]
[-7.878824407836493e-06, -8.34691424239642e-06]
[-3.588875384230583e-05, -9.227316137505603e-06]
[-3.795391831007411e-05, 3.378877873988495e-05]
[-8.64379370568713e-06, 3.45448421236183e-05]
[-6.567452299738319e-06, -7.343938354498203e-06]
[-3.665078154280188e-05, -8.302606664623013e-06]
[-3.860503139396787e-05, 3.2410577134600604e-05]
[-7.30614471788904e-06, 3.3245647858504146e-05]
[-5.3440400173687674e-06, -6.29988813077853e-06]
[-3.73408878860948e-05, -7.331589203574129e-06]
[-3.9180389301840535e-05, 3.100105383868623e-05]
[-6.0534854466332e-06, 3.190975349898206e-05]
[-4.209174031793994e-06, -5.21986125434637e-06]
[-3.7957801544696856e-05, -6.319257236153675e-06]
[-3.96792022111514e-05, 2.9565094893768684e-05]
[-4.886614636101516e-06, 3.054195422641515e-05]
[-3.1631740072118886e-06, -4.108916027256715e-06]
[-3.8500529413787454e-05, -5.270585434202779e-06]
[-4.010095576656436e-05, 2.8107546852340626e-05]
[-3.8060661801675444e-06, 2.9147025329134824e-05]
[-2.20609811586725e-06, -2.9720590035142713e-06]
[-3.8968351819046454e-05, -4.190515807356299e-06]
[-4.044540499548166e-05, 2.6633204128212462e-05]
[-2.8121138698766757e-06, 2.772970923659024e-05]
[-1.3377490611504728e-06, -1.8142318644054356e-06]
[-3.936081707445194e-05, -3.083944830728491e-06]
[-4.0712567612177786e-05, 2.514679620199689e-05]
[-1.904776677164044e-06, 2.629470236736875e-05]
[-5.576805950785468e-07, -6.402993376619648e-07]
[-3.9677735485299515e-05, -1.9557108587586747e-06]
[-4.090271681034263e-05, 2.3652975422672196e-05]
[-1.0838246117250705e-06, 2.4846642413922648e-05]
[1.347954349320557e-07, 5.449624138065268e-07]
[-3.991917279633217e-05, -8.105820882842174e-07]
[-4.101637354780863e-05, 2.2156305186232794e-05]
[-3.48785185580458e-07, 2.33900966518652e-05]
[7.406014778492398e-07, 1.736877481561816e-06]
[-4.0085443187343195e-05, 3.467555972913594e-07]
[-4.105429842249375e-05, 2.066124920044321e-05]
[3.010497236222154e-07, 2.19295495803018e-05]
[1.2608863202527576e-06, 2.930880243251499e-06]
[-4.0177101657601355e-05, 1.511709163626307e-06]
[-4.1017482988459086e-05, 1.917216013862244e-05]
[8.666163965401208e-07, 2.0469392203292802e-05]
[1.6970165646439106e-06, 4.122526010619243e-06]
[-4.019493606843838e-05, 2.6797896111596664e-06]
[-4.0907140780643836e-05, 1.769326998415227e-05]
[1.3490713936942234e-06, 1.9013911249976534e-05]
[2.050567756928679e-06, 5.307500556717137e-06]
[-4.013995869511788e-05, 3.846622074893391e-06]
[-4.072469789972999e-05, 1.6228680365326653e-05]
[1.7497832428790827e-06, 1.756727893018062e-05]
[2.323315133119508e-06, 6.4816290874653015e-06]
[-4.0013397371807535e-05, 5.007955398567132e-06]
[-4.047178324584344e-05, 1.4782353470119136e-05]
[2.0703236648517143e-06, 1.6133543787752447e-05]
[2.5172239585726647e-06, 7.640885192672364e-06]
[-3.9816686323024264e-05, 6.159671716687853e-06]
[-4.0150218491796785e-05, 1.3358104099598506e-05]
[2.312458542909346e-06, 1.4716621005439467e-05]
[2.6344396669847336e-06, 8.781398104201754e-06]
[-3.955145653211645e-05, 7.2977943729735095e-06]
[-3.9762007651433784e-05, 1.1959591213452081e-05]
[2.47813843350618e-06, 1.3320284390314074e-05]
[2.677277597181761e-06, 9.899460470020466e-06]
[-3.921952591334765e-05, 8.418496375922624e-06]
[-3.930932650764163e-05, 1.0590311187594348e-05]
[2.569488824915667e-06, 1.1948158385829966e-05]
[2.6482125356436584e-06, 1.09915349702297e-05]
[-3.882288914192067e-05, 9.51810772077677e-06]
[-3.87945117570343e-05, 9.253591129576577e-06]
[2.5888001052602402e-06, 1.0603710785836093e-05]
[2.54986802685625e-06, 1.2054260436426822e-05]
[-3.836370724585869e-05, 1.0593122233434893e-05]
[-3.822004997278139e-05, 7.952582922243767e-06]
[2.5385172946921705e-06, 9.290245940422881e-06]
[2.385005506871582e-06, 1.3084457251254233e-05]
[-3.784429697450964e-05, 1.1640203819572592e-05]
[-3.758856640867503e-05, 6.690257888436468e-06]
[2.4212295062263703e-06, 8.010899099519797e-06]
[2.156513224958745e-06, 1.4079132665642535e-05]
[-3.726711997975585e-05, 1.2656192112669301e-05]
[-3.690281366863779e-05, 5.469402077878938e-06]
[2.2396593361380043e-06, 6.768630296402622e-06]
[1.867395154609569e-06, 1.5035484430395152e-05]
[-3.6634771818144785e-05, 1.363810730810669e-05]
[-3.616566026343193e-05, 4.29261196743802e-06]
[1.996651990395469e-06, 5.566219911892767e-06]
[1.5207597004358864e-06, 1.595090488004658e-05]
[-3.5949970936366427e-05, 1.4583155441443008e-05]
[-3.5380079204783144e-05, 3.1622918339191397e-06]
[1.6951643482098627e-06, 4.40626431530422e-06]
[1.119808402068323e-06, 1.6822983866127128e-05]
[-3.521554734142729e-05, 1.548873095542913e-05]
[-3.4549136348815956e-05, 2.080649641467147e-06]
[1.338253926640165e-06, 3.291172223973682e-06]
[6.678245987462583e-07, 1.7649511185435784e-05]
[-3.4434431427143863e-05, 1.6352420767862252e-05]
[-3.367597895198582e-05, 1.0496956502348276e-06]
[9.290677887262289e-07, 2.2231616722823144e-06]
[1.6816209676140392e-07, 1.842847840105577e-05]
[-3.3609642660414885e-05, 1.717200668181762e-05]
[-3.2763824146964105e-05, 7.124057982421661e-08]
[4.708314263329738e-07, 1.2042575868176364e-06]
[-3.7576612943457377e-07, 1.9158080062642302e-05]
[-3.2744278282814676e-05, 1.7945467406965676e-05]
[-3.181594749346317e-05, -8.531054159766072e-07]
[-3.316233039563077e-08, 2.3628975900913396e-07]
[-9.604991514367e-07, 1.983671413019472e-05]
[-3.184150204360581e-05, 1.867097998850542e-05]
[-3.0835671614881655e-05, -1.7219331797102555e-06]
[-5.795644757652929e-07, -6.791075709000616e-07]
[-1.582539315550524e-06, 2.0462982831315202e-05]
[-3.090453298548734e-05, 1.934692064797794e-05]
[-2.9826354951967282e-05, -2.5340344004254334e-06]
[-1.1649807116279054e-06, -1.5404975796662335e-06]
[-2.238363135537158e-06, 2.1035690908832727e-05]
[-2.993663432127036e-05, 1.997186504801296e-05]
[-2.87913806520379e-05, -3.288400890144594e-06]
[-1.785982451929513e-06, -2.346640111894338e-06]
[-2.924432251139031e-06, 2.1553845345245737e-05]
[-2.894110242002146e-05, 2.0544587986642826e-05]
[-2.773414563428389e-05, -3.984223304387413e-06]
[-2.4391175982296787e-06, -3.0964913838027464e-06]
[-3.6372041031518254e-06, 2.2016653519585372e-05]
[-2.7921255936202982e-05, 2.1064062536713113e-05]
[-2.665804984458564e-05, -4.62088931607596e-06]
[-3.120921187552139e-06, -3.7892029301489494e-06]
[-4.373142427682719e-06, 2.2423521033765326e-05]
[-2.6880425088027238e-05, 2.1529458442470784e-05]
[-2.5566485713834908e-05, -5.197981458815448e-06]
[-3.827925864521853e-06, -4.424120008839072e-06]
[-5.128727523229237e-06, 2.2774049022067366e-05]
[-2.582194122968673e-05, 2.194014097189889e-05]
[-2.4462827962201672e-05, -5.715273470485727e-06]
[-4.5566721529333165e-06, -5.000779479791273e-06]
[-5.900466266778315e-06, 2.3068030958972585e-05]
[-2.4749126437795255e-05, 2.2295667279237374e-05]
[-2.3350423465462455e-05, -6.172728115483306e-06]
[-5.303718500715426e-06, -5.518907172652465e-06]
[-6.684901855069647e-06, 2.3305448982935406e-05]
[-2.366528354846853e-05, 2.259578424429476e-05]
[-2.2232581619041625e-05, -6.570492554702767e-06]
[-6.065651075998213e-06, -5.978414760798856e-06]
[-7.478623249679295e-06, 2.3486469757250106e-05]
[-2.2573686353277722e-05, 2.284042483907678e-05]
[-2.1112564910441556e-05, -6.908894245261088e-06]
[-6.8390932703998875e-06, -6.3793963509528595e-06]
[-8.278274284789777e-06, 2.3611439692150515e-05]
[-2.147757010728668e-05, 2.3029704229460268e-05]
[-1.9993579842614295e-05, -7.188436208227511e-06]
[-7.620715010037138e-06, -6.722123654157031e-06]
[-9.080562539343084e-06, 2.368088070575647e-05]
[-2.038012234306663e-05, 2.3163915430723936e-05]
[-1.8878768209495966e-05, -7.409791876911154e-06]
[-8.407241549435174e-06, -7.0070426435031585e-06]
[-9.882267651362131e-06, 2.369548365716012e-05]
[-1.9284474013558928e-05, 2.3243524537974736e-05]
[-1.777119873880295e-05, -7.573799553461935e-06]
[-9.195462135291876e-06, -7.234767868513625e-06]
[-1.0680249462546865e-05, 2.3656103325164768e-05]
[-1.819369098221557e-05, 2.326916555267511e-05]
[-1.6673859118687684e-05, -7.681456493935368e-06]
[-9.982238217132178e-06, -7.406077336680195e-06]
[-1.1471455673428554e-05, 2.356375206696848e-05]
[-1.711076587496141e-05, 2.3241634826476343e-05]
[-1.5589648425740066e-05, -7.73391264474732e-06]
[-1.076451130960221e-05, -7.5219068300658165e-06]
[-1.2252929115996736e-05, 2.3419593334128574e-05]
[-1.6038610294977218e-05, 2.3161884957656476e-05]
[-1.45213699443425e-05, -7.732464241683168e-06]
[-1.1539310472596931e-05, -7.583343870132264e-06]
[-1.3021814610103544e-05, 2.3224934879439996e-05]
[-1.4980047527868301e-05, 2.3031019284081022e-05]
[-1.3471724511437966e-05, -7.67854617622632e-06]
[-1.2303759390874802e-05, -7.5916213538862465e-06]
[-1.3775365391932581e-05, 2.298122167881944e-05]
[-1.39378054594963e-05, 2.2850284193243198e-05]
[-1.2443304101106278e-05, -7.573725956000477e-06]
[-1.3055083045554472e-05, -7.548110888044857e-06]
[-1.4510949104096227e-05, 2.2690028592342593e-05]
[-1.2914510109929278e-05, 2.2621063014371945e-05]
[-1.1438586051959465e-05, -7.419695543409155e-06]
[-1.3790613960618092e-05, -7.454315842203574e-06]
[-1.5226053337591416e-05, 2.2353052789636507e-05]
[-1.1912679500569734e-05, 2.2344868705947984e-05]
[-1.0459927651529366e-05, -7.2182639082041256e-06]
[-1.450779801870361e-05, -7.311864148262792e-06]
[-1.5918290719341144e-05, 2.1972105966383548e-05]
[-1.093471798074841e-05, 2.2023336493148804e-05]
[-9.509561201548333e-06, -6.971349192641529e-06]
[-1.5204199815044284e-05, -7.1225010503939146e-06]
[-1.6585403517233033e-05, 2.1549106195228873e-05]
[-9.982911002348605e-06, 2.1658216288245047e-05]
[-8.589589551133425e-06, -6.680970703998312e-06]
[-1.5877507658135226e-05, -6.88808074378322e-06]
[-1.7225267874731998e-05, 2.1086070524756195e-05]
[-9.059420350676639e-06, 2.125136491948343e-05]
[-7.701982101648852e-06, -6.349240761205355e-06]
[-1.6525537923417488e-05, -6.610559650177539e-06]
[-1.783589738368896e-05, 2.0585105631187872e-05]
[-8.16627983490914e-06, 2.0804738197488515e-05]
[-6.848571285744676e-06, -5.978356418745445e-06]
[-1.7146239139231856e-05, -6.291987721118719e-06]
[-1.8415446374375755e-05, 2.0048400179994985e-05]
[-7.305391443168663e-06, 2.0320382839777995e-05]
[-6.031049523125276e-06, -5.570591096404343e-06]
[-1.7737695511388374e-05, -5.934500523940844e-06]
[-1.8962212637196885e-05, 1.9478216197799103e-05]
[-6.4785219657803594e-06, 1.980042828259032e-05]
[-5.250966652048383e-06, -5.128286138522675e-06]
[-1.8298130003868707e-05, -5.540311041996038e-06]
[-1.947463968943186e-05, 1.8876880569229648e-05]
[-5.687300067030998e-06, 1.9247078227091485e-05]
[-4.509727818124976e-06, -4.653842506252559e-06]
[-1.8825906951125404e-05, -5.111701397053636e-06]
[-1.995131856924459e-05, 1.824677650524853e-05]
[-4.933213920366164e-06, 1.866260300292799e-05]
[-3.808591928361471e-06, -4.149711568146586e-06]
[-1.9319534203088295e-05, -4.651014520684615e-06]
[-2.0390989161844786e-05, 1.7590335004286084e-05]
[-4.2176091233081525e-06, 1.8049330130498475e-05]
[-3.148670388433694e-06, -3.6183876610529353e-06]
[-1.977766480987242e-05, -4.160645797113283e-06]
[-2.0792541060687952e-05, 1.691002633372185e-05]
[-3.5416872644911113e-06, 1.7409636633158865e-05]
[-2.530926490718066e-06, -3.0623989155653675e-06]
[-2.019909824158006e-05, -3.6430347030713683e-06]
[-2.115501396815489e-05, 1.620835155452527e-05]
[-2.90650485826327e-06, 1.6745940477902455e-05]
[-1.956175166642482e-06, -2.4842990191675796e-06]
[-2.0582781153355434e-05, -3.1006564705227113e-06]
[-2.1477597645924718e-05, 1.5487834111788112e-05]
[-2.3129727539650258e-06, 1.6060692225872142e-05]
[-1.4250832088974486e-06, -1.8866588792354477e-06]
[-2.092780767959379e-05, -2.5360139642160995e-06]
[-2.1759631399054236e-05, 1.4751011345542908e-05]
[-1.7618559950693946e-06, 1.5356366741686722e-05]
[-9.381699356339479e-07, -1.2720583878744751e-06]
[-2.1233419376098794e-05, -1.951628770924252e-06]
[-2.200060321932984e-05, 1.400042696972359e-05]
[-1.2537741210238984e-06, 1.4635454984229801e-05]
[-4.958082873082748e-07, -6.430783069111268e-07]
[-2.14990045429575e-05, -1.3500340971805969e-06]
[-2.2200148316775525e-05, 1.3238621970418363e-05]
[-7.892019025512731e-07, 1.390045589852451e-05]
[-9.82263458418342e-08, -2.292299267070419e-09]
[-2.1724097300612755e-05, -7.337660603567997e-07]
[-2.235804742145575e-05, 1.2468127376499827e-05]
[-3.6847050180477403e-07, 1.3153868435339389e-05]
[2.544907363212501e-07, 6.477408769078874e-07]
[-2.190837616011798e-05, -1.053559761099443e-07]
[-2.247422459067394e-05, 1.1691456346996087e-05]
[8.230971959566347e-09, 1.2398183547202013e-05]
[5.623984269120808e-07, 1.3044848201637649e-06]
[-2.2051662201483246e-05, 5.32677371933854e-07]
[-2.2548744643802188e-05, 1.091109662515466e-05]
[3.40853415790876e-07, 1.163587719071879e-05]
[8.256900319719707e-07, 1.9654335743080065e-06]
[-2.2153916861888945e-05, 1.177835286136908e-06]
[-2.258181022385397e-05, 1.0129503206751655e-05]
[6.294854745375611e-07, 1.0869401835394976e-05]
[1.0446937216343488e-06, 2.62811781379102e-06]
[-2.2215239338652104e-05, 1.8276465150457444e-06]
[-2.2573758496569063e-05, 9.349091239820029e-06]
[8.743507289230013e-07, 1.010117985783543e-05]
[1.2198690241844307e-06, 3.2901124723122566e-06]
[-2.223586362648522e-05, 2.47967440042407e-06]
[-2.2525057505329293e-05, 8.572229173612472e-06]
[1.0758046110649622e-06, 9.33359631731523e-06]
[1.3518030706712904e-06, 3.9490432729855085e-06]
[-2.221615520370257e-05, 3.1315237931650586e-06]
[-2.243630219656012e-05, 7.801232171157288e-06]
[1.2343309558869586e-06, 8.56899213932949e-06]
[1.4412065002357768e-06, 4.602593156176338e-06]
[-2.21566073598245e-05, 3.7808475599476754e-06]
[-2.2308210118282545e-05, 7.038355638297467e-06]
[1.350538222226992e-06, 7.809657554744276e-06]
[1.4889090614372477e-06, 5.248508421609732e-06]
[-2.2057837293587568e-05, 4.425353644352259e-06]
[-2.214161690827776e-05, 6.285789863100244e-06]
[1.4251554003451468e-06, 7.057825809019674e-06]
[1.4958549276271847e-06, 5.884604571326432e-06]
[-2.1920581730339173e-05, 5.062810214576108e-06]
[-2.1937471335720105e-05, 5.545653325444988e-06]
[1.4590276230762311e-06, 6.315667156461813e-06]
[1.4630977449216903e-06, 6.508771841325783e-06]
[-2.17456924281878e-05, 5.691052159056964e-06]
[-2.1696830259099187e-05, 4.819987961549033e-06]
[1.4531114985302448e-06, 5.585283151792603e-06]
[1.3917954318647986e-06, 7.118980410579512e-06]
[-2.1534131328881934e-05, 6.307986458543857e-06]
[-2.1420853259734862e-05, 4.11075393762228e-06]
[1.4084701827786136e-06, 4.868701251194152e-06]
[1.2832047502986735e-06, 7.71328527731513e-06]
[-2.128696547576414e-05, 6.911597408298248e-06]
[-2.1110797072898535e-05, 3.419824925549042e-06]
[1.3262682282120554e-06, 4.1678695747102146e-06]
[1.1386756840984363e-06, 8.289830634430895e-06]
[-2.1005361702020053e-05, 7.499951515514171e-06]
[-2.0768009824423395e-05, 2.748983724820686e-06]
[1.2077661260289675e-06, 3.484652795093801e-06]
[9.596455450809616e-07, 8.84685469171309e-06]
[-2.0690581107873918e-05, 8.071202062304508e-06]
[-2.0393925087347498e-05, 2.0999182384073833e-06]
[1.0543148147605305e-06, 2.8208267711660184e-06]
[7.476330787861696e-07, 9.38269254729951e-06]
[-2.034397334560456e-05, 8.623593326727297e-06]
[-1.9990055781238247e-05, 1.474217808106193e-06]
[8.673498381964878e-07, 2.1780751236627482e-06]
[5.042322541032318e-07, 9.895780292951128e-06]
[-1.996697073425313e-05, 9.15546445449944e-06]
[-1.9557987937179888e-05, 8.733699154439556e-07]
[6.483854254821231e-07, 1.557985364941672e-06]
[2.3110601008596854e-07, 1.038465795424881e-05]
[-1.956108222189723e-05, 9.665252975382677e-06]
[-1.9099374343967135e-05, 2.9875725043870816e-07]
[3.990084126888338e-07, 9.62045546781809e-07]
[-7.00201203823747e-08, 1.084797222061784e-05]
[-1.9127887203262972e-05, 1.0151497804394838e-05]
[-1.8615928085385924e-05, -2.483450020629441e-07]
[1.208720429787813e-07, 3.9164127121904535e-07]
[-3.9736447246530027e-07, 1.1284478803469389e-05]
[-1.866902930647285e-05, 1.061284265646556e-05]
[-1.810941608348937e-05, -7.667707270231361e-07]
[-1.8431033389776363e-07, -1.5194693384068536e-07]
[-7.490957761036032e-07, 1.1693044420973964e-05]
[-1.818620992743991e-05, 1.1048037539290734e-05]
[-1.758165242415899e-05, -1.2554656245722384e-06]
[-5.147716424999671e-07, -6.675458709692883e-07]
[-1.1233397270021817e-06, 1.2072648409827691e-05]
[-1.7681181858963946e-05, 1.1455941435423167e-05]
[-1.7034491815004493e-05, -1.7134880259672691e-06]
[-8.686975224228566e-07, -1.1540915617336278e-06]
[-1.5181855813756195e-06, 1.2422383964455497e-05]
[-1.715574278782217e-05, 1.1835523837239181e-05]
[-1.646982294634114e-05, -2.140010116391533e-06]
[-1.2442328087142185e-06, -1.61063076595247e-06]
[-1.9316927545171003e-06, 1.2741459007037381e-05]
[-1.6611728780313584e-05, 1.2185866070130169e-05]
[-1.5889561876702984e-05, -2.534318633840016e-06]
[-1.6394880157782898e-06, -2.0363222868469144e-06]
[-2.3618973870320747e-06, 1.3029196538144605e-05]
[-1.60510077596987e-05, 1.250616225115242e-05]
[-1.5295645444446393e-05, -2.89581520163118e-06]
[-2.0525459008408076e-06, -2.4304371523675705e-06]
[-2.806818955258805e-06, 1.3285035384197341e-05]
[-1.5475472991410832e-05, 1.2795719884134416e-05]
[-1.4690024725649842e-05, -3.2240163015395673e-06]
[-2.4814678475232332e-06, -2.792359953041057e-06]
[-3.2644666668191213e-06, 1.3508529069394815e-05]
[-1.4887036602351245e-05, 1.3053960096071071e-05]
[-1.4074658557683417e-05, -3.5185528922121456e-06]
[-2.9243003702855708e-06, -3.1215883057322813e-06]
[-3.732845942738816e-06, 1.3699345855044953e-05]
[-1.4287623146813644e-05, 1.3280417520050714e-05]
[-1.345150714421317e-05, -3.779169678863603e-06]
[-3.3790814811252012e-06, -3.417732722610367e-06]
[-4.209964727219795e-06, 1.3857267675998486e-05]
[-1.3679163240798431e-05, 1.3474739829655302e-05]
[-1.2822525764177861e-05, -4.005724043298908e-06]
[-3.843846995449374e-06, -3.680515986370647e-06]
[-4.693839704528191e-06, 1.398218889309133e-05]
[-1.3063587267381216e-05, 1.3636686784362917e-05]
[-1.218965858168497e-05, -4.198184790304982e-06]
[-4.316636743967317e-06, -3.9097721852843215e-06]
[-5.182502388567656e-06, 1.4074114717654851e-05]
[-1.2442819262492577e-05, 1.376612968168045e-05]
[-1.155483267067936e-05, -4.356629830393199e-06]
[-4.79550067311596e-06, -4.105445419511078e-06]
[-5.67400506978899e-06, 1.413315932013992e-05]
[-1.1818770766114373e-05, 1.3863049001694439e-05]
[-1.0919952034449398e-05, -4.481245033660652e-06]
[-5.278504816880192e-06, -4.267588186779303e-06]
[-6.166426602949304e-06, 1.4159543632152882e-05]
[-1.1193334966685953e-05, 1.3927533220159383e-05]
[-1.0286891949207178e-05, -4.572321297524606e-06]
[-5.7637371240204516e-06, -4.39635945592709e-06]
[-6.657878021065766e-06, 1.415359285261708e-05]
[-1.056838091867407e-05, 1.395977657342451e-05]
[-9.657493410530904e-06, -4.630252068760221e-06]
[-6.2493131257890244e-06, -4.492022441404675e-06]
[-7.146507960409387e-06, 1.4115733671216102e-05]
[-9.945747946327188e-06, 1.3960076676644562e-05]
[-9.033557791693347e-06, -4.655530439268141e-06]
[-6.7333814130210445e-06, -4.554942233447878e-06]
[-7.63050786850572e-06, 1.4046491076835643e-05]
[-9.327240227563482e-06, 1.3928831861576008e-05]
[-8.41684171121182e-06, -4.648745976609803e-06]
[-7.214129001009706e-06, -4.58558242627527e-06]
[-8.108117073746257e-06, 1.39464856330207e-05]
[-8.71462157492342e-06, 1.3866538240869808e-05]
[-7.80905212138805e-06, -4.610581306629946e-06]
[-7.68978633958195e-06, -4.584502932336587e-06]
[-8.57762747524804e-06, 1.381642906039815e-05]
[-8.109610425466318e-06, 1.3773786517512487e-05]
[-7.211841630216931e-06, -4.541808457603214e-06]
[-8.158632261168197e-06, -4.552356094422727e-06]
[-9.037388146837522e-06, 1.3657121042398579e-05]
[-7.513875050768615e-06, 1.3651258549018941e-05]
[-6.626804066794945e-06, -4.4432849833908605e-06]
[-8.618998625808949e-06, -4.489883287384089e-06]
[-9.48580961751544e-06, 1.3469445088731824e-05]
[-6.92902898580261e-06, 1.3499723540255637e-05]
[-6.055470285315501e-06, -4.3159500239253745e-06]
[-9.06927474558783e-06, -4.3979111506997626e-06]
[-9.921367908172218e-06, 1.3254364349069014e-05]
[-6.356626773618146e-06, 1.3320034732144936e-05]
[-5.499304306683106e-06, -4.16081946086333e-06]
[-9.507911559902826e-06, -4.277347614267679e-06]
[-1.0342608303515188e-05, 1.3012917241372879e-05]
[-5.798159813719117e-06, 1.311312446733437e-05]
[-4.959699580198151e-06, -3.978982324293057e-06]
[-9.9334255562189e-06, -4.1291777312379985e-06]
[-1.0748148848493955e-05, 1.274621291424971e-05]
[-5.255052619945744e-06, 1.288000049487481e-05]
[-4.437975673482475e-06, -3.7715956148764995e-06]
[-1.0344402425921384e-05, -3.954459332988769e-06]
[-1.1136683565726724e-05, 1.245542656019838e-05]
[-4.72865927342303e-06, 1.2621741393992192e-05]
[-3.935375170599498e-06, -3.5398796970897983e-06]
[-1.0739500447609629e-05, -3.7543185243960053e-06]
[-1.1506985386433577e-05, 1.2141794593439892e-05]
