[570.5099203732854, 370.7750434930834]
[7.543469583052143, 5.889737493577485]
[-1.1780260862393277, 1.0446524107013602]
[0.3680057301608315, -0.030400184562228816]
[2.1962075770146345, 0.4924519814831001]
[0.14205455233812359, -0.21773493545446243]
[0.049038561201420805, 0.12220040773446428]
[0.2696169647916271, 0.4920448613903119]
[-0.03386596419499455, 0.24459842923437947]
[0.10462884446014797, 0.014809448299703876]
[0.3145914603206954, -0.06948001717674046]
[0.12071826529954777, -0.07777008685047626]
[0.03754733661835985, 0.06355740622258643]
[0.009834434590654695, 0.14548768074939744]
[0.02429242154731348, 0.12561401577561426]
[0.04534407970872856, 0.017887622811885606]
[0.07282248517550727, -0.05907128374088888]
[0.09098070098997013, -0.015750875574283896]
[0.026445252862146162, 0.02749360907292875]
[-0.01840509958156389, 0.04307664283074786]
[0.04340345541074697, 0.06871211727104765]
[0.019553201209239646, 0.011662972241037739]
[0.009038880211547529, -0.02726424643142189]
[0.060893553344755214, 0.014638987459626662]
[0.014396402487916404, 0.012698153461407458]
[-0.010710627118205807, 0.005842496650881657]
[0.04443685854092583, 0.03107624869421244]
[0.009614675563075936, 0.003497615202149751]
[-0.00571332058003593, -0.004387825662795275]
[0.03371277262688199, 0.025804765335024626]
[0.006202762644997861, 0.009223419496011687]
[0.00039703769536814093, -0.004733292717536974]
[0.0351791092897944, 0.006847125805904852]
[0.008356908340298563, -0.0019915982701173007]
[-0.004201766314484878, 0.007065754929111323]
[0.01292267463737673, 0.024560192999008024]
[0.003298741896895052, 0.010193414393716793]
[0.006993667306022466, -0.004271580145296161]
[0.02182241970877774, -0.005664991629188876]
[0.010481196794466019, -0.0031079555764863542]
[0.0008177756367038214, 0.009846108931072739]
[0.0003427528348094455, 0.01684832114826751]
[0.004511234634522854, 0.011062042486704726]
[0.008486271126079581, -0.000906475573289045]
[0.009370150253063203, -0.008853600003300821]
[0.012131071546809924, -0.000609364118043132]
[0.00422551013413397, 0.007997526699448976]
[-0.004484366027303288, 0.007775888600899616]
[0.007341499394644457, 0.009690071412434165]
[0.006931111187629235, 0.0014863442908382152]
[0.000905799514514638, -0.006211883298138432]
[0.011356290311827166, 0.0033405649757813904]
[0.004957136249878147, 0.005047295686152253]
[-0.0038250709294009866, 0.0008268539699032296]
[0.009343708139016194, 0.006108539113539813]
[0.004740682686364739, 0.0019532272962563546]
[-0.0027304035658413106, -0.0014438312982963941]
[0.00814257127806739, 0.0064503738425703006]
[0.00399131746964887, 0.0030531334442684965]
[-0.0006659836694167254, -0.0025742559432212]
[0.009140158834092693, 0.001726049109657346]
[0.0034410383378757903, 0.0012287851972478947]
[-0.002541778478993617, 0.002592483632185172]
[0.0038107741018569286, 0.0073197897521257715]
[0.0028081794128280713, 0.002466637806911365]
[0.0024304934481782503, -0.0028168990256626225]
[0.006761500836265144, -0.0017445885082272294]
[0.0033126346172311916, 0.0005189762989674662]
[-0.0004537871776388869, 0.004505900859229417]
[5.84545766724176e-05, 0.005853563721694766]
[0.0023696539374589154, 0.00265031959876616]
[0.004053876338988016, -0.0013211984369743829]
[0.0033082994024730417, -0.0031999200829510854]
[0.0037270665098938505, 0.0006015122845157705]
[0.001695173974562536, 0.0043405248898760185]
[-0.0019200957666658525, 0.0030203470051355374]
[0.002756783597117951, 0.0026773838776614767]
[0.004048352987575665, 0.0003920711549290079]
[0.00021445412504261796, -0.002565516096670384]
[0.003819804186613762, 0.0014730510278377906]
[0.002839375169718217, 0.0030215462590525988]
[-0.001886189757575707, 0.000193013685157839]
[0.0033910300329347276, 0.0019992261988321935]
[0.0030898844929057034, 0.001379594377145299]
[-0.0014831152682432958, -0.0006474064313516936]
[0.003092107010593814, 0.0025305933992889607]
[0.0028462964328599405, 0.0016202620658285483]
[-0.000474397332508536, -0.0015519851195903711]
[0.003558833605547651, 0.0007097553254191702]
[0.0020464856293025413, 0.0014846480857246824]
[-0.0015399534334266107, 0.0013975477877793407]
[0.0016625367558682491, 0.0030511988729440276]
[0.0022186475856014187, 0.0007947756307205012]
[0.0012744884979822846, -0.0018500222748747408]
[0.0028927083477917614, -0.0006210334638493409]
[0.0014620129105368113, 0.0011120421490744548]
[-0.00044998662749673457, 0.002648267651966796]
[0.00011755284877645877, 0.0026493393551656474]
[0.0015952146975532489, 0.0006091379410664288]
[0.002468021654993824, -0.0010453147672358498]
[0.0015626421246677236, -0.0013585556389222875]
[0.0013713149363081545, 0.0007943727131660694]
[0.0009414555088622656, 0.0027747448299506594]
[-0.0008792229185163869, 0.0014707645646837575]
[0.0013432061816739393, 0.000712875100017385]
[0.0027240277560799386, 0.0001412576437131996]
[0.0001296414558622505, -0.0011893583201011415]
[0.0014485963858545947, 0.0008227809990897228]
[0.0019048257667702018, 0.002039540618112845]
[-0.0009661028551224415, 6.383797473608066e-05]
[0.0014232033719395742, 0.0006928959209480112]
[0.0022074077690942273, 0.001044097937725308]
[-0.000801562476047124, -0.0002747658918983986]
[0.0013241305631339628, 0.0011206092519620015]
[0.0021312390424013117, 0.0010184777902524367]
[-0.00024842982964679017, -0.0009513978183586236]
[0.0015289531993338823, 0.0003656586793180372]
[0.0013948069387756945, 0.0013521470334678654]
[-0.000910941437327839, 0.0008755439230958562]
[0.000853254120092739, 0.0013724231725098512]
[0.0017602353047894148, 0.00023778566753618335]
[0.0008065384822097399, -0.0012091295666928625]
[0.0013592074793482012, -0.000140227383474488]
[0.000745205020280193, 0.0011560718789254132]
[-0.00029831380853373446, 0.0017012015814923398]
[0.00019215279374407146, 0.0012802661577958618]
[0.001177651149394443, -7.225784373376953e-05]
[0.0016493463925498775, -0.0007465477647534691]
[0.0008360566178969853, -0.0005158450237226775]
[0.0004661904450862231, 0.0007767014703361497]
[0.0006193886489795908, 0.0018765937461249216]
[-0.0003299125319000673, 0.0007724403347020847]
[0.0007391324384975473, -6.998732566154686e-06]
[0.001929302127760324, 7.636114143783068e-05]
[0.00014885408789000465, -0.000501902596471232]
[0.00047711373491576836, 0.0005152637805339033]
[0.0013598391984812608, 0.001434738391091095]
[-0.0004348048354463341, 4.679717497246827e-05]
[0.0005824170070761747, 0.0001660870314400542]
[0.0016293186894697498, 0.000808597405619782]
[-0.00037715677486227506, -6.370061098603941e-05]
[0.0005446176627694754, 0.0004793620876193394]
[0.0016211480432128944, 0.0006887500008043723]
[-6.976593951490973e-05, -0.0005564150987209526]
[0.0006112073758367947, 0.0002189057346111134]
[0.0010077458588636512, 0.0011457552468412402]
[-0.00048684524094833037, 0.0005873945188994423]
[0.0004762498775550128, 0.0005666645944806259]
[0.0013937305462698724, 2.4163484552364167e-05]
[0.0005659140374901783, -0.0007580333033725961]
[0.0006226828667950102, 9.962428411564028e-05]
[0.00041053263840407084, 0.0010478266986746476]
[-0.0001452349719661683, 0.0011223194510658896]
[0.0002467080539294564, 0.0005838566914361243]
[0.0009017741478318797, -0.0003070695809317403]
[0.0011423021498958574, -0.0004934451835372222]
[0.00047463048392826224, -7.065651650398075e-05]
[7.61844248700072e-05, 0.000696298619667246]
[0.00045073978140353077, 0.0012826269203847218]
[-7.600100003113397e-06, 0.0004041473424652997]
[0.00043531711099575876, -0.0002820529234198732]
[0.001383998496927552, 6.681124651408687e-05]
[0.0001833890413063255, -0.00011415121328017808]
[3.937662631914307e-05, 0.0003434261723178622]
[0.000992168654658454, 0.0010147261725381718]
[-0.0001018062566035538, 5.943514672510086e-05]
[0.00018320159304113792, -6.096253544474184e-05]
[0.0012082706602782115, 0.000627206733769814]
[-9.780477784948616e-05, 6.432952180235318e-05]
[0.0001669752082511522, 0.00015665096793893163]
[0.0012289029882662228, 0.0004796443966244013]
[6.154211254036368e-05, -0.0002825716743897755]
[0.00015810248857983655, 0.0001484042101079358]
[0.0007446575120623189, 0.0009326225913239838]
[-0.00019124831855865665, 0.0004060543746491341]
[0.0002806537723889502, 0.00014616353017632422]
[0.001090658048595261, -5.379889425038975e-05]
[0.0004221084748997628, -0.0004299678503101312]
[0.0002379317728696817, 0.00022245778879265155]
[0.00023940221358675906, 0.0008915539510683246]
[-1.7547619314495222e-05, 0.0007333247698342316]
[0.0002789172295720732, 0.00020140099828357128]
[0.0006976090010950564, -0.00036001404570851214]
[0.0007954655358722307, -0.00028968128542050664]
[0.000277604650404939, 0.0001747188490638374]
[-8.814266326906406e-05, 0.0005952913377322844]
[0.00034924807963232496, 0.0008600743027344926]
[0.00018613649388199427, 0.0001948064065295796]
[0.0002687644263346667, -0.00036360567993742876]
[0.0009826315570130306, 7.46931413693197e-05]
[0.00021184232143145465, 0.00011273556377411342]
[-0.00015198268733618292, 0.00023723653915097564]
[0.0007235381274786068, 0.0007045047418343664]
[0.00011086249363517764, 7.786877174043548e-05]
[-7.627028526864532e-06, -0.00014991455124981762]
[0.0008842247362370603, 0.0004807977229248639]
[8.741419240787529e-05, 0.0001416129269544708]
[-1.600527058998047e-05, -8.288257517197195e-06]
[0.0009154555312193002, 0.0003354260136281262]
[0.00015314392631904372, -8.995372680264957e-05]
[-6.479170536499712e-05, 0.00011226008881859428]
[0.0005514391346325143, 0.0007321800186164129]
[1.4880597815070118e-05, 0.00028293973992554733]
[0.00017420870721784887, -7.403247780925215e-05]
[0.0008356441461863096, -7.077501056595992e-05]
[0.00032675286508354606, -0.00018977310158563299]
[3.491661596544127e-05, 0.0002789429425355122]
[0.00014901833925029528, 0.0007240572908033815]
[8.07968464739961e-05, 0.000459484682918454]
[0.00029171009404715953, -1.052955578989545e-05]
[0.0005368501501573086, -0.00033106503039570523]
[0.0005454119413048075, -0.00013022258400474662]
[0.00016599721260868172, 0.0003040575647691446]
[-0.0001412469072996636, 0.0004897701146211464]
[0.00028135643658888654, 0.0005493119623989351]
[0.00029736069874353177, 7.351070058185527e-05]
[0.0001737563297793676, -0.0003521917472530389]
[0.0006772468985155738, 8.643788375239936e-05]
[0.00022893882534713583, 0.00024111817582173067]
[-0.00021644145082277966, 0.00016742123845681078]
[0.0005190912690186608, 0.00046908113757204717]
[0.00024217361245587599, 9.401255754118432e-05]
[-8.862863573322333e-05, -0.00016863312614764925]
[0.0006286789687750538, 0.00036030310128287724]
[0.00020587238344171865, 0.00018451019407672575]
[-9.427532859818122e-05, -8.603032299314695e-05]
[0.0006612935014002064, 0.00023134524446466465]
[0.00021214615016967864, 4.334985230891597e-05]
[-0.0001612766668916965, 9.297478568055795e-05]
[0.0004035400534072586, 0.0005515331832208759]
[0.00015419498744773108, 0.00019584745024725514]
[0.00011613663965781562, -0.0001789437783040193]
[0.0006205041458000604, -5.916977828746006e-05]
[0.0002586530884157723, -1.6803220061367696e-05]
[-6.455731762033956e-05, 0.0002943383676267952]
[0.00010207241239057474, 0.0005615192565469052]
[0.00015126340815041495, 0.0002638333393472081]
[0.00028873853017041817, -0.00012050305198889333]
[0.0004064353325452519, -0.0002654391789673194]
[0.0003610639654290648, -9.526667590131765e-06]
[0.00010306777117907728, 0.0003599534223995837]
[-0.00013673704337091586, 0.0003874942814915405]
[0.0002319912392154122, 0.00031927066679471316]
[0.00035170594404339284, 5.623722013278765e-06]
[0.00011928697966345769, -0.0002954740364182404]
[0.0004428416373349897, 9.663204667642589e-05]
[0.00023425934283638483, 0.0003042384899201167]
[-0.0002123294899500916, 0.00011983049490932318]
[0.0003610749889878806, 0.0002897594717841123]
[0.00031494921670527365, 0.00010510622220283317]
[-0.0001084613286069791, -0.00015047954611961678]
[0.0004263943753916033, 0.0002609752156734757]
[0.0002745540227022669, 0.00020279966439873398]
[-0.00011320990572749601, -0.00011262174338795561]
[0.00045563825987493534, 0.0001548180403782018]
[0.0002445195860953375, 0.00013109378886844159]
[-0.00018466939490102696, 8.224736656954265e-05]
[0.00028839701155569664, 0.0003937831795495228]
[0.00024160265375816614, 0.00013319727946004]
[8.585177811559763e-05, -0.00021377746108988682]
[0.0004406486675669896, -3.504302192475217e-05]
[0.00020739877747297242, 0.00010258163682719257]
[-0.00010184958072212424, 0.0002833534238991797]
[7.951110630299851e-05, 0.0004123097880358584]
[0.0001967904053113978, 0.0001254564477195519]
[0.0002735498703605177, -0.00016616633231263805]
[0.0002997240043089433, -0.00018643335622946233]
[0.00022513128028686658, 7.742046686765036e-05]
[6.9439756125389e-05, 0.0003674492443366262]
[-0.00010306959614392319, 0.00029290718120150716]
[0.00019370596997300704, 0.00015151560543036346]
[0.0003656080006752549, -2.8100877164705107e-05]
[8.892069533567026e-05, -0.00021907710379429068]
[0.0002646554193210804, 0.00010311703307985809]
[0.00022908702363411138, 0.00032247640582117043]
[-0.00017180236754632539, 8.6827594062866e-05]
[0.0002393121555776534, 0.00015520708932559302]
[0.0003444640290857226, 0.0001105014233445667]
[-9.415970407156138e-05, -0.00011392469720009762]
[0.0002681790441754206, 0.00018002084192914047]
[0.0003053925538921698, 0.00020317446263762307]
[-9.850236545971836e-05, -0.00010877867802026875]
[0.0002917635459759871, 9.866967746086086e-05]
[0.0002554182630287172, 0.00018303612639714029]
[-0.000165702232445053, 7.578325864704416e-05]
[0.00019885037079103718, 0.0002602926209489542]
[0.00028811274396450814, 8.82394770267414e-05]
[7.185383254226796e-05, -0.00020551604793439537]
[0.0002931377470161145, -7.111791714087268e-06]
[0.00016743066391565822, 0.00017850188595947003]
[-0.00010139401130815351, 0.00025566062474380313]
[7.065749023005274e-05, 0.00028114120878641735]
[0.00022078170277300274, 3.098562426906426e-05]
[0.00024944054136555316, -0.00017063661997804291]
[0.00021298135380623529, -0.00010714623576704718]
[0.00012678717925362903, 0.00013522094827811415]
[5.38323718846101e-05, 0.00034308361064672166]
[-5.6777870666491204e-05, 0.00020878222608206043]
[0.0001625854272558347, 3.3647416952997666e-05]
[0.00035085307267479493, -3.9547243469162385e-05]
[7.313219189986064e-05, -0.00013803208115688304]
[0.00013278382479164907, 0.00010522897391562758]
[0.00021535058386801254, 0.00030981833898136024]
[-0.00011423901057960872, 6.390038626589989e-05]
[0.0001472114253589507, 5.7605270501470685e-05]
[0.00034209103335502977, 0.00011049754397740585]
[-6.212736349375803e-05, -7.010254455078191e-05]
[0.00014766766172968904, 0.00011550725138054219]
[0.0003076384856994796, 0.00019071191481678795]
[-6.601943298778501e-05, -8.753176131645612e-05]
[0.0001647716962704937, 5.833640523583705e-05]
[0.0002494605123014165, 0.00020683913508534602]
[-0.00012369737325457208, 7.12402591077077e-05]
[0.0001303221234385532, 0.00015134789976078977]
[0.0003026388595274432, 5.6621212784158104e-05]
[6.720618984175364e-05, -0.00017176056998853204]
[0.00017562787791577938, 1.9655825291679113e-05]
[0.00013557520322363126, 0.0002192401465350713]
[-7.890409986921476e-05, 0.00021819144982426764]
[6.912103314593576e-05, 0.00017058803557201685]
[0.0002268133439355391, -2.9130551752576395e-05]
[0.00021942500579938407, -0.00014940237603433548]
[0.00014379542441900206, -3.524036354546345e-05]
[5.84348188090722e-05, 0.00016826945123193937]
[4.9152208782321516e-05, 0.0002987500562865453]
[-8.015233760372276e-06, 0.0001368190322220894]
[0.00013648980753272477, -4.370282785015611e-05]
[0.0003165801852124672, -3.6694457708041917e-05]
[6.602052050797003e-05, -6.156569188756414e-05]
[3.968216568273064e-05, 0.00010307152617183846]
[0.00019519954848956633, 0.0002766862849570284]
[-5.199128240684914e-05, 4.816646483397913e-05]
[7.992948266888344e-05, -9.149773008587658e-06]
[0.00031694873385226807, 0.00010585265605100869]
[-2.2911514658385812e-05, -2.6062538254628675e-05]
[5.977683071423101e-05, 6.582348051786813e-05]
[0.0002889520297552073, 0.00016952788559576604]
[-2.6136347685348782e-05, -5.760280647511967e-05]
[7.04871908031035e-05, 3.058743452859225e-05]
[0.00023087548536405988, 0.00020896385512925164]
[-7.152289922518484e-05, 6.731929777836765e-05]
[7.949269615192822e-05, 6.63710134167772e-05]
[0.0002928480939964201, 3.526513317342328e-05]
[6.749704370218046e-05, -0.00012471001056454933]
[8.580970168794999e-05, 4.24384054751592e-05]
[0.00010990811122679744, 0.00023204829600986798]
[-4.508904579370032e-05, 0.0001761671254724151]
[7.092359806648574e-05, 8.17133173695167e-05]
[0.0002185092339503647, -6.237578812029465e-05]
[0.0001862101268283456, -0.00011348733532007271]
[9.030805781717888e-05, 2.4905820008157276e-05]
[1.4177084783795202e-05, 0.00018086671309758273]
[5.068594097557e-05, 0.0002434622660298924]
[3.688361247489169e-05, 7.788392605365124e-05]
[0.0001142227900910453, -8.830616648447531e-05]
[0.0002701970895065131, -2.523024358624948e-05]
[6.376255690920818e-05, 4.688141024195014e-06]
[-2.1038324821032184e-05, 9.71713722360823e-05]
[0.00017079321515200974, 0.00023124499782545271]
[6.914586388989674e-06, 3.7655463729385774e-05]
[3.348151920118392e-05, -5.0313412076480324e-05]
[0.0002766562318748042, 9.754392012750746e-05]
[1.653248386379591e-05, 1.3696435286258968e-05]
[-4.925683261269853e-08, 2.9414812145134306e-05]
[0.0002558992120234721, 0.00014306915523776276]
[1.4189914412501836e-05, -2.502100208018332e-05]
[4.914152891041801e-06, 1.290521999831179e-05]
[0.00020354712478892756, 0.00019507795944928574]
[-1.797512943246815e-05, 6.332263572650376e-05]
[4.364978017368237e-05, 4.020573506208214e-06]
[0.00026553504342902157, 2.182065483957718e-05]
[6.984199655779566e-05, -7.308522343241197e-05]
[2.1131910497629303e-05, 5.9770503815850806e-05]
[8.918718883976773e-05, 0.00022350416091843073]
[-7.464969284498579e-06, 0.00013358572541444236]
[7.356463551977388e-05, 1.4380808219829205e-05]
[0.00019944494328344442, -7.500707205387869e-05]
[0.0001521613936453503, -7.099557365419784e-05]
[5.083163727892526e-05, 7.111620366504617e-05]
[-1.0927040740127403e-05, 0.0001772381725555494]
[5.5201459634834915e-05, 0.00018419849483541917]
[7.410678313135577e-05, 3.213166633894704e-05]
[9.510419273819903e-05, -0.00010701184123709795]
[0.00021779837149696335, -9.350178647782315e-06]
[6.382705732843608e-05, 5.7560689884772476e-05]
[-5.517823847878134e-05, 8.828909422897713e-05]
[0.0001441714817798645, 0.0001800213220795044]
[5.739545894267728e-05, 3.0942079596973926e-05]
[4.3123738316941385e-06, -7.06942773001859e-05]
[0.00022766494759210443, 8.662986652563376e-05]
[5.16762958636674e-05, 4.643472439525009e-05]
[-3.6184249745163655e-05, 4.665252700875033e-06]
[0.00021415586302397926, 0.00011423622106920828]
[5.034897517600112e-05, 6.045265233067809e-06]
[-3.599663677716913e-05, 3.1786226979690912e-06]
[0.0001709962591580072, 0.00017021708989983786]
[3.0986497676299685e-05, 5.89201572372966e-05]
[2.036854996989579e-05, -3.771254594395895e-05]
[0.00022675227336316217, 1.4387189240849807e-05]
[7.235931994697964e-05, -2.3121973780515503e-05]
[-2.1297659659080814e-05, 7.11076117373699e-05]
[7.255187191335111e-05, 0.00019962888516367183]
[2.8700469761777647e-05, 9.346487420103244e-05]
[7.551597658944642e-05, -3.253583073335731e-05]
[0.00017304836653808664, -7.24480540806316e-05]
[0.00011926730557890175, -2.7909211177346016e-05]
[2.3667881847599936e-05, 0.0001028000427424347]
[-2.121449480940729e-05, 0.00016148478122812726]
[6.047079353815876e-05, 0.00012632226050823814]
[0.000101640030921335, -9.039240727870546e-07]
[7.873564475031902e-05, -0.00010603528054017874]
[0.00016435034005160554, 7.825865453225944e-06]
[6.45457044108344e-05, 9.570043892459523e-05]
[-6.818275832820575e-05, 7.72987809580239e-05]
[0.00011716432540284649, 0.00012820126816692756]
[9.653020900847464e-05, 2.6949518754065815e-05]
[-1.0891811105001592e-05, -7.480938503900969e-05]
[0.00017538732485039565, 7.415959527590221e-05]
[7.976225224382016e-05, 7.071734810615293e-05]
[-5.293932767125309e-05, -1.0134197581002091e-05]
[0.00016856982329871428, 8.542721857141e-05]
[7.94710261688425e-05, 3.282306626983811e-05]
[-5.64011414774801e-05, -4.4450457677147615e-07]
[0.00013633249485234256, 0.00013882170923107395]
[7.153955366456799e-05, 5.4014915351174864e-05]
[7.367699118354665e-06, -6.138534103094367e-05]
[0.00018181933079330914, 1.1374407382802598e-05]
[7.387216661530749e-05, 2.0873437762247704e-05]
[-4.4697171341590014e-05, 7.655535833235583e-05]
[5.9357456841491185e-05, 0.00016587939967671606]
[5.985393091872959e-05, 5.7975798826714886e-05]
[7.592473677908718e-05, -6.0967271092213227e-05]
[0.00014249722591885838, -5.945337687321417e-05]
[8.911036414571e-05, 1.1469480197034976e-05]
[7.0409779016067375e-06, 0.00012054355409285566]
[-2.0566064439453413e-05, 0.00013749397415085962]
[6.499846139268461e-05, 7.380904104070662e-05]
[0.00011880870786402584, -2.2217650120399945e-05]
[6.486562449589672e-05, -9.104164168873691e-05]
[0.00011377232246362334, 2.4022844547166855e-05]
[6.486072708145052e-05, 0.00011914222059328239]
[-6.519237196345173e-05, 6.510168197373933e-05]
[9.132631153041526e-05, 7.977939023340319e-05]
[0.00012306004424766925, 2.484053475884651e-05]
[-1.5261197711058383e-05, -6.690549578268479e-05]
[0.00012423522488225203, 6.110772237755135e-05]
[9.93889416411875e-05, 8.611531162416863e-05]
[-5.4554890797531286e-05, -1.6766126451336905e-05]
[0.00012316175764234827, 5.8549450012324034e-05]
[0.0001000419179044143, 5.3643871047226455e-05]
[-6.050980793737004e-05, 3.799909918719008e-07]
[0.0001021984947479071, 0.00010471679455781313]
[0.00010155194688854507, 4.8658926509848044e-05]
[2.463072900360519e-06, -6.995605259554893e-05]
[0.00013527973972005114, 1.1433826868439967e-05]
[7.37239205649276e-05, 5.6174116834672994e-05]
[-5.2523229731149534e-05, 7.667814460862732e-05]
[4.908179221319031e-05, 0.0001270830753066221]
[8.38183993649988e-05, 2.8534183990402973e-05]
[7.44216923467822e-05, -7.34588183994786e-05]
[0.00011062162749161247, -4.0157030500906354e-05]
[6.285120854036819e-05, 4.424330221686201e-05]
[-9.016115435356298e-07, 0.0001257972876914093]
[-1.2447529087911136e-05, 0.00010883416970136617]
[6.785245216918423e-05, 2.9391994805783028e-05]
[0.0001259476343120347, -3.3228702400134313e-05]
[5.330944363315937e-05, -6.712521776539027e-05]
[6.89818667704567e-05, 3.766903508772845e-05]
[6.416329827041434e-05, 0.00012897514979748337]
[-5.099705619282524e-05, 5.255995661081203e-05]
[6.789251347785741e-05, 3.76491444790128e-05]
[0.00013702095126733038, 2.3955265044672824e-05]
[-1.1729297147322626e-05, -5.091082534617458e-05]
[7.762927266874442e-05, 4.83269626022631e-05]
[0.00011021284807999354, 9.297899282256772e-05]
[-4.5122091787697105e-05, -1.70377661755719e-05]
[8.111000560254156e-05, 3.5023706265235877e-05]
[0.00011162272958095687, 6.773419800576441e-05]
[-5.247640578098789e-05, 4.1750287146230525e-06]
[7.072218701931199e-05, 7.107386220994716e-05]
[0.00012025312872293581, 4.299598080736988e-05]
[3.5756621186433524e-06, -6.661850190550073e-05]
[9.084759833608014e-05, 1.3427335232574222e-05]
[7.165127891655201e-05, 8.137446162836959e-05]
[-4.8340149163772494e-05, 7.234885732787522e-05]
[4.127310186885502e-05, 8.735629245854026e-05]
[9.954628297676599e-05, 5.88009703039738e-06]
[7.098547505006436e-05, -7.297178862368525e-05]
[7.982079426081812e-05, -1.806767817832955e-05]
[4.122982247517504e-05, 6.871839922339973e-05]
[-2.0484450763413875e-06, 0.00012061019035025655]
[1.0140167649996812e-07, 7.86511762271569e-05]
[6.854667224581723e-05, -5.316101084673619e-06]
[0.00012413413888850977, -3.566431728799224e-05]
[4.3901783810806894e-05, -3.874389214197915e-05]
[3.193979204840769e-05, 4.779492816486819e-05]
[6.218012680059282e-05, 0.00012705668128853986]
[-2.994602521305678e-05, 4.044521940251532e-05]
[4.775515812133202e-05, 3.680548742501788e-06]
[0.00013943817525000068, 2.3774570461931877e-05]
[-2.985400227029089e-06, -3.035670299521287e-05]
[3.801324078300805e-05, 3.651532800463819e-05]
[0.00011270578360417227, 9.224495728332727e-05]
[-2.847172178116475e-05, -1.271741848776764e-05]
[4.4745539971746684e-05, 1.5795158687187394e-05]
[0.00011461767544523882, 7.504283337289586e-05]
[-3.6260296619405885e-05, 9.647294643755355e-06]
[4.34870470109594e-05, 4.037913952226191e-05]
[0.00012795785175107044, 3.7220088209055646e-05]
[8.767815345298025e-06, -5.462884375693165e-05]
[5.136908758091724e-05, 1.6413592715824182e-05]
[6.76873973470965e-05, 9.616809791324066e-05]
[-3.566897063866925e-05, 6.462281635777334e-05]
[3.552213684709926e-05, 5.003357857713553e-05]
[0.00010691174894922328, -9.837864924699957e-06]
[6.583809375310112e-05, -6.268100433390322e-05]
[5.200153526460638e-05, 3.952154209271863e-06]
[2.458526714133047e-05, 8.422817841868824e-05]
[1.7380742808326133e-06, 0.00010739121957192843]
[1.4497801852031422e-05, 4.9580335314637625e-05]
[6.694886952110513e-05, -2.9696611824836516e-05]
[0.00011495544383519074, -3.1435928211365205e-05]
[3.646979540405937e-05, -9.645468319129102e-06]
[3.713359302603969e-06, 5.394735528263528e-05]
[5.888666202891191e-05, 0.00011575181446032978]
[-5.846816588106485e-06, 2.9400166963476637e-05]
[3.146057558603421e-05, -2.119140924797258e-05]
[0.0001320517341262123, 2.3897220873814184e-05]
[8.584640447617531e-06, -8.295053438300837e-06]
[6.89166232803462e-06, 2.6196729816574393e-05]
[0.00010794046722867323, 8.525987691399006e-05]
[-8.056392577782123e-06, -5.467201324490384e-06]
[1.557122745277778e-05, 1.3578120924492842e-06]
[0.00011006467985898855, 7.608359788224828e-05]
[-1.5485761102884688e-05, 1.57010204104302e-05]
[2.152627442175703e-05, 1.4421860704327827e-05]
[0.00012581276748137651, 3.154390993109768e-05]
[1.6290635785537466e-05, -3.7136981020091664e-05]
[1.881354115820799e-05, 1.9641348057646002e-05]
[6.208139541213908e-05, 0.00010113611450246474]
[-1.7834728580967685e-05, 5.462941750422612e-05]
[3.1449083639278896e-05, 1.762391808492192e-05]
[0.0001065180872392435, -1.8968570689392728e-05]
[5.93598346986246e-05, -4.5777705738270225e-05]
[2.854358544296387e-05, 2.370103676542501e-05]
[1.2893269033031896e-05, 9.09605863153029e-05]
[8.69209302256646e-06, 8.869380484877176e-05]
[2.8645841355312562e-05, 2.3684101689021297e-05]
[6.32010764495261e-05, -4.3982832764688506e-05]
[0.00010029957797522138, -2.2514508160265123e-05]
[3.081989867270707e-05, 1.719087480332726e-05]
[-1.5434961289639837e-05, 5.610653697174506e-05]
[5.443606363964015e-05, 9.769224979838675e-05]
[1.812381253413209e-05, 1.9912877323870204e-05]
[1.92253023778427e-05, -3.685758823521179e-05]
[0.00011706205624061744, 2.4024319995596954e-05]
[2.095407617785927e-05, 1.2771081924739525e-05]
[-1.51013388263177e-05, 1.771416561296979e-05]
[9.739349632797295e-05, 7.361665481231405e-05]
[1.3155584802596043e-05, 3.2196308541038166e-06]
[-5.688403412341947e-06, -8.20491771357651e-06]
[9.943900045747411e-05, 7.178549871511564e-05]
[6.6841027347441795e-06, 2.145188231506001e-05]
[5.3431241580081945e-06, -5.690142189984648e-06]
[0.00011555511353081305, 2.617438798269145e-05]
[2.4630945121728587e-05, -1.703407439293536e-05]
[-5.698915595486742e-06, 2.2543319002525652e-05]
[5.5227868059670726e-05, 9.753642228016446e-05]
[2.1731448145434484e-06, 4.347983371844055e-05]
[2.8699430721201846e-05, -8.196564816982492e-06]
[9.951095214011385e-05, -2.2254437347435374e-05]
[5.2018030907402535e-05, -2.5288348334040478e-05]
[1.0294292120516246e-05, 3.963517707918779e-05]
[5.819279943974909e-06, 8.978064609643788e-05]
[1.721295185053151e-05, 6.702517316992118e-05]
[4.095451446053944e-05, 2.4209527876642434e-06]
[5.7646695986735e-05, -4.909992268728458e-05]
[8.21680332228486e-05, -1.0812404031668166e-05]
[2.673403269792818e-05, 3.958397585065998e-05]
[-2.593268419714967e-05, 5.460110023536302e-05]
[4.909875664299568e-05, 7.555796661029568e-05]
[3.948259756243744e-05, 1.2303597646728948e-05]
[1.0969171402707562e-05, -4.390309629326988e-05]
[9.689519697288207e-05, 2.394716574183331e-05]
[3.249742514221943e-05, 3.093296374001575e-05]
[-2.8101013350823045e-05, 1.1234466987475322e-05]
[8.276379873382173e-05, 5.900366015465508e-05]
[3.2761879895898405e-05, 1.207070676545463e-05]
[-1.9006390912928994e-05, -1.3164004658720863e-05]
[8.446883131341121e-05, 6.3349094702847e-05]
[2.7646357054433857e-05, 2.623561348247261e-05]
[-5.043319818653913e-06, -1.9485431192817204e-05]
[9.928295327121806e-05, 2.129422116003976e-05]
[3.254986171022378e-05, 3.174228728086703e-06]
[-2.183195231925117e-05, 2.4727140271026127e-05]
[4.760400900993833e-05, 8.709436824927419e-05]
[2.181579122262356e-05, 3.2191249533020105e-05]
[2.69450753795919e-05, -2.6552173721501593e-05]
[8.739671183902176e-05, -2.0720831185983002e-05]
[4.430748237610471e-05, -3.919107500360841e-06]
[-2.4074799723772244e-06, 5.084047705979089e-05]
[2.783347606727382e-06, 8.204841930237183e-05]
[2.592459518879764e-05, 4.468511618427318e-05]
[5.033605495723126e-05, -1.3351989436638512e-05]
[5.076230114747088e-05, -4.649106005230608e-05]
[6.251258198949027e-05, 1.9214276367751637e-06]
[2.3972461325683092e-05, 5.6143784177009604e-05]
[-2.8760704145258664e-05, 5.002046038105057e-05]
[4.3210407277886886e-05, 5.188687335322406e-05]
[5.6467613968318175e-05, 6.723547783180073e-06]
[6.362251182015499e-06, -4.345702145867186e-05]
[7.399205516722684e-05, 2.353638039509498e-05]
[4.201312850549144e-05, 4.4891369498423206e-05]
[-3.2882680808421494e-05, 6.763164158540835e-06]
[6.580904543519728e-05, 4.3070628136132605e-05]
[4.8975356495978284e-05, 2.007174541510115e-05]
[-2.4945216792637837e-05, -1.407564223419866e-05]
[6.696615523676952e-05, 5.211157135898148e-05]
[4.5421945910062433e-05, 2.9608218438226253e-05]
[-1.0030041592723471e-05, -2.7056260397079895e-05]
[7.924166227435414e-05, 1.7048529512453392e-05]
[3.910783287591757e-05, 2.1461677171874527e-05]
[-2.993311734350579e-05, 2.596175925968086e-05]
[3.9714042256111526e-05, 7.17997850525065e-05]
[3.9087193033637835e-05, 2.1628692321917775e-05]
[2.5888163085546756e-05, -3.729677483770011e-05]
[7.186963141023184e-05, -1.5563821395586652e-05]
[3.6701889061824255e-05, 1.606590387059903e-05]
[-9.680713368709348e-06, 5.697878735635986e-05]
[3.0323029269752055e-06, 6.943725306435278e-05]
[3.3720401128867206e-05, 2.3638958452143477e-05]
[5.6182365462257786e-05, -2.3343403635169013e-05]
[4.3094389500286656e-05, -3.7937364183034464e-05]
[4.310008409273702e-05, 1.4186950191619196e-05]
[2.2280977459154805e-05, 6.622641709547183e-05]
[-2.5302131346216505e-05, 4.3126515528235654e-05]
[3.712770833146084e-05, 2.8918717364101454e-05]
[6.802781994734441e-05, 3.164764134921949e-06]
[4.88174431306776e-06, -3.7030565760563794e-05]
[5.062776444442196e-05, 2.273115529405345e-05]
[4.8723889719215485e-05, 5.3939514348511075e-05]
[-3.0711456448118124e-05, 4.167582657060853e-06]
[4.820424414089808e-05, 2.7315529526894533e-05]
[6.0636949390485695e-05, 2.6486598372899017e-05]
[-2.4527900187476526e-05, -1.170319121690435e-05]
[4.8677885103654006e-05, 3.942465132966699e-05]
[5.8680104396746646e-05, 3.133642604635778e-05]
[-1.034460956925165e-05, -2.8962784661842877e-05]
[5.7633509519122716e-05, 1.3536335657315934e-05]
[4.367327523192854e-05, 3.633807357800167e-05]
[-3.090604176692047e-05, 2.615894949314912e-05]
[3.204165187775665e-05, 5.371798222358892e-05]
[5.2559075507663255e-05, 1.2465263374616953e-05]
[2.526590677516538e-05, -4.0909530632848856e-05]
[5.46536653241933e-05, -8.042057465962316e-06]
[2.9616275272092984e-05, 3.292724311687589e-05]
[-1.2029331120766429e-05, 5.8210581324269484e-05]
[5.714386794641868e-06, 5.375953153710644e-05]
[3.979008149512103e-05, 5.428279750696596e-06]
[5.831991229036937e-05, -2.7762777995002375e-05]
[3.520242595780876e-05, -2.538078663741339e-05]
[2.540885767202128e-05, 2.479506014441135e-05]
[2.1400772514890143e-05, 6.985375658002946e-05]
[-1.7185468910607682e-05, 3.476796568302465e-05]
[3.1192057524553896e-05, 8.478353032914665e-06]
[7.377506336156414e-05, 1.4794562104569753e-06]
[5.87449977484944e-06, -2.635245034904657e-05]
[2.876717364996839e-05, 2.1528100305090447e-05]
[5.225453712814909e-05, 5.791498222851299e-05]
[-2.3180376071241238e-05, 3.205936109411389e-06]
[3.142682717074963e-05, 1.2996273407978043e-05]
[6.71920146104038e-05, 3.08594473485968e-05]
[-1.9096718888778064e-05, -6.9351615078760975e-06]
[3.116245638784543e-05, 2.6549766893535498e-05]
[6.672312678329684e-05, 3.137839568134737e-05]
[-6.948500475126296e-06, -2.6120793999752367e-05]
[3.645732686706482e-05, 1.0806551980324652e-05]
[4.5913972524335225e-05, 4.6867340491196785e-05]
[-2.6063678234600207e-05, 2.5350507809551726e-05]
[2.5011421229792496e-05, 3.482265428395026e-05]
[6.138712634142993e-05, 5.160859520847438e-06]
[2.4855150132667425e-05, -3.8365023182378166e-05]
[3.736505073514279e-05, 6.215331847352068e-07]
[2.338043878818974e-05, 4.549103635909102e-05]
[-1.0252963660639658e-05, 5.509883101650903e-05]
[9.951477641212403e-06, 3.68078472192529e-05]
[4.362718209605099e-05, -8.879037209585938e-06]
[5.694591622179557e-05, -2.7231657573845158e-05]
[2.760989378547407e-05, -1.075945985565957e-05]
[1.0558936101356942e-05, 3.2903638373382726e-05]
[2.1079514629374074e-05, 6.760348738621413e-05]
[-6.131569983247598e-06, 2.58010899682826e-05]
[2.5701401644095956e-05, -8.098582069571147e-06]
[7.390276257412953e-05, 1.4068536480227323e-06]
[8.620669937786651e-06, -1.3211005448938995e-05]
[9.96080279835887e-06, 1.99696091078283e-05]
[5.258941903626968e-05, 5.712472889218834e-05]
[-1.204719881572891e-05, 3.559968657175505e-06]
[1.6671593685707586e-05, 1.0699173899758607e-06]
[6.863314141955512e-05, 3.299998377576108e-05]
[-1.016881998838759e-05, -7.044221878305112e-07]
[1.5696083527416693e-05, 1.4574339159301175e-05]
[6.943445743951004e-05, 2.985577928815708e-05]
[-9.360489504912223e-07, -1.9680768665991753e-05]
[1.738407658052627e-05, 8.85810472532611e-06]
[4.577208527205279e-05, 5.264850683306399e-05]
[-1.697276376566581e-05, 2.3662294803328265e-05]
[1.8960178246762993e-05, 1.6857838338824038e-05]
[6.528031690020836e-05, -4.1440152698246635e-08]
[2.447582103669299e-05, -3.0987357394041126e-05]
[2.1401175468033218e-05, 9.32322179202777e-06]
[1.8223203748918282e-05, 5.3148652293999454e-05]
[-5.348261527815534e-06, 4.8500560795083913e-05]
[1.4904497537771011e-05, 2.021898682667833e-05]
[4.501744851548306e-05, -1.870018561156428e-05]
[5.255037749035685e-05, -2.267835912600491e-05]
[2.07649824187639e-05, 4.1358076906944374e-06]
[-7.232611020091539e-07, 3.802713889000664e-05]
[2.1082395672611387e-05, 6.0477843375372764e-05]
[6.1866066077831405e-06, 1.7020708298884357e-05]
[2.0890402991413648e-05, -1.999707765656944e-05]
[6.907811855248747e-05, 2.6051554883332884e-06]
[1.2394253362246754e-05, 6.881228789834548e-07]
[-4.716600891463418e-06, 1.8131928020914678e-05]
[5.001303422347281e-05, 5.22493106309696e-05]
[9.199468483378492e-07, 4.8686613547364865e-06]
[4.797295564712423e-06, -7.83954944734433e-06]
[6.541499659715524e-05, 3.295367685152151e-05]
[7.020586132999718e-07, 6.0863732257721015e-06]
[3.2112653273186353e-06, 4.3518490432103984e-06]
[6.719579135374548e-05, 2.7019055304888795e-05]
[6.56412128489936e-06, -1.0906446954422888e-05]
[1.6720916305446032e-06, 7.643709555110734e-06]
[4.342503025089872e-05, 5.3763710796461694e-05]
[-5.2999970153733145e-06, 2.12866274016954e-05]
[1.4118764872395051e-05, 1.2343136769343843e-06]
[6.443781645870672e-05, -3.103086433475788e-06]
[2.399272322925472e-05, -2.0298678952646032e-05]
[7.859712319230328e-06, 1.7143263631336225e-05]
[1.4266851877775544e-05, 5.5818486900727216e-05]
[1.5920328870211442e-06, 3.945344302619391e-05]
[1.9828314947567538e-05, 5.3667277898523935e-06]
[4.400985882206665e-05, -2.391332364296006e-05]
[4.582955596722782e-05, -1.522425309813391e-05]
[1.501214094490333e-05, 1.7776826245909094e-05]
[-8.1073043325941e-06, 4.002111273621045e-05]
[2.120211737866029e-05, 4.976074063234304e-05]
[1.826362642305679e-05, 9.104479778539176e-06]
[1.691879976427335e-05, -2.69134129400328e-05]
[6.0316520511690536e-05, 4.685993146180678e-06]
[1.651677135267038e-05, 1.3841019031707313e-05]
[-1.468538899140892e-05, 1.611328023071179e-05]
[4.503878236537806e-05, 4.423386990248801e-05]
[1.4078901935209512e-05, 6.7606460760552545e-06]
[-3.695219760270485e-06, -1.3445565263614512e-05]
[5.834866850626397e-05, 3.096023305571016e-05]
[1.2049353647181071e-05, 1.2628778594703238e-05]
[-5.731857078361546e-06, -3.533102036185065e-06]
[6.078091785235995e-05, 2.3208598407542524e-05]
[1.4478833863629248e-05, -1.0607783605953713e-06]
[-9.876739439057536e-06, 7.076679226523941e-06]
[3.9235556452466014e-05, 5.069943242907993e-05]
[7.330168564301243e-06, 1.845467354860686e-05]
[1.0604219012666505e-05, -1.103646609567667e-05]
[5.946015009633543e-05, -4.1644723787204185e-06]
[2.3315376120644493e-05, -7.87246503008987e-06]
[-2.509923206495124e-06, 2.3389566120364524e-05]
[1.1530660420144834e-05, 5.3875656967350416e-05]
[9.475272558900905e-06, 2.9064946811319103e-05]
[2.411343058725257e-05, -6.712557042362621e-06]
[4.087337654432033e-05, -2.480315435035574e-05]
[3.759699504832237e-05, -6.0699006110831455e-06]
[1.0575119568478897e-05, 2.8980236717046637e-05]
[-1.1631575114412485e-05, 3.904475879873415e-05]
[2.1266996176619313e-05, 3.687344778391388e-05]
[2.885458723780529e-05, 2.572791873376931e-06]
[1.3867478951250928e-05, -2.9009733751014788e-05]
[4.8847744343952226e-05, 7.248801209724931e-06]
[2.0401073483444776e-05, 2.5035578433141303e-05]
[-1.9841304275070026e-05, 1.4022487323295252e-05]
[3.833139534545338e-05, 3.417406813716051e-05]
[2.6024333993082682e-05, 8.883254932631757e-06]
[-8.655317625158587e-06, -1.5777949593669127e-05]
[4.848414015123925e-05, 2.7404029983135736e-05]
[2.2595995066987395e-05, 1.8258548875771385e-05]
[-1.0942764936294758e-05, -8.775156647516935e-06]
[5.123532617012927e-05, 1.881423083766043e-05]
[2.1865895356604215e-05, 8.693812500737419e-06]
[-1.6921205742981282e-05, 7.040029317742502e-06]
[3.3695046410819884e-05, 4.424868883040611e-05]
[1.9457566276026572e-05, 1.54104621966078e-05]
[8.421771199695893e-06, -1.9370381138739817e-05]
[5.1242751162153266e-05, -3.5092941505221464e-06]
[2.2395828701393672e-05, 4.798952854379035e-06]
[-9.322878967932269e-06, 2.7619387289914976e-05]
[9.942065172685588e-06, 4.805730052315216e-05]
[1.7294120987082495e-05, 1.8411037483456738e-05]
[2.731285801610417e-05, -1.5359809924841983e-05]
[3.6043405795715966e-05, -2.1983034676008317e-05]
[2.8698088548875442e-05, 3.611135761083517e-06]
[7.551422082974213e-06, 3.695428489813857e-05]
[-1.165159322458198e-05, 3.5505975306687754e-05]
[2.114660054632761e-05, 2.323855128971708e-05]
[3.703769514386279e-05, -2.23460812755899e-06]
[1.1741415375576825e-05, -2.6839309043347193e-05]
[3.598364137555321e-05, 9.912662948918793e-06]
[2.3583195917109556e-05, 3.340921317257495e-05]
[-2.0502175603065442e-05, 1.1968548983665173e-05]
[3.062876964854411e-05, 2.3205102485712725e-05]
[3.566786378218778e-05, 1.0926543053096927e-05]
[-1.0249105657167412e-05, -1.5140437948635982e-05]
[3.698990953238113e-05, 2.2760637894303493e-05]
[3.133027482221662e-05, 2.2489394867486467e-05]
[-1.2569879431489905e-05, -1.1335969480941177e-05]
[3.975108317891274e-05, 1.4236027376213212e-05]
[2.797139814206262e-05, 1.737536319806887e-05]
[-1.9549296012666417e-05, 7.3970609137767596e-06]
[2.7364394071138776e-05, 3.540276834390621e-05]
[2.988159393793599e-05, 1.2387939286040428e-05]
[7.475496731773612e-06, -2.3602620039211986e-05]
[4.08608413268452e-05, -1.5225040734673234e-06]
[2.1224561285226873e-05, 1.6414769649697458e-05]
[-1.2545135698982524e-05, 2.9639784772633737e-05]
[9.35365275567257e-06, 3.935240566282916e-05]
[2.4195753319591895e-05, 8.450364017975609e-06]
[2.9153776444031977e-05, -2.0299449358558708e-05]
[3.006247538389628e-05, -1.6301554863076308e-05]
[1.9933609274186415e-05, 1.2764035162426968e-05]
[5.917383797071629e-06, 4.131040586208279e-05]
[-8.770169783123283e-06, 2.999435204220635e-05]
[2.0754570350660362e-05, 1.016081111177014e-05]
[4.224499031939277e-05, -5.165266613718633e-06]
[1.0478314957929058e-05, -2.1250758687058058e-05]
[2.2996323499308025e-05, 1.2343532141523283e-05]
[2.574120916026823e-05, 3.847324778027961e-05]
[-1.732833112838561e-05, 1.0051611479378053e-05]
[2.266861174368695e-05, 1.240124721552105e-05]
[4.228473537913613e-05, 1.2641125290896449e-05]
[-8.905388171720485e-06, -1.2051969736565256e-05]
[2.5038434381841057e-05, 1.7543534823749596e-05]
[3.75524813925332e-05, 2.5029554227895545e-05]
[-1.1047009675996255e-05, -1.1412724165833776e-05]
[2.754621888689801e-05, 9.848942233686708e-06]
[3.22663368649001e-05, 2.4238809572196818e-05]
[-1.821702269144687e-05, 8.002561077927184e-06]
[2.0816766031661604e-05, 2.5241227222860818e-05]
[3.772549004574244e-05, 9.59221025870205e-06]
[7.585975700857839e-06, -2.3947967957691288e-05]
[2.9454611736947495e-05, 1.354375003728009e-06]
[1.982474577035681e-05, 2.5948244411988508e-05]
[-1.2453827577085796e-05, 2.9488975299307718e-05]
[9.563989675387408e-06, 2.8885569390041388e-05]
[2.9531501098594218e-05, -4.1610943912751e-08]
[2.9534660123585466e-05, -2.1614790599977507e-05]
[2.351983934605062e-05, -8.74199849529994e-06]
[1.199662841300242e-05, 2.052474592650899e-05]
[5.5424353430644224e-06, 4.2042325481661535e-05]
[-3.75645340372488e-06, 2.320804882435107e-05]
[2.004850925479973e-05, -1.2682709482070287e-06]
[4.426217986761016e-05, -6.245133748167264e-06]
[9.961567518507186e-06, -1.3280393235729632e-05]
[1.1014495362171584e-05, 1.4275207257441469e-05]
[2.670101900692501e-05, 4.0105502319476294e-05]
[-1.1225310632856367e-05, 8.355685847307587e-06]
[1.5124593931964414e-05, 2.69212087503079e-06]
[4.552689279188615e-05, 1.3849209830385512e-05]
[-5.247256377016729e-06, -7.177668322387587e-06]
[1.3705082394899204e-05, 1.2254800083988382e-05]
[4.089182494840249e-05, 2.578154047333525e-05]
[-7.023227003827293e-06, -9.391810045684262e-06]
[1.5756876892675242e-05, 5.973418950380727e-06]
[3.446176606512752e-05, 2.8807186060353374e-05]
[-1.366517014916857e-05, 8.713777964158842e-06]
[1.458616145855185e-05, 1.4828345789669184e-05]
[4.246791784478718e-05, 7.185740956705544e-06]
[8.512953678936619e-06, -2.0935648129480344e-05]
[1.812303062836973e-05, 4.666956648597537e-06]
[1.8245250539630775e-05, 3.26980818259881e-05]
[-9.577218155087941e-06, 2.740195753431207e-05]
[1.0340243340845046e-05, 1.780383389346496e-05]
[3.288508500083609e-05, -6.515830468123429e-06]
[2.8509590349334868e-05, -1.9697682505537273e-05]
[1.6994468679865093e-05, -3.2291931882991176e-07]
[5.42597713493187e-06, 2.6268848701327396e-05]
[6.210581595167408e-06, 3.9477513915531226e-05]
[2.538869465051885e-06, 1.5880534147825164e-05]
[1.9027075063890453e-05, -1.0237549905256493e-05]
[4.320069835596352e-05, -5.6563195566794455e-06]
[1.0035977154931874e-05, -4.041941297581314e-06]
[9.437162216130446e-07, 1.5523006000439654e-05]
[2.643004502816959e-05, 3.851475340982402e-05]
[-3.2380357567751705e-06, 6.943372727649666e-06]
[8.555676377391963e-06, -5.199774967226678e-06]
[4.540479291168659e-05, 1.4448764708352435e-05]
[-1.6017476178742385e-08, -1.255735357058585e-06]
[3.886729600222072e-06, 7.342978338015227e-06]
[4.129538123066878e-05, 2.482663879621594e-05]
[-1.2831556540568445e-06, -5.79275446948007e-06]
[5.3489360953857396e-06, 2.8535859735723257e-06]
[3.4503365673246855e-05, 3.087783333305394e-05]
[-6.82256016015792e-06, 9.400392942615632e-06]
[9.125010229427133e-06, 5.123127858858156e-06]
[4.394269778289217e-05, 5.279885340492285e-06]
[9.980793382324826e-06, -1.5326285871586354e-05]
[7.833356862052554e-06, 7.987505522145943e-06]
[1.6552857100310403e-05, 3.6307889608844235e-05]
[-4.620961236267984e-06, 2.37646214482079e-05]
[1.1440641735638302e-05, 7.1748182021019735e-06]
[3.407931132483333e-05, -1.0669356835357746e-05]
[2.6262255062914353e-05, -1.5178799895654294e-05]
[1.1005354518645039e-05, 7.992697501223514e-06]
[5.779582638032466e-07, 2.96357849304818e-05]
[7.646758419355137e-06, 3.420746847249134e-05]
[9.265302064881409e-06, 8.712726620781902e-06]
[1.7724597404580877e-05, -1.6252816137485304e-05]
[3.944691569987557e-05, -3.704491249478803e-06]
[1.052471430929014e-05, 5.377623065544457e-06]
[-6.585833447037004e-06, 1.598970500443775e-05]
[2.5020517912782703e-05, 3.4182549974448584e-05]
[5.554537793606151e-06, 5.852729118332317e-06]
[3.370995844832747e-06, -1.0797608646917478e-05]
[4.224241877637258e-05, 1.4411261247793128e-05]
[6.005853580404175e-06, 4.973706935140765e-06]
[-3.7557685145239716e-06, 3.170512340833209e-06]
[3.899271984154733e-05, 2.239674033921446e-05]
[5.335193885305789e-06, -1.207771866164331e-06]
[-2.9461569691358047e-06, 6.439840282250475e-07]
[3.2547760226805944e-05, 3.0505692223570247e-05]
[1.2952971794599755e-06, 9.952828891213183e-06]
[4.773158798820898e-06, -3.0916521145604725e-06]
[4.2309843469881536e-05, 3.931705612969516e-06]
[1.1704468216050534e-05, -8.019254454705305e-06]
[-6.482797911266935e-07, 1.0947653160231496e-05]
[1.482419972201332e-05, 3.675539168879194e-05]
[1.6122511540261897e-06, 1.906106443622102e-05]
[1.2635033517005567e-05, -2.0971367710211075e-06]
[3.316273858725016e-05, -1.2442532152545649e-05]
[2.3072696504394807e-05, -8.84594346223233e-06]
[5.972218336647295e-06, 1.5373500391595296e-05]
[-2.3834741081363298e-06, 3.052894704652642e-05]
[9.5455462334193e-06, 2.7004350810877487e-05]
[1.5645111199585893e-05, 2.315254574062481e-06]
[1.6203724265140274e-05, -1.914311792293455e-05]
[3.359472521183293e-05, -7.794441141961705e-07]
[1.1246020702015969e-05, 1.4008623901773376e-05]
[-1.124284800335662e-05, 1.5663927260989308e-05]
[2.266476487305935e-05, 2.7789124129540266e-05]
[1.4136064544246346e-05, 5.096282940486585e-06]
[-1.8863385749592898e-07, -1.3884223089863021e-05]
[3.661162120929817e-05, 1.3773874607991843e-05]
[1.206657404012601e-05, 1.0832424688050901e-05]
[-8.82913264566021e-06, -7.777914923234874e-09]
[3.444141638488801e-05, 1.8836872968608365e-05]
[1.201832303225625e-05, 3.7578569554858055e-06]
[-8.668815955820142e-06, -5.94930055396875e-07]
[2.8924148378933756e-05, 2.7967320081256908e-05]
[9.683707919927453e-06, 1.028839279759719e-05]
[1.7395646334794623e-06, -9.257748746337863e-06]
[3.800297661307739e-05, 3.145675590843222e-06]
[1.3413979286031052e-05, 4.131493622216986e-08]
[-6.80189136842424e-06, 1.3262465490921846e-05]
[1.3137939135710042e-05, 3.4315235204085415e-05]
[8.302636613444214e-06, 1.381893589175176e-05]
[1.372213467312755e-05, -9.332007383899832e-06]
[3.0379236125616105e-05, -1.1996155530463737e-05]
[1.9280151846601257e-05, -1.5579976058721634e-06]
[2.188710563844065e-06, 2.1176534631059396e-05]
[-3.4792553513240954e-06, 2.9093932701562686e-05]
[1.1599735415784851e-05, 1.8731910995384293e-05]
[2.1031904008907143e-05, -2.835588342331094e-06]
[1.4546727363120085e-05, -1.9039365472275915e-05]
[2.6368484792468894e-05, 2.6873771671320767e-06]
[1.2028372812111776e-05, 2.1069740412354987e-05]
[-1.2990706633353444e-05, 1.4611730183772265e-05]
[1.9625254283436866e-05, 2.013080611429352e-05]
[2.16338948946862e-05, 4.662069500921406e-06]
[-2.0529137099850603e-06, -1.4492878007494464e-05]
[2.925300378436857e-05, 1.2627356970829062e-05]
[1.7506507839548657e-05, 1.575613670945497e-05]
[-1.1213298612144929e-05, -2.0546626558204384e-06]
[2.8259673142877473e-05, 1.4562244387950063e-05]
[1.80450367036622e-05, 8.539894396003556e-06]
[-1.1641729537492651e-05, -8.929408134399075e-07]
[2.4085653394317896e-05, 2.371043306481635e-05]
[1.743501357379107e-05, 1.03549353238086e-05]
[9.695062203052274e-08, -1.306553217141071e-05]
[3.165960105312726e-05, 2.879544258566069e-06]
[1.4875362487912214e-05, 7.954188094794201e-06]
[-1.0373042344080652e-05, 1.4744853084752707e-05]
[1.1567647364429945e-05, 2.9500948994731768e-05]
[1.4686465570803997e-05, 8.557358852412378e-06]
[1.454245001437926e-05, -1.410966548519993e-05]
[2.6124456688439435e-05, -9.672554113743237e-06]
[1.524532964152208e-05, 5.838104349620288e-06]
[-1.909448041348405e-07, 2.49820614185714e-05]
[-2.892875575644105e-06, 2.56787766265143e-05]
[1.3526445096983392e-05, 1.0258401941243278e-05]
[2.4951877878123113e-05, -6.425959604129672e-06]
[1.284616653771109e-05, -1.6329683629009994e-05]
[1.8543444784635543e-05, 6.264695973423606e-06]
[1.2723071597720015e-05, 2.6015734031825666e-05]
