[474.6147925608273, -1118.5587431749145]
[4.160527312224076, -45.73294048278207]
[-7.979357142183387, -25.574165971872205]
[7.792484604731392, 26.389206366881503]
[1.9852169397789123, 8.798876821103107]
[-1.3600805045366542, -1.9619323104716742]
[5.928049524477916, 1.8817653926690596]
[-8.003070940153947, -1.9488903583535269]
[7.721811779999172, 2.9552717901086965]
[-8.274848822535105, -6.258294956210587]
[7.756807521656079, 0.9163759238605493]
[-5.657892081013003, -3.314241308292413]
[2.20502838130016, 1.8554184552793416]
[-1.3655031817661438, -2.859854644824308]
[0.5548044564870906, -2.9661197645683473]
[0.8603658755420582, -1.7079207378369912]
[0.5353957156013962, -1.4273165961098435]
[-0.4088432444790797, -0.7943266730296195]
[0.28541208691307673, -1.1908305184560817]
[-0.8501083570930135, 1.3365313766778932]
[0.4984775023966961, 1.5023333379606214]
[-2.076623772112221, 0.8722530501395518]
[-0.0572242563346137, 1.988903208318069]
[-2.5398058077667436, 0.9311428581670107]
[0.7941093296934234, 2.3246290060400288]
[-2.8814446373895635, -0.6738334909208383]
[1.709845862422572, 2.0019903646461996]
[-2.6268854608239254, -0.8889917239782754]
[2.187892390248532, 1.5247503890992284]
[-1.537941570975692, -1.7010047063299858]
[2.524692168084682, 0.32186183261612555]
[-0.7613643007665887, -1.8326983552621492]
[2.1545311418464568, -0.10746676211029094]
[-0.2946370952462687, -1.6082377548810527]
[1.4587589182934755, -0.6695484522987254]
[0.04301842526840205, -0.6865517236998646]
[0.5169152135603445, -0.1365307267604865]
[-0.03846831852478866, -0.02672451289573119]
[-0.29600253783172337, -0.046878736077889505]
[-0.23431482430459338, 0.5260908141226825]
[-0.132307370229367, 0.5083128613497765]
[-0.9586186807143351, 0.27794956749777455]
[0.3083124499920757, 0.8709807503036275]
[-1.5001944429807734, 0.2716400933687373]
[0.9393263832410881, 1.1530730325961311]
[-1.570904192892339, -0.34832217793616405]
[1.2907592802041354, 0.9234043237844034]
[-1.3398637878178636, -0.718712585367161]
[1.3427452837903777, 0.48198244864445705]
[-0.8203460972846948, -1.0846178986529247]
[1.2295480923305284, -0.13581392345958143]
[-0.3686251656781572, -0.9053948085274505]
[0.8427001835236236, -0.28495988043606424]
[-0.007568733662052907, -0.5290363098965489]
[0.38746456041855204, -0.44737562283173915]
[0.11672731633395017, -0.05708009674110315]
[0.1408547066665431, -0.07751008638779222]
[-0.21613251064415806, 0.1671442118336568]
[-0.02658913322079215, 0.26963264215168303]
[-0.6109023047613942, 0.3982076740459801]
[0.1175342942594515, 0.7525090919205459]
[-0.9610750467944449, 0.17650700858994028]
[0.2910929563373674, 0.9055132841493021]
[-1.0867289549469819, -0.06256320993666087]
[0.6631716425018279, 0.8050526582419066]
[-1.004839345496913, -0.5689552978155614]
[1.0035644520535394, 0.47884924925156636]
[-0.8217394126711217, -0.7511340722682149]
[1.0954793310954383, 0.19279100206880884]
[-0.4399232539249054, -0.7873829443566427]
[0.9131135817160438, -0.15969633590233068]
[-0.09278517912954426, -0.5810776977484795]
[0.5393128986293942, -0.23384224469424453]
[0.0546638076413109, -0.32551234343594837]
[0.15912423839404544, -0.26193694580939453]
[-0.002323965579715037, 0.034891141126296654]
[-0.012629919143081592, 0.05261032800084009]
[-0.27147542502045807, 0.22437993162293712]
[-0.04808419948720183, 0.30843302214993207]
[-0.5263919062553049, 0.3113843233431499]
[0.20097936278988893, 0.5613476119726108]
[-0.764506308149691, 0.03825167284844788]
[0.4854230713579981, 0.6078563643702637]
[-0.8618366811938039, -0.18878254079723122]
[0.7258426125385484, 0.5234002682348109]
[-0.7178212774151591, -0.4791600801920777]
[0.7921786577477916, 0.2499415541500749]
[-0.4444288067925024, -0.5691096643575497]
[0.6799647988324748, -0.0065119089353604664]
[-0.14637842364662035, -0.5570942526129585]
[0.4918365737269488, -0.2496111929396969]
[0.008233400905915289, -0.34042300500486844]
[0.26567399686067716, -0.19085184738486038]
[-0.014697562693117838, -0.06792702254931715]
[0.044431623044044244, -0.06720983353850674]
[-0.12521391504780244, 0.18212311309136808]
[-0.02608353002303243, 0.21813906345800582]
[-0.36566943768521654, 0.19470339566256012]
[0.019809087311651652, 0.4062306092221246]
[-0.5835978626658314, 0.1276009580296691]
[0.24084703036634725, 0.5376213979779612]
[-0.7105372482501755, -0.11212995479008558]
[0.47083733589133914, 0.48872436918902373]
[-0.6671080294561058, -0.28868669375178335]
[0.6434817636798007, 0.3237253232169248]
[-0.47299100435098296, -0.4820420015083897]
[0.6955076539219376, 0.06748052271070826]
[-0.25776818636563953, -0.4993391883588627]
[0.5669647227255368, -0.09096458797434703]
[-0.06282807648214361, -0.38485638427048463]
[0.33397867418143057, -0.19856446726619836]
[0.04662058353221227, -0.1575358441193968]
[0.09873338478312521, -0.10845414598136038]
[-0.005326182478111369, 0.030685163152302464]
[-0.03604886207742311, 0.018569043581393496]
[-0.16827669204409212, 0.1671179637439888]
[0.010332783333872109, 0.2503897883131425]
[-0.40508166515733257, 0.14572177577275047]
[0.13877595958738037, 0.3979404643426139]
[-0.5506142502752289, 0.060931999808900184]
[0.33215620989657535, 0.4429822776393384]
[-0.569436461443241, -0.17069999059020757]
[0.4859586087505492, 0.33247559908968416]
[-0.48162734597847123, -0.3407542038961575]
[0.5473655697810531, 0.1583556907562782]
[-0.3025998973332973, -0.4362897489514702]
[0.4996041350024991, -0.041471688348998725]
[-0.11956453869222727, -0.3646294187364515]
[0.3440228523860238, -0.13694610124530993]
[0.008425515180269905, -0.2155397977501714]
[0.16633554629885072, -0.16349115827132543]
[0.013837368920472493, -0.029347120913434832]
[0.03402221319466925, -0.021179975510634996]
[-0.11643665539242498, 0.10352822179489962]
[-0.029833205992471967, 0.14261771082626828]
[-0.2754701282145362, 0.17042983333732842]
[0.0384073272961345, 0.3172524350780801]
[-0.4262622552975448, 0.07522269482635169]
[0.17972731997331426, 0.3816893398448561]
[-0.5015164720974061, -0.06685007339634419]
[0.36926836058670265, 0.3516962618089534]
[-0.4763877923146551, -0.2562620466813681]
[0.49276562323618434, 0.22359072556663584]
[-0.3576029877118302, -0.3417286601974636]
[0.4948998279342831, 0.06257518926779859]
[-0.1675891985210472, -0.36099282057081705]
[0.3934313749984062, -0.09705692756991824]
[-0.021201144819738144, -0.2735078531673556]
[0.22673348989447495, -0.1373262480432147]
[0.028754701399940047, -0.12803547857222625]
[0.06660386688616038, -0.0993673467875118]
[-0.02098638463854735, 0.043482923462993595]
[-0.01399742250507302, 0.05474815146489065]
[-0.15519702764551124, 0.13022418879460607]
[-0.004426377835441309, 0.1929899141874818]
[-0.3017623265809586, 0.128521712453475]
[0.11937420150990274, 0.31006542694462635]
[-0.4232542816063911, -0.0001555793740073419]
[0.2588917941615266, 0.32646553340939777]
[-0.44872153336622533, -0.12936641766637957]
[0.37837108625475246, 0.2531277687605944]
[-0.3585818467609556, -0.2717724627355733]
[0.42305432738495874, 0.10276226730744176]
[-0.2168649628244932, -0.3204589719639412]
[0.3813906667828677, -0.03278844377948387]
[-0.07471490310926132, -0.288570404529649]
[0.27033985816125927, -0.12332815024648847]
[0.00193555433659931, -0.1568182211481346]
[0.12382369765121215, -0.09602069844517214]
[-0.0019514783722982543, -0.01049668256555103]
[0.0038445081734046482, -0.021238063956627418]
[-0.07977769723845007, 0.09900743227414077]
[-0.020330159490246302, 0.12601681194647463]
[-0.2230381865832154, 0.10796992629368862]
[0.034203792496168894, 0.2420688067472036]
[-0.34583488320855826, 0.06145573066026744]
[0.1664016001119144, 0.31083969375178444]
[-0.4025008460957018, -0.06882718427976808]
[0.29542044208106644, 0.27381652226305464]
[-0.36682532139702095, -0.18751773143006867]
[0.3860195635407533, 0.1672431753811905]
[-0.25898486465393133, -0.2908428937138683]
[0.3905846347490296, 0.025975351794346624]
[-0.13230587624839987, -0.2873607086554848]
[0.30015247097791775, -0.0720501843634036]
[-0.017884514856026046, -0.20890437662740924]
[0.1662516201376496, -0.12138929408532761]
[0.028411284579570387, -0.07816201181376367]
[0.047874563026496536, -0.06210784787409357]
[-0.021856052266994302, 0.03534699572565958]
[-0.01199373383063071, 0.039387416267173014]
[-0.13349449181629913, 0.10921209094865358]
[0.013408705321800884, 0.17857198872274416]
[-0.2646686570910315, 0.08978371973894483]
[0.09180072394921467, 0.2537407254880335]
[-0.34169196792992285, 0.010495648445140615]
[0.21454394387900727, 0.26155990195198786]
[-0.3508649666027295, -0.13069731174213794]
[0.31327303924450756, 0.18925533466334477]
[-0.28938526768016004, -0.2243454333861331]
[0.34986417135291226, 0.08216717565532106]
[-0.1713955061658563, -0.2639921556003661]
[0.3089934074037659, -0.03385640039393012]
[-0.05529050833247995, -0.21555453431882476]
[0.20595820039330492, -0.09249570231629578]
[0.01290749071788655, -0.12255003911966622]
[0.09074447741710889, -0.09189460292912521]
[-8.373416819917878e-05, -0.006624393596206479]
[0.004174168566804415, 0.0004645545293604503]
[-0.08395854432311323, 0.07707727185710067]
[-0.0225619315830472, 0.1056649892630609]
[-0.1873125743197095, 0.1025721889243747]
[0.03817393003308389, 0.20971570061603945]
[-0.2855175918550563, 0.036758855562560644]
[0.14422685736688834, 0.24867692535170233]
[-0.3300010464549261, -0.059867559109305635]
[0.25947729927925156, 0.2239419575641748]
[-0.30220783489113323, -0.17392111741652627]
[0.3205990763614075, 0.13115889533755754]
[-0.2114460207772855, -0.23150827380497319]
[0.31090729070897516, 0.016452835682961853]
[-0.09245486485257437, -0.2388378408498062]
[0.24177599778123238, -0.07730805255155793]
[-0.009470156940509344, -0.1692052155692073]
[0.13442473769783136, -0.09184242673036735]
[0.014990324556616086, -0.0601089489969997]
[0.03548898205755831, -0.049501263102991966]
[-0.02540438942847123, 0.0470387505432579]
[-0.01131943829365084, 0.05299103815186068]
[-0.1193389978202094, 0.09194698373936916]
[0.007054159313387404, 0.14607453950424554]
[-0.22167483315718495, 0.07344478950267885]
[0.09060412597962234, 0.21727392998141415]
[-0.2949330370308503, -0.01277214436585461]
[0.18483844909130998, 0.21785037226965698]
[-0.29693109367518433, -0.10488498467214058]
[0.2662619379524044, 0.15710873750521115]
[-0.23014050303664702, -0.1953135424929524]
[0.29482896841506645, 0.05636117759722081]
[-0.13444628247006563, -0.21940237638235474]
[0.25836809601344823, -0.031458692047437786]
[-0.040595321558624775, -0.18448361212739928]
[0.1697748692513903, -0.08314138694568518]
[0.008281779592961946, -0.09310207245439417]
[0.06546194317921028, -0.06509238638833947]
[-0.001820401888025014, 0.001241846421341286]
[-0.005666181466762232, -0.004696493459495521]
[-0.0700654648228154, 0.06847838816801466]
[-0.010353670226732614, 0.10038757012378818]
[-0.17153848300130603, 0.075890652126259]
[0.03867695142126948, 0.18137770352916066]
[-0.2502859911245485, 0.03532601363272958]
[0.13301850973866314, 0.21816288828944114]
[-0.2805117223753463, -0.06056469082943572]
[0.2208281516552968, 0.18216860797539358]
[-0.25022500231157396, -0.14821767626045035]
[0.2756798660802289, 0.101574047937669]
[-0.17177697534180159, -0.2099915807701831]
[0.26560348909204845, 0.004793824051707252]
[-0.0790556502902098, -0.19652783859402634]
[0.19737828759227183, -0.062113067325378135]
[-0.002197051313445997, -0.13443683793905942]
[0.10609913749429806, -0.0836802506043896]
[0.016718847279703894, -0.040461285245124864]
[0.027852216422375304, -0.03262067252512335]
[-0.028296384442503347, 0.03994879087014569]
[-0.010052391114881709, 0.04710021453703506]
[-0.11078806691838627, 0.08257941441513206]
[0.011442031293998414, 0.13930449378673304]
[-0.19917927003069935, 0.05673161068698729]
[0.07619627449576521, 0.18478191031683933]
[-0.2507811488469338, -0.011738108440215056]
[0.16903530411504575, 0.18435515829300475]
[-0.2521085021320455, -0.10773934779356964]
[0.23622025764035093, 0.12945266796959087]
[-0.19816604583871467, -0.16744755557915203]
[0.2549592458407497, 0.047947669569623264]
[-0.1085903593701607, -0.1897084020880996]
[0.21658354911967437, -0.03467989687431072]
[-0.029357343069801978, -0.15189622879043785]
[0.1379124009627728, -0.0726278240981002]
[0.010026452460222934, -0.08007452341008303]
[0.053075872230432086, -0.060592684899747784]
[-0.007388682689254633, 0.006386810829564826]
[-0.005116743832069837, 0.01050516074351815]
[-0.07046016541880196, 0.06339239632050964]
[-0.011665222407065912, 0.08976848414381378]
[-0.14971789577242767, 0.07132059048594597]
[0.04222622606582016, 0.16344315689496147]
[-0.22104406456326897, 0.019069859053880256]
[0.12180963571761838, 0.18596739783860688]
[-0.24569227598721144, -0.055297968787850316]
[0.20000602240211585, 0.15740733912650462]
[-0.21500028319642406, -0.13782410216558771]
[0.23776051061339443, 0.08124968177314762]
[-0.14234470696456727, -0.1781296961461214]
[0.22657663236785042, -0.002314367821107499]
[-0.05806045268687823, -0.1736020075750001]
[0.17020626256392812, -0.06100467402942078]
[-0.0015371530300107017, -0.11137752269119028]
[0.087805169338427, -0.06449347557669055]
[0.01147795345516981, -0.028296869300892202]
[0.017680417141326704, -0.026767144926851096]
[-0.027191408900598624, 0.042644753969421745]
[-0.01034681714317115, 0.05029004318371294]
[-0.10361749252118124, 0.06763361209900187]
[0.011662489981744406, 0.12021586381227156]
[-0.1798004556847308, 0.0465901977522345]
[0.07725593287740007, 0.16805757623409345]
[-0.22579540765634132, -0.019593245626266298]
[0.15075703365327442, 0.16044729608009467]
[-0.21818253551298272, -0.09214463463564437]
[0.21087218909274152, 0.10930556818489046]
[-0.16552276485759965, -0.15521353013843892]
[0.2248953592919818, 0.033250598915169904]
[-0.09245453550848515, -0.16532891897920451]
[0.18749280229219, -0.032285691886511314]
[-0.022824577696684223, -0.1316017459022497]
[0.11522484781982789, -0.06664093679490568]
[0.009196966239520599, -0.06134532194084219]
[0.03955471866276161, -0.04738512055748112]
[-0.006816044003811861, 0.009423187425576796]
[-0.006017403206068472, 0.008777414329696143]
[-0.06580362746265811, 0.05797234685263408]
[-0.003932718103444088, 0.09058444258134168]
[-0.14135536242184843, 0.059575330780667235]
[0.03939856204056591, 0.1470717280461391]
[-0.19696778683023397, 0.017860119377392403]
[0.11361825044617868, 0.16534827578535122]
[-0.2156011738769551, -0.05974341304906372]
[0.17899656346724946, 0.13141378601023535]
[-0.18707226466496735, -0.1250011142695302]
[0.21392213625802903, 0.06672143663551489]
[-0.12131253731188452, -0.16280684595564798]
[0.19836890550740005, -0.006196464359449649]
[-0.047898188671506775, -0.14584432827028015]
[0.14330483075923378, -0.05379728441579079]
[0.004789279807005858, -0.09422432181642931]
[0.07297506894646516, -0.0605850909975974]
[0.00862405348090644, -0.020609722512537565]
[0.013787092764046022, -0.01619945276237537]
[-0.031860889638350876, 0.03925129833438512]
[-0.010509142406384078, 0.04729858842537332]
[-0.0977284255591776, 0.06351659033896229]
[0.013784933907402916, 0.1146697929407835]
[-0.1641212968086161, 0.03625884979729299]
[0.07171080118967231, 0.1471890496057564]
[-0.20042888431272554, -0.020637858061569925]
[0.1438080941605348, 0.14268936962018564]
[-0.19396533486283563, -0.09144722856557619]
[0.1901807458343625, 0.09417939112211848]
[-0.1446799417334459, -0.1355220607359916]
[0.19857198708607848, 0.0258851452656923]
[-0.07445687664648926, -0.14916593842560305]
[0.16280723000734199, -0.03577822727747981]
[-0.017466889903875238, -0.11393951880332831]
[0.09828537493967238, -0.05881970642270318]
[0.00812114470530334, -0.052005643723614825]
[0.03210633524174433, -0.04076600063381142]
[-0.009824619183958827, 0.015700992045383444]
[-0.007587850819106734, 0.01793332680607118]
[-0.06262413087435403, 0.054219753125486214]
[-0.0038452307170584454, 0.0817115809362502]
[-0.12860024204894582, 0.0521645678471494]
[0.042857824596111316, 0.13597645059934177]
[-0.18202216030089213, 0.007051336848440615]
[0.10551303648784227, 0.14611521002507954]
[-0.19385914635345391, -0.05471528788134794]
[0.16464176122489094, 0.11549479079742753]
[-0.16288178401728942, -0.11815380204468595]
[0.19073067484470663, 0.052753852853230976]
[-0.10279969556644707, -0.14444708661129346]
[0.17691700223373985, -0.009838234530004542]
[-0.03787031625828158, -0.13185069806132343]
[0.12590219190958396, -0.05028106565043439]
[0.0034250070677215305, -0.07730591089924696]
[0.05929118658953368, -0.04952184461188522]
[0.007283559311417862, -0.01319904119512745]
[0.008054710748777248, -0.014702454809642274]
[-0.0315234184843301, 0.038034488313348214]
[-0.007934566873225662, 0.049291855203446255]
[-0.09500442891799099, 0.05393707333162767]
[0.015449429381685642, 0.10506441697618618]
[-0.15210547517589645, 0.03238080787293618]
[0.07087676815896007, 0.13786438283482716]
[-0.18186954407766565, -0.02385823998214709]
[0.13105207036878408, 0.1251718440616949]
[-0.17063958404580148, -0.08383535160496441]
[0.17546258328118458, 0.0802403317083058]
[-0.12616039167999982, -0.1294490784136055]
[0.17872608806226076, 0.01797359917794883]
[-0.06546363569949043, -0.13132297251268849]
[0.14249730320666432, -0.03359951693729868]
[-0.011279164251593699, -0.09955817850783655]
[0.08314810492310531, -0.05540832261104511]
[0.008765023365823188, -0.04115058910819691]
[0.025363436773979453, -0.032681411853447084]
[-0.01084272875817871, 0.015842832426350095]
[-0.00671643887582718, 0.018618453290358383]
[-0.06217539830536034, 0.05108404604201011]
[-0.0006497438896333474, 0.08256516172213851]
[-0.12223317941487144, 0.04542913423947814]
[0.04011148196288694, 0.12247415676783277]
[-0.16489161806766506, 0.004026022855691425]
[0.10200966698948521, 0.13134044271379497]
[-0.17555469272075058, -0.058837399501771026]
[0.15231290354061944, 0.09999965995695759]
[-0.1458262824831056, -0.10784320348092602]
[0.1745272113425823, 0.04539063789386555]
[-0.08827583273444883, -0.13209653028539314]
[0.1565585389728491, -0.012771749752601091]
[-0.02993114427145155, -0.11397866538812362]
[0.10923700027606675, -0.04715018354314976]
[0.0061089456373438905, -0.06838383626373193]
[0.05102933114667753, -0.04564638679766256]
[0.0026192850840593, -0.007567209363579519]
[0.004785437880691794, -0.006318708827035002]
[-0.033493708533011674, 0.03781826266682797]
[-0.008625210938808081, 0.04703705330304597]
[-0.08876113366032068, 0.050648049428681396]
[0.017766309318266352, 0.10043085583769717]
[-0.14120862154303715, 0.02394290013611744]
[0.06870956305121448, 0.1241657615949956]
[-0.16631610898510485, -0.025004661585955712]
[0.125451181087202, 0.11440171291152246]
[-0.15462365078462903, -0.08184307465943863]
[0.1591587302067029, 0.06870387707046266]
[-0.11033611970002033, -0.11647437754182138]
[0.16156977966823338, 0.01109397447014393]
[-0.05356813313095676, -0.12229541643870614]
[0.12739731450051495, -0.03493779783041373]
[-0.009561631196756792, -0.08714262959350394]
[0.07201082253661117, -0.04810844903546463]
[0.007781882231641113, -0.03324885724477844]
[0.0193048707900636, -0.027515846372078268]
[-0.01225402661535746, 0.019880958273030158]
[-0.007658693624957413, 0.02287245904963131]
[-0.06019646077137186, 0.04630392764864211]
[0.0015033494558458482, 0.07591045748308749]
[-0.11597700327320382, 0.03922790057091796]
[0.04273870892788745, 0.11623122654530885]
[-0.15513582410509663, -0.001198868195444458]
[0.09523477563242988, 0.11832671493657831]
[-0.15844333591653476, -0.05438895329793603]
[0.14244649303975931, 0.08838395554134437]
[-0.12835042168155036, -0.10385678260679132]
[0.15947170752923534, 0.035980111175325735]
[-0.07688315376756447, -0.1197564575839265]
[0.1421896539288246, -0.013863000622980182]
[-0.024335442256237974, -0.10329455530933579]
[0.09549603620550798, -0.044028900475260646]
[0.005854024929219118, -0.05591638515571776]
[0.04122279286335821, -0.0396601105264921]
[0.0027929827313382255, -0.0040597898433857305]
[0.002683864059405433, -0.005318293141310104]
[-0.034443357762475424, 0.03581671243337886]
[-0.0059211518321469064, 0.04980630661764951]
[-0.08702823728448239, 0.04502225491583273]
[0.01821198445296849, 0.09434858395955514]
[-0.13170240153251223, 0.0214127173119375]
[0.06729414425854016, 0.11622602312088359]
[-0.15264320207866633, -0.02860883193901309]
[0.11736760361223736, 0.10045837019400672]
[-0.13959251578335152, -0.07806976440784225]
[0.14984852527864134, 0.05969046840110992]
[-0.0990150836056769, -0.11111763716740142]
[0.14641676461606723, 0.006700630074787384]
[-0.04646853961193509, -0.10791621771612382]
[0.11272018388630922, -0.03378828661866551]
[-0.004245848261563712, -0.07762271171588525]
[0.062336925879950655, -0.04567070892571823]
[0.0068203911101503145, -0.0265093950264087]
[0.015765569368426435, -0.021073325020634748]
[-0.01456650993642139, 0.020304213609524058]
[-0.007328989010264797, 0.024350097246091884]
[-0.060064256542450734, 0.04492139837620779]
[0.002849037426082779, 0.075490631187342]
[-0.10989887793358977, 0.03407223970304907]
[0.04174769641291798, 0.1054125556702672]
[-0.14285536849220404, -0.004614344499420664]
[0.09378017088050994, 0.10884492002835877]
[-0.14608396261418538, -0.05636532857054277]
[0.13279003007233214, 0.07851387328543846]
[-0.11534071267873797, -0.09519897804581434]
[0.1467989104919324, 0.03045415223772452]
[-0.06566638334401637, -0.11146392561585095]
[0.12753584763870007, -0.017047940816238172]
[-0.019362953811205577, -0.09191923870361912]
[0.08493775347398475, -0.04168241719526372]
[0.006096391163884898, -0.04994417715705429]
[0.03529627222460501, -0.0353581156440478]
[-0.0008120643181313836, 0.0011014118838875708]
[-0.0003765056031382469, 0.0005249859551419156]
[-0.03431995959102735, 0.03532360532671369]
[-0.005620027788428086, 0.0473621657351897]
[-0.08286297027490885, 0.04092781280999075]
[0.021055664151304564, 0.09096006066915918]
[-0.12525714477091499, 0.015171154768228834]
[0.06586857544532873, 0.10673512501386051]
[-0.1418454452073128, -0.028548801245013078]
[0.11227135869881749, 0.0924250780287339]
[-0.12712291016499155, -0.07600006187068142]
[0.1378294165506282, 0.050134891726902886]
[-0.08705770440107163, -0.10240285994337561]
[0.13525831723052573, 0.002146030778394925]
[-0.0390658172387941, -0.10120812265240359]
[0.10165774657131421, -0.032930039277738965]
[-0.003448895299197785, -0.0669597408038965]
[0.053448823907533694, -0.03993811524857194]
[0.006946799612630894, -0.020621022872301276]
[0.011385304464825996, -0.017971802515120094]
[-0.015725569108319126, 0.02186197252545541]
[-0.006905147173929427, 0.026816751681734363]
[-0.05944568657799021, 0.040592435778285973]
[0.005141141087219969, 0.07145985881711456]
[-0.10568563364445638, 0.0300964299478359]
[0.042636067160458424, 0.10120668799490062]
[-0.13412975328245402, -0.0077468842773738]
[0.08838833372893817, 0.09825866831522273]
[-0.13257115385513768, -0.05434811057280742]
[0.12627187763214054, 0.0697300636159986]
[-0.1038074272676559, -0.09283555367686547]
[0.1358057801543504, 0.024230324425834338]
[-0.05840065644521321, -0.10153514787268769]
[0.11635178369976124, -0.017495500367902594]
[-0.015062188913687283, -0.08348008544855678]
[0.07432687173324717, -0.039920110705829404]
[0.006278573920321714, -0.04144303334238998]
[0.02931359047665228, -0.03143403741050848]
[-0.0014860773506375352, 0.002646529967221839]
[-0.0008025375719329791, 0.002585565978605625]
[-0.036254093983112134, 0.034425683526235096]
[-0.004081276067775162, 0.04996799276353692]
[-0.08081710866249575, 0.03759976101753881]
[0.02117800459691022, 0.08558611156312446]
[-0.11755863982745907, 0.012407647639369523]
[0.0654496693974917, 0.09992466881737516]
[-0.13215660869496948, -0.03182491928777659]
[0.10689779214285122, 0.08234488354984815]
[-0.11651340614696126, -0.07257285264753377]
[0.1302502670501814, 0.044444315382848876]
[-0.07799186703642702, -0.09704110179221923]
[0.12278670274403247, -0.0012219689706279846]
[-0.03262783977993977, -0.09063969898324215]
[0.09131624056835763, -0.03246036744641667]
[-0.00019741348755908383, -0.061038876970044065]
[0.04690572172372187, -0.03722160322168888]
[0.0046492182518211855, -0.015339402565478943]
[0.00855912588212493, -0.012647682330046484]
[-0.017309360242955707, 0.022716164609523304]
[-0.007097393592393475, 0.02750317960947876]
[-0.05852957868979747, 0.03888799645594909]
[0.006601358683586023, 0.06997370574105641]
[-0.10082650509100965, 0.02497375654669587]
[0.042985574075463884, 0.0932058216761939]
[-0.12585697801811102, -0.010537843574779049]
[0.08696874783803532, 0.09204003546504635]
[-0.12332071705574874, -0.05455301914771915]
[0.11801746271916136, 0.061870064074531717]
[-0.09319489796506472, -0.08625764471939412]
[0.1265683204591569, 0.019262205481522965]
[-0.05046194088449067, -0.09609156023643034]
[0.10603062918987727, -0.019629446965893027]
[-0.01258792701707978, -0.07471500030236611]
[0.0666810145636657, -0.03705100291220001]
[0.006119193395632532, -0.036043608925143814]
[0.024145949097916522, -0.027585981870971873]
[-0.0034306639071670086, 0.0068151523378862655]
[-0.002818121309499766, 0.006282591450081559]
[-0.03581631756956538, 0.03283377166790441]
[-0.0026111476273944084, 0.04827709844094147]
[-0.07888679560765277, 0.033964929313058334]
[0.02341852837893759, 0.08361377367974765]
[-0.11275318441404014, 0.008660939103353471]
[0.06356273292933942, 0.09241304769624514]
[-0.12274829665419373, -0.0315329452124804]
[0.10260917579603596, 0.07533849419035821]
[-0.10629470714057532, -0.0716289515930792]
[0.12156577316963257, 0.03688003002541029]
[-0.06944445808878563, -0.0908464448453283]
[0.11450134841635795, -0.003553676908078507]
[-0.02783342779493614, -0.0846747900057398]
[0.08186001318017477, -0.031207907304794724]
[0.0007982835114024311, -0.052271046665022136]
[0.04014430700970961, -0.03365150064566014]
[0.004868908273453432, -0.011995043596622956]
[0.006305630214568314, -0.010548229829091926]
[-0.019353763042151417, 0.023020978283273763]
[-0.006027826134580305, 0.029810317902216138]
[-0.05858239614049021, 0.035916755422030766]
[0.008084133895118306, 0.06731899142407265]
[-0.09700991505727774, 0.02233853174856182]
[0.04319647517733549, 0.08928226724506944]
[-0.1182503130748529, -0.013370648824137299]
[0.08356710380144106, 0.08329368501407736]
[-0.1135524909778719, -0.05372942564305361]
[0.11345669096116551, 0.05591432267351559]
[-0.0854059864647746, -0.08346276542644959]
[0.1172972877786656, 0.015032934790576546]
[-0.044459604834998306, -0.0873807848673126]
[0.0969129147490963, -0.020300119011777695]
[-0.008678749659873045, -0.06851975699049542]
[0.058884287746744854, -0.035879903090274085]
[0.005840206709262773, -0.030203745861864945]
[0.020412992073215064, -0.023855750654806378]
[-0.004798084987633455, 0.008040218458445825]
[-0.003360366149100659, 0.008906554558006763]
[-0.03721843252727153, 0.03277222379321604]
[-0.0019743809015454125, 0.049590690429513085]
[-0.07620517410059713, 0.030894640025100062]
[0.024176387999896812, 0.07842640807017176]
[-0.10695520779286638, 0.00527028281781039]
[0.0638386349992206, 0.08710336622399573]
[-0.11581433633810678, -0.03388979159950756]
[0.09805665572120159, 0.06793674774003555]
[-0.09777471724901066, -0.06823335961589097]
[0.1147971166305004, 0.03239872724378634]
[-0.06172624174627295, -0.0864898564062971]
[0.10482164925239745, -0.006706604155061857]
[-0.023090461652437, -0.0771955208834269]
[0.07485323009547795, -0.030422964562346055]
[0.0018746354606316018, -0.04776760679995595]
[0.03505583271280921, -0.030493457478636743]
[0.0024791895095483962, -0.0070151819123183135]
[0.0037566851017569736, -0.006620628838173215]
[-0.01990827262211947, 0.023534967194335454]
[-0.005770671112962367, 0.029754054207460967]
[-0.057847239733962885, 0.03362707606710014]
[0.010066597200475869, 0.06605464399286515]
[-0.0936385206976742, 0.01815811562118741]
[0.04363846579211339, 0.08381432157548196]
[-0.1119374943392023, -0.014783912391962084]
[0.0815206591807901, 0.078522178863147]
[-0.1053816997811047, -0.05322258698405058]
[0.10670986565779139, 0.04884277703650369]
[-0.07666238712356374, -0.07896632777286616]
[0.11068580319404436, 0.011084809617156854]
[-0.03909482957829846, -0.08330487064399916]
[0.08873445185174977, -0.021117819076414024]
[-0.007155898395100085, -0.06093482372618522]
[0.05237688145113191, -0.033170849760730536]
[0.006196562601564145, -0.0258099534621284]
[0.016158219100209724, -0.021103274473167073]
[-0.006090993056153418, 0.010534250726975586]
[-0.0039560792637335085, 0.011427354402149398]
[-0.03749482677777033, 0.030601510665322962]
[-0.00012617521900006035, 0.04882145607891469]
[-0.07543756342230956, 0.028248571544458534]
[0.02544050938321718, 0.07675724620918045]
[-0.10245851316690302, 0.002709570891720303]
[0.06210712405788943, 0.08025038559115427]
[-0.10784312809797636, -0.03429185335453139]
[0.09508143990584633, 0.06203582284609066]
[-0.09016863864977687, -0.06770354380549792]
[0.10817898428937456, 0.02705291352497008]
[-0.055595442616076296, -0.0809047280930316]
[0.09778976915783788, -0.007701811065126796]
[-0.019283642314520177, -0.07156422157960585]
[0.06681645995133956, -0.029649312330153776]
[0.002995662389440268, -0.040997831156199704]
[0.03052461000779738, -0.028088431064776265]
[0.002040033118454465, -0.005205832326313331]
[0.0026751676217144915, -0.004337685552690651]
[-0.022297992589126236, 0.023975287905380283]
[-0.005112095237812309, 0.03201508357882556]
[-0.05733346493226399, 0.0316577739831887]
[0.010873067818641502, 0.06369826998081411]
[-0.08981854102082176, 0.015676986425311457]
[0.044005050129552914, 0.08003496770029905]
[-0.10571334522608539, -0.017614433402842966]
[0.07934349506311633, 0.07163482519687242]
[-0.09817426700459936, -0.052500616243985165]
[0.10261664940534287, 0.04461127355366573]
[-0.07043607426055883, -0.07591862852052272]
[0.10251606837317934, 0.007332842826898833]
[-0.033736835370143645, -0.07650910928876009]
[0.08172662671753361, -0.022014493185311068]
[-0.004467963239166969, -0.056693366079593924]
[0.04669742298408701, -0.03171320115661019]
[0.005078791696607368, -0.021120735248638098]
[0.013392656012418389, -0.017358807136951517]
[-0.007448685055203352, 0.011883496803923838]
[-0.004666548611423127, 0.013558025674330426]
[-0.03825830431945215, 0.030439825366036566]
[0.0007611523822101326, 0.04890503144466263]
[-0.0731624592967694, 0.02496042989851721]
[0.026955538937793552, 0.07242238300426829]
[-0.09847620235343557, -0.0002297127110858499]
[0.06221048150128597, 0.07642617445261979]
[-0.10213542220489602, -0.03531963917031866]
[0.09075384122217967, 0.05612087752865458]
[-0.08256994050390443, -0.06468208342881429]
[0.10249630971644375, 0.023234663839518332]
[-0.04929916340068141, -0.07757025577617377]
[0.09040381882496629, -0.01009891847028399]
[-0.01613582197940877, -0.06559725824391333]
[0.0614229540825858, -0.028259036147747718]
[0.0032912818173926883, -0.036864123596214715]
[0.025904751474294496, -0.02527755551647748]
[0.00048278350340724696, -0.0010786375083555733]
[0.0007512260685373917, -0.0017816802980030189]
[-0.022460115939854197, 0.023448607683443368]
[-0.00420815764521576, 0.031963618834834964]
[-0.05723866903152475, 0.029269940587598686]
[0.01268220040370549, 0.06301616227045412]
[-0.087100841195416, 0.012651435803559541]
[0.043966365654737105, 0.07569637597883791]
[-0.10015935114428265, -0.018559099788483246]
[0.0773153822829471, 0.0670287198921442]
[-0.09119627514322441, -0.05236765015871658]
[0.0975961931076168, 0.038359667765967775]
[-0.06392719166831487, -0.07266416043249907]
[0.0974008090494633, 0.004721182380103717]
[-0.03006537618291561, -0.07258504098765367]
[0.07457759473130618, -0.02212082360627557]
[-0.002992359811677489, -0.05007672841736849]
[0.041373510395275856, -0.02956756697184551]
[0.0054854913734825456, -0.01800549749796844]
[0.010508623465183962, -0.015111837117067484]
[-0.00910457564438516, 0.013458175773821052]
[-0.004404373676936357, 0.015863632387124127]
[-0.03899898042751576, 0.028766159478729514]
[0.0021951976893860494, 0.04858255462966754]
[-0.07230428072739836, 0.02314671206223956]
[0.027627911675572825, 0.07041963342854884]
[-0.09397405630398159, -0.0026042224562781713]
[0.061092863442297946, 0.07043047569109095]
[-0.09570928030412928, -0.036140037426953237]
[0.08841915046687099, 0.051761754998106535]
[-0.07666098119358378, -0.06370686153112262]
[0.0965872498698147, 0.019360830917838356]
[-0.04409599455514801, -0.07242030120106374]
[0.08419526775639685, -0.010992808416694921]
[-0.012858228542933725, -0.061068495423952984]
[0.05505615674233111, -0.02802928328650922]
[0.003789947604133981, -0.03192401980199017]
[0.022955186465951294, -0.023087160861608114]
[-0.0006368888909216164, 0.00021212078252474953]
[-0.00019829234969681586, 0.0006824702526199711]
[-0.024366567929265504, 0.02412469856501165]
[-0.0038774941542627506, 0.033535056102440036]
[-0.05613366561577904, 0.027239004848073956]
[0.013709308719210278, 0.060634233430098966]
[-0.08410703547989634, 0.009953635001913375]
[0.04476190244951872, 0.07244700480444272]
[-0.09550377426965997, -0.02075434847697244]
[0.07551386164906171, 0.06161738766109054]
[-0.08541611021590895, -0.051181485552583506]
[0.09365774558283957, 0.034826895864215834]
[-0.05838607605335204, -0.06983308061476784]
[0.09063497336215526, 0.0013080083050324154]
[-0.02565941671056384, -0.06742138344700915]
[0.06930461338836968, -0.022343578499764705]
[-0.001538449736651605, -0.04653488691493889]
[0.03664299735488189, -0.027529533528716357]
[0.004333189742027885, -0.013599562036310908]
[0.008093493639245275, -0.01192672893018841]
[-0.009922438428061037, 0.014461552849815429]
[-0.004800263243573008, 0.017153804779352744]
[-0.039597908362559, 0.02801037275769569]
[0.0035727864718881897, 0.04828184380525524]
[-0.07068912566186675, 0.02004807163888539]
[0.029008477650141667, 0.06720518484371385]
[-0.09067421415919896, -0.0046730865748032535]
[0.06047887103201738, 0.06724641764929029]
[-0.09014370508553438, -0.0366951595185491]
[0.08460515541032737, 0.046388095068855995]
[-0.07010859549226522, -0.06168530561505324]
[0.09218473714701791, 0.016177547898047706]
[-0.03959530643948517, -0.06970524479433111]
[0.0782402243343755, -0.0125805392274837]
[-0.01083387597528751, -0.05570789348381791]
[0.05040080667136371, -0.026578768117712037]
[0.004025115097597398, -0.028281573121756942]
[0.019059531411278252, -0.02099825787134163]
[-0.0017616187895048707, 0.0030881882601465627]
[-0.0010700243535126663, 0.0026884016884040907]
[-0.024933338325215826, 0.02304708977835801]
[-0.002716483052333407, 0.03405063396215093]
[-0.05645411490631913, 0.02553435773069357]
[0.014959868967060919, 0.0600990910709608]
[-0.08138812404585555, 0.0077958683046899235]
[0.044624482013371325, 0.06833389926046907]
[-0.09059580575298323, -0.02180323812094731]
[0.07405084715275256, 0.057352432166982936]
[-0.07982025201137008, -0.05117871385124273]
[0.08966557460634444, 0.029986913135789273]
[-0.0533349820207927, -0.06673945441400436]
[0.08583315424659799, -0.00021235856165707778]
[-0.022370612277657145, -0.06349560467978055]
[0.06287746190100105, -0.022471352832335284]
[0.00010318211235483404, -0.041295721625109603]
[0.03268063952541052, -0.02586768336869251]
[0.0041738497704937524, -0.01159576882322999]
[0.006210707958795546, -0.009727093463932981]
[-0.011958791347806946, 0.015798681550539928]
[-0.00447617867373349, 0.01920454044373915]
[-0.04006925235873138, 0.026729757584649627]
[0.0045676375603132344, 0.04769777965892391]
[-0.0694288727717734, 0.01817064561505871]
[0.029749442339424864, 0.06490407253874841]
[-0.08669884293898011, -0.007258793327836133]
[0.05991368127319924, 0.06241721677012846]
[-0.08524148868966819, -0.03732107986124736]
[0.08229422915810486, 0.04312982984660074]
[-0.0651615461980658, -0.0601089041194979]
[0.08682908583801396, 0.012746558008872588]
[-0.03504277067151418, -0.06532507875371285]
[0.07325822189117193, -0.013586673606769462]
[-0.008507627926265915, -0.052213018916252185]
[0.04555866110477125, -0.026101284919490875]
[0.003769839571734046, -0.02417983159536269]
[0.016746317111777986, -0.01848265189916415]
[-0.0028685831579182697, 0.004494466142287545]
[-0.00223104955905451, 0.004933225804588215]
[-0.026033715808320257, 0.023597849769360635]
[-0.002173115939792525, 0.034830348045393894]
[-0.0553232099892057, 0.02318439307220299]
[0.016412761576735213, 0.05803958943752596]
[-0.07934876324749701, 0.005420760197885954]
[0.04527823216453264, 0.06573325930251797]
[-0.08659212715824743, -0.02310826178020864]
[0.07205050429858417, 0.05274278684516731]
[-0.07444381925543625, -0.050016199810445694]
[0.08603088695912636, 0.026693309465180504]
[-0.04838293150542854, -0.06463919704364768]
[0.08038112380257922, -0.002997279905766148]
[-0.01913605288233477, -0.05939840860845677]
[0.05853534531822775, -0.021952160213545124]
[0.0007786268003819041, -0.037886284006593246]
[0.028378756259946215, -0.023951720961526465]
[0.0033219900542380554, -0.007748712639202571]
[0.004455575797500749, -0.0075042920299946]
[-0.012661653186585187, 0.01598193527474115]
[-0.004186618230933609, 0.02010191462436922]
[-0.04100407177036769, 0.02562593783166245]
[0.0060962492954658234, 0.04763486083163371]
[-0.06817952698283386, 0.015664131923381952]
[0.030572545473675244, 0.062388272394823474]
[-0.08350804029153935, -0.008700086028087362]
[0.059042714576850786, 0.059245687264421476]
[-0.08006571908076243, -0.037883658832568445]
[0.07941599894663165, 0.03832738585873752]
[-0.06006442716898308, -0.058544039090125746]
[0.0832899264491812, 0.01049942257096037]
[-0.0317869705548155, -0.062434988828440174]
[0.06790559170858845, -0.01455701208754856]
[-0.006665129742989495, -0.0472869932017187]
[0.04142371566554115, -0.024862425255713416]
[0.004176186124260517, -0.021388614404290573]
[0.01373965675498734, -0.01677048638385753]
[-0.004018878212578847, 0.006383038251287831]
[-0.002431594963946182, 0.006971415779737894]
[-0.026939520294300467, 0.022613127769123942]
[-0.0013160214296275008, 0.035563179029487975]
[-0.055435211613994895, 0.02206367128859754]
[0.017270172446563037, 0.05702303313548979]
[-0.07648717029860475, 0.003336835299299179]
[0.04543068422125973, 0.06173724739639075]
[-0.08249953466025278, -0.024462781091798336]
[0.0709465625636681, 0.04918994397729165]
[-0.06992962254755386, -0.049836742866949835]
[0.08231934859425577, 0.022994276996437968]
[-0.04407325529778177, -0.06160968867708738]
[0.07578664415766415, -0.004216653879742516]
[-0.016170504946354927, -0.055930873016551474]
[0.05327041922127927, -0.022321157727555108]
[0.0018557039235222693, -0.03384006719205376]
[0.02569686428022327, -0.02227992988603792]
[0.0023890120230415784, -0.006075262702653822]
[0.002997646869388096, -0.00520025325745066]
[-0.01451890750371515, 0.017387257426710823]
[-0.003977516042567287, 0.0217025021817962]
[-0.04094666207863995, 0.024283172741693115]
[0.007082209003224857, 0.04679325179444449]
[-0.0669249384819453, 0.013574236671843043]
[0.03155046241006676, 0.06030933809732009]
[-0.08027509962804313, -0.01093828546263756]
[0.058528057124129285, 0.055508043636631754]
[-0.07599658484020233, -0.037870094971312857]
[0.07689826808173378, 0.03551296811997018]
[-0.05544660741719709, -0.05677637018808041]
[0.07864715763797059, 0.0072404759379463]
[-0.027880691470405172, -0.05901041329301579]
[0.06393430552271406, -0.015226085180208238]
[-0.005181050628314199, -0.04439382015982518]
[0.037304132856144534, -0.023910207311960585]
[0.003741023826999479, -0.017727792115231067]
[0.01156060434228845, -0.0143790247645883]
[-0.004794650738886075, 0.007549165526516077]
[-0.0033980225784381313, 0.008565857813908562]
[-0.027769567458925892, 0.022621548095200894]
[-0.00020909073565000824, 0.03587616281603868]
[-0.05477998440843157, 0.01965185622790966]
[0.018797011899866378, 0.05544597074905222]
[-0.07494323589702714, 0.0015457886417720168]
[0.045634742491567515, 0.05939129282019767]
[-0.07857224866073381, -0.025370118235178096]
[0.0689999796507374, 0.044926071901221054]
[-0.065098432825995, -0.049101283826126496]
[0.07930726518588921, 0.02009548340225109]
[-0.0401388644980858, -0.05982974431091781]
[0.07128948858274312, -0.006153643177750245]
[-0.013908503074620902, -0.05206421192083362]
[0.04938565479502778, -0.021407631010883804]
[0.0023172978913009613, -0.030487612820541916]
[0.021955705251604236, -0.020768884413750154]
[0.001770693745697105, -0.0030676635275264097]
[0.0020441003336058652, -0.0034312064359403316]
[-0.015405794084693752, 0.017027426833507664]
[-0.003427157432429915, 0.022773177142040024]
[-0.04192661135084591, 0.023360230729870812]
[0.008248701070122016, 0.0468413891818229]
[-0.06545660378161716, 0.011555459573875604]
[0.03196705221210819, 0.057883622231699405]
[-0.07713671629123331, -0.012263566159361944]
[0.05785989306552419, 0.05231903413118333]
[-0.07153644216099475, -0.03849715876463962]
[0.07464669002267127, 0.031528481185170154]
[-0.05146133344163428, -0.05521847441846832]
[0.07527921631724721, 0.005657147068341639]
[-0.025037162711816774, -0.056087724197195904]
[0.05898926572864416, -0.016116855802114693]
[-0.0033950416349531887, -0.04037640320174962]
[0.03395260546540668, -0.022901456033400935]
[0.0037682131224446858, -0.015747135814263846]
[0.00939062662097323, -0.012687800120534998]
[-0.006258914045735975, 0.009092273321144595]
[-0.0033208686929546705, 0.010594652275113442]
[-0.028667655201580544, 0.021912471480101448]
[0.0004364833206950136, 0.03634100174783494]
[-0.05457486227892833, 0.01859173576495088]
[0.019775725109022924, 0.05403770637777963]
[-0.07235420713464474, -0.000690805039480602]
[0.04604776029811131, 0.05597517585425188]
[-0.07530312281215036, -0.026494467023807478]
[0.06777882906282717, 0.04212965816733094]
[-0.0610824787044292, -0.04842432465710389]
[0.07568612239753858, 0.01698831682522714]
[-0.03620696256211408, -0.057011746088114434]
[0.06724431241149642, -0.007287934630345966]
[-0.01148962372114097, -0.04912599542937528]
[0.045210691391777635, -0.021584001837283665]
[0.002763500757472946, -0.02706941542888909]
[0.01982510104984873, -0.018836768757360393]
[0.0007039272615259051, -0.0014333815222681012]
[0.0005775829178600797, -0.0013729402544122582]
[-0.016656810501419234, 0.018087201425407623]
[-0.0030998882360160837, 0.023784208931846018]
[-0.04168481846463484, 0.02161166732954023]
[0.00941773021184946, 0.04598681465242743]
[-0.06453988058051308, 0.00956261117134502]
[0.03289306778690618, 0.056121521438983135]
[-0.07430919352588372, -0.013924927770805895]
[0.05714070942411098, 0.04906855888631734]
[-0.06777338331676275, -0.03827284308840481]
[0.07224667634548199, 0.028731617645869845]
[-0.04731737862856522, -0.05382150834662608]
[0.0714952482637814, 0.0028099095513524075]
[-0.022097625862992465, -0.053301705116714004]
[0.05559368875129467, -0.016197430270146862]
[-0.00251565486826566, -0.03752633232142383]
[0.030190979959695663, -0.021789857148888703]
[0.0034566911758079355, -0.012452490825148266]
[0.007611225375540043, -0.01070207576232099]
[-0.006963529898630583, 0.009813167961536085]
[-0.0037100339558692186, 0.011857035410182432]
[-0.029655374700775505, 0.021625540308227942]
[0.0018177331938433738, 0.03671112460753892]
[-0.05416127894000533, 0.016553018055181945]
[0.020903046727530294, 0.052768339626952376]
[-0.07067249148211985, -0.0020315324934387924]
[0.04592667087568625, 0.053547643939409]
[-0.07140517213333888, -0.027424999137005857]
[0.06615492988673977, 0.038285353419594825]
[-0.05703774872326038, -0.04789836167575806]
[0.07304452829134347, 0.014734898909604055]
[-0.03303314539181026, -0.055049192215060216]
[0.06312527689471692, -0.008647590125967303]
[-0.009540109504432404, -0.04548053160714889]
[0.04167318231793421, -0.02078512107864816]
[0.0032106372076265363, -0.024317218133788482]
[0.016863217052687184, -0.01767526953770583]
[-7.787571384598735e-05, 0.0006489989229847282]
[0.0001968269764931127, 0.00036753980115972196]
[-0.017817215016637272, 0.017625504729874564]
[-0.0026856852952470943, 0.02491824839111878]
[-0.042392314641220896, 0.020946179526368625]
[0.01035127415823904, 0.045697994087704696]
[-0.06287593682076992, 0.007606046412252709]
[0.03341939909809488, 0.05366839006035318]
[-0.07162998350353544, -0.015294480812693467]
[0.05676619483901757, 0.04621959149951638]
[-0.0641062210380674, -0.03864197948892452]
[0.0701432426349084, 0.025550446640653868]
[-0.043921715359475866, -0.052059828247893875]
[0.0681505541911126, 0.0014638347053606005]
[-0.019397567175285957, -0.05059653837616099]
[0.051337928519212594, -0.017050456111202317]
[-0.0011351478731523867, -0.03430425194434311]
[0.027611732601326988, -0.02057936140273997]
