[-253.1372877678166, 531.4659496879959]
[30.59607227341332, -67.11306343746077]
[5.369643684272844, -16.84785994184255]
[-31.906971737583774, 4.284563867923365]
[-1.7747042086533593, -5.600852636972112]
[-39.96207869882784, -10.385407927674567]
[7.405808377802527, 5.393710016971494]
[0.8209798709704605, -7.872318395282698]
[-4.339545349505907, -0.6265013876118015]
[8.507361174960916, 5.405957150868407]
[-4.318465790964481, 0.2758630685079009]
[-3.6728542100528028, -1.1401132715080102]
[3.4443886504215677, -7.623765059241439]
[-2.354919921656796, 9.696041429958377]
[-3.8849785716170793, -0.40933327550196097]
[3.2559890488063843, -5.457670639483023]
[0.11594569336151306, -5.350019757482928]
[0.09225736309021038, 3.2905401885610894]
[1.0282640117147333, 0.24689921301845885]
[-2.6686856483029606, 1.9465881811558234]
[-2.302437895251999, -2.0445350992163593]
[-1.9662806012098075, 0.2843836396901005]
[-1.3455577815478414, 0.32761491423813993]
[-0.019435300131988242, -0.010916683992827636]
[0.5318742479629481, 2.016647446606175]
[-0.7683628531459998, 1.3278203878461998]
[-0.2339157821918869, 1.0522155059849005]
[-1.5325952832767653, 2.9574794801824202]
[0.3389596509274053, -3.2654728898416394]
[-0.720605420652797, -0.5942399258206565]
[-1.4464657199340252, 1.0791771711819607]
[0.6983897606870766, 1.1949256953538168]
[-1.325979796251488, 0.21590931728172613]
[-1.1302284517551495, 2.494819659346648]
[0.5615286510952386, 1.5743723441514197]
[-3.168233042808975, 1.0266683331650155]
[1.3563039502605552, 0.9178535864735258]
[-2.4730187841065003, -2.055675985317276]
[1.585116320134008, 0.7899081945637274]
[0.3373334278571152, -1.9737572608933858]
[1.7630210998403317, -0.35766868553578934]
[1.1582670159586392, 0.7688901040085552]
[0.6134996047110652, -1.5476110704313246]
[-0.4808465295787556, 1.1206619803393312]
[-0.6179883186392789, -0.40814935700196653]
[-0.7346809460175354, 0.32334306703440463]
[0.06266714170957322, 0.7090909434119297]
[0.2787062293321112, 0.14674057616197134]
[1.2909270614257773, -0.357153102717918]
[0.06172688219577527, 0.7257830179464673]
[0.8890669907030437, -1.6492139566735524]
[-0.740916778836068, 0.7137394934486498]
[-1.3501948865709963, -1.1438459130691774]
[-0.42433645187434266, 0.0819836258477693]
[-1.3604554891537664, 1.268481219606729]
[-0.01902461005175926, 0.2764550867048401]
[1.1558170880234613, 1.4546421336015354]
[-0.7768970262436712, 0.9100646981163099]
[1.3988162855672392, 0.5508355682802428]
[-0.939134730699636, 0.313240908232411]
[0.7673225670549071, -1.1990423314210579]
[-0.06642251610608962, -0.24966399129526007]
[0.04228351460744495, 0.013704507790762266]
[0.12895376325986652, 0.755750165281901]
[0.34364208632980464, -0.028562130542789443]
[-0.8490401586149958, 1.315537259560419]
[0.6141405341068511, -0.39209737781892184]
[-1.6073173796199778, 0.046783673472387655]
[0.30035490867802395, -0.25881708209092014]
[-0.8792118120617562, -1.419201224424235]
[0.4261208477564655, 0.022569705937464588]
[0.5747120676183746, -0.39969218185882394]
[0.7425149447255786, -0.3447506433219395]
[0.27988159208520846, 0.19934860239006458]
[0.3133106846123628, -0.6759602281490571]
[-0.3155713020318047, 0.5035501333358536]
[-0.25898519945201137, -0.2637190210976153]
[-0.17676790452356528, -0.082283467689662]
[0.29816283733423576, 0.2626254235833221]
[0.1744780850278448, 0.38272089600970993]
[0.7306819619766749, -0.5459103332190461]
[-0.16737232603090402, 0.5723858917895464]
[-0.03392475804801043, -1.1425315177794342]
[-0.43398157765664935, 0.07009207557254404]
[-0.9756247525795825, -0.2886976383418066]
[0.06917702093740766, 0.12379829842679735]
[-0.44638264629957636, 0.849951412131837]
[0.06526941053000934, 0.4932787679621913]
[0.8446180768692344, 0.6256592326091233]
[-0.549476851469781, 0.5647292252402472]
[0.8297231207301565, -0.22218982818418742]
[-0.6204464484715861, 0.07445832963561827]
[0.08797330840046436, -0.47279708136836607]
[0.13150452332976886, 0.07203771225474043]
[0.09444762351643565, -0.03670478446001024]
[-0.1333994436038081, 0.8944737055149223]
[0.2893219778780136, -0.08699041644379135]
[-1.1993543696282274, 0.7345578480074894]
[0.05126275299942035, -0.24746631547545966]
[-1.1361433067010505, -0.38077292557315046]
[0.06323209806035651, -0.020417609782582447]
[-0.24959321924778452, -1.0807633742839495]
[0.4116622390790391, 0.21702809665097636]
[0.46936196234206573, -0.07492087914166522]
[0.6021069718977416, -0.40955157163549744]
[-0.02485787753862098, 0.27177345781229517]
[0.0011412262054247904, -0.5122815388498095]
[-0.37708879528881, 0.010403041765748189]
[-0.17720085526261187, 0.05576916724783415]
[0.02588978729230279, -0.17975561219617048]
[0.4275105268789742, 0.20074819489816675]
[0.16483570145828963, 0.2527100325183719]
[0.5448062583156076, -0.510236752042205]
[-0.17728742885617832, 0.3538259718410415]
[-0.21947832576985238, -0.8747596913041654]
[-0.20278545927200808, 0.08316065743257128]
[-0.830838218051009, 0.04480730649466391]
[0.04998105696587962, 0.07792565229062609]
[-0.08003938119060178, 0.6537036912768162]
[-0.08251046635380566, 0.4624680570291913]
[0.5568201908459454, 0.3398910586092275]
[-0.4559216292920234, 0.12742275462519304]
[0.44171478423014254, -0.2101950493771647]
[-0.19869876169933276, -0.15586897021159218]
[0.07669374712873694, -0.08029818176170278]
[0.28643162590728566, 0.1927084842869547]
[0.23040344447294697, 0.08537597328299462]
[-0.1649709809566018, 0.7462879087943972]
[0.35367834521365527, -0.1542317320976352]
[-0.9233598318515569, 0.4574868603220556]
[0.03454654389983619, -0.16191680552932142]
[-0.7086927332150896, -0.40124421103548996]
[0.11143719746958669, 0.07530455652738999]
[0.03387013354973156, -0.5242648231527557]
[0.44910059165093197, 0.006869309340918672]
[0.1498721192752681, 0.07910426557707365]
[0.3655602707161223, -0.38799638613228016]
[-0.1391778225513014, 0.13590263253359322]
[-0.09383318920455519, -0.3418413152172688]
[-0.13583118298334806, -0.1408185895712961]
[0.011234432466048494, 0.1520614433063876]
[0.09543075567045989, -0.030572473089665486]
[0.5065058837743082, 0.0006891586820079176]
[0.047678850598518174, 0.3305835469045598]
[0.30271577452571985, -0.5917055904697772]
[-0.2766657549050713, 0.11676938958802696]
[-0.3500806845870861, -0.5662056221045775]
[-0.035193316905884675, -0.005976551130525309]
[-0.5309175488273965, 0.19831176786336435]
[0.10518338885973932, 0.16797168821154496]
[0.08765740576206249, 0.4129429726888123]
[-0.16144496433915467, 0.3821887967861334]
[0.3807922769877208, 0.0656308682859339]
[-0.2996658593148738, -0.0030547314678466275]
[0.1575389651139405, -0.15908078055275077]
[0.05263289487948386, -0.13930969911713276]
[0.048760687582728446, 0.04482623752661463]
[0.31036186985311187, 0.4231833157040261]
[0.2492388250124209, 0.029179070527577178]
[-0.34074627824084724, 0.7283230591494665]
[0.1597571943271514, -0.10379972366865642]
[-0.8488051052239314, 0.2172861664034218]
[0.061038856695465826, -0.010606962034489742]
[-0.49506153849411905, -0.37834937503493005]
[0.2091045191375469, 0.15137072762484383]
[0.07752738513494761, -0.2694661361528432]
[0.4365672811415724, -0.162218873319251]
[0.008995033075433145, 0.12959769484232098]
[0.1428016137482102, -0.3556975343094236]
[-0.22462530815022386, 0.056649492201665375]
[-0.1440066985368238, -0.08249110479725139]
[-0.04921051963753931, -0.14248368237331044]
[0.22888319211800545, 0.1764014449633062]
[0.049573322655894314, 0.037243597950784135]
[0.5235636311596554, -0.18570966903071012]
[-0.0853909133484898, 0.19016001410726524]
[0.11055086724089325, -0.6176681620567867]
[-0.161657582467575, 0.010889723340610447]
[-0.437898529450109, -0.3345907571784498]
[0.028946079733159935, 0.006925117395889524]
[-0.29657393426948864, 0.2954679824054322]
[0.024006762591387787, 0.2736074192081972]
[0.17779820986894168, 0.2597888277260545]
[-0.2937063232210745, 0.2278618720216916]
[0.2395538887684776, -0.027167081803263493]
[-0.21144699825915142, -0.14997615915869078]
[0.09845614063898711, -0.06484973965544438]
[0.19113278167669806, -0.07113196241289943]
[0.11464117028665133, 0.06555131137618136]
[0.1696546694986345, 0.43200942363884987]
[0.2732100763256432, -0.07935410569411777]
[-0.398605060250275, 0.516830554236543]
[0.048697783519028204, -0.13365704091379393]
[-0.6355777487995921, -0.020422706101007937]
[0.04458597757534066, 0.037874405626277086]
[-0.22668472125087627, -0.3035596735130913]
[0.25405026116463447, 0.10383896863283809]
[0.060680797792791896, -0.0716942383534937]
[0.30641729457221917, -0.21704019048883483]
[-0.10395026773197671, 0.08414974651153284]
[0.020134081285978545, -0.26663173560593845]
[-0.1322582502053098, -0.04124635758441203]
[-0.07173871862252676, 0.05280529048236332]
[0.03415409533494886, -0.07932569965731873]
[0.3115730966654042, 0.09082750237687748]
[0.043308595222907115, 0.1295975005836048]
[0.40472222998452395, -0.333461707806318]
[-0.16340820421024782, 0.09410530513777998]
[-0.07946633653061497, -0.4943387095832159]
[-0.05851593750085321, -0.045664385624601095]
[-0.3709024604360064, -0.13335141180136073]
[0.09866848308927878, 0.05994541850399546]
[-0.10540066546447859, 0.2536148057366201]
[-0.08185645955455154, 0.2956712720028781]
[0.16745585457739948, 0.11027810815386424]
[-0.28096767314678994, 0.09390385517291719]
[0.10577336014431105, -0.06236085265771213]
[-0.0679527552356799, -0.1835557409258895]
[0.06395139599084074, 0.010841159663496247]
[0.2601991670945536, 0.07492394937859592]
[0.14474471014524443, 0.011554675342453469]
[0.03270231609000884, 0.4962036269872302]
[0.12158266083280816, -0.13815329504949625]
[-0.4590647450948081, 0.3431049543236771]
[-0.0533683227497221, -0.03109452077213104]
[-0.45395666956675107, -0.12206972110767456]
[0.0726770017367169, 0.16409298055272747]
[-0.11241797896086414, -0.19344502382189965]
[0.3238178114314271, 0.05186054917779026]
[-0.0032433979984891614, 0.022715313842577245]
[0.21832614843067677, -0.25338518548647027]
[-0.17411410158547613, 0.030464564331880495]
[-0.09452641920278892, -0.14513962818010306]
[-0.07510639091610694, -0.09893918492529191]
[0.03683718778303757, 0.1730945180593253]
[0.058478912437984976, -0.008918596252583844]
[0.38181613871993164, 0.038217160954823526]
[-0.025789603152095886, 0.1307952202995794]
[0.32759904132045103, -0.40115011179844395]
[-0.1337211487719301, -0.0017312229938975035]
[-0.15170121975188433, -0.4056281472188099]
[0.020078057388893233, -0.03811834791580102]
[-0.29610769609379517, -0.025223922372136665]
[0.09527584601104211, 0.13932624834219914]
[-0.005284826395148823, 0.16826709539387774]
[-0.17084850126071904, 0.2463047647970445]
[0.09971327182186529, 0.03833569866831077]
[-0.2603452360197156, -0.03993798246633368]
[0.03548459531994885, -0.0041495989467768]
[0.08048565776437688, -0.15570998368606698]
[0.08076566905854277, 0.07218824136101354]
[0.227788729942352, 0.1800992336285297]
[0.18794139328635273, -0.006635289424058999]
[-0.07858224078990461, 0.46529482305617204]
[0.06780337942634296, -0.12894217308386335]
[-0.4220830483913305, 0.1908189724916043]
[-0.03647859834239964, 0.024061358265163313]
[-0.29439921737121666, -0.12960970759903523]
[0.1619541709004425, 0.15153769204690648]
[-0.06400769222448188, -0.07213307186419837]
[0.30126598383964054, -0.06234663426325304]
[-0.10244582145452619, 0.03489046078057456]
[0.10385721337471776, -0.2374197240156255]
[-0.15557029051116122, -0.04954727693995298]
[-0.09401222239399143, -0.026362359564809035]
[-0.0074536099543321965, -0.08696281403964534]
[0.15326034839357217, 0.18151567178071265]
[0.04231550081328472, 0.06567341321362308]
[0.4014842989907874, -0.08873769411450533]
[-0.10470891885024858, 0.09861206999257754]
[0.17685146320946377, -0.4179341188332076]
[-0.09597754051072382, -0.07009463104714242]
[-0.18217085806896405, -0.2852478098493552]
[0.09478798694756319, -0.018825094179179658]
[-0.18085717895038167, 0.02547643291306942]
[0.03394379879114051, 0.19743086829786893]
[0.04197604855415071, 0.06816903273794532]
[-0.21046625213859482, 0.14588326556364595]
[0.04277452546020122, -0.02480990180773151]
[-0.16979529187724002, -0.1394592432980052]
[0.001843621576079757, 0.029294442894176945]
[0.1964336315946047, -0.07946257528713052]
[0.1133749753215626, 0.057423570011197994]
[0.18556373789808095, 0.2849592123799344]
[0.1449898098485376, -0.08048651787925601]
[-0.19439413328747698, 0.4191187172374956]
[-0.02439783738960255, -0.09687916931301002]
[-0.36261960239492297, 0.08549242974907267]
[-0.028553192758852042, 0.08369757881385051]
[-0.19206098519312914, -0.10149343083303108]
[0.19625199458694464, 0.11561424039006946]
[-0.06575712007317148, 0.003770421739178409]
[0.23663807847356388, -0.1331428812626536]
[-0.1479495852142544, 0.03166000951021308]
[-0.02400330098252168, -0.1769446294945239]
[-0.13386130327010065, -0.0860455503496691]
[-0.052389217216518236, 0.09060647195412147]
[0.008226387471507016, -0.05102463742210561]
[0.23193831372215368, 0.15993078656450904]
[-0.02298357201079977, 0.08186063508036501]
[0.3580175890899297, -0.17321317546412907]
[-0.12522313201437185, 0.012499923349065523]
[0.06731389156896259, -0.36303169845224703]
[-0.019024485868176816, -0.08857839557434477]
[-0.17262323034607402, -0.16716548695193092]
[0.11466933752014548, 0.047071304447199785]
[-0.07566870063823197, 0.03707167471443856]
[-0.045779577582583914, 0.2168429188349236]
[0.039326721155342415, -0.003991599686537797]
[-0.23904340229153545, 0.04014441308899491]
[-0.006426959937219562, -0.019712350773018736]
[-0.06269566579246877, -0.1875501866630688]
[0.02170947818192587, 0.06370023048593892]
[0.21633647295323616, 0.0009410237909911606]
[0.1358226824544977, 0.025344302240927027]
[0.09944362794188089, 0.30168686637668163]
[0.09491225587355726, -0.11387505184435537]
[-0.2291182715196511, 0.28845519687862464]
[-0.06797170730340996, -0.038456893920869206]
[-0.2601166337097256, 0.019686724296282987]
[0.025693784646577525, 0.12907442196055446]
[-0.09877448021025642, -0.03671631631349667]
[0.21997031474765405, 0.0426950798819582]
[-0.10506492419275076, 0.04673205727562238]
[0.1540464983586799, -0.16457313628935605]
[-0.15445256423979614, -0.014405032640163656]
[-0.08013159117473673, -0.08871438512096291]
[-0.06252586930206827, -0.09733074214052076]
[0.021574712359305342, 0.1407833142179895]
[0.021521958857648626, 0.008872450015539324]
[0.28702929803596755, 0.08896514997419758]
[-0.071626086572886, 0.08404692292741828]
[0.26916602664047296, -0.23154768645412993]
[-0.12368118524134697, -0.04516343450937821]
[-0.008286366780635226, -0.2791788573441063]
[0.053345651517908266, -0.07789532608166083]
[-0.11375269076546984, -0.08406172234931142]
[0.09062436935452767, 0.12006456705357524]
[-0.0170655438317322, 0.0061751860198738795]
[-0.11775425343706702, 0.18556799318506184]
[0.020764890788785767, -0.040486504422791225]
[-0.21112496771482447, -0.057900227872635934]
[-0.027889201060522728, 0.006005780592429177]
[0.05006336524675903, -0.173889212441294]
[0.06878821422428749, 0.05837036081256741]
[0.22348799215880844, 0.08453697915510883]
[0.1278229344284545, -0.045751101235969815]
[0.014435527738675291, 0.31536297497062993]
[0.00076653724527731, -0.11343397730331206]
[-0.2249775097934129, 0.19349817656563625]
[-0.07534292011540034, 0.04341120146394817]
[-0.18277932616995318, 0.014747631330026434]
[0.09731431150969977, 0.14434712044489073]
[-0.08240893267722571, 0.028529282799365313]
[0.2228973337549391, -0.037412955936107384]
[-0.13956466133824408, 0.05294622500002294]
[0.05215955997890942, -0.17699523201480316]
[-0.1464861690786715, -0.041511976560215824]
[-0.1035317197422897, 0.014062457346527446]
[-0.01949810253494655, -0.06720257555862863]
[0.10093405226357988, 0.17143743713919152]
[-0.020460728670489203, 0.054167568837402924]
[0.31388606767526683, 0.00901846660511596]
[-0.12498151087989284, 0.034578578909394864]
[0.1969287322147294, -0.24984185929877795]
[-0.07941091419799118, -0.09588482359566536]
[-0.04356776613522484, -0.21620382953341744]
[0.09638349488581432, -0.03864126384936328]
[-0.0534639970865316, -0.050564856247325096]
[0.03481508996042504, 0.16421239452266256]
[-0.003134349584869689, -0.03720772547315465]
[-0.17477166588240362, 0.12349661789275357]
[-0.024062887288716972, -0.047239920369366806]
[-0.14794787761755102, -0.13319116767944794]
[-0.023567242773562702, 0.047964509168417824]
[0.12326951748321302, -0.11957667133722061]
[0.09879465070017912, 0.04539894595648182]
[0.17355440951736417, 0.14646515069702704]
[0.10749431751413241, -0.08366150390029042]
[-0.05120407816932182, 0.260956408122896]
[-0.04464009976642924, -0.08320038191047271]
[-0.18807119621960128, 0.11242665907082605]
[-0.03648863160616245, 0.09064612536232113]
[-0.10999218289035204, 0.027792808593660845]
[0.15219375680446723, 0.09798109101737507]
[-0.09971725604851409, 0.07184223893520048]
[0.17119239550203214, -0.10426534952269835]
[-0.15926673376848655, 0.023619767199011932]
[-0.028455957413906496, -0.13146162395514946]
[-0.09951183549902576, -0.07031223723680646]
[-0.06791311128216793, 0.08890611504303575]
[0.006355670743327144, -0.012646654034416227]
[0.1691936303391553, 0.14607405968203901]
[-0.058731474100276654, 0.07438294147059665]
[0.2856453758874035, -0.07744239826967225]
[-0.14659812780296697, -0.01759910183612945]
[0.11225582268330198, -0.2280782128476672]
[-0.02043154475083848, -0.1151458250748345]
[-0.03886776544693976, -0.1439798167636094]
[0.10999481573476272, 0.02392800561785896]
[-0.005384259000522362, -0.0556083149521312]
[-0.04233250237007555, 0.17228753949532666]
[-0.0073570244127668105, -0.06692074191625]
[-0.1977550044872356, 0.031549888435194406]
[-0.05527938568522117, -0.027247967750443997]
[-0.061828981499321346, -0.1698619992994273]
[0.012205728493204587, 0.06896061805616091]
[0.17315044333386403, -0.05873671254999946]
[0.12483366647503233, -0.003701092747682877]
[0.11816332129453805, 0.19167081249963397]
[0.046807570662853404, -0.12676665448034435]
[-0.08423354978020069, 0.1972765775951807]
[-0.08911831275844607, -0.03631534825031153]
[-0.13256012564920178, 0.06899319556025897]
[-9.638106873725849e-05, 0.1203924664692697]
[-0.06892208421650128, 0.06280357098651151]
[0.17440649633709826, 0.04629583418786592]
[-0.1179147901161043, 0.08312468700315295]
[0.10245075742630316, -0.13975746690591995]
[-0.15459209238145932, 0.0037874405268732425]
[-0.09017964249469833, -0.06590722616052876]
[-0.054770299181136545, -0.06051830772537564]
[-0.020918156559829662, 0.1449870395863675]
[-0.006567902152846028, 0.042367734850925626]
[0.20192389638248612, 0.11082554413388127]
[-0.1098430889975715, 0.062238332586822626]
[0.23641372057031237, -0.10837055681600619]
[-0.12540815633870522, -0.07210718458637377]
[0.06557558812282291, -0.17930175069404514]
[0.037494426112392676, -0.09272957243397939]
[-0.00237517249531715, -0.09183037103315761]
[0.08688749411159213, 0.0874091020523955]
[0.024818546041526075, -0.07550226840897817]
[-0.11211053045193059, 0.15153454877715514]
[-0.02515788414071232, -0.0824121545045367]
[-0.1910927852635401, -0.04678733628066878]
[-0.059387743813781285, 0.010308026654048563]
[0.012052906038235667, -0.16137517406909996]
[0.05078377882236931, 0.06284010605376894]
[0.1614115740440949, 0.004153135987695178]
[0.11729325359589993, -0.04488484864906972]
[0.05134969968295977, 0.17995930596775384]
[-0.010007605380193907, -0.11724287636547459]
[-0.08083060462780656, 0.1286782445572463]
[-0.08594813900926221, 0.02541299834634947]
[-0.07292709997715752, 0.05440857981856839]
[0.06748794564074598, 0.12136821209197085]
[-0.06319190869861069, 0.09720533257599931]
[0.17185960883717372, -0.022949429221581386]
[-0.14142765268536872, 0.06701559817603958]
[0.0343924216173917, -0.14060216035371764]
[-0.12325280261713567, -0.036149598223640944]
[-0.09614164847004864, 0.0032004285392746024]
[-0.01135193804378054, -0.028058838721565352]
[0.04468011790999138, 0.1574105613535695]
[-0.031246394894928864, 0.07850796606572594]
[0.21698413954013338, 0.04780722160988238]
[-0.1408405916625336, 0.032567885260484736]
[0.1756103669933437, -0.12693250643686893]
[-0.08134687652679096, -0.10415884339342457]
[0.043227986561678255, -0.12888041312866583]
[0.08080604438112537, -0.04714296537471596]
[0.03420411833390813, -0.07906860720355235]
[0.03443564448052061, 0.13951359925012213]
[0.024028355018032244, -0.09844438732865429]
[-0.16232738633547927, 0.09667361677860192]
[-0.04561824000656334, -0.07433119519918596]
[-0.15130678495706973, -0.1079570477258242]
[-0.035396301132104124, 0.0391672043491218]
[0.07193031923915671, -0.13305934428092153]
[0.08949328584804062, 0.030408906216879583]
[0.14052054141291925, 0.05679355069702813]
[0.08054863531696232, -0.09784246112701189]
[0.006241153451887249, 0.15604849506558882]
[-0.06199225988373325, -0.08347752957321045]
[-0.061224145747949266, 0.08816402526876937]
[-0.061016449698062414, 0.07385155826558118]
[-0.03640990093488894, 0.07294010990039623]
[0.1172999582948232, 0.08527664377517907]
[-0.08133004262154275, 0.10798932981104115]
[0.13570090181094507, -0.08354860115642854]
[-0.14220164055748963, 0.04291209692797804]
[-0.039221935049763124, -0.11653028670852417]
[-0.0816636187657856, -0.04418411319992488]
[-0.08127498222691176, 0.06841941780466201]
[-0.0026664058905611077, 0.022167422890899346]
[0.09708099505268253, 0.1443639167564306]
[-0.08346887434269257, 0.08979748359041306]
[0.2000617280625842, -0.00015084029657922576]
[-0.1531364919068001, -0.023439466097940342]
[0.12483849242026435, -0.11465047746236091]
[-0.026502366294409496, -0.11252152852015324]
[0.045707592925543106, -0.08694732109541646]
[0.09280601234665675, 0.008244041597927076]
[0.05848558674784565, -0.0843510136854195]
[-0.026991468063552237, 0.15224565202467938]
[0.004225145982211964, -0.11568388454382064]
[-0.18084308346863878, 0.032084482416796345]
[-0.06402703007502103, -0.04219265734465863]
[-0.08941273034784683, -0.1357882605048875]
[0.001657080977361447, 0.05343883084292872]
[0.09661984385773215, -0.0810020427513995]
[0.10597204596839854, -0.008547656176992935]
[0.08913184275254032, 0.07918704058772197]
[0.032327744240084916, -0.11676221013859853]
[-0.016430247690543666, 0.10658913988805546]
[-0.08463811735560159, -0.03708538532001307]
[-0.028737161027361582, 0.06249698836342843]
[-0.014059319322410335, 0.1015849969175111]
[-0.018800976941571984, 0.09660040964810129]
[0.13798402741896992, 0.02964254538171973]
[-0.10626196997998857, 0.10155584262808903]
[0.0761789306705371, -0.11101935050025108]
[-0.12676335685901877, 0.0031362636652565723]
[-0.07832504825647366, -0.06083867712234739]
[-0.03131875967384981, -0.03418371209915967]
[-0.03825494821133334, 0.10685306940510833]
[-0.0090179936347646, 0.06346589949075768]
[0.13269621637497242, 0.10841321809738008]
[-0.12273851437910716, 0.07521290467086168]
[0.1634661080951878, -0.03286766916953045]
[-0.1305057815251146, -0.06689586007326154]
[0.09160039292806804, -0.08127565659646724]
[0.027522614144855073, -0.09377631504804984]
[0.07089481879765981, -0.06288338957514301]
[0.0748732547009518, 0.07227970220627149]
[0.06176467415958302, -0.1024058957132921]
[-0.08935896792985891, 0.1358113637200155]
[-0.022826887230833325, -0.10870029302419834]
[-0.17209328007752056, -0.02991979692273819]
[-0.05518960993505822, 0.000596841193302583]
[-0.03096197128216896, -0.13749151546010074]
[0.0551340216453524, 0.048032584292600294]
[0.10077678178893243, -0.03547574899993863]
[0.10715216352725042, -0.06753110365920845]
[0.04821390433515271, 0.07960523239817752]
[-0.02295839708905833, -0.1205743180000684]
[-0.012871440752415753, 0.06410526901846023]
[-0.08867558453584433, 0.012386830479499122]
[0.003731877175647602, 0.06537418108400073]
[0.03841556948900244, 0.10171200360188754]
[-0.02752732383679901, 0.11621696721927527]
[0.13559881390636447, -0.026878234574990834]
[-0.11693116015562555, 0.07984683552507447]
[0.015184418149673168, -0.12387198482254025]
[-0.09164733490877358, -0.018559572315114486]
[-0.09820336166757385, -0.005877434593966502]
[0.00013831347346060507, 0.004150892062318723]
[-0.0007099132497395688, 0.12100891139435088]
[-0.039538386798371294, 0.09731279468575425]
[0.1371773317261059, 0.07126149036077317]
[-0.15430301777960354, 0.03677331530145843]
[0.12601429789482899, -0.0325614998073287]
[-0.08800817334657679, -0.09435525201524926]
[0.0835223909277362, -0.04680455279600748]
[0.06164938586392221, -0.05097532067440882]
[0.09741155068075608, -0.057930598110083165]
[0.031484956111254014, 0.11407662033763095]
[0.05287056805897866, -0.1200328667811747]
[-0.13403246059147023, 0.09816522484908398]
[-0.045967842364271594, -0.08677659931553244]
[-0.1407035352135697, -0.07360058890566307]
[-0.02885966334680984, 0.029930349902591136]
[0.010451771636284635, -0.1096458537708668]
[0.0882909468762057, 0.01960611623907027]
[0.07322333299371775, 0.0004741940761839869]
[0.07519635538621738, -0.1026560145628696]
[0.016663939912354375, 0.05297344992319447]
[-0.059728721923963835, -0.09008351009538668]
[0.0047954015204405565, 0.03661292423018592]
[-0.06007797375081314, 0.05684020848428123]
[0.020954634905249403, 0.08076599287609137]
[0.08906143846981163, 0.07021840426038148]
[-0.055065750890871845, 0.12075523186658232]
[0.10689462689624624, -0.07552577333441646]
[-0.12180586335795374, 0.04110474876733866]
[-0.035540457718093776, -0.10284542793294665]
[-0.04645479568751931, -0.030870338805561504]
[-0.08222364799781179, 0.038855710416521416]
[0.01100483166366567, 0.044942065843161294]
[0.0391072082049474, 0.109856735161347]
[-0.07729750463798457, 0.10207565352821946]
[0.12361563123612268, 0.030450784947705062]
[-0.15527368073343067, -0.01139035050993542]
[0.09328259071107836, -0.02325179304670455]
[-0.03425374110027046, -0.10314032863412809]
[0.09172284053404689, -0.02410367604448263]
[0.07831875030228802, 0.005114854947088854]
[0.10743942989939215, -0.07580797175062659]
[-0.02357795574237423, 0.13074725322338443]
[0.02470116586951754, -0.12551967932952748]
[-0.15601920720866658, 0.0470685170970227]
[-0.0573331897293714, -0.04928392159516199]
[-0.09668557000159228, -0.09701765023840775]
[0.010345159633776357, 0.04647008020596247]
[0.03422601722381452, -0.0793408368745902]
[0.10934018308156773, -0.022344561148547534]
[0.04637548121145277, 0.019396575104325797]
[0.029883685625674727, -0.1246847103145924]
[0.008447190445257685, 0.02451677754662379]
[-0.08100826282470591, -0.04954725956291889]
[0.029919435132800876, 0.030976577635487945]
[-0.018360377143653073, 0.07719032106993226]
[0.018148030484776322, 0.10044319461240658]
[0.11201159543284708, 0.02473394403747256]
[-0.07672297831176882, 0.10453017616968291]
[0.06258680129972743, -0.10748267185575819]
[-0.09887422431777232, 0.009264454675013384]
[-0.07081219224393182, -0.06744061802523924]
[-0.0063557754588318555, -0.010812559221850343]
[-0.058080415241022226, 0.0669796271124182]
[-0.003006591564408405, 0.08811333262448404]
[0.057224651853943515, 0.08436281283169986]
[-0.12070297922045402, 0.0866222639308365]
[0.09163453585027978, 0.015394093814434726]
[-0.13291552996906464, -0.05507324172072241]
[0.0762678171124919, 0.0005460032730740666]
[0.01168059006095639, -0.08566884099026115]
[0.10748558686167564, -0.012142234367776769]
[0.06341959016553765, 0.05514209790208366]
[0.1027727505631335, -0.09420543000093037]
[-0.07069357949272007, 0.11794570152420047]
[-0.004922532743178651, -0.11329411850303381]
[-0.15102361268899792, -0.0009133988734037705]
[-0.04641642566926173, -0.006340083032095312]
[-0.05373768147588895, -0.09154801992325182]
[0.053023021659220626, 0.039680858911092236]
[0.029167311354662787, -0.04291667166870622]
[0.10271025549736365, -0.06441171179729234]
[0.013571037559598764, 0.011356605371206918]
[-0.01392080897210186, -0.11742098321783613]
[0.017264244272035864, -0.002314666254201833]
[-0.07886258349560404, -0.002722843495212901]
[0.05053712727515178, 0.04050234175768577]
[0.03009828883067016, 0.07470313496222905]
[0.00022163796496449395, 0.1131871420041728]
[0.11131516319862025, -0.023662295282742135]
[-0.0942772191124567, 0.07478227923596528]
[0.014002398506550412, -0.10945682311337843]
[-0.06289047147134325, -0.01902198230433315]
[-0.07575004444273022, -0.025415261151687407]
[0.020866485211645802, 0.02170442535270009]
[-0.02436523405503027, 0.0752616934311632]
[-0.031219972677352492, 0.11100904829100987]
[0.06211671690585992, 0.05453666925719325]
[-0.14304899092357115, 0.05159641741336325]
[0.06377618325612597, 0.015860582330735395]
[-0.09137188006766234, -0.08144549066789064]
[0.07946224255091205, 0.02237565529996255]
[0.04882694833109297, -0.04765548649079268]
[0.1241855065658387, -0.025175617080335277]
[0.030420578100387063, 0.09541495422530127]
[0.07741789423304148, -0.11038479890845393]
[-0.1074202690626998, 0.09029810849768401]
[-0.03017061804620519, -0.08220335559895386]
[-0.1295377639975847, -0.03425798122262211]
[-0.014625427922874051, 0.02875068811514564]
[-0.02867292910968222, -0.07547110640019539]
[0.0933680784335324, 0.014386470546265684]
[0.013846822442122098, -0.022558360689328844]
[0.07842747220127805, -0.10457282900603793]
[-0.002635724110728044, -0.00873491047961962]
[-0.05029737583731425, -0.0927108807953384]
[0.03745739845643231, -0.012803630532979282]
[-0.054329398255221595, 0.03513365520197359]
[0.055823415860253967, 0.06212422207570806]
[0.07081103555793888, 0.04954829349326112]
[-0.027669447564384553, 0.107698270792223]
[0.09362840090522234, -0.06783923103741696]
[-0.08871648024600093, 0.03680903801749241]
[-0.02681975633030287, -0.10014891462210102]
[-0.017588959569685814, -0.022078917975311946]
[-0.06880218871047239, 0.003681863433606325]
[0.028528537194992487, 0.06310869834793376]
[-0.0007626749528017451, 0.06321865283905648]
[-0.07102591564770439, 0.11780449778532615]
[0.043371153638367355, 0.03330873598141554]
[-0.14574145156106832, 0.009165598584719159]
[0.044508091848228626, 0.03062596175005944]
[-0.04432933483443019, -0.0856754588664499]
[0.0920797866108769, 0.03520028726900437]
[0.05802280416100558, 0.0005682044701750821]
[0.12647997071902412, -0.04591819976250272]
[-0.011336229703972134, 0.10854580256252633]
[0.044323318399280554, -0.11466334682077789]
[-0.12315180494210445, 0.053371122009345406]
[-0.04182644420077636, -0.04200938589905184]
[-0.0953602533162082, -0.048920767534085086]
[0.02404509282632611, 0.04187541898321087]
[-0.019984210453581674, -0.047370000010146296]
[0.1060980916983531, -0.02219115873197882]
[-0.012282040733374522, -0.01641561147725923]
[0.03795072538712674, -0.11712660151339944]
[-0.0033011044292212133, -0.03391099382483753]
[-0.06638722527823465, -0.05122683262003074]
[0.05634649628808139, -0.0069071557278743145]
[-0.014357639898903485, 0.057258900063309415]
[0.043173897590596394, 0.08304512642654227]
[0.09251699707853911, 0.01115853799969986]
[-0.05613234118895488, 0.08915501205928972]
[0.057476678262988024, -0.09128196511535826]
[-0.07091499699720301, -0.0020455263631468656]
[-0.04810638655194921, -0.06915848583203352]
[0.020345094040778472, -0.007608724763210506]
[-0.04713166580330347, 0.021512021592844904]
[0.01468058318973657, 0.09482968494545418]
[0.014405246111838521, 0.041787910948952484]
[-0.10529934030413501, 0.09618383525709218]
[0.022118042267141647, 0.02530228714378402]
[-0.12435177590893615, -0.031431296101132405]
[0.0410085763181727, 0.050515506094427565]
[0.0028003727064002653, -0.07272950656938082]
[0.11381290234472122, 0.029691585691576705]
[0.05046492191976871, 0.04651852269799442]
[0.11238883817200296, -0.07309963556656845]
[-0.049401081199988, 0.10322192791647472]
[0.0063828145661644076, -0.10157343426786128]
[-0.11861970978996596, 0.01942567369237011]
[-0.034683752502071494, 0.0002425772553804606]
[-0.06642005634407652, -0.04514672494289139]
[0.06406472027700691, 0.03928262362018678]
[-0.023934022325099013, -0.02685499762910659]
[0.10424639271445903, -0.06204268611919831]
[-0.029514812064338793, -0.025807273074023265]
[-0.0026477686779111595, -0.11291320369260519]
[0.011234582445470587, -0.04977121658974461]
[-0.06335542113437373, -0.010246731096788753]
[0.06917811498031308, 0.012251356603012391]
[0.02653128672964382, 0.05668008978542355]
[0.01652537543643553, 0.09259186877257682]
[0.09497249309964535, -0.025866058201019802]
[-0.06796881861581269, 0.055978120523845314]
[0.022843578203886106, -0.09796299930315287]
[-0.033678326135844344, -0.02291294555532028]
[-0.05282306758736567, -0.04186301313062685]
[0.045311386199085285, 0.025825743563562584]
[-0.026261512676112556, 0.021152516299104362]
[-0.013545014058396268, 0.11804433318887889]
[0.00756641863592886, 0.01942551392493236]
[-0.1268305821162877, 0.0632156794467759]
[0.0010639223728691055, 0.03427404066363704]
[-0.08842840557361836, -0.05558879114950803]
[0.05086852111056153, 0.06749856589559955]
[0.03167442204158755, -0.03859854390962779]
[0.12618196449501085, 0.013092350948947895]
[0.023561755701996423, 0.07498971345912778]
[0.08735108325365774, -0.0886390428735615]
[-0.07621977137841446, 0.08361008454578107]
[-0.020661225537693555, -0.07100262485306369]
[-0.09849788408150026, -0.001812012776383043]
[-0.006203081856008867, 0.030925804604356677]
[-0.05032511078205171, -0.02610238870901395]
[0.09321725270637092, 0.0154095081538288]
[-0.04389384681649583, -0.013571156088935693]
[0.0795362621167938, -0.09110878440765985]
[-0.03715442854940443, -0.0479761649567656]
[-0.03290250375705356, -0.08849572696807889]
[0.032352873424821516, -0.052373851248191064]
[-0.04106239673639098, 0.02332531811719024]
[0.06696321969044589, 0.036493141186228005]
[0.06067315175673507, 0.03731852415817072]
[-0.016685787299495214, 0.08874637396044402]
[0.07864912076397687, -0.05720472291429024]
[-0.06848848708340027, 0.017270824048533702]
[-0.005087763751551316, -0.08434321266427042]
[0.005411381842379159, -0.02844267207999633]
[-0.04164378836727761, -0.020366274588101807]
[0.04869563227101925, 0.061656989622256034]
[-0.010995525650765892, 0.010097240374454364]
[-0.049129982909973335, 0.11699912303020565]
[-0.0074043681207368595, 0.007288686735501038]
[-0.12671854645348052, 0.021875484111959304]
[-0.006821006081420333, 0.05138538735149906]
[-0.04494073777998775, -0.06593119388925839]
[0.07395158981016059, 0.07151139554706576]
[0.04639076679165027, 0.0010507784560717104]
[0.12600129625040934, -0.018169730413037932]
[-0.005667636038606705, 0.08782127756890715]
[0.050588346389675576, -0.09295129569692454]
[-0.08749771898180142, 0.05862839991661403]
[-0.03261883386516384, -0.030307344244970003]
[-0.07612198559505606, -0.006121999078323448]
[0.02995274713950774, 0.04632434587656872]
[-0.04938085879361648, -0.008479455168810879]
[0.1088691091437699, -0.018062938012847335]
[-0.06076930574513034, -0.016711100890844877]
[0.04529856103794194, -0.10577747343911018]
[-0.02792495469421824, -0.0661641205223347]
[-0.04901828040430328, -0.05382357626446829]
[0.05176786819956514, -0.03872335751569622]
[-0.007032539376848501, 0.04001143735317628]
[0.04677221131875001, 0.05818238937537812]
[0.07908214245427303, 0.00830861356630079]
[-0.0442576390624608, 0.06414892176390463]
[0.055930665298271676, -0.0760324913819346]
[-0.047541734285669934, -0.017184232505336905]
[-0.019037515332807398, -0.06610853668482347]
[0.040657223405640736, -0.012671111386861111]
[-0.025062300768774415, -0.014044276031155371]
[0.03538429267251045, 0.09317600618177602]
[-0.00999820406302343, -0.010101748786625307]
[-0.08038101317556329, 0.10020429585652268]
[-0.030081525042844615, 0.008626784316125326]
[-0.10758480876599326, -0.013099738834434937]
[-0.003531036728249559, 0.0701578624014488]
[-0.0066753932941956, -0.05263789133474492]
[0.09337235781949685, 0.060767748142208436]
[0.037958244860164234, 0.034855610313747676]
[0.10953451382351359, -0.04464049119350402]
[-0.0317722938310071, 0.08123735338931684]
[0.013887983952151739, -0.07971037257089819]
[-0.08041514342405419, 0.03513774274871517]
[-0.02428930140186536, 0.009139194261694267]
[-0.05559067454693188, 0.003509003103233155]
[0.064644779934526, 0.04104710761082461]
[-0.06031421314646622, 0.009228927951593718]
[0.10017357007633035, -0.05145221742059418]
[-0.07348349301034154, -0.03260255169174542]
[0.010024795279425097, -0.09725914167179107]
[-0.008111864298202157, -0.07398112923673206]
[-0.04663768480926997, -0.016354953525028748]
[0.062039321268386294, -0.014103133323653885]
[0.0278181455782293, 0.03932972803844244]
[0.016003114247282985, 0.0699769119488706]
[0.07880059580412832, -0.021549052950540416]
[-0.060960986609284305, 0.03284415260853278]
[0.0290140685935942, -0.0750133436102412]
[-0.017837862134031098, -0.03877474651411979]
[-0.016573767405134582, -0.04408214829761471]
[0.059119413446689716, 0.01608932242570458]
[-0.008081191405386153, -0.01814789529773797]
[0.004895931138846295, 0.10862501590802123]
[-0.020029045247995387, -0.02365175232339486]
[-0.09919764823379995, 0.06775354131902411]
[-0.044001492517313265, 0.02383655495993834]
[-0.07686879195311047, -0.038687452320827875]
[0.017050703667038414, 0.0857436471224376]
[0.02087809400474404, -0.029608353945002643]
[0.1099874523857428, 0.034197515955004795]
[0.021501696241679538, 0.05678558444010577]
[0.08052969846408393, -0.066601222927572]
[-0.04694567076695669, 0.06508422309466363]
[-0.014531635075847671, -0.05223246545793453]
[-0.06297878058501016, 0.024097118012938776]
[-0.0008355717639158752, 0.03854258515671326]
[-0.049387510987523364, 0.019070557437195768]
[0.092360554215921, 0.02230289388785678]
[-0.0768635701202994, 0.012316242037903699]
[0.07982386964423532, -0.07811159121571304]
[-0.0706833976949596, -0.053499156629365]
[-0.016836672472781738, -0.07615529998632867]
[0.015390100878605456, -0.06900256546772539]
[-0.028011111147946285, 0.012369653572218448]
[0.057384174758245504, 0.01573198203193133]
[0.05318645306543065, 0.024334535809822228]
[-0.017959237517653492, 0.06336743107983786]
[0.06862988736638112, -0.0434521170076847]
[-0.05778181657825476, -0.004231843456482955]
[0.01310771213553548, -0.06518020534839258]
[0.01851283826081196, -0.04056027802923921]
[-0.0045887758393850925, -0.03420708540139972]
[0.06234072798207496, 0.04856595438905806]
[5.9509261897405796e-05, -0.035819372980286424]
[-0.027686440448585148, 0.10946834726599575]
[-0.040927635105992954, -0.02933930279935576]
[-0.10008067660616812, 0.032818302363501806]
[-0.048288238976750636, 0.04459918484166031]
[-0.04104989477113524, -0.043461656221818225]
[0.04078810672857505, 0.08633223375549703]
[0.028665343636104124, 0.001500149880434988]
[0.10822531398214887, 0.0037732836183951846]
[-0.0009950998236794573, 0.06295674597393754]
[0.04415513116593056, -0.07115118690415223]
[-0.049137403415071224, 0.04647564933939448]
[-0.02647751068683324, -0.015409609233621058]
[-0.04446255345755035, 0.0257603093595119]
[0.03168841610651435, 0.050672029398823426]
[-0.05502031134171442, 0.03723436949641143]
[0.10194445824561021, -0.007467643880492897]
[-0.09520163202244208, 0.0017149599784235248]
[0.049139724766319004, -0.08643401580634893]
[-0.05597957654492269, -0.07138731493921124]
[-0.02912740404559988, -0.0455746195734445]
[0.035259582927128164, -0.05105802261640474]
[0.0004362988218922226, 0.027363967631613362]
[0.036755727311870656, 0.04002885068858131]
[0.06555464935271099, 0.0014544771857082917]
[-0.0457467735896763, 0.044277381455936876]
[0.049154842085737116, -0.0539148989181637]
[-0.04181046778796038, -0.03570551991356227]
[0.007875455079229987, -0.048005663498700446]
[0.04774003935238208, -0.025078329236373265]
[0.010275521354289274, -0.03480448509887363]
[0.046177498011190726, 0.07480918023059474]
[-0.005102089093031337, -0.05265049838596067]
[-0.05781672242484967, 0.09091066797047803]
[-0.059747936905809484, -0.020243107876607054]
[-0.08598408832536043, -0.00012489547033484039]
[-0.03725936778673122, 0.06660296250670963]
[-0.009747469120390262, -0.03768784115788951]
[0.06740551002700756, 0.07167234141347532]
[0.025674467182088656, 0.02552110424085091]
[0.09253381848909689, -0.027653857150403978]
[-0.0177020697394885, 0.05677573713473377]
[0.007592371581175095, -0.060129199903741354]
[-0.03797972221640465, 0.033499760749279794]
[-0.021142590964225272, 0.019029783701538114]
[-0.033059270736606014, 0.03750655647981771]
[0.06195055336316013, 0.0477914838052445]
[-0.06957650171743293, 0.04559807272710478]
[0.09643980638068231, -0.03712458340343583]
[-0.09973139016118499, -0.01851696444015774]
[0.019068293445620665, -0.08047210689483167]
[-0.031907665889535045, -0.07683590045801159]
[-0.02676990556636466, -0.014984455640659963]
[0.04438782955810715, -0.022471296552531744]
[0.027302538804780063, 0.027211217714051855]
[0.004129273482332973, 0.05147112994110675]
[0.06435982301554821, -0.017573583587481886]
[-0.05988848705010906, 0.012719570218064025]
[0.034521246794319685, -0.05076081493381564]
[-0.012187499372979738, -0.0533777993140722]
[0.015423292944696798, -0.035020733701891814]
[0.06423359069937998, 0.0010054699045590754]
[0.023180212835047898, -0.04721558989094851]
[0.021491668628696177, 0.09004274314272914]
[-0.02180411384256402, -0.06641731804471404]
[-0.07342710887843691, 0.06281174226937822]
[-0.07151552443335839, -0.002254713418951046]
[-0.060245673994241467, -0.018957987510225385]
[-0.015823254207458157, 0.07854701160857978]
[0.008935900569430999, -0.017130205753219566]
[0.08087148196501137, 0.04482244015243182]
[0.010505627402399971, 0.03797190031736214]
[0.06481081921600051, -0.047718013154483374]
[-0.02466327136770083, 0.042221237478254375]
[-0.018420970777568123, -0.03478224811579689]
[-0.020591871452560362, 0.030491794712215407]
[-0.00132637361177181, 0.04302180738695989]
[-0.03103961851863437, 0.05575704212477024]
[0.08225077283201107, 0.02830761591148926]
[-0.0894186137050142, 0.044355116161389846]
[0.07412755435217167, -0.0569329090770888]
[-0.09320149049721799, -0.04164514359148379]
[-0.0033869971979750696, -0.06023352682031148]
[-0.00545905815299931, -0.06926656301938437]
[-0.01175635754271695, 0.008029030879605478]
[0.038474644079796894, 0.007667238620845382]
[0.04593077285889424, 0.015888709255838893]
[-0.028021226812287303, 0.048592590354714235]
[0.05240250629406467, -0.030053480605285704]
[-0.05999537151058243, -0.01952469118224391]
[0.026116562684599873, -0.03629469583959796]
[0.018471908323436648, -0.052754590638443385]
[0.03053568604479879, -0.029990108660281733]
[0.0635356422847938, 0.03058141911696864]
[0.025031386160926754, -0.06476269304047658]
[-0.010259266438414155, 0.0897787156671]
[-0.044185212610005256, -0.06542692354340526]
[-0.07541056914107416, 0.03168060770037135]
[-0.07043596274619744, 0.023647687212243]
[-0.0348727721089124, -0.026649310568960596]
[0.015062487497967347, 0.07959034286262462]
[0.015431900562277778, 0.0019783049515708293]
[0.08474815137417087, 0.010804045044325805]
[-0.0038579924143757327, 0.037512287553584434]
[0.030682436491971027, -0.05572991654180898]
[-0.019552694271644966, 0.028163601056202033]
[-0.02886053048914261, -0.003957720431284173]
[-0.006161514053990902, 0.03966309421904629]
[0.024488246631322846, 0.05383902415463093]
[-0.04286854057875711, 0.06922640559616727]
[0.09079351984205399, 0.00291766175456315]
[-0.10330224653499029, 0.027936376458738407]
[0.048029938720047904, -0.06488378878348727]
[-0.07346720864072348, -0.05838902910263112]
[-0.01399628548633175, -0.03540321404218005]
[0.01641247291797132, -0.04877022523671719]
[0.00952306658169405, 0.01750391639088983]
[0.0173374674875883, 0.03157061188334889]
[0.05175350198055351, 0.0006558068011623952]
[-0.054527865688463795, 0.02927410161632843]
[0.039473302610381594, -0.031358584911006154]
[-0.043054576833377545, -0.047496321161503485]
[0.030157265095677843, -0.022080237785867984]
[0.043168856367724384, -0.038423396153367095]
[0.047043418037602425, -0.03716549413563788]
[0.05066090615403457, 0.05323745519859224]
[0.015446301748515079, -0.08387314165525372]
[-0.03420649804161799, 0.07532511080380483]
[-0.06470410270428045, -0.0540328676203094]
[-0.06132773189183577, 0.006658410939156145]
[-0.056440635358423585, 0.04452452448082683]
[-0.01193063373581818, -0.018070456813860936]
[0.03926324786850832, 0.0630540922043026]
[0.00874909625979492, 0.017918488631235213]
[0.07003531050749989, -0.019342575300732745]
[-0.01292749809021021, 0.027872177621282607]
[-0.0025873151215269896, -0.04649025267090619]
[-0.005361368129699479, 0.020505444500611536]
[-0.023294294069492127, 0.02569434600935591]
