[425.49178034982765, 274.5042887000573]
[-50.78369187725175, 26.130843403952756]
[5.611191017131475, 4.5325682533701475]
[39.60256968172278, 25.218396265469057]
[-23.97992434455187, 7.1005865258996685]
[-4.347098212305939, 15.26095677627692]
[-7.709262292663954, 13.437297308431221]
[-2.8237558669934204, 2.2761147734667766]
[2.2142378393395177, 1.8273065981076906]
[2.673147215989909, 3.5541256339938556]
[2.6098335973597457, -0.6154406809126229]
[1.4099069316225674, 1.3783498944460852]
[-0.6859322492938347, -3.5575244127681955]
[0.9441599258593796, -2.59835757458481]
[1.3900920845744906, 0.44662443570530375]
[1.8729357956631794, 3.089647779472342]
[-1.240372047601717, -0.20106898559331476]
[0.8305732703222022, 0.007128467696869478]
[-0.6499248310507628, -0.3210063165655237]
[-0.5326958983220553, 0.1260726688324052]
[0.4744221481099018, 1.45958209493209]
[1.6494109300012187, 0.8494288788387454]
[1.9330905404520546, -1.3012554266401892]
[-0.09092870241867423, -1.4199832387707811]
[0.9130710121172694, 0.5725706335970902]
[-0.47459210543916086, 0.06707123605011134]
[-0.8983931302834103, 0.23626493872439625]
[0.5795948013417274, 0.32966544198981484]
[0.5443174476363923, -0.9146548900309579]
[0.32002518965111726, 0.24932305110296493]
[0.13787453687947604, 0.7375755977181182]
[0.040704715212040554, -0.3468365814992662]
[-0.0872211309383435, 0.7405811703301257]
[-0.28875947001342617, -0.46837830811394054]
[0.6193990912451299, -0.00626181074940213]
[-0.282595245545882, 0.49112375760961213]
[0.40774781094245166, 0.14173470322728843]
[0.03026746624985943, 0.3111901216357953]
[-0.28635744655895823, 0.24941455617808028]
[0.3840730151181191, -0.3696830509228698]
[-0.17336419395054592, -0.20200607044163776]
[-0.2940086643213542, 0.13750301399239206]
[-0.004547934188386504, 0.09538570483867836]
[-0.18163131195820514, 0.26891891753193087]
[0.07042436760115145, 0.40438096667832424]
[0.07710144010921538, -0.1028028260097168]
[0.0933563561383074, 0.4261574468574191]
[0.011708727866648894, 0.39439978052759334]
[-0.2987635636180231, -0.17807247144700034]
[0.14032933109900436, 0.03186412049600251]
[0.1844478324115152, -0.35175782486451124]
[-0.022408345360084292, -0.05886573852432142]
[0.10210708389785128, 0.14484087344231833]
[0.03368146060710475, 0.18338497507464924]
[-0.2526734768113945, 0.08233102005506532]
[-0.039062585370074565, 0.0844240657674118]
[-0.1059759025466187, 0.12984069657962316]
[0.16803624448929555, 0.06845619021136606]
[0.05208244946244367, -0.06848232547323972]
[0.1264000563070423, -0.006064296479885378]
[0.1965899701933882, -0.10631261102004264]
[0.037563031287502935, 0.07975010797860715]
[0.06846716919683349, -0.004557943074256832]
[0.07401153983353659, -0.08849940331609218]
[0.05523154781072481, 0.00783693640078309]
[-0.08005536418975434, 0.05643001887405852]
[-0.15209795300829398, 0.006675306872960807]
[0.0648594506434943, 0.10198318295749509]
[-0.019872636378732267, -0.07003760152591054]
[0.14329106139247294, -0.10955407631518677]
[0.25472857886536415, 0.11788628172408577]
[0.05096032910469539, -0.08977885759986037]
[0.06625942738693347, 0.06619345731678994]
[-0.12490568542626246, 0.01047487997077523]
[-0.021098726011334445, -0.016515098699170228]
[-0.013226315514515363, 0.10230189376725773]
[0.06706310989838116, -0.0020006439565292133]
[0.10646614377542507, 0.03663724639968824]
[-0.0038162013529439154, 0.020210268815892718]
[-0.014596470231256209, -0.09348743564453188]
[-0.06703264042937096, 0.04281727479048536]
[-0.12185059918001917, -0.09426155561395189]
[0.10491160950517295, 0.09962585006693825]
[0.01808044679625942, 0.14959506626081262]
[0.029415762744449903, 0.0671595958997222]
[0.08690335095001389, 0.03285754152387446]
[-0.02139781305062005, -0.0005591025149165318]
[-0.08499199192201012, -0.027521924670859788]
[-0.04266812920378693, 0.021885873928573663]
[0.03993305958663851, 0.09077210937088681]
[0.004324586599614211, -0.08670776356821497]
[-0.030750276719081815, -0.015108126373603814]
[0.047705813840616285, 0.09745936250756138]
[-0.05638754205027108, 0.020358116433638523]
[-0.11122797036918716, 0.1004529980096047]
[0.09563005153734358, 0.03279539748502404]
[0.014136743947943953, -0.08171008755578138]
[0.027863104643615855, 0.048614183906159014]
[0.05085285062364786, -0.005451839323472374]
[0.009725587866555307, 0.015184992650938645]
[-0.011532278113792982, 0.004409011758934267]
[0.006494100607782771, 0.010048951690850183]
[-0.0026501654745756387, -0.011880134923537622]
[0.0026908723884491725, 0.04960637316765726]
[-0.014362231395096181, -0.004134033518332192]
[0.012254246929930324, -0.016407620338283024]
[-0.0005468136719906092, 0.019497142797944962]
[0.053016466280018465, -0.03154126713905114]
[0.03097937257351413, -0.020175590920725572]
[0.024944304067460343, 0.02197144863257261]
[0.0407046001101401, -0.002441032875143745]
[0.016951794481785187, 0.022536959581132]
[0.009940294386805881, 0.014560923593494701]
[0.01017202307817655, -0.029803641969035954]
[0.02078373032172154, -0.0026772671594539332]
[-0.02781550003119082, 0.029732472616618377]
[-0.011056608198412032, 0.0021048903366733818]
[0.012210913643295296, -0.012658506649347423]
[0.03226496931295442, 0.015850475738334868]
[0.012823971864396988, -0.04584451864199801]
[0.029858605883461564, 0.03505476611681324]
[0.0096531480483808, 0.01110066191727821]
[-0.005199215869455376, -0.005993881461666017]
[-0.01512063296979882, 0.018445095204998152]
[0.01676042155977675, 0.02917535372696589]
[0.01216651928820589, 0.015890032131313347]
[0.00590668811199202, 0.01169457342639646]
[-0.02164562208358234, -0.004948704587985242]
[0.0013673466728337802, 0.012205859589514922]
[-0.034546556266476625, 0.02840673982157932]
[-0.021728692618144932, 0.026219806225893594]
[0.034725870200857045, -0.022767718008650933]
[0.027079836380475814, -0.0022253744535152276]
[-0.009676204536982702, 0.0014502435677997971]
[-0.008095408209387145, 0.020622203799629535]
[0.0012025164184428228, 0.051234517364433796]
[-0.02600232359687199, -0.004843066918545413]
[0.014328279497797358, 0.002450514567681028]
[0.02037866791944365, 0.01935785283062963]
[-0.0004225413736339556, 0.026324757714998176]
[-0.02684058728253122, 0.003138277127202327]
[-0.01077032260107158, 0.013294391061649313]
[-0.001346800413580429, -0.02466280699222506]
[0.009870061906410044, -0.011547109050144083]
[0.03281626201203, 0.013661991267201495]
[0.03090115358369136, 0.005628688534171533]
[-0.011837003073047803, 0.010696303092160159]
[0.003535661641586363, 0.017342331910426667]
[-0.030545552788576513, -0.019591420387328307]
[0.005979044448673254, 0.00873057542544875]
[0.02474705352352946, -0.00978266342555803]
[0.028594407867186145, 0.023154665377065564]
[0.02021613964939517, 0.011696344402356063]
[0.009512850643361076, -0.023611067843000377]
[0.00695703305483697, 0.003944826933116621]
[-0.04157073983763229, -0.02298654764543806]
[0.005554216423501401, 0.010755356952220158]
[0.030388810216244844, 0.03576413107963616]
[0.002425711610037906, -0.02653721539752063]
[0.037407207581260704, -0.013326984456252466]
[0.02250287641694748, 0.00852976138465833]
[-0.014479228482852213, -0.01507264878452741]
[-0.010768142843794903, 0.02622732898712421]
[-0.0016165943524266702, 0.0012498777995513244]
[0.018434117977969455, -0.007915587222602216]
[-0.018826495934299192, 0.0153151575959114]
[0.01821422374109516, 0.028956469486009162]
[0.0014379192355560289, 0.0025433618457981755]
[-0.00687963597282204, 0.008948538617460144]
[0.011388692680704304, -0.015271795884869377]
[0.003734969659098586, -0.014131850031113835]
[0.002772412876272057, 0.003188664796328955]
[0.0020220651114140065, -0.0004079522076818609]
[-0.015225059399682328, 0.0003353972768225244]
[0.005550649136105146, 0.03211897193965285]
[-0.004942332295065466, 0.022172193868344625]
[-0.01443293453345898, 0.018577421691188034]
[0.008872542169763964, 0.0184847151715489]
[-0.005859669379379401, -0.00524438765515689]
[-0.0035912738436965075, -0.003913125847338234]
[0.009098863924781125, -0.0015195039838751256]
[0.0016664377054962376, -0.008010063981755827]
[0.014074343137848805, -0.008573123087741497]
[-0.001910395169585355, 0.017095994831533873]
[-0.01187880291995047, 0.010404768061860192]
[0.007941572800711616, 0.014064972817984356]
[-0.023304069534466842, 0.010080177016004388]
[0.011097190810366198, 0.003097123027396731]
[-0.00250519438986202, -0.007934056562878627]
[0.0070931981033573455, 0.013594570771273531]
[0.0162862718661482, -0.010530548325624098]
[-0.0018131144440711455, -0.0014592609586372984]
[0.018092982491176912, 0.01625752873592297]
[0.01044390942543677, -0.006000898446388625]
[-0.005663066231163527, -0.0034366350307880322]
[-0.00053637199954093, 0.00013026363438861654]
[-0.0038620475585908753, -0.017141539345271573]
[0.0013061530806554034, 0.021077019576844158]
[-0.0069739104032151555, 0.0009771995412778123]
[0.03429230059794125, -0.01093714439889093]
[0.017904050155653328, 0.0024790661162300276]
[-0.011283937809129424, -0.016545025757557896]
[0.011079094158984004, 0.019900778710215963]
[-0.014609725142898974, 0.01605362975096658]
[-0.0019072555152563897, -0.0025678373593674975]
[0.010096581041876274, -0.004049228896044754]
[0.02182289719476249, -0.0016325647253080944]
[0.0074495714146467495, 0.0009198375765031575]
[-0.007456989315691498, 0.0013810095516982868]
[0.0015287035288307216, -0.005111875273859701]
[-0.0041418317575254715, -0.006371732138399477]
[-0.008515630816060993, -0.008426911987491126]
[0.013443106687729856, 0.01955586356098582]
[-0.0012949007231388698, 0.010281639051634262]
[-0.0016618228186935369, 0.01875668668858288]
[-0.002861472958917588, 0.010107316908560149]
[-0.004051760138480409, 0.0017646986839079393]
[0.0014302679850564104, -0.003494158092175126]
[0.011868886559485703, -0.005281021738684943]
[0.0022582119498752995, 0.0017615690663247419]
[0.0019548857286774135, 0.00016584322480062141]
[-0.0038706055009276596, 0.0035268901298584066]
[-0.01039271848633716, 0.0038767890104882685]
[-0.009825003314689829, 0.0034895554454802413]
[-0.005429513883866005, 0.013141880200502998]
[0.012619153831716856, 0.017669390851467653]
[-0.006708443994678494, 0.00022566681955749068]
[0.007834895175822698, -0.003668138501848023]
[0.008692187068605223, 8.691209520483856e-05]
[-0.010811311508948207, 0.0015556868149455977]
[0.0036827710290429916, 0.003361344775386188]
[0.009724554859366297, 0.010704958393895347]
[0.0017145652816771273, -0.011931067553826002]
[0.0036283174113974637, 0.004173908669190235]
[-0.006551877201089629, 0.0028652961506996366]
[0.002768065646995277, -0.0013971600653902017]
[-0.007956945826594702, -0.0005170245241609694]
[0.004072302370799447, 0.0006161785414104948]
[0.007679638276199916, -3.5452648038027806e-06]
[0.007837278774868069, 0.009033498339485052]
[0.004886413588410465, 0.002652507691395134]
[0.0031750011812861634, -0.009207072901482233]
[0.010572706789932329, 0.0029337169692151555]
[-0.0003634369616702382, 0.003115761367317671]
[0.0005304743822740488, -0.004443618046246933]
[0.0065378545145221845, 0.004633222732373765]
[0.001680687008696391, -0.008866004712412057]
[-0.00379886124197068, -0.00699979491515712]
[0.0016506490285275177, 0.011344908345610714]
[0.004131705933967139, -0.0003679466592998448]
[0.0003615141088108009, 0.003332879037169792]
[0.0024496388008824546, 0.0006132620128052046]
[0.008264047114980855, 0.0036546747626509946]
[-0.002807390818562794, -0.002851094095110751]
[0.005032384243141674, 0.008259781958066426]
[-0.0002300737754190041, -0.0006236179158898292]
[0.004241630287742604, -0.0012574272779236617]
[-0.0010999805232242421, 0.007586066169620098]
[-0.0005301471589411744, -0.0015326576892521482]
[-0.003609919285263885, 0.00017362855810532096]
[-0.0037873551075379153, 0.00925013545232689]
[0.0026010856573165375, -0.0025950661339663172]
[-0.0032587216230117733, 0.002701674036940105]
[-0.0025607244274964414, -3.030500350009735e-05]
[0.006842152625384346, 0.0027908488004955156]
[-0.0061605512404410145, 0.010820551375721243]
[-0.0016538082171084767, 0.011349855707787349]
[0.012484836291606127, 0.0011198351251383576]
[-0.0007733106899058262, -0.005061361233973161]
[-0.005261204437385425, 0.00016036675054659222]
[-0.0011660165910918063, -0.001343032915114506]
[-0.003293656827695779, 0.01415624202549337]
[-0.006743386208477586, -0.0028484258050482936]
[0.009017089464407713, -0.005623529177827963]
[0.007950306541810684, 0.004063792527997934]
[-0.0020798397559241844, 0.0005779532881045463]
[-0.006446921532971661, 0.007899611536828388]
[0.001058132152452984, 0.007924759305284218]
[-0.003177471810547061, -0.007125767797126925]
[0.006770217888415253, 0.002118595292043779]
[0.00936583646030792, -0.0023244577798059995]
[0.009488896890039122, 0.0019926507719679187]
[0.0015048516523346045, -0.0020415844984049414]
[-0.003528036795905687, -0.0017520862697776862]
[-0.0014460947703717197, 0.0008839985896357816]
[-0.003265273913003623, -0.0005170081215891131]
[0.0016898957799994369, 0.00214393200675505]
[0.00559287185679138, 0.003281768643217456]
[0.0016967074774122126, 0.000382304906198519]
[0.006064257153345909, 0.0005986089464469768]
[0.0015720219188355977, -0.0016191490136012177]
[0.002584676575244388, -0.008295958073393117]
[0.009574117405861005, 0.001812828291227142]
[-0.000469993335458857, 0.0015582015974169305]
[0.002386782934071685, 0.003170174555876634]
[-0.004090274632129062, 0.0034270676580600012]
[-0.0014053117744061705, 0.0022034230775657276]
[-0.0029562626628952884, 0.0018559971358859118]
[-0.00035819173273821114, 0.003930663488954295]
[0.008039322094557155, -0.0012877749963630114]
[0.0035529893655470435, -0.0015120770710989329]
[-0.0027311737170806205, -0.006116806314724443]
[0.0033953268806261594, 0.004930234972193526]
[-0.005515262049064218, 0.00017484561928771125]
[0.0010642834720518968, 0.005056890472595832]
[7.800074254737943e-05, 0.007328039080569115]
[9.242503714201877e-05, 0.0044036181933143625]
[0.004284971007020744, 0.00897893683310258]
[-0.007424495488004723, -0.0007349698074332611]
[-0.0009655189150352683, -0.007166438014877485]
[0.004063965113138002, -0.0012679860173788748]
[-0.006479172278822332, 0.0020981116406707523]
[0.0023791318702435227, 0.0046765802008843504]
[0.00477644860287707, 0.0064940066007902475]
[-0.0018121059011051988, 0.0008942726858977013]
[-0.0011326471665766835, -0.0020284041434905364]
[-0.0031090143425900885, 0.005464188723592778]
[0.003950214721923806, 0.007033657786994718]
[-0.005073346604360901, -0.006295299005591448]
[0.005827424279781668, 0.0042501222066972655]
[0.006071368424130141, -0.004451025586090007]
[-0.002667534594986032, -0.0012863272922835553]
[0.0020400256406882533, 0.007769647246595568]
[0.0001322573716527886, -0.0003759480725932865]
[-0.002002788933123806, -0.00036201894206144836]
[0.0020868589538720617, 0.004319897921785915]
[-0.0008044985103313196, -0.004317462247333481]
[0.0038723841917591706, 0.0006874345901072554]
[0.0015107117881724141, -0.0004810262271086607]
[0.006984591341334445, -0.001988048126620068]
[0.003044322292703544, -0.0013756981883752128]
[0.0010928073549184292, -0.001242878734665137]
[0.0044765684667974065, 0.001044716355482228]
[-0.0062590572958315105, 0.0032091665105239368]
[-0.0009344036971671993, 0.006791231493010821]
[0.00497730820475592, 0.0003016164253163284]
[0.0012878616852847191, -0.0037422938899697583]
[0.0005147822455623952, -0.003493030438813799]
[0.005570931310632188, -0.0005884067474293264]
[-0.00012232849357485254, 0.001738637384904984]
[-0.0010057816356945914, 0.0022949137782488915]
[0.0038096261887186067, -0.006068646334731087]
[0.004563291513829171, 0.0024683528399658955]
[-0.005200407839959564, 0.0027834875285266403]
[-0.0017358657823802748, 0.005518969582278349]
[-0.0008663927267701897, 0.0066649671696732415]
[-0.0011301376745711522, 7.754604721274538e-05]
[0.001828603894508049, -0.0023060473787982483]
[0.00446249841776758, 0.0032667115052311957]
[0.00019256543225681932, -0.0018543994351614135]
[0.00024121621461870024, -0.0003146538937415233]
[-0.005202377492131427, 0.00043847708243460737]
[-0.00046575206015753157, 0.0017780070698649175]
[0.000969120585401495, 0.004567524970839565]
[-0.0022595862261692856, 0.003310397905630813]
[0.004830060654915758, 0.0022468857294838385]
[-0.001373378401765879, 0.0008305395646089897]
[-0.00235431282993781, 0.002797448081436893]
[-0.0021272739665832985, 0.0008351022467705249]
[-0.00035237314255887053, 0.0007054592678218397]
[0.0037705909846023067, -2.0503652744197076e-05]
[0.0012020836588588768, 0.0019480464682891663]
[0.0010742285090768466, 0.0013112740146448143]
[0.0011050248108835925, 0.002489803216133013]
[-0.0038719716593434983, -0.0018081497640669575]
[0.0018440741268772598, -0.00010891023170989111]
[-0.0002707553122678896, -0.001348115768193825]
[0.004464665033921955, 0.0020929123504771496]
[0.0009153249854354367, -0.00032958763811707925]
[-6.0947198306848804e-05, 0.0020713169847288646]
[0.0002313049607763143, 0.0019158180453524576]
[0.0008489638608135675, 0.00025662403796338634]
[0.0023982652602807797, -0.00024837663280186106]
[0.002290563735373896, -0.0010269157559809616]
[0.0038500588567743077, -0.00043700110907279877]
[0.0011835965120629566, 0.0015866967830877876]
[-0.0017586367079577003, -0.0017540263541152568]
[0.001120484665622673, -0.003846173078426246]
[0.0032734659336171174, -0.0007954618678603642]
[-0.0003660270157341411, 0.002369660007568372]
[0.0001475677355172525, 0.004036839632164627]
[0.005301215317940845, 0.0023468892208714006]
[-0.00046358663491514324, -0.0010654400252020045]
[-0.003603273140944538, -0.006631432020113057]
[0.0057653269418600495, 0.00430800013648612]
[-0.0027232490751775973, 0.0032105358277719764]
[0.0006882296318584391, 0.0013292168382060265]
[0.0032948691195608115, 0.00185159166564558]
[0.0014116679244674524, -0.0013810102375655386]
[-0.0014884866452669898, -0.002437757885450975]
[-0.0016275290218673577, 0.003552768656100616]
[0.0005796067321517662, 2.3425573396629318e-06]
[-0.00025931871528994677, -0.0006254504903103458]
[-0.0011830972196145914, 0.002667182576710392]
[0.0019216754090271015, 0.003089235482889155]
[-0.001986747746905715, 0.0010402315114733662]
[-0.0008993210895954507, 0.005664793720354]
[0.0005971335822039514, 0.0008541087108729917]
[-0.0005434017558991755, -0.0004351813364221746]
[0.0010909942438536713, 0.002429633862142788]
[0.000927328658730131, -0.003357005008326308]
[-0.0010578225657807416, 0.0009788849446085157]
[-0.0007146047095697439, 0.002150463936823166]
[0.0025885951246459316, 0.0008480601156620748]
[-0.0017594172648941475, 0.0004512512582030004]
[-0.0006837312093482817, 0.0012895119000096988]
[0.0001171003222157907, 0.0012719641484216782]
[-0.0010515759124825053, 0.004712202311152991]
[-0.00265028778794546, 0.0017810185704648651]
[0.004985327000252449, -0.0008192739892603496]
[0.002786926446032456, -0.0027601214120928086]
[0.0008497123988341349, 0.00021383614273029483]
[0.0023545029458054423, -0.0011939855881284434]
[0.00065660543597168, 0.0012508789711610513]
[-0.00015101894197386279, -0.0006703947109878428]
[0.00047308243402099937, -0.0009086817002436492]
[-0.0005211329658480202, 0.002149211849633126]
[0.0021432393132547745, 0.0029601240172670226]
[-0.0018259411918903345, -0.0017143999559610101]
[0.0007962782596567797, 0.00014500872190234548]
[0.0033271757107111583, -3.685164083522263e-05]
[0.002434098135925211, -0.0018568921255207038]
[0.003257307508209406, 0.001741406219242514]
[0.0012215689720340706, -0.0032348096509939722]
[0.0032383816851388747, -7.682696361507868e-05]
[-0.00476216005355895, 0.0025830151547557856]
[-0.0017071085912921946, 0.0017712175517482498]
[0.0033475107485957944, 0.0025730516259262967]
[-0.0004833111190375161, -0.0014809245424275697]
[0.0031111405707120905, -0.0026139330163012994]
[0.0024735418735969406, 0.0012915610706542985]
[-0.0032714716033060837, -0.001176605490925381]
[0.000319211888363119, 0.002967604014044889]
[-0.0024087101431303354, -0.0005916482232434517]
[0.002766396245464098, 0.00298888564201448]
[0.0009521864934965013, 0.0024138956727039473]
[-9.106796928548544e-05, 0.0015002709766992195]
[0.0005466398519962667, 0.0022821420509677726]
[-0.0024739999498348264, -0.0010469236353993772]
[0.0005952430425610056, -0.0008289504727180264]
[0.000938650009444375, -0.0007419916290348823]
[-0.0007856121725913455, -0.00047651981520391296]
[0.0016341533515044082, 0.0029387449194879373]
[-0.00244678348012467, 0.0036023270233755955]
[-0.0034067296404822756, 0.003047518017184836]
[0.000842337793787673, 0.00021267845659245221]
[0.0005703984232433568, 0.0001573835247094535]
[0.0010435370392611332, 0.0018725863764433859]
[0.0002965194793278503, 0.00033420500027092626]
[0.003696944742456021, 0.002523934129583627]
[-0.0011619760838343929, -0.004075253659528211]
[-0.0014345633034670846, -0.0029233491246096754]
[0.002872974849845056, 0.001660578132558821]
[-0.0011308550741679912, 0.004189394403691482]
[-0.0024843181788521407, 0.0025422473714791227]
[0.0036071017798162686, 0.0022545493439428133]
[-0.0015819339663977194, -0.0020288165005818426]
[-0.0002213536254679349, -0.0017717005952209153]
[0.0010689524017126195, 0.00028156058918116234]
[0.0025517228465432584, 2.092743390419427e-05]
[0.003558040915985633, -0.0017992068409864448]
[0.0016077382025866394, 0.0005648715212416278]
[0.0020712489748857393, 0.0008472324210032633]
[-0.00048138207351045015, -4.852477957167922e-05]
[-0.0022645391068965848, 0.0011547064112114036]
[0.0004020745041890539, 0.00017672921407962602]
[0.0004387108401819398, -0.0013971118228772172]
[0.0015385231021012857, 0.0018475169916368425]
[0.00206706746703067, -0.000343797580009797]
[0.0002397418399806006, -0.00258676484387399]
[0.001962498622597869, 0.0030336146868945035]
[-8.392687364272566e-05, -0.0020387005967021227]
[0.0008357366026876534, 0.0011224726459730106]
[-0.0002678721671327544, 0.0013068984654702465]
[0.0015602383625407806, -0.0007349734815549069]
[-0.0007023492589541269, 0.0020517856544261456]
[-0.0005405624817442049, 0.0018853431956894137]
[0.0017454058816450818, -0.0008970418271865253]
[-8.559885980000126e-05, 0.00043985611998223484]
[-0.001496747534769985, -0.00015579878836363692]
[0.0006871903503851418, 0.0010736637483604872]
[-0.0017167467474900888, 0.000741070077303313]
[0.00038284812387312517, 0.0021048023342056937]
[-0.00024061973316771845, -0.0002847859896107363]
[0.00040669644044888376, 0.0024613421132319707]
[0.0016475235577189662, 0.0024046754124524283]
[-0.0012556145260085305, -0.0013364366594197374]
[-0.0003861772019471965, 0.0005514269439262365]
[0.0005218570098404762, 0.00019657269385842113]
[-0.0003034669139392633, 0.0015305983520877975]
[-0.0012881850627809444, 0.0014159271842707072]
[0.0012750814796169407, 0.00045308228757623414]
[0.0004731981001409036, -0.0008506633647674122]
[-0.0025749671184008838, 0.0016133149291813753]
[-0.0008828885831879685, 0.0025384570135467133]
[0.0030938288789078006, 0.0013375222519976804]
[-0.0006870185818100838, -0.001206491245647645]
[0.0020712504813241717, -0.0014789177753395943]
[0.0022782324032577517, -0.001133373102260582]
[-0.0013653440299207786, 0.0026870231972750958]
[-0.0013714250546164597, 0.0002683370303437904]
[0.0023204196853281456, 0.001047667218745052]
[0.0006871443238049002, -0.0004445982350368416]
[0.0015341977016426478, -0.0006244076638443063]
[0.0006749887955267431, 0.00019349633876297734]
[-0.0010233243628842148, 0.00014033597733198455]
[-0.00017981863962227007, -0.0002963769515382797]
[0.000669540950029468, -0.00020665328561039753]
[0.002028444025440057, 0.0005710589622468509]
[0.0024608302900892554, -0.00024366411320669856]
[0.0014212568743332682, 0.00031143093892593843]
[0.0004037979605607811, 0.0006918576767197121]
[-0.0009091833760889213, -0.0007376687558926509]
[0.0002353526977634246, -0.0013893580700378516]
[0.002457245035960523, -5.147707153108083e-05]
[-0.001230416381491295, 3.45649492097741e-05]
[0.0013764948289335388, 0.003233871016092127]
[0.00031215342966839366, 0.0019490990419361032]
[-0.00213471412515899, -0.00022189319963356047]
[-7.207569455899843e-05, -0.0025230111087318347]
[0.002375782978988744, 0.00024443637642512783]
[0.00010480702922853469, 0.0006786725269487398]
[0.001020608442422688, 0.001642629443443927]
[0.000999457647175045, 0.00047630297192022275]
[1.361459323636141e-05, 0.00010116613679549483]
[-0.0027854576527105712, -0.00019306849452292024]
[-0.0006760747125519745, 0.002440209710879021]
[0.0003716195843388656, 0.0024402512642581337]
[-0.0003801058268175228, 8.966528765329274e-05]
[0.000736395832344805, 0.0009470996557929268]
[0.00011305478349449283, 0.0004491887341122325]
[-0.00042442456522395755, -0.0008557392563717237]
[-0.0005640563376798635, 0.0005429495445506138]
[-0.0002434973099913057, -0.00036792557806097914]
[0.0015029818481729906, 0.00048174197635824853]
[0.00025151646994958643, 0.003522337703186218]
[-0.0014511463312606443, 0.0008359760717395817]
[0.0010910197501518108, 0.0007552785113377758]
[-0.0014932631089004111, -7.784540637861825e-05]
[0.00035051926245774356, 0.00019319344127854965]
[0.0003315635950986717, -0.0006830681236377201]
[0.0011172281750224111, 0.0014790160984436973]
[0.0013081399286100082, -0.0010684431646781345]
[-0.0001706358243209749, -0.0008096850898771102]
[0.0005661583521907598, 0.001858104679440975]
[0.000697301880080825, -3.781071844632944e-05]
[-0.0008720794772303364, -7.255469101019596e-06]
[0.0013136658238165344, 0.0020954015597235975]
[-5.217762901732481e-05, -0.0019409419510644788]
[0.0016428981958989675, 0.0004993238584842241]
[0.0009577262205499593, -0.0001812889246053384]
[0.0006977618495909721, -0.0018172470764226123]
[0.001718942327039008, 0.0011817341652189395]
[-0.0002664710266171433, 0.0003553105202513951]
[0.0006762375192647663, -0.00016931178908796696]
[-0.0009529833670267607, -0.00024539149340382926]
[0.0007795131168787939, 0.0011129695451993493]
[0.0008787760135500755, 0.0008388234231695019]
[-0.0008299818206378984, 0.0003835476652512271]
[0.003139274266210912, -0.0006742157948477143]
[0.0018452017916080407, -0.002383221375782618]
[-0.0023096316480047396, -0.0011554090901609963]
[0.0016098223097870262, 0.00315806560905163]
[-0.0004688502349907697, 0.0008656628877075842]
[-0.0009164053105352871, 0.0018135399046999012]
[-8.788133430148726e-05, -0.0002152882574463777]
[0.00110240448049026, -3.6209818058630105e-05]
[-0.0013481935435284698, 0.0020115076178600227]
[-0.0009383300044190079, 0.0006510112698671078]
[0.002290811759306774, -0.0009845201867288642]
[0.001057621144274233, -0.0002931248842366549]
[-0.00035058303665653004, -0.0012682881718261204]
[0.0006835194176557507, 0.0013324712370250437]
[-0.002444199111232944, 0.0022822994686333975]
[-0.0015917383004922236, 0.0011610583262441979]
[0.0003417797481149315, 0.0018869716873371467]
[-0.00030461075570095697, 0.0012809669857381384]
[0.0019947906621385902, 0.00041810578134662824]
[-0.0001016739585661397, -0.00038584734027742595]
[-0.0007969622703641877, -2.316153611364724e-05]
[-8.619741255672109e-05, -0.0009486546794559153]
[-0.00015883063272045805, 4.566305919095903e-05]
[0.0012108219240602458, 0.00033143614074597483]
[0.0008475679688324522, 0.0010417181092846617]
[-0.00037315873087323537, 0.0015147806926707683]
[0.0008236557108295545, 0.002295912231689734]
[-0.003014117844901576, -0.0009479304656303811]
[0.0007330597065051958, -0.0005827665136033944]
[0.0015857583894326455, -0.0010657047380205897]
[0.0006812138716845717, 0.000446466979635185]
[0.0019442686138191334, 0.0009257836777820938]
[0.0009557330940460629, 0.00013026816213401737]
[2.518948295060497e-05, -0.0002583452252340468]
[-0.0008316535626042287, -0.0007235757350089744]
[-0.00010109805099123292, 0.0002684305798069109]
[0.0017591458445260777, 0.0010234786441281063]
[0.00047594951757629067, -0.0011624392432128539]
[0.0011458069752825484, 0.0002529695049529046]
[0.0004951310152605526, 0.00021946425103319678]
[-0.00010259886251184902, -0.0005756273407211965]
[0.0001390477403772905, 0.0008457072643781594]
[-6.662167655085982e-05, -0.0011748006287053137]
[0.0026062801110618983, 0.0008823209231245133]
[-0.0005353639531546217, 0.0013707687402247926]
[-0.00028204114476296227, 0.000851944191983145]
[0.000771465188148468, -0.0006611074202788475]
[6.968422178160738e-05, -0.0006908478417348429]
[-0.00031950374811395843, -0.0008530120610089412]
[0.0012685309117077617, 0.0007115478485301141]
[0.0005594223432562884, 0.001642848647272377]
[-0.0005540837005990062, 0.00036821314027701835]
[-0.0006508856907810334, -0.0008692273183879967]
[9.277111083796918e-05, 0.0018664866467926755]
[-0.0011500453227460128, 0.00020656081995065745]
[0.0002207266684897402, 0.0012584379729682627]
[0.00038371016071578334, 0.0017162253073949724]
[0.0005273862729462814, -0.0004358161140605721]
[0.0001509526783859405, -0.00018115305379300117]
[-0.00011890323137380907, 0.0006615794093031702]
[-0.00015839098885029462, -0.00041009560202400885]
[-0.0005399534441514822, 0.00023024241233270994]
[0.000239370838324246, 0.0020787346303115586]
[-0.0005544999781705862, -0.000620169210598695]
[6.990980027501981e-06, 0.00045970485940448336]
[-5.716578365261293e-06, 0.001505132319709876]
[-0.00013963145591706916, 0.00044924627671683037]
[-0.0009312220567645191, 0.0012244565277918645]
[0.0013826919626168943, 0.0008413293525887655]
[0.0008557086861575303, -0.0021605886432280175]
[-0.0007530355164228064, 9.679754187108536e-05]
[0.0009941087972403229, 0.0008866731935429466]
[0.0014527784754476483, 0.0009998603722341515]
[-0.0013830735506384362, -0.0002962256889961906]
[0.0014714843174740352, -0.0005883098972565559]
[0.0007726288034414774, -0.0014962146754969735]
[-0.0012615269758111253, 0.0011939789753893093]
[-0.00033795976875727884, 0.0013414603222840493]
[0.0015145822074625337, 3.688610378166368e-05]
[0.0005874439113245922, 0.00043169474555945775]
[0.0006366524031181653, -0.0006343797508323035]
[0.0011085996125110853, -0.00022906309605352781]
[-3.7816689406611204e-05, 0.0005940405885909716]
[0.0004759757314369839, -0.0009072717467666358]
[0.0007812925988982533, -0.000863907280449161]
[0.001494862166394495, 0.000626462050204668]
[0.000613011730823787, -0.00022024648369584066]
[-0.0003006130611744595, 0.0003870667920522486]
[-0.0011414091583806796, 0.0005537689770545029]
[-0.0005665449513528875, 0.0002999616743863398]
[0.0002349731429158175, 0.00046786047259472774]
[0.0008882131646612279, 0.0010452422221694513]
[0.0013214069001865614, -0.0009695335341434741]
[0.0016399497965762788, 0.0005707458692018608]
[-0.0012343690927829054, -0.0003831652142029518]
[-9.308027244333758e-05, 0.0004200946753932233]
[-0.0008911224602922707, 0.0003132263194422641]
[0.00040870423643493345, 0.0005031013400697559]
[0.0005729762241081793, 0.0013215506442118448]
[-0.0003761541519050615, 0.0008012729635318294]
[0.0005790041280473446, 0.0006299816544573095]
[-0.0013754508207151073, -0.00030526959719651137]
[-0.001004878810437232, -0.0006967752581806194]
[0.0007199863563961129, 0.0009274981456392772]
[7.802779773249946e-05, 0.00045976204111104063]
[0.001187275009347774, 0.0011048052307601475]
[-0.0004308183197843374, 0.0009636333770926542]
[-0.000804835801863555, 0.0007989533571769111]
[0.00031763452102854216, 0.0012948165520928383]
[-0.001581282146001721, -0.0009977697930193888]
[0.0015624016451271927, -0.00011497284480498776]
[0.001456721437728098, -0.0010192599429343294]
[-0.00039679755008399653, 0.0010131778983736295]
[-0.0007145261141234815, 0.0010408284876126106]
[0.0001662352651885246, -7.526542597804942e-05]
[-0.0005373452987413319, 7.268705412894622e-05]
[-0.00030988602264671317, -3.293045651042714e-05]
[0.001095599292219751, 0.0009262401932206149]
[0.0013590926139145434, 0.0021174146420118167]
[-0.0007998192839649421, -0.0009548410852039581]
[0.0014077975901101557, -0.0012115481376711035]
[0.0008965524776158307, -0.0010626950918390526]
[-0.00016392521874439292, -0.00041795597883265145]
[0.0010232550287628817, 0.0002492868789200353]
[0.0004313332472740683, 0.001192704556511881]
[6.33435129331339e-05, 0.000135788350690752]
[-0.00022758062449687588, -0.00043207466317229937]
[-0.0004327648697826647, 0.0012020539490656679]
[0.000248629227937891, -0.0003180031580836129]
[0.00039254157083074004, -0.0002490667837005134]
[0.0011638080422602948, 0.0006152590420940851]
[0.0014986472463945355, -0.0009252501062552709]
[0.000374732540995959, -0.0012932842972790404]
[0.0013278097397602107, 0.001186600860285214]
[-0.0010539414527203639, -0.0005497214022953667]
[-0.00042842715458307756, 0.0012958518590552304]
[2.280182086261684e-05, 0.0017307083109181498]
[-0.0004412236299520811, -0.0009653634676766165]
[-0.00023992517410287295, 0.00013822105147826003]
[0.0005431390052420548, 0.0012367262720591188]
[0.000568593426962527, -0.0005673840651365947]
[-8.538600922128325e-05, 0.0008338464474573759]
[4.079833436809732e-06, -0.0009574703655863548]
[0.001358695053387999, -0.0003670039993950436]
[-0.0017964955049713516, 0.0012116997161424926]
[-0.0003594382200718012, 0.0017451228246546657]
[0.0010748151655712301, 0.0011443163224175781]
[-0.0009344956947843069, 0.0002002382424860505]
[0.0005196191614613432, 0.00030174438661713376]
[-0.00019035605327182015, -0.0007552420961494388]
[-0.0005518768656150586, 0.0006771152095661273]
[-4.532734596705834e-05, 1.831069172841815e-06]
[-0.00029686529351379, -0.0005482243939953571]
[0.0007827136482439906, 0.0016912371919699382]
[0.0003997310713097016, 0.0008921581034189302]
[-0.000912170864201426, -1.68145711267019e-05]
[0.0002692465182059234, 0.0008975874960003433]
[-0.00032142763983243616, -0.0009874089156221878]
[0.0007391601147711604, 0.0006078235173618413]
[0.0002808323273713609, 0.0003044753735714778]
[0.001496893791223225, 2.665654306482912e-06]
[0.00036378131098865896, -0.0006201399200743973]
[-0.0011740806391738606, 0.00011492436571688969]
[-0.00010632200500873545, 0.00026112383623010105]
[1.672530329162314e-05, 0.000575914712429737]
[0.00015950583860169232, 0.00047161613758755355]
[0.001647083251398472, -8.408002853715901e-05]
[0.0005880508334469292, -0.00016267861854788335]
[0.00039543422113895443, -0.000223991428262571]
[-0.00016674943333616632, -0.0007386012361600275]
[-5.616846067843517e-05, -0.00017814556827200345]
[0.0010311584354313341, 9.051862907578923e-05]
[0.0009388028366694584, 0.00031728057891133865]
[0.0009904127870427604, 0.0006568629311620167]
[-0.0005003350695936271, -0.00011079626404059129]
[-0.0005120091001386551, 0.0006226103713367903]
[-0.0005192527629802046, 0.00012381766982455522]
[-0.00017936087412029345, -0.00022653917671189294]
[0.001027675885802326, -0.0007873190950867248]
[0.0021546248183152428, 1.1470930183443695e-05]
[-0.0004787817130787464, 0.00022024948131033062]
[-0.0004340145576885446, 0.0014710491797227943]
[0.0002747556143842256, 6.122816106146622e-05]
[-0.0005977602341718513, -0.000347744894742652]
[-0.0003672043511968037, -0.0002820300196104131]
[0.0014747687291536693, 0.0007368160456413531]
[-0.00025785129616645586, 0.0016914134021523697]
[-0.0009345436333453999, 0.0007121153502190336]
[-7.891388325054205e-05, -0.0007548473483198204]
[0.00010218471454905009, 0.00021243320154656908]
[-0.0006513759526851626, -2.5629324855239166e-05]
[0.0003749382556219004, 0.000578051812681446]
[0.0007945871801945392, 0.001221308925152171]
[-0.0003281675825767341, -0.0003588052213018833]
[-2.864792261436655e-05, -0.00027398449139167877]
[-0.0003017268005492124, 0.0008367761037025301]
[-0.00017338377184863973, 0.0005557215279455782]
[-0.00014258444578914287, 0.0001411827656051523]
[0.00032861563364508517, 0.0015724693446054067]
[-8.558562338974174e-05, -0.00032117475968450326]
[0.00027153964498669025, -1.9857090336805605e-05]
[-0.00020873507167443184, 0.0003739254191617164]
[-3.881884559964188e-06, -0.0005597719872416258]
[0.00028821057504905753, -8.744865191752903e-05]
[0.000672266553359311, 0.0010586294911625188]
[0.00014012570123379808, -0.0008931205768186908]
[0.0005042784549684209, 2.6039158025785436e-05]
[7.350507198072842e-05, 0.0007081078988227033]
[0.00039396805848040256, 7.486752283857034e-05]
[-0.00047183159329305946, 0.00025204108619607257]
[0.0005846518442143081, 0.000565815854121271]
[0.0007575216721509848, -0.0011973731493804332]
[-0.00021259714291407827, 0.00023621633421755384]
[0.0006378340550821093, 0.0007378720521855966]
[0.0008384989063480418, -0.0009021284244724592]
[0.0003897935236427119, 0.00031200298913940626]
[-0.00015537688525029195, -0.0004083925375935604]
[0.0004278995811491382, -0.00038775071347133677]
[-6.950120259721637e-05, 0.0009157357433432489]
[-0.00010676013609756119, 7.162530435250725e-05]
[0.0007410642966603903, -0.00041274570692689805]
[0.0005862829841558059, 0.0010283780620747862]
[0.00036095478591516295, 9.035322175054983e-05]
[2.048690686912158e-05, -0.00023587469569505415]
[-0.0006755180362849611, -0.00047875004272546207]
[0.0011366720301245747, 0.00011911211106852004]
[-0.0010456455510329254, 2.4369478480446016e-05]
[0.000275386276842704, 0.0019637564507387073]
[0.0010226090750721784, 0.0006452548520349821]
[-0.0008100136000788738, -0.0006642441290529155]
[-0.00022808017710906903, -9.315565024287098e-05]
[0.00012350417866663355, -0.0003204385320398351]
[-5.2324607224429887e-05, 0.00026149651355711345]
[0.0003982401225561538, 0.0009915244477977092]
[0.00030554803557009125, -0.00010904791413840487]
[0.00033926510784688946, 0.0008305294981468814]
[-0.0013152998274268968, 0.0007732441635424081]
[-0.0009527997139057998, 0.0005112864329658295]
[8.110692667701036e-05, 0.0009981218859791488]
[-9.222168170854375e-05, -0.00030376187600483773]
[0.0015808706525863303, 7.367792132681808e-05]
[0.0006019121611654105, -0.000429749642557431]
[-0.000281070580612941, -0.00042859825546559885]
[-0.0004152315824486469, 0.00020083111050170355]
[-0.0007395823612326158, 0.0008024252182056504]
[-0.0004952296140222356, 0.0003994654193761049]
[0.0010610208937685828, 0.0007730728180294286]
[0.0005829794662944587, 7.310912383301504e-05]
[6.256437009072302e-05, 0.0005668379157783565]
[-0.0007533278289568596, 0.00031995908907003073]
[0.0006688671173547059, -1.7577194019126677e-05]
[8.210842398825163e-05, -0.0012277508770773722]
[0.0004173080413597055, -0.0008325579795936157]
[0.00206007071702502, 6.131690815168456e-06]
[-5.179199795471434e-05, 0.0009650431931916698]
[-0.0009776433526278439, 0.0007106888719221188]
[0.0004304594848963672, -0.0002160567541442393]
[-0.00047782360717268935, -0.00027243524219990045]
[0.00016161205218974406, 0.0001774737749961064]
[0.0007617498755350394, 3.798604634253078e-05]
[0.0009349814787502908, 0.00043549153776759053]
[0.0006181229241779551, -0.00031509051837429886]
[-0.0003252405239064088, -0.0012778649411515075]
[0.0007932052784860311, 0.0008954605321091352]
[-0.0003354693658759039, -0.00010568534473187619]
[0.00038370682414101687, 0.00022529236619327903]
[0.00016489988779065656, 0.0008812635368329325]
[-0.00012035677597665995, -0.00010092854710956611]
[0.00029363663939138696, 4.561234413391624e-06]
[-0.0005222449600247869, 0.0003635071533507339]
[0.00013114573159822562, -0.0007381640309950255]
[0.0009224960856206721, 0.00023592613350184588]
[-0.00048799896116882846, 0.0004854809576806396]
[0.0005391704473133307, 0.000709258960730319]
[-0.0003776878230964398, -1.3411856716216697e-05]
[-0.0002151099381338395, 0.0010342024062156563]
[-0.00017853725163052836, 7.724651809765115e-05]
[-0.0002997648818162668, 6.631169616733157e-05]
[0.0004680354790637109, 0.0010035732657192042]
[8.075071383847887e-05, -0.0009604389632039689]
[8.855967965332168e-05, 0.00012811865710468662]
[1.5215831506959487e-05, 0.0008419428494457759]
[-9.290766628583524e-05, -0.0004610706583644819]
[-0.00029638713482156576, 0.0008328251330317893]
[-0.0006329185457381037, 0.0008290704073065369]
[-0.00017809206970370584, -9.513628894269877e-05]
[0.00032874473342803245, 0.0012448263287913111]
[-0.00010535214084347183, -5.461562226227734e-05]
[0.0009390143587731936, -0.0006394999900358293]
[0.0004302954258263575, 0.0002700814109272698]
[0.00017768764499284662, 0.0004184680023646345]
[-0.0005165470780758435, -0.0008422455224795511]
[1.387017756454556e-05, 0.0004069887297460939]
[0.00042144236982537275, -0.00039237753518156504]
[-0.00018023083039303556, 0.00024450543675572783]
[-2.6834501889255735e-05, 0.0015566819130745507]
[0.0011964233554289938, 0.0005496619534725508]
[-0.0006689732144821922, -0.0008936892254230305]
[-9.413617968202434e-05, -0.0005715963446271764]
[0.000998645755521551, -0.00047272966409706105]
[4.1464833527942585e-05, 0.00017642062409387732]
[0.0006907229740295701, 0.000658878755271531]
[0.0011437731569794302, -0.00012316350720234515]
[0.0002878071930008108, -0.00036976199971656964]
[-0.0005757693862671748, 6.328088448444291e-05]
[-0.00043742652464157095, 7.729138392321977e-05]
[5.5669864039195605e-05, 0.00023260374967709607]
[0.0003045840614947781, 0.00021996992337457166]
[0.0007018158286542439, -0.00030119261177230516]
[0.0008308278938218561, 0.00036175073355330933]
[-0.0005350776257871184, -0.00033012327012010845]
[2.2967842532473082e-05, 0.0004833004458671755]
[-0.00029010154844277825, 0.0001166670356584909]
[0.000325529533599489, 0.00028530183664134817]
[0.0009131095219865604, 2.3006327076025013e-05]
[0.0007083985480950128, -8.695575724117222e-05]
[-0.0006686576252668275, 7.22734135538694e-07]
[-0.0005201509776157631, 0.0005782289708176902]
[-0.00042595900244876694, 0.0005359512288168333]
[-0.0004482766859231213, 0.00019265724676220675]
[0.0003553751412800066, -5.012866102460656e-05]
[0.0009335059053799388, 0.0005145254526067733]
[-0.0002617327178088824, 0.00041703464885628483]
[-0.000672273337938567, 0.0006415147937525734]
[-3.5924711003221255e-05, -0.0002817555548066397]
[0.00012231997368081227, -0.00025021414991083235]
[-8.968119432539723e-05, 0.000450401752531554]
[0.000611427461520403, 0.0002980528897778556]
[0.0005584269486402227, 0.001097149130415337]
[-0.00087324415597545, -7.380256007044617e-05]
[-0.00023194667657111534, -0.00015080852190467453]
[-0.0005167750607576044, 0.00019130108567361193]
[0.0002074984495262222, 0.0003782756927728087]
[0.0003797114327591389, -0.00028578292703723696]
[0.00032381409606691003, 0.00029423042083184456]
[0.0005072396382713538, 0.000303494003314253]
[-7.095563543216277e-05, 6.542258429358995e-05]
[-0.0006077808757523825, 0.0005013332693467043]
[0.0006610278651440205, -2.1968836159666494e-05]
[0.000413853308973304, -0.0009232084618067682]
[0.0003404947646742096, 0.000859620563171834]
[0.00019803810328474641, -0.0002642146784600369]
[0.0005270205135667477, 3.462145933989802e-06]
[-0.00023866779045969566, 0.00020908495951735273]
[-7.872829679966831e-05, -0.0007983081848720909]
[0.0005881391326911962, 0.00026154296736870947]
[-0.00016553499282868228, 0.0005995341415405333]
[0.0002536076722992678, -4.170841996371582e-05]
[0.00039326022814793055, 7.409428843570612e-05]
[0.00018328726211565283, 0.0003786204011069737]
[0.0005740670990118449, -0.0006429265831626729]
[0.0003729639124099432, -0.00010329396309211036]
[2.0772967732257674e-05, 0.00019760925994438683]
[0.00044051058082314465, -0.0004926381954112324]
[-7.977947794636508e-05, 0.0002711230858890301]
[0.00019722180665091016, 0.0006490702531467205]
[-0.0002938961309983737, -0.0007268007739944238]
[0.0002088136658004447, 0.0011645038520952094]
[-0.00044369020122351013, 0.000721864643718928]
[-0.0005695438515616602, -0.00016566242095526415]
[0.0005586615632915404, 0.00017982896254958858]
[0.0006778699379653697, -0.000424108249367533]
[-4.432889601811707e-05, -0.0008052409283049733]
[0.0007276171819788901, 0.0012946483266405157]
[7.254901084802201e-06, 0.0004651181883049138]
[-0.0006752016780057768, -0.00024940964132733057]
[-0.0007191783717682421, 0.00039732784287382916]
[1.6437205183350567e-05, 0.00019993741105006624]
[-0.00011493222117936464, 0.0009212189627720302]
[-0.0004725803036601528, 0.0008922068441527542]
[0.0010847595766761697, -4.749643568374706e-05]
[5.3877319925732525e-05, -0.000649766543354191]
[-0.0006592550379801443, -0.00040008656413387245]
[0.00031680576456294407, 0.0002197716919219439]
[-0.00015501302522064053, 0.0004518049264498336]
[0.00013145941994549548, 0.0005546258146316707]
[0.0006503691740034623, 0.0006472358990028404]
[-0.00034208510715987017, -5.5780495794632845e-05]
[0.00016231583121240067, 0.0006355567579720001]
[-0.0007492116093053142, -0.0005436289147533468]
[0.00025009820377180914, 2.81202931113958e-05]
[0.0005183709439140968, -0.0001254500697589478]
[0.0005567128956085465, -0.00019069325339033175]
[0.0006628154075789955, 0.0001875450251927202]
[-0.0004459394622802759, -8.430779520502557e-05]
[-0.000237534686726798, 0.00036335241979518207]
[0.00010417448571398147, 0.0005530023755932201]
[-0.00020037796074314634, -0.00018078531030818468]
[0.0013038080122202422, 8.639384247297738e-05]
[0.0006772260723440851, -0.0005442513114709419]
[8.20928943819077e-05, -0.00013895324837185502]
[-5.5916306045886155e-05, 8.056006014628414e-05]
[-0.00034652654234452324, -0.0003176888742626033]
[0.0004247191376789347, 0.000181162985167755]
[-7.041620118213021e-05, 0.00011272219713707185]
[0.0006760322296456393, 0.0006038908817717591]
[0.0003699713802738924, 0.00023786096399580625]
[-0.0004424595812147908, 7.99268336748489e-05]
[-0.0001693964672632095, -0.00054570043286295]
[0.0001639821772359551, -1.736161724121693e-05]
[0.0003914008369873545, 0.00021168260984499865]
[0.000802004159221853, -0.00019971492362639426]
[0.00011995335735652535, -8.444164592319447e-05]
[0.0003878200045708269, 0.000706422278213794]
[-0.0009020371264436, 9.384231646139551e-05]
[-0.0008728068044110415, 0.0009862363172923397]
[0.00014972680384858945, 0.00019584686755519387]
[0.0003550732304268833, -0.0005639046791737802]
[-5.664529352398043e-05, 0.0004000288763620352]
[0.0003935795531159747, 0.0003891921213397126]
[0.00029024040290846764, -3.6118875052726374e-05]
[-0.0004796561065583682, 0.00040523081023904894]
[-9.059820710966004e-05, -0.0005423950830190649]
[0.00042167269238108096, 6.149922626488835e-05]
[-0.000462275148712471, 0.0011807044173902659]
[-0.0003514831731582513, 0.00021039667396710593]
[0.00035819627662211917, 0.000605321270025938]
[-0.00041762475178203085, 0.0002450003424619984]
[0.00027859602265956074, -0.00035865689804204237]
[0.0001651888716638905, -1.891974540479957e-06]
[-0.00012235397752713428, 0.0003427678058194328]
[0.0001569188341119243, -0.00038743824130521576]
[0.00020237208707429843, 0.0003527849750337708]
[-4.225737105081895e-05, 0.00023670889137061835]
[0.00040442339965829355, -0.00024845667446407593]
[2.8009033730930222e-05, 0.0002607419817372558]
[8.214608794715472e-05, 0.0007920936500593195]
[-0.0003986624815389764, -0.0004445863304023412]
[0.0005930020539927638, 0.00029097104878094554]
[0.0003605039334831934, -0.00034853073823515324]
[-5.300636131774783e-05, -0.0006825720801269843]
[0.0006256935992418194, 0.0007689766715197888]
[0.00015578796750950752, 0.00045701825038904804]
[-0.0003251438127957196, -0.0005177435325409152]
[0.00022094808513090092, -0.00013087737374716663]
[0.0005880174840097729, -0.0002070812362347796]
[0.00018817084335306933, -9.366608799796922e-05]
[7.206958555953935e-05, 0.0007061621995278211]
[0.0005965274808302778, -1.3327747720781602e-05]
[1.670809697501552e-05, -0.0004824611429016176]
[-0.000596088790017095, 4.1661822303914325e-05]
[0.0003932865319815175, 0.00034515655338193674]
