[-249.28870290994456, 262.8689272807609]
[29.99511056554256, -63.89717677091176]
[-0.07746088412727481, -32.74888430062262]
[-3.5612690760880312, -1.8764711379855108]
[0.2908341993881116, 2.996081165898328]
[8.96990037211739, -3.7664064549792724]
[-0.3985980830995146, -0.9907841716036749]
[0.010747250127899122, -2.926883262315113]
[1.3490546257335188, 0.4192346422811575]
[2.6288915562187043, 1.2198680260646153]
[0.4155441898067407, -1.9389118248063149]
[-1.6243084390008873, -2.0013916315250864]
[-2.350329607512128, 3.2903013149177074]
[1.010159295773608, 0.32977633246900595]
[1.3174604628918765, -0.9064172618957933]
[1.0500344002665867, 1.4549104790393255]
[0.7225013998612226, -0.8370008127034811]
[1.022284528360149, 0.424233248746841]
[1.1986353266172642, -1.6111080158073217]
[0.5732263832832498, 0.16588799136404253]
[0.6139368555276024, -0.44178221566389164]
[-0.7399862398871746, 0.10998706810797942]
[0.24703907810976866, -0.35290662590678945]
[-0.26934368404948916, -1.2526320121848324]
[0.2281726451895122, -0.29299361438515625]
[1.2743308985011539, -0.06348522820591174]
[-0.6766124277455043, -0.26592719652993746]
[0.13556009127259339, -0.6632179905953955]
[-0.12116211863356918, 0.09583932955809926]
[-0.029144524695733587, -0.2424150169331455]
[0.15715220200534108, -0.39524779693556145]
[-0.41023193496755983, -0.3056453093969622]
[0.5784112874497065, 0.6813252837700556]
[-0.05270637868676564, -0.023159275194978513]
[0.7612328024684138, 0.18577066283694954]
[0.1124902566781869, 0.14717768641118223]
[-0.22412514708852216, -0.21214477055950987]
[0.024028344912935706, 0.13036066331156526]
[-0.30362382174702285, 0.1297281865041069]
[0.3102035890603025, -0.11383581376012897]
[0.27737922399774995, 0.07493150455433462]
[-0.04389687786301555, 0.008872351341658202]
[-0.030779999535049285, 0.18428313129913765]
[-0.05915935458852428, -0.19818584889348978]
[0.03594509847529004, -0.08443951842477226]
[-0.08408663755134271, 0.4381798189937384]
[-0.2768649436833631, -0.34462277474866754]
[-0.19315156174501602, 0.2423671484736802]
[-0.0515722418734014, -0.2183588508554286]
[0.09518129265390796, -0.20676705914643423]
[-0.025658033989232942, -0.1755735533954481]
[0.22005091806528299, -0.1834965751639539]
[0.0713717244143206, -0.045326721377629386]
[0.06776932313101369, -0.08269552825488613]
[0.11725200325320229, 0.049162596586182605]
[0.27324332269412555, 0.009943919379575394]
[0.0103322439930994, 0.0628146021253535]
[0.08447950663714465, 0.020865728751589874]
[-0.010668699863422004, 0.15794930283228048]
[0.09105413015710084, -0.18773888868063082]
[0.17182970662740105, -0.16573312089499526]
[-0.07028022793678346, -0.12371771237079088]
[0.1119919918438339, -0.13094790177788496]
[-0.039623024899844705, -0.003708423713521647]
[0.15632631135828268, -0.017571232263777325]
[-0.0964290891064905, 0.03167674830567013]
[-0.020694453174968652, 0.05962684553670261]
[-0.03300397310834391, 0.0803391622453703]
[-0.03721453750820913, 0.03139793316360473]
[-0.005379417478810156, 0.010778726804282601]
[0.012714448227790331, 0.0022960891359888325]
[0.06156901557435451, -0.0030903354082212897]
[-0.00032430116377424323, -0.026663474095647677]
[-0.027395437264146838, -0.0924931188883864]
[-0.02044106530059364, 0.04816813940117093]
[-0.011814209276195031, -0.042906765485865916]
[-0.05136106713790156, 0.007743125137887441]
[-0.02311789522227725, 0.00471225279276466]
[-0.0203750134651145, 0.0032953352968405625]
[0.05515688320477352, 0.04975346127609992]
[-0.03818059533441592, -0.051180282829770274]
[0.06836677974653416, -0.024743857996858853]
[0.014974413747418258, -0.0056838799416074615]
[0.05159925661833564, 0.01906022453852585]
[0.05765137088184069, -0.06056614995726295]
[0.01591844765700573, -0.010385018436343874]
[0.04283296381462254, -0.016677194229458125]
[0.0540168329568069, 0.03276757434067101]
[0.03847348690496544, -0.012395895972102333]
[0.01262366439116569, -0.011748821388089636]
[0.02237301477027298, -0.006933218022219884]
[-0.022936870938414122, -0.03564124616944142]
[0.010538782881787223, -0.01143443494275398]
[0.00461329608441452, -0.042887213829494814]
[0.026409379757686147, -0.0452840198735886]
[-0.0490335402203769, 0.02183244915140803]
[-0.035033646362453486, -0.024650394056324854]
[-0.004088919589645079, -0.05134850367821031]
[-0.004070033510862214, 0.00976964738131747]
[0.004664299092606461, -0.013072006839403183]
[-0.021287825880941635, 0.014361135184891016]
[0.021801680995619188, -0.033884105501453377]
[0.04130484159273043, 0.02915811151868275]
[0.04891018116067025, 0.0058247142669688445]
[0.04800399166219349, -0.014586464065148519]
[0.026936298030155292, 0.03907831252367289]
[0.009413957004655527, -0.003738958175244278]
[-0.01868714821216899, 0.0007936591079151789]
[0.007402130324947631, 0.01768167108565244]
[0.023665424227366005, -0.02249082034059935]
[0.005686925382541785, -0.01989831925266028]
[-0.006830720650851163, -0.01454087571090934]
[0.0012264453906869477, 0.0070075322443690635]
[0.03438078345160067, -0.00928647122945403]
[0.0007860661322121043, -0.02773637909781923]
[-0.02251282389966419, 0.026274301810590206]
[-0.0409439139361355, -0.00343320981530984]
[-0.021737643615915098, -0.004474531859757186]
[0.03268961185026803, -0.005773831042852673]
[-0.009924288218361249, -0.01614555257316813]
[0.030620964637356723, -0.023464314000762432]
[0.004704505327448705, -0.011740416667245596]
[0.009195828090332259, 0.002355857632541536]
[4.576336904027478e-05, -0.024783473938793404]
[-0.020941666512838242, 0.009363369993275583]
[0.015783649472004058, 0.017188225210274244]
[-0.042248529614562325, 0.003041514956923619]
[0.00804463821110657, -0.012616946594713685]
[0.0012889130957056683, 0.015060430036749617]
[0.059308193170676926, 0.004163163129444536]
[0.023568383741667254, -0.028214494917629507]
[0.009943483649483942, 0.0022400603134338226]
[0.026122749765872033, -0.019674309937731227]
[-0.015131401612572398, 0.002559780071622386]
[0.024531273518540342, -0.023033861863859806]
[-0.008770208550575032, 0.008179227062203198]
[0.004737593083174563, 0.0029032802747712694]
[0.0038555292760009685, 0.01085484920061297]
[0.008695612054302915, -0.004700482466593658]
[0.025528010401491108, -0.02708767383121763]
[0.003598096805601636, -0.016639604093355242]
[0.01650068511660277, -0.0065922143926150575]
[0.006327228877339386, 0.0017037575149281836]
[-0.01832691583497248, -0.02585912244826069]
[0.01620916328221636, 0.014674872910435566]
[-0.014958088321547991, -0.010539200954135797]
[-0.008203008816156543, 0.01399751543251282]
[-0.003732451968414874, -0.015620228554368787]
[-0.0013382464093352753, 0.005981158848768486]
[0.0009180863087484559, 0.00031639547598266704]
[-0.005928116552496296, -0.01471019952262742]
[0.017658970929005924, -0.007251074201058638]
[0.005726791166264178, 0.002150877586287514]
[0.002143325017158193, 0.006423223074861539]
[0.00706036721532971, 0.003006762367792515]
[0.0018978113266765462, 0.0035736830165919997]
[0.002141768102053021, 0.007565921256663]
[-0.008978040248082464, 0.022206692411025464]
[-0.010659099888650214, -0.003265160698007641]
[0.008707411500643802, 0.0105422346389209]
[-0.006120826817226477, -0.013340627667034866]
[0.011007617030946715, 0.0021700635335881735]
[0.008231570213111272, -0.016469359391185462]
[0.015316240782075718, -0.0054983366224585495]
[0.008660669689126599, -0.021452465511398594]
[-0.010155712542840908, -0.006962885312774905]
[-0.0026046349100496274, 0.0012597673376691376]
[0.004064091563673516, -0.0043296655920193605]
[0.007391082413382016, -0.00462556504837372]
[-0.00022002233449552877, -0.008986964928121233]
[-0.0011177071214936718, -0.00794266959539669]
[0.021188145101354472, -0.02236345979780331]
[0.01483160733449393, -0.002304494572801241]
[0.008961063048353646, -0.010044735248836367]
[0.009975261515350109, -0.0021159491439131095]
[-0.003090147367499574, -0.003090053589341002]
[0.006619317293292376, 0.01131832911790287]
[-0.00495366616317805, -0.004404451289076405]
[0.008205387030997935, 0.016751836492599592]
[0.01007556316729763, 0.012686278439699383]
[0.0022855602105787964, 0.0014783815906023179]
[-0.0030342372722471644, -0.0034589404918233813]
[-0.0018513216607908278, -0.008631126602351047]
[0.005645115231198206, 0.0055036774017303]
[-0.006479511324512188, -0.017491575150616362]
[-0.014085439179337994, -0.0032044209497046894]
[-0.0026934397259038567, 0.00896647667742173]
[-0.0030593711341172225, -0.007541996826122749]
[0.011508428895807499, 0.0005268764077067112]
[0.003531046801352092, -0.0012937771850348098]
[-0.00269838716599298, -0.0023365678405047052]
[-0.0008789057231458342, 0.010435418278185782]
[0.0014649067344072175, -0.0044633115355155045]
[0.003961447174769206, -0.0006269309997575245]
[-0.0036858714994872366, -0.006585484319925949]
[0.0016586030581582367, -0.00010614863026718602]
[-0.006931817522293604, 0.0030038833370691354]
[0.009680214703732704, -0.022936227912196655]
[0.007552587280184937, -0.004075727669902385]
[0.017041836140565647, 0.0017188190402780412]
[0.0018466013191106578, -0.011666446943596753]
[0.004956642963149016, 0.0017302878324273463]
[0.005274085581102983, 0.0020532211501034237]
[0.0008884082924273118, 0.0012590420904449173]
[0.004996668217477684, 9.422347829568523e-05]
[-0.0038538911869465398, 5.415304974965007e-05]
[0.00638401310535841, 0.005367152183928303]
[-0.008353802432221821, 0.0019772711594745473]
[0.006787568823465984, -0.007511172630649543]
[0.00885461787763192, -0.0008472189434863275]
[-0.0013088585247115203, -0.0061659705389752045]
[-0.002683925251772884, 0.0031144795374755396]
[-0.0014575009173075637, -0.0004784702015329656]
[0.0013563201239782802, -0.011632699762114111]
[0.0011234883134618387, -0.0009813141766976397]
[-0.003027238433921303, -0.00044595934619640065]
[-0.0005437943708335446, 0.0027731912507292233]
[0.006907558000313618, -0.0010926291705307123]
[0.007622361679775785, -0.0050482055529804115]
[0.006115399764613616, -0.004177867416574971]
[-0.0024909810314479586, -0.006483856995997572]
[0.005605349196001752, -0.006461934713333561]
[0.005573348507730315, 0.003628741360852339]
[-0.0030382703398985633, -0.008715828685512905]
[0.003557551694419847, 0.002465733097181233]
[0.005031210709877387, 0.0009304064172637183]
[0.0011733406703258176, 0.0035222061917651315]
[-0.002890570444142926, 0.004214976778843305]
[-0.0011465263166451356, 0.0010867299927002083]
[0.004554162421091794, 0.0038906125653864754]
[0.00015322820894814182, -0.003205819800020604]
[-0.0027031448433493532, 0.0016952290427938443]
[0.003173701981652677, -0.004046260362549278]
[-0.0005397880329282845, 0.0003357609699998765]
[0.0022085175815597657, -0.0031839852978126915]
[-0.0042978919205785004, -0.004918055050216377]
[-0.002527720310303655, 0.005788725645273385]
[0.0003967128142693885, 0.0023291408436878006]
[-0.001441564778343056, -0.0024447594362840552]
[-0.00025594648402160747, -0.0029110139603971685]
[-0.0052126944270177444, -0.00609135512694059]
[0.009585525206321777, 0.00031193548911145896]
[0.005695072257994843, -0.010309936162329031]
[0.0019630828796047828, -0.0037115385393461514]
[0.0035581999039178414, -0.002929622519409203]
[-0.001103750058064512, -0.002603242305607989]
[0.002018010876009009, 0.0026817839518221698]
[0.005583673703739134, -0.003549228778715219]
[0.000857126810380554, 0.0019157860063547805]
[0.008749179009070573, 0.00930013506269256]
[0.0014505796324996156, -0.0037261169470484967]
[0.010269462157346643, -0.002920918447175569]
[0.004411390557910844, -0.0034981009997904766]
[0.0025395610279650357, -0.0027609512501137745]
[0.003530744659507312, -0.001828497272242935]
[-0.007817518671126497, -0.010964753432364083]
[0.009333921889911112, 0.006126883827253432]
[-0.006437741714909101, -0.004512675187672899]
[0.0058313852821656464, -0.0008020083107886516]
[-0.0011135283844313504, 0.0012865982479721427]
[-0.003842486651257998, 0.0025012316654745848]
[-0.002593915278185338, 0.0034320858915147384]
[-0.0047218402490257876, -0.0018381173493628722]
[0.0007867683751021648, -0.0016938962980215105]
[-0.003112901919186839, -0.00041507299566242994]
[-0.004634978923204358, -0.0017920738525296076]
[0.0033340102026171436, 0.003242957999177065]
[0.00728316307814697, -0.004561073845285965]
[0.0026193774491627686, -0.0018657937197552599]
[0.0011965308238629513, 0.005793466193622587]
[-0.007654890577152495, -0.004080928650151527]
[0.0025088483657761396, -1.40571298934411e-06]
[-0.0010837910483053048, -0.0026501631045140472]
[0.004260805283661906, 0.0009645528806703219]
[-0.0004280924434808542, -0.002515804379107034]
[0.005228234562031198, -0.00017505088746661013]
[0.0073529756248377764, 0.00035782714048648856]
[0.0011198475698209615, -0.0022003868843136765]
[0.001440913982570402, -0.004488693762022933]
[0.0024223667099878277, 0.006283789599136336]
[-0.0001362771117573991, -0.0013341564093311137]
[-0.005926954966045728, -0.00028936839292231786]
[0.0031431637195090123, -0.001157665704566671]
[0.0060983789346134715, -0.0051583173928370085]
[0.003958242408555496, -0.003231742011522931]
[0.0009963112294310299, -0.006142400764432648]
[0.004834660949891013, 0.00047352887547609523]
[0.0010942236444859421, -0.0038572455890102386]
[0.004698552322772123, -0.003404090286762154]
[-0.0007090513531760045, -0.0016335029800234324]
[-0.004274721189384739, 0.002473949072798909]
[-0.0001918055580805711, -0.0009055891577210637]
[0.0009747864367114639, 0.0031752520566006304]
[-2.7693782986393245e-05, -0.005421940272714115]
[-0.0015276221032227092, 0.00012054622641655133]
[0.0018954454914190122, 0.001603928445106706]
[-0.0002381315429772768, -0.001004329777852364]
[-0.00015087072246788846, 0.00010236480579894902]
[9.878612897590289e-05, -0.00018561971902064656]
[0.0021380725330037986, 0.005610984082368375]
[0.0016698785298443486, -0.00016108707835804648]
[-8.396252702259216e-05, -0.0005520165788144293]
[0.002649005913239133, 0.0008051965109705517]
[0.0012662514356163723, 0.0018960014892598354]
[0.0005028746303837317, -0.0027853720778578325]
[0.0007388361072007688, -0.0013771944104037925]
[0.0003380333985696371, 0.0008833278282567858]
[-0.0003049884040469686, -0.0007131274324937847]
[-8.87442598349053e-06, -0.004094251176406799]
[0.0021705922847940675, -0.004251424289820158]
[-0.0008963225801935128, -0.0008320920151330402]
[-0.0005718374325194564, -0.0005269819721795688]
[0.0016630363508509383, -0.0033757082102285896]
[-0.0001976023416091488, -0.0034618842270654412]
[0.002605394636221975, -0.0008811739161243837]
[-0.0012720645661863372, -0.0002614416033323366]
[0.0013823384599411653, 0.0009140905664034027]
[0.003826231098663535, -6.697908645797446e-05]
[-0.000352572914414942, 0.00015416678842972154]
[0.0023486342511715996, 0.0022187761394267813]
[-0.0028569035731906833, -0.00291907143498904]
[0.005591055242268217, -0.00017501933194630226]
[0.00035436915970366023, -0.0008388890740287369]
[-1.1063106375219789e-05, -0.00045028189617374315]
[0.0018775923183549925, 0.001574375939887518]
[0.0007341157631760159, -0.003951628210508429]
[0.005426853222223138, 0.0022306781922177]
[-0.0014899820760068683, 0.001134566866328457]
[0.0006340558912675265, -0.002386986727630401]
[-0.0003917460138057882, 0.0028663383704845835]
[0.0014046395656121535, -0.0023620562015537194]
[-0.0008587493983774203, -0.0006298400132013007]
[3.223361235586697e-05, -0.0032650033931923284]
[0.0036287780230637133, -0.002920983393455312]
[0.0021586918242065198, -0.0005320880493425301]
[-0.001304178227073044, -0.006720171244099973]
[0.0031674345064305193, 0.0005844815412938548]
[0.0026628684173521378, -0.0007632586318904247]
[0.0007225474154074485, -0.0006267408735639302]
[-0.0022961835266355757, 0.001510451491199924]
[-0.00439899867541961, 0.0030787412100280465]
[0.0013205225146202815, -0.0009023554653699306]
[4.238696888675744e-05, 2.715672720110529e-05]
[0.001137300125689411, -0.0030200960207706906]
[0.0005096235290574791, 0.0003964544158738814]
[0.0010916992823069571, -0.000463344262438381]
[0.003384739664671843, -0.0011283386460811395]
[8.38154418921766e-05, 0.0017593044001872893]
[-0.0030626610671942167, 1.5875470532111802e-05]
[-0.0020117705884521928, 0.006084816926353875]
[-0.0025692791822865546, 0.001052369360533767]
[-0.0005033078015920234, -0.0011369401623210762]
[0.0009890745573606363, -0.002067138781659296]
[0.003811649789093846, 0.0015738170507985094]
[0.003061360428837756, -0.004118071902470363]
[0.0015319267413253929, -0.0024060993360449368]
[0.004251970350735157, -0.0018394478209671355]
[0.0014444507750502912, -0.000423599169619579]
[0.000761487920228978, -0.0033317242951286102]
[-0.0011680728034713928, -0.000986128311057849]
[-0.001857223892393553, 0.002273466671721666]
[0.0010375362087748363, -0.0016748702811843902]
[0.0004826188674635634, -0.002547829638870236]
[0.005605405361553406, -0.00342035031873672]
[0.00032657598039897984, -0.002559166724108497]
[0.001244216173686974, -0.001545600821399179]
[0.002301637374351649, -0.0015292907172015924]
[0.0010536152278968203, -0.004191235868707843]
[0.002318582263379665, 0.0022345349012029003]
[-0.0026913757750020584, 0.0012173265130346889]
[0.0010820752043465554, 0.004339496856485159]
[-0.00014021131588839997, -0.00010084453228687007]
[0.0026347058203882168, 0.0025373001567501885]
[0.0005587056231743, 0.0018683905441372328]
[-0.0012471170754068117, -0.0007803379925100662]
[0.0002941225969916028, 0.00026558553276323504]
[0.0009067738465760034, 0.0004934777856627284]
[-0.002336377076986945, -0.0013327595860008479]
[-0.000689112476442294, -0.0022903817990453657]
[-0.0005623887703564701, -0.0005089618078483529]
[-0.0004681741381125787, -0.0004959336128468189]
[-0.0016771971342167957, 0.0005125596857798731]
[-0.0008178025052165902, -0.0017135164522767282]
[0.0025439440859964524, 0.0005858051235335532]
[-0.0007771647753870431, -0.002212608103737815]
[0.0003755135542907184, -1.9052404064009987e-05]
[-0.00012726378548237605, -0.0016563967552305214]
[0.0030225483767588046, -0.00042613366108852635]
[0.001584734406053584, -0.0015211077473408774]
[0.0013624096171577782, -0.0006156599344766533]
[-0.0008430308063014438, -0.00015438373368703573]
[0.002732434105761017, -0.0007082105405499806]
[0.0009175039428915288, -0.00015861438326447708]
[0.0006902020146741517, -0.00206914772904343]
[0.0003471629787816233, 0.0005572841011025065]
[0.0025053296074133563, 0.00010763549716324983]
[0.0032341906463429493, -0.0005565795371428872]
[-0.0001359254081739411, 0.0004200723026325237]
[0.0007637918976660107, 0.00015871799922934082]
[-0.0003900239822728774, 0.0008800985661031324]
[0.0018082124119601084, -0.00029029714640340515]
[-0.0015308488263002795, -0.002234243066043848]
[0.0018463102112421248, -0.00021392207247501738]
[-0.00036701676934271926, -0.0007278844368515253]
[0.002056991842020614, -0.0012401688360949154]
[0.0006208802118368786, -0.0025956276304488213]
[0.0003207039971551695, -0.0006980012649305603]
[5.256458743940762e-05, 0.0006908625020726478]
[-0.0017005139001921993, -0.0016066942261123152]
[-0.0014630171645425016, -0.0010091452122378969]
[-0.0020622949622449427, 0.001464290639680288]
[0.001068616445450865, 7.766434907548192e-05]
[-0.00014031483451727028, -7.334106661965878e-05]
[0.002386024601768122, -0.0012321349579593188]
[0.0009342126420899821, 0.0005482783363634502]
[0.002297827709596467, -4.134629323482297e-05]
[0.0007998569946063572, -0.0017215135212761967]
[0.0006253794649048738, 0.0006359713157637614]
[-0.001384128167448595, 0.0011191621662240414]
[-0.001993328523846316, 0.0010834685317213655]
[0.00104927332971394, 0.000979638048621223]
[0.0022647676434051217, -0.0017734805619484262]
[0.002395404413154445, -0.001391811116657038]
[0.00040473316650914415, 0.0007407883216234423]
[0.0016516807197876071, -0.001817997032972099]
[-0.0005413447504914459, -0.001471919316382811]
[0.0023537569875516917, -0.00018952285083742582]
[-0.0018567798454231857, 0.0012360567874465447]
[-0.001971650337009037, -0.0002819863505754694]
[-0.0010602831443530109, -0.00011825251618818866]
[-0.00042222375331807394, 0.0011595865234058852]
[0.0016857734198244267, -0.0009678452028067525]
[-0.000958261045168593, -0.003181759910494686]
[0.003778839192714545, 0.0002000728557663839]
[-0.00048202944686513705, -0.002769914284572822]
[-0.00044135294764346966, -0.0017233203354347637]
[0.000639691754501924, -0.0013216199480162727]
[0.0012360778468359368, -0.0017403757546982923]
[0.0011078791895390641, 0.0013892128382658742]
[-0.0007303132035790805, -0.000463795494265673]
[0.0010057829009076924, 0.0026441796161777442]
[0.0026326650932192164, 0.00046091538816206423]
[0.0011276566047901948, -0.0007365420187703253]
[0.0018964285626693195, 0.0017406097455761604]
[-0.0005363513359366023, -0.0007919394996868945]
[0.0008187551043633487, -0.00029453892346514854]
[0.003286135046673244, -0.0004171422142091874]
[-0.0011233038191547778, -0.0019913634955699144]
[0.001259131863877716, 0.00020050259074899657]
[-0.001590200303619685, -0.0009904233192377793]
[0.0016389606973802595, 0.0006651899106707437]
[-0.0013442491147263105, -0.0015979144467975145]
[-0.00015117407023829826, -0.0014823501524301244]
[0.0013128348733995182, 0.001263199556175515]
[-0.001056136950095675, -0.001262868172753187]
[-0.0003857662868818057, -0.0018001186352995802]
[-0.00030217606050923773, 0.0002698431573534832]
[0.0007317349330882017, -0.0013263884693174577]
[-0.00028511961073403314, -0.0005824559302403665]
[-0.0012760163450509787, -4.2968998970716044e-05]
[-0.0013960989943020974, 0.0019981284850998926]
[-0.0005822056246359009, 0.001376272206729312]
[-0.0009312838884679153, -4.835533771418987e-05]
[0.0020392321606436947, 0.00046305917386479933]
[-0.0011057618047605189, -0.00010690104812183243]
[0.0023783734048355154, 0.001588572660744747]
[0.001067860810659793, -0.0022716208303777408]
[0.0014691836700600064, -0.00029443381764615584]
[0.0015662657682181669, -0.0009140052549265476]
[0.0006550966491152693, 0.0007528637459933152]
[0.0020134818477713923, -0.00010571932480024637]
[0.000705997552261875, -0.0006140282472102132]
[0.0013825824631900352, -0.0005283824693618835]
[8.278230501826411e-05, -0.0005109973541057161]
[0.000747197545377859, -0.0021260996676537025]
[0.0007692104510446281, -0.0015492977528377243]
[0.0011048148353131546, -0.0014426934490758617]
[-0.0006026848197590862, -0.0009416769690421406]
[0.00043282225347827247, -0.0010044505912879878]
[-0.00048369951239524145, -0.0029289275577896318]
[0.0009460617345133787, 0.0013830872189886934]
[-0.00014204345635188131, -0.0009823407661833372]
[3.2763038478350603e-05, 0.0005561067619979376]
[0.0011247282113562296, -7.691479079255381e-05]
[-0.00016590421589540716, 0.0008290994590464118]
[0.0004998073686813265, 0.0007845786555606415]
[-0.0015384556109014347, -0.0001859852728685052]
[0.0008169271062265226, -0.0004480918656074584]
[-0.0005347293427561961, 0.0016511724826728802]
[-0.0008516101083122507, -0.0013197336519628622]
[0.0013139521682717925, 0.0009062259210715906]
[0.0010459705337087996, 0.0003589618125795502]
[0.001513778431631585, -0.0006680369950913256]
[-0.0008974174934333196, 0.0016645051684784917]
[-7.68154768869822e-05, -0.0006509763818660919]
[0.0001024317972526112, 0.0012812298895014396]
[0.000562734438361967, -0.0012255642544343748]
[-0.0013377131568278744, 0.0008577485242285895]
[-0.0008142860321105061, -0.0005065265601958621]
[0.0006689089691362081, -0.0012084688854777058]
[0.0010592947868287954, -0.0016067360738885247]
[0.0023811447433981503, -0.0007154552398382363]
[-0.0006580643983065404, -0.0026129929686542624]
[0.0012494158978953729, 0.00031854397358379444]
[-0.00010274175866800683, -0.0008548416937468467]
[-0.00013775672264865202, -0.0024688633657758974]
[-3.2415155629253456e-05, 0.00015025607916938077]
[0.000750266064816707, -0.0009143299341844296]
[0.0008616128926568802, 0.0014302540818458276]
[-0.00047600507657291624, -0.0012642850007226758]
[0.0013415674854414528, 0.0009232708822190516]
[0.0019462689041700454, 0.000471361056475772]
[3.090295729629711e-05, -0.0010143061928112873]
[0.000294145832073045, 0.0008614856658768488]
[-0.0003958621811648022, 0.0008837855117010129]
[0.00024719725443678175, -0.0002282576475102771]
[0.0017936002038084209, -0.0007044673334606066]
[-6.551442855418782e-05, -0.0005311676630600504]
[0.0009246720494803795, 0.0006405006265502305]
[-0.0007168719444577004, 0.0009056555222846374]
[0.001531384108818451, -0.0002433275773066415]
[0.0003612941539167941, -0.00024216352224684656]
[-0.0005062416779428175, -0.0015056224332140739]
[-0.0002848639276283541, 0.0005706035652770711]
[-0.0005180840695424883, -0.0011421726261462845]
[0.00012694485904610198, -0.002514288557269484]
[0.0008926088003486862, -0.000409747569328045]
[0.0007687196322218037, -0.001163543186307181]
[-0.00043205466660796443, -0.000549217890066428]
[-0.00022717539936462083, -0.0008403638742019021]
[-0.000593452331924163, 0.0009174480209216407]
[6.255655427178652e-05, 0.00031347790827354616]
[-0.0010599470689599266, -0.0002214197117950123]
[0.0009220641384525274, 0.0006193295371970942]
[0.00018394631651580395, 0.0008255468418853495]
[0.0006817881769004275, 0.00011790965444102852]
[0.0012262862537401054, -0.0004307930573166918]
[0.0013155073266845618, -0.0008407958353978673]
[0.0010847335662756974, 0.0007632071528697049]
[-0.0007686320959137474, 0.00030174600755733527]
[0.001240517989066492, 0.0005078885109422449]
[0.0001506892747414959, 0.00044788932995282194]
[-8.00573315051789e-06, -0.000511441075574548]
[1.7270434839580795e-05, 0.0012764295657448632]
[-0.0011920888122442796, -0.0017072799886421533]
[0.0005547121744711031, -0.00015890748964395018]
[0.0006268592957285601, -0.002048019144639618]
[-0.0008358239844129135, -0.0009792313568425318]
[0.0002851276305761135, -0.0012707230703808761]
[0.00019752785924659344, -0.0012710083470817563]
[0.0011418206804411427, 0.000273595643649531]
[0.00023248334306175122, -0.00018278863675632445]
[-0.0003850674230040513, 1.196157269622855e-05]
[0.0018985254373565796, 0.0005241172059556251]
[-0.0003554527492419107, -0.00046455297168709886]
[0.0011880995090398638, -0.0005143676125905217]
[-0.00045463507237589575, -0.00022847150002036631]
[0.001306274852953676, -0.0014770678253322733]
[0.0014602122417828323, 0.0005940703148739068]
[0.00026249803517747194, -0.0021849031493923476]
[0.0016413298174390578, 0.0006507850632935797]
[1.3938322814682769e-05, 8.963010219570355e-05]
[0.0009180861302442722, 0.0004529820901916226]
[-0.0012767729264666914, 0.0006943609724138766]
[-0.0002760798821034305, 0.0008969738217391027]
[-9.509089890410993e-05, 0.0010899465233714933]
[0.0002917805648629812, -0.00030062322653184176]
[-0.0009100167913977802, -0.0001891407566772807]
[0.0006788457752716637, -0.00011558540048390437]
[0.00030779045754492085, -0.0006313033950642519]
[0.0011866357552417495, -0.001489633271617774]
[-0.00018002555674512342, 1.0371141941103307e-05]
[-0.001471131276161588, -0.0007881360776535729]
[-0.0010788608646522119, 0.0005703959883148896]
[-0.0013529526697141775, -0.0002798177884688821]
[0.00036323976588178986, -0.0010196577916540828]
[-0.001281470408784166, 0.00010960859828365588]
[0.001426859236649175, 0.0002650535330315784]
[0.00014421851840372424, -0.00034322038483333706]
[0.001609093506815984, -0.0008373163808344103]
[0.0006645367957673906, -0.000548717787126618]
[0.0010690309762491912, 0.0010587634814053781]
[-0.0001464359805109089, -0.0006889379027097964]
[-0.00012994079534472958, -0.00011305629385327531]
[0.0011359434521468481, 0.0007034892776742185]
[0.0009043904252307028, -0.00028129855108438573]
[0.0012388405506487676, -0.0009064061548140767]
[0.001273988631067064, -0.0005986439942108901]
[0.0014927649288586642, -0.00014278804740681939]
[-8.892291447279432e-07, -0.00038443921883840604]
[0.0014931435788978764, -0.0010017860371516266]
[9.769483360790032e-05, 5.433327213107131e-05]
[4.1153266732318894e-05, 0.00025841054435150196]
[-0.0014615828902289005, -0.0002376253198289359]
[0.0001728141092481733, 0.0005427883138617584]
[0.00013519035966525535, -0.0017616605034577112]
[0.0003663343514112233, -0.0003136449026504007]
[-0.0004129594919129592, -0.00024950361724577347]
[-0.0008249193112823405, -0.0005055207015011443]
[-0.00018462843465599788, -0.0008194561186875768]
[-0.0003144387075088573, -0.00010250039973253022]
[0.00015707577897175473, 9.731787173627993e-05]
[-0.0013015216667315727, 2.3122262928221282e-06]
[0.000518512924736092, 2.739198572389301e-05]
[0.0005821097432452543, 0.000909122286075148]
[0.0003109557212317704, -0.00024963964428895147]
[0.00041245639805349843, -0.0001567638954672046]
[0.0013364658020092457, 0.000911753789214792]
[0.0003812704117438781, 0.0006624587039937568]
[-0.00021069927754797935, 0.0003688645443297167]
[0.0003593628857092579, 2.0236265901835138e-05]
[0.0008554469463522181, 0.00035138024623446173]
[0.00025151272306100925, -0.0010515206780910835]
[-0.0001939189388028631, 0.0002384636638166071]
[-7.049856852034408e-05, -0.000799308239207739]
[0.00044453231436092366, -0.00019366236567495976]
[0.0010716268178210808, -0.0017013077499507256]
[-0.00039639182997513317, -0.0009608709040788352]
[0.0004766179325824682, -0.000553284269431957]
[-9.533870151076825e-05, -0.0006855499519239361]
[0.0007791570516538452, -0.00016615170240765614]
[-0.00014942778560206316, -0.0004538123724194959]
[-0.0008013144376829567, 0.00022844597187984123]
[0.0005568153647551866, 0.0004333747560233067]
[-0.0005913747646401762, -3.256679845692334e-05]
[0.0007788578384876343, -0.0009053786755190765]
[-0.00026606382099035597, 0.00013222792857608967]
[0.0009616515747286891, -0.0007099023869715088]
[0.0009434039423725869, 0.00019239656825709162]
[0.0001497612204241494, -0.0008166697147094781]
[0.0007209510093692251, 0.0005195660356127618]
[-2.178429731786169e-05, 0.0008870439566043553]
[7.278053431777898e-05, -0.00027815973307485087]
[-7.743969686964391e-05, 0.00048457606604257464]
[-3.3065508229845886e-05, 0.0003641674991053667]
[0.0006681075772478583, 0.0005566796234923177]
[0.0007497896003232085, -0.0008454252455665223]
[0.0008043404479844071, -0.0010537498341670615]
[0.0011934724023838494, -0.0005577674917667842]
[-5.724290790332098e-05, -0.0001380173342481611]
[0.000891688856181988, -0.00097686617285455]
[-0.0009052750041740748, -0.0002448836052063967]
[-0.0002316014270240599, 0.0004787894743700921]
[-0.001266558548967827, -0.000185123559807987]
[-0.0008097069263376579, 0.00013086403231645644]
[0.0004507807771481215, -0.000848530564653463]
[-0.0003553565062201919, -6.059416109427396e-06]
[0.0005391369066625462, -0.0005070640774876775]
[2.2797412984151832e-05, -0.0007899049958303567]
[0.0013053513425333452, -0.0004946834687006713]
[-3.1659566673190864e-05, -6.159448913109489e-05]
[-0.00042333651559273155, 0.0006288634444098912]
[-0.000812636633676804, 0.001054258804016911]
[-0.00011816647632445498, -0.0003679706753134393]
[0.0005773393585474934, 0.0006935037781514719]
[0.0006449265658429737, 0.0005839607269405023]
[0.00022238475801802937, -0.0009129594684158804]
[0.0010385629992695558, 0.0007374364609462336]
[0.0010178980883424338, -0.0007222740873054911]
[0.0001728835613621811, -8.759583746995037e-05]
[0.0004649687315522455, -0.001154950105682978]
[-0.00011071222307710432, 0.00014683289026040658]
[0.0003776696482777342, 0.00019523516755905537]
[-0.000872860039280221, -0.00032072383345119193]
[0.0002547343936900315, -8.39329932102173e-06]
[0.0014103058368672913, 7.607882480414885e-06]
[0.00013101513818602334, -0.0011555945073928736]
[0.0004161705876920066, -0.0003000543492520519]
[-0.0003631306363817838, -0.0009340129856383154]
[0.0006545691403585102, -0.0012302284244671002]
[0.0006240377789806448, -0.0007884240948829724]
[-0.0004946167990002026, -0.0013354050139103846]
[0.0002281179853963894, 0.0010134271403230144]
[-8.775817494771632e-05, -0.000835339190622536]
[0.0011862784164227425, 0.0009511670755219248]
[0.000407114984994128, -0.0005112398163186621]
[-0.00036781677682605485, 0.0005488093688361395]
[0.00010407900888020905, 0.0009087621654480516]
[-6.173064087419688e-05, 0.0006393497722867458]
[-6.594923400987662e-05, -0.00023338466093425492]
[0.00015547075845140368, 0.00019231027582800042]
[0.0003229571325666161, 0.0006857545819181077]
[-1.024272050573205e-05, -0.0003690063117034459]
[-0.0006059099637872843, -7.895310171163183e-05]
[0.00033601899403346014, -3.2084314655206336e-06]
[9.718953973919531e-05, 0.000566752585792113]
[-8.003608444259735e-05, -0.0011757416162178347]
[-0.0002677834360546444, 0.0004140490318690626]
[-0.0002699291149032834, -0.0002211264942945726]
[-3.557762949465276e-05, -2.0060335768897625e-05]
[0.00030560510436859756, -0.0010460161584962477]
[0.0006926016367823987, -0.0005875093284821997]
[-0.0003985863153165986, -0.00031564225641931773]
[0.00013562412634070264, -3.999921431176168e-05]
[8.95542175557984e-06, -0.0004909167000503728]
[0.0008052293789804488, -0.0009771453378169363]
[1.4138032267518863e-05, -0.0002222274238619648]
[0.0007582035508675589, -5.935436095847596e-05]
[0.00022951958633471783, -0.00019503506173232377]
[0.0007074449098552482, -0.00039980761065834536]
[0.0008084820987153303, 0.0003646922026297461]
[4.466931801377916e-05, 0.0002048201711157549]
[0.00012127835472591775, 0.00015816961066994484]
[0.00042309384552172147, -0.0004248310014881296]
[0.0010195960936898452, 0.000508357409981286]
[0.00012103003853756317, -0.0002555705584445511]
[0.0008213281274386808, -0.00043240086291918]
[0.000579878436074592, -0.0003570314455086654]
[0.0006950419617865189, -0.00020520882828556353]
[-0.0007007397153645512, -0.00010443763057407796]
[-0.00019506695365079096, -0.0003535695288078809]
[-0.0007943914057105816, 2.2366025609801832e-05]
[-0.0002456911473808776, 0.00023377282133396626]
[-0.0010003175945623687, -1.0439109278826547e-05]
[-0.00042084457989746693, 0.00012800414274589944]
[0.0004946941779589951, -5.886200917894907e-05]
[8.549938008180907e-05, -0.0003399375179344889]
[0.0005005317231739081, -0.0002057320610792529]
[-0.00030028216578190103, -0.0006436301429160185]
[0.0007237734446229327, -0.00011258198350839674]
[-9.531357439476751e-05, -0.00021666418588980885]
[-0.0003479461884927648, -0.0003924877703885693]
[-0.0002975102307569977, 0.0007847330202331859]
[0.0009553801338639811, -0.00028790505526220256]
[0.0005406489514099833, -1.3334454852964583e-05]
[0.0007329629748536182, 8.634878483304576e-05]
[-0.00010998386577190655, -0.000676095930652848]
[0.00042468876551216006, 0.0003251954036300464]
[0.0008240267538791868, -0.0005149164104705783]
[-0.0003106354375303766, -0.0001843135764524606]
[0.00041386366658430207, 0.00028013776983486227]
[-0.0005560546997277829, 0.00020718716192399955]
[0.0006986130117375977, 0.00039682587816178283]
[-0.00012226943080408809, -0.0004775042081323344]
[0.000145535081042647, -0.00021654469640378267]
[0.0007430321732460957, 0.0009648048768725673]
[-0.00039677457457303056, -0.0011923767536567015]
[4.2751455324844395e-05, -0.00024975745500693813]
[-0.00016112354009404847, -0.0006345751072882877]
[0.00032689966664812414, -0.0007563128455869289]
[4.802646820771875e-05, -0.0005605282607644736]
[-0.00020534752066418693, -0.0012036409746337684]
[0.0004776829773335822, 0.0008965478086418038]
[-4.0157598884260626e-05, -0.00042302629401986744]
[0.0004533593533125532, -7.596522408329087e-05]
[0.0007445634338228979, 0.000466052168112005]
[-0.0008160992612876901, 0.0001928802217755765]
[0.00025214711104756815, 0.0005363221983450683]
[0.00012214503741356936, -7.71112390318407e-05]
[0.000799315396203093, -0.0007629208436757684]
[0.0008401672442018004, -0.00023445389620957435]
[8.003444332192744e-05, -5.0357257550731616e-05]
[0.0007411091512564971, 2.017253271677233e-05]
[-0.0001213233519706744, -0.0006203706015092958]
[0.0008403082941155215, 0.00016446634350154865]
[-6.566998385700712e-05, 0.0006457646912745585]
[-0.00047604793128652734, -0.000346950741295024]
[-0.00018472338023284296, 0.00019054144288754848]
[1.6233342558180652e-05, 0.0002854478195597754]
[-0.00014975470650047118, -0.0005027138847774962]
[1.665342471429687e-05, -0.0006020065220780496]
[0.00013899041221849054, -0.0003731699494169301]
[0.00013221764424067167, 0.00015208054158183382]
[-0.0009397034479593294, -0.00036406970741825057]
[-0.00015517885040918639, -0.0001578332103977717]
[0.0001999841398435398, -3.625113066119123e-05]
[-0.0004825944317546904, -9.743365096882839e-05]
[8.061939466277868e-05, 0.00034653267751133185]
[-0.00047721118595490247, -0.00025082976359039333]
[0.0010428525049678283, 0.00010662082040820142]
[0.0001410197704138326, -0.00067592579594275]
[0.00048664447637072894, 0.00016956569614709482]
[6.076976822678992e-05, 0.0002136545887387875]
[0.0007175106296008482, -9.169695921543153e-05]
[0.000942565786338917, 0.00010620025766885921]
[0.00044298306586049163, -0.00014874976928944128]
[0.0001353200038088087, -0.00031184668753070355]
[0.00033592239048773134, 0.0002299794297854485]
[0.0005388011989353736, -0.00033246776495678143]
[-7.730393622557008e-05, -0.0003920847440898878]
[0.0003231145249708578, -0.0005920334078034981]
[0.0001756526669778949, -0.0003352752702363848]
[0.0005739527100363517, -0.00036706492554793024]
[-0.00040840540517902285, -0.0007606076411511425]
[0.00047120883204034014, 7.042571929621877e-05]
[2.8977768558658898e-05, -0.0001693827150224085]
[0.00035824696396670463, -0.00012033643030413127]
[-0.00023283426973511046, -0.0001161160880475548]
[-0.0003886460536168118, 0.00044277285196317115]
[3.100165469921423e-06, -6.469852717493063e-05]
[-0.0002865392553322507, 0.0002970187955372017]
[-3.532935792804892e-07, -0.0010487458265356353]
[9.052017182625827e-06, 0.0005823387472935482]
[0.00039096881958766705, -9.589692220404733e-05]
[0.00024621276008634715, -0.0003520722434063872]
[0.00015149633184458056, 0.00025326414946078013]
[-0.000429108730340709, -6.238287077914295e-05]
[-0.00011915131212333896, 0.0005440969169907273]
[-0.00018078380812171224, -0.00023746336982125027]
[-3.2606861523773456e-05, 0.00014576180252612314]
[0.00011959842176309521, 0.00024223937703019005]
[-0.0001197796317779741, 0.0003059471704515704]
[0.00043276260630117913, -0.00023362068609941722]
[0.0008281404325810662, 5.382829103176001e-05]
[0.00023998497790847506, -0.000652049051371964]
[0.00046195769224614824, 0.0007960363065279419]
[-0.0001764086197657555, -0.0008256469184415582]
[4.322979564074653e-05, -0.00048252960435124503]
[0.00035639654923268205, -0.00033898778935927826]
[-2.7475289073224454e-05, -0.0006658827217090983]
[0.00032723791279463434, -0.00023169005622737313]
[0.0001232197526067902, -0.0008110604684800071]
[0.0006118840067295406, 0.0002259195919766116]
[0.00016114897035593434, -0.00028939830326309493]
[-0.00018869364859297466, -0.00047108729497807866]
[0.00029236692433812217, 5.069658162005705e-05]
[-0.0003992698567169897, 0.00036894061908357423]
[6.240234823071122e-05, -0.0003359521499790158]
[0.0001537112512624058, 3.54683388762711e-05]
[0.0007823290750970102, -0.00040804317631251696]
[0.00069183983343242, 5.099581030679201e-05]
[-0.00030240306226544944, -9.36799385951037e-05]
[0.0006085548309840982, 0.00025183365949918435]
[0.00016415573570603692, 5.921093966540503e-05]
[0.00025483329075551286, -7.440712613271394e-07]
[-0.0004928145831399212, 0.0006763541476618729]
[-0.0006372124328443141, 0.00018719450986183495]
[-2.0188354790381946e-05, -2.836024627236866e-05]
[0.00032336593912027367, -0.00019688982722249407]
[0.0005448585086381338, -0.00041967872743002566]
[-3.254870578223157e-05, -0.0005426276995565277]
[0.00015545551233743515, 1.3279520529829031e-05]
[0.00031959615940301, -0.0001419661376313719]
[-0.0004663452419606086, -0.0004443128008727662]
[-0.0001770341115051536, -0.00025038100499495675]
[-2.9332436090684366e-05, 0.00029187591022027115]
[-0.0002168073832158543, -7.309070007450666e-05]
[-0.0001265440259292927, -0.00017000025946452627]
[0.00018037470187907273, -0.00016265842182319745]
[0.0008617286118561829, -0.00032484478027167835]
[0.0001427169424016439, -0.0005201017868351754]
[0.0001961523010647337, -0.00047913227270869607]
[0.00022627410203391847, 0.00045060796724527563]
[0.00017340305797367006, -0.00013547215910975074]
[0.0004405345307902306, 0.00016954903843474645]
[0.00015432901886486272, 0.00028809008302163597]
[-0.0005616391961569406, 0.0003661395983315108]
[0.0001569948233332702, 0.0005257667911933994]
[-7.931108085335037e-06, -0.0003160121467951915]
[0.00023899954367179177, -0.00014181803126755987]
[0.0001637844216958173, -0.0005921395170181559]
[1.0147523350295673e-05, 7.926602674485084e-06]
[0.0006856788275302061, -0.0005200949923138062]
[-9.688482420215638e-06, -0.0005232981278225496]
[0.0005885039326422176, -4.095608525764294e-05]
[-1.9133778428645498e-05, 0.00030315017671365616]
[-9.718969844611791e-05, -0.00018057841042777578]
[-6.409484766137794e-05, -8.1896728119292e-05]
[-0.00013492386642399885, 5.7141516991203456e-05]
[0.0002798519443182948, -0.00016422515967449286]
[-7.596518885347875e-05, -0.00033382411643193347]
[0.0006935905780177665, -0.0007244547306573257]
[0.00040211171686230923, 2.416788798452474e-05]
[0.0001722669744394778, -0.0005700347102373764]
[0.00033687510890859085, -0.00032717629288997463]
[-9.630626108200757e-05, -0.0002638198069178921]
[-8.493074908760487e-05, 0.0004033615984534722]
[-0.0003346855373834723, 0.00021001587061403315]
[-8.934921639085214e-05, 0.00043504966278018475]
[0.00024842594165098986, -7.334033968342535e-05]
[0.00030315607101033537, 0.000195474597785128]
[0.0002527492595680511, -5.618292375367262e-05]
[0.00026665133099693095, -0.0003112581297410322]
[0.00028494404795783115, 2.9389170794758e-05]
[0.0002091283487331841, -0.00017024742327970133]
[-0.0006449780130760724, 0.0003139202047044154]
[-0.00025818566424437583, 3.547988770059504e-05]
[-0.00021465855880808266, -5.2889377644430025e-05]
[3.743186432578205e-06, 0.000167228425269908]
[-0.00010778533707465898, 9.131620997895884e-05]
[-0.00015287510796234416, -0.0002817699319477632]
[0.00043748019794295203, 0.0001379493021180199]
[0.00017147892978074336, -0.0006069395659351225]
[0.0002209903578985692, 0.0002014651707017423]
[-0.0004891680036935436, -0.0005967280626928799]
[0.00016726991847582084, -0.00010089595392842945]
[0.000133580487368265, -6.133425258750269e-05]
[0.00032419024582616696, -0.0007561419694895495]
[0.00026218823483227516, -0.00019660127380075054]
[0.0009191763945655407, -0.00017844267121649993]
[0.00039682552415367875, -0.00030726333414016205]
[0.0002589441848268037, -0.0003064271448367517]
[0.00040450195623605023, -8.17170231469655e-05]
[0.00033578955023742807, 0.00014126400150571428]
[0.00027731996777423384, 7.387690561030946e-05]
[-0.0004045120372706962, -6.0699793151486325e-05]
[0.00019287082178612303, 0.0006846115008009995]
[2.4786584828046833e-05, -0.00033727593718332893]
[0.0006160106152980904, -1.892481165353954e-05]
[0.00013502379151791866, -0.0001718839160119029]
[6.0512878204244114e-05, -0.00011167344631927284]
[-0.00017853380358676813, -1.1937010307633278e-05]
[0.00019131643323071212, -0.0002098649776419645]
[-0.0002137782871168628, -0.00027736567541803564]
[-0.00035809436275650863, 2.690961688216892e-05]
[-0.00026610181280656287, 0.00014637674737777787]
[-6.921414502289273e-05, 4.718662181834449e-06]
[-9.39300006737448e-05, -0.0004312024439895312]
[0.000132571821867343, -0.00023578893764893832]
[0.0002483492097026391, 0.0003233383809962513]
[-0.00022246064763110918, -0.0002442520369691642]
[-6.393479809163605e-05, -0.00019616147442664753]
[-3.9538464064896306e-05, 0.0003756968323133658]
[0.00022706962016061372, -2.716132297130025e-05]
[-0.00019022179841260943, -0.0002852975274387215]
[0.00032703091061667133, 0.00019782631587433874]
[-0.00020261120803492794, 0.00019851596611689115]
[0.0004047323266747338, 0.00020952141394955937]
[0.0001720925308597715, -0.0005564763158796282]
[0.000799134972229866, 3.5011940772988748e-06]
[0.00025844018715034944, -0.00039525103872008194]
[-4.8652805988157015e-05, -9.840418511755655e-05]
[0.0006581083261666398, -0.00023585113296274024]
[5.821934997678885e-05, -0.00044934751053277155]
[0.0005687880798675715, -9.560769193780322e-06]
[-0.0003381915114289563, 0.00024221784716156602]
[-8.670906140674506e-05, 0.00023746180161605263]
[-3.604294686664761e-05, -0.00021902501983960682]
[0.00012044980865649757, -3.462862441910852e-05]
[0.0001971383832182587, -0.00031203782148932907]
[-6.716887291914955e-05, -0.000505159997640163]
[0.00022971748422541405, -0.0003633709176484451]
[0.00043653505639758977, -6.0742599525820395e-05]
[-0.00019446726611282994, -0.0002853671695924251]
[-3.6029544206735153e-05, -0.00017620309149572744]
[-3.7456970287175206e-05, -2.680901816957265e-05]
[-0.0002622608134001704, 0.0003677568250413099]
[-9.843003461104671e-05, 6.937474856880121e-05]
[-0.00023821018952672503, 0.00021203183240214862]
[0.0007836486950321686, 2.2913243182459686e-05]
[0.0001867914563474099, -0.00018989554382575768]
[0.0004098697443789684, -8.235592116412338e-05]
[0.0001685758276592647, -0.00019631100756989373]
[0.00018932804782814672, -8.410772051667403e-05]
[0.00045325679898550186, -3.891119982651903e-05]
[-0.0006000680032965371, -0.00019637400141550576]
[0.00011047552057488752, 0.000345114497151279]
[-0.00018623672629827087, 9.364949945636636e-05]
[0.0003178015307786497, -4.72768828164577e-05]
[0.00010426563399996286, 7.98517912890262e-05]
[-0.00014689167005020598, -0.0003977427856546277]
[0.00038178019765203533, 0.00027022789204313516]
[4.490490616929771e-05, -0.0005746049520570229]
[-0.00010837305446103479, -0.0001836812400065231]
[-0.00015650029437694682, 6.58293456630224e-05]
[-0.0001728289219820045, -0.0003739570823270838]
[0.0001836155280313459, 0.00023615479226367364]
[6.28604525170634e-05, -0.0004950028082006917]
[4.6765072858265255e-05, -8.366761003505974e-06]
[0.0003460325747212667, 0.00025935144289484027]
[-0.00015823661612204137, -0.0004631852761308175]
[0.00029776368375142304, -8.576129942217126e-05]
[-0.00021624937006895634, -0.0002337563987024338]
[0.00017684549034346908, 9.454024557858931e-05]
[0.00010578176681255713, -4.538866702905042e-05]
[-5.861882977649391e-05, -0.000319286059730306]
[0.0004020080878932575, 0.0004441938555870828]
[0.00037518120480867223, 0.0002728201186632251]
[0.0002663933399135454, -0.00018420409237844548]
[0.0003153665666362198, 0.0003593844599820428]
[5.479859178345037e-05, -3.932538396576174e-05]
[0.0001471936347526709, 4.120941899904418e-05]
[0.00022858459712940538, -0.0006004996574573984]
[0.00019831468943833086, -0.0004751811849531967]
[0.0003516743882628903, -6.852848583433976e-05]
[-0.0003089589081599932, -0.000440607460557612]
[0.0005753038486695297, -6.165896597268641e-05]
[0.00020492465040270608, -0.0006132819615075266]
[0.00020200635295643948, -0.00017086882602916804]
[-0.00032359184724904677, 0.00014397057748141706]
[-0.00045067737592974916, 0.00011410358966788131]
[-0.00022663695025955388, -0.0002757051348668549]
[2.1529805887633702e-05, 0.0003681239969164779]
[0.0001070401663105236, -9.937790127179102e-05]
[-0.00031944887430585336, -3.115062952582792e-05]
[0.00018707286397054435, -5.381495783114698e-05]
[0.00010726967120525122, 0.00021343430613615655]
[8.465224358517043e-05, -4.930806493316786e-05]
[-3.4778346285485595e-05, -0.00020148465763222823]
[0.00025050622915441523, 0.0003910114422660538]
[-2.5482772129450937e-05, 0.00012111234942302485]
[-0.00018832257136170913, 0.00018707905209272568]
[9.407465119326552e-05, -6.119426738471212e-05]
[0.0004434476094427979, 0.00010267933145829966]
[7.979990207174215e-05, -0.00024000037913871758]
[-0.0001438889036336627, 0.00015099044480471058]
[3.6301621462758726e-05, -0.00014244242727932607]
[0.0002493067005551394, -4.999635550566317e-05]
[0.00025815810782475745, -0.0005320209634750994]
[0.00013309000964449938, -2.9983337577154517e-05]
[-0.00011651480973200873, -0.00036956419349844227]
