[137.39581697252513, 42.12513556870438]
[0.7223425481077863, 44.18986795943685]
[8.711792019235732, -30.156847673252233]
[-65.67813685771148, -26.31944278476347]
[-35.83672113761856, 37.47113164215477]
[2.648210006398538, 19.596804666672785]
[-35.979982826244964, 0.3594153595623759]
[-6.414773431978786, 9.330877041466701]
[2.2190879528527865, 6.639339312215244]
[-5.523500363383677, 3.9596347740985647]
[6.9639261060705175, -0.19554997004730046]
[1.281085966348303, -3.9898959896496358]
[-1.2975843132382594, -3.3268140049791763]
[-2.6752412588385583, 0.6816936424740425]
[-1.7747463247368722, 6.117689759900835]
[2.36601081764046, 3.628550769308635]
[-2.7944258798239887, 1.597173326760099]
[-3.2103959177745205, 2.9350713357902025]
[-0.45345094958394816, -1.03982204966527]
[-1.024992379047081, 0.5518098020423119]
[0.7264880063563557, 1.3021290297761834]
[1.6889853429919859, -0.7200061155626367]
[1.0146204555839906, 0.1869997738152418]
[-1.3273198872256977, 2.1272258015504244]
[0.4409410828897399, 1.5786992424880268]
[-0.059035696747641864, 0.024108358448577283]
[-0.859945290385429, 0.6593040931756757]
[-0.14093837452780145, 0.5334356449929132]
[-0.40125000061263727, -0.7641713836370714]
[-0.005517602462712379, 1.3338316938088053]
[-0.18896445111441817, 0.50472869556139]
[0.10094971566189404, -0.14378617338594402]
[0.8697411401548211, 0.5124386327548686]
[-0.6596991223153967, 1.0058399402180898]
[0.728390122082913, 0.4182289497109175]
[-0.26020538974915475, -0.24082300669470103]
[-0.5819852315511368, 0.1959120426679548]
[0.35327438771150044, -0.10258432312788113]
[-0.24760464627832857, -0.03190888962823002]
[0.19460874668395556, 1.3273936496993923]
[0.12425893776294084, -0.11332057707657306]
[-0.6137498762459034, -0.05567172612981541]
[0.24009734676589267, 0.028046489215834525]
[-0.12306469589718094, 0.0768216365483324]
[0.33245720541295853, 0.49977975646766515]
[0.1922775610692764, 0.3335119958296556]
[0.0009862219197303013, 0.20048605585753876]
[-0.36887482479241296, 0.07129091778627139]
[-0.1391583078212002, -0.10022962638550215]
[0.08648856365128599, 0.3537150911811522]
[0.006184128029920188, -0.14991709282195786]
[-0.12737602557825545, -0.005622225614799303]
[0.14412970829014637, -0.1284435502318063]
[-0.12407389742403618, 0.1832336620147268]
[0.06469615781403326, 0.28882217349040035]
[0.11895491815329651, 0.2936424025024835]
[0.09260346898324157, 0.28007797135507373]
[-0.4770108906791293, 0.09293595928352127]
[-0.006614766934484262, -0.0918566746243824]
[-0.004460580014523874, -0.03840603985884594]
[-0.1212734712422503, -0.14420940096186485]
[0.15181751786623376, -0.014686670205040775]
[0.14930676780036412, -0.043678528006532324]
[-0.19519342664369832, 0.3789436244058417]
[0.09035630136727835, 0.010493441699053752]
[-0.11407332153896665, 0.029493592279683234]
[-0.08491567437686287, 0.16432223720246975]
[-0.16822279676387675, -0.030587610567164192]
[-7.401761007552743e-05, 0.1299440768053686]
[0.0355377443762972, 0.16179449716924965]
[0.017940475320302074, -0.13851298731992034]
[-0.10214473122406376, -0.018341612049004086]
[0.032355925283156894, -0.09273446923900275]
[-0.13812031768634492, 0.13505895018822073]
[0.08173927800948066, 0.003988151278014107]
[-0.0003111754310278769, -0.003235599077403617]
[-0.027481795995510927, 0.04395731750634142]
[-0.0995582528844996, 0.049817253643082454]
[-0.08273694884770455, 0.10857593209000196]
[0.004042887591050981, 0.176913553700795]
[0.03295283880083011, -0.03258847674053618]
[-0.19355514398296159, -0.028123247182615108]
[0.019334794369882724, -0.10208373081067007]
[-0.07955302053439861, -0.016219627996582844]
[0.03460279671375932, 0.003224284149205628]
[0.10857990150628805, 0.02596607681811966]
[0.06379377792862817, 0.02286243159754975]
[-0.1464275116564756, 0.14568816569417437]
[-0.08631964390825997, -0.020340564695400437]
[-0.06429252160569587, 0.03616719830954073]
[-0.07131650819693491, 0.020822494770911165]
[-0.047173689103186534, -0.05605661879612407]
[0.04651518250320574, 0.0009107774333887153]
[-0.05542397878240257, 0.09552306526755024]
[0.06113636075420825, -0.06702200812751188]
[-0.015575960952610934, -0.005069546379840556]
[0.016777984636082155, -0.0009244927113064572]
[-0.09357456066921077, 0.04246277315313035]
[-0.049842861492943036, 0.0027641300091510723]
[-0.0009104039071963221, 0.028852397066373242]
[-0.04387026903756852, -0.01682224042316388]
[-0.022785941724752345, -0.020324422999410507]
[-0.012633084028470964, 0.004310865577665912]
[-0.05708564398018101, 0.11530189691016379]
[0.03976432835377319, -0.04214614352384227]
[-0.07387626071971165, -0.02842767050394296]
[0.013059492664333039, -0.002940839882483115]
[-0.048675400002503255, -0.03459968429310059]
[-0.029565393897167835, 0.02162051089794892]
[0.06131393841477584, 0.05379711891209199]
[0.010175846722252468, -0.035084467682444165]
[-0.07339426197388743, 0.022819028862628266]
[-0.05492088738103845, -0.046637773094652224]
[-0.06189210646064913, 0.02892234056380777]
[-0.031138024639044526, 0.005079883253113204]
[0.00027928317831793503, -0.027179634839412936]
[0.054808065771070225, 0.03955509735169144]
[-0.055511276357297856, 0.029378490650187272]
[-0.002637351731792026, -0.030795296646476844]
[0.00306674343450436, 0.01204185374713801]
[-0.025947511290301706, -0.025443428393887413]
[-0.0444073270105651, -0.018578571903262342]
[-0.03396847379832263, -0.010334719819791727]
[-0.02323540560349252, 0.027572295586474893]
[-0.016197086753609424, -0.02599307237148457]
[0.00538801860571636, -0.010629397397763696]
[0.01312880163354524, 0.029634084676172512]
[-0.05244411032526891, 0.049927141266341735]
[-0.005898486253093305, -0.014628297312429317]
[-0.03168339534946102, -0.009905030251695424]
[-0.02241644408346055, -0.01069241217581629]
[-0.017945540935936477, -0.04960995624903192]
[-0.01807462735060472, 0.0138456596874027]
[0.011639513527527623, 0.04765345289502232]
[0.01934330893692418, -0.0524146912912124]
[-0.03393717690767725, 0.005942219392432058]
[-0.03553601432510295, -0.011567830150708364]
[-0.03737340306859313, 0.005913234334220474]
[-0.03853251608234781, 0.029875546890543975]
[0.009583416779540221, 0.005395020646926485]
[0.027177172114164108, 0.012896775387309156]
[-0.037866740846072056, -0.009969212411950867]
[-0.01830287560770147, -0.025554120118237322]
[-0.009528342914415844, 0.013853737291235707]
[-0.01087043898160285, -0.0330507136382068]
[-0.013672036913836103, -0.005748387701088292]
[-0.013748565126420573, 0.005241567834980421]
[-0.02000774326886448, 0.012247928288191295]
[-0.0302072764780768, -0.00038727288527057313]
[0.015176605452408759, 0.011533703580128063]
[0.0067904529480000905, 0.011555459139054397]
[-0.0377122454220324, 0.007901607963264612]
[-0.024273251494748058, -0.015155170238783988]
[-0.023607751559777623, -0.0011056422566675383]
[-0.016768192147540176, -0.015503402641125569]
[0.0021927069241991365, -0.0179159784397597]
[0.006949707802908794, 0.021516241102732994]
[-0.006392770475390136, 0.029009696745837088]
[-0.00691188788004304, -0.034237121873012574]
[-0.004274171744747708, 0.009517303446778105]
[-0.03229640920249211, -0.007635503340982737]
[-0.019262904487112487, -0.008683341636732705]
[-0.0365879266370352, 0.027151329199777672]
[-0.0032850379582143076, 0.013075162940779539]
[0.019341774458777175, -0.00856961483114959]
[-0.01867089698734326, -0.0020061097793475993]
[-0.00353998871431161, -0.005974756765739442]
[-0.011979533408270536, 0.006465335765150446]
[-0.02229451541527616, -0.01600691405096119]
[0.011139525737947385, 0.003750364957471098]
[-0.01009620264609552, 0.0023771603518333365]
[-0.011927529410866968, 0.003667730155037331]
[-0.031111251717082747, 0.008142302823445163]
[-0.0023673966251914827, 0.008737846564390153]
[0.006313623283657144, -0.00621463264863531]
[-0.017709199969069108, 0.004959182948512497]
[-0.011041282243488024, -0.0009193976096869699]
[-0.01754796281443883, 0.0027907068319313125]
[-0.023790423877936784, -0.0014828470584833664]
[0.013120590525031117, -0.003994382000196153]
[0.012948745428642543, 0.013967609087084346]
[-0.004095190272386071, 0.014221283981761881]
[-0.016841026681090776, -0.021465402710494158]
[-0.01137225363431988, 0.0015715842449251782]
[-0.02546768501742353, -0.01066067071418747]
[-0.004244603585971833, -0.002388843215980263]
[-0.014395821122053981, 0.03068092300288336]
[-0.00880833920433638, 0.019872680028455852]
[0.0040901557981203596, -0.006053505834141187]
[-0.012089241724977301, -0.00019224878306628446]
[0.00018918666623453373, -0.002231208370868404]
[0.0010881483161379463, -0.0037334860412928106]
[-0.022666136385982166, -0.005200349008016719]
[0.0022679030497697455, 0.006372065100838098]
[-0.007570710843803466, -0.005987389245963759]
[-0.010175925310237532, 0.006377962706606011]
[-0.016239370513805695, 0.01664994849356105]
[-0.007785957817453698, 0.011925275742864866]
[-0.003337618584544594, -0.004884412480705924]
[-0.010848496857752299, 0.006748587801232997]
[-0.005741094521453521, 0.0008782518202415102]
[-0.0035191934688479365, -0.001364973737174563]
[-0.022821334862829612, 0.00738472739487106]
[0.0030831578309760688, 0.0031446462103614514]
[0.012316903740822532, 0.0009845104563128426]
[-0.010807375330810554, 0.010532567826526479]
[-0.01126301709132252, -0.007770609329336264]
[-0.00917920371536407, 0.0024451038255536295]
[-0.02773690255112804, -0.0043373779205139185]
[0.0007658158037906759, 0.008288156847008121]
[-0.00224423606870347, 0.02360618822742261]
[-0.005735896776675742, 0.015911642641289747]
[-0.004372088029222704, -0.0017140762574713309]
[-0.014699208239575101, -0.0026384017917857605]
[-0.00010201378429253172, -0.006066743590655954]
[-0.0009674698274214077, -0.0028108501693550336]
[-0.011040723023352988, 0.005996548837478688]
[0.0012703777372615188, 0.010742411538478547]
[-0.013248847463239677, -0.006365429749125601]
[-0.010640569294892266, 0.013098508715470025]
[-0.007052771225845134, 0.014347649501288279]
[-0.004054487803014872, 0.007056300098030516]
[-0.006702992608255465, -7.026213669650283e-05]
[-0.009221755548775579, 0.0010205286775663847]
[-0.0036820914829863716, -0.004687495004328829]
[-0.0040359532448939195, 0.0018085362252348025]
[-0.010955510365002474, 0.015930650730766466]
[-0.00019574336034638984, 0.006746417114618916]
[0.005657307618307517, -0.003614551445552852]
[-0.013959018594204065, 0.012061985815014789]
[-0.007796059771658148, -0.004864370592858214]
[-0.0009010062058950052, -0.0014017923751006023]
[-0.0226083644490343, 0.0039642424529004044]
[0.0014010513489248755, 0.005586167883527976]
[0.004509112786769354, 0.009478854107711487]
[-0.011155737530776588, 0.015966617609202982]
[-0.0023332561702449905, 0.004286690170345969]
[-0.01355319320737669, -0.006793978958133801]
[-0.002760138572956372, -0.0033717334446666594]
[-0.0013890804655114497, 0.002249347335440313]
[-0.003409576510635892, 0.004480142337664958]
[0.004639506032725338, 0.010339074827677638]
[-0.013713137668657949, -0.0022571898017769154]
[-0.011683230727712712, 0.006334822855313914]
[-0.00048054248624601614, 0.005662833338809091]
[-0.007511610126442025, 0.006424983740242571]
[-0.003299433069477886, 0.00408227615112727]
[-0.008153521242474204, -0.004184254922655898]
[-0.004726391862123536, -0.0021679388727429416]
[-0.004894793620460025, 0.006280272546915617]
[-0.002377584387640186, 0.012389596333109983]
[0.0009906412803671327, 0.00815817142061763]
[-0.0010595441348567602, -0.0035353051808147094]
[-0.01568216981031406, 0.002718419980845866]
[-0.004285252247278104, -0.0062477694700952685]
[-0.001119644455919666, -0.0008778540762131026]
[-0.012915742908430394, 0.008553377284020558]
[0.00013270924867919698, 0.0033382069315548574]
[0.003317812618058358, 0.004474760311325467]
[-0.016063718295491303, 0.01582211803431905]
[0.00011011389949894257, 0.003919253690349921]
[-0.008150867887918134, -0.006654318271743273]
[-0.007380999325948101, -0.0003220504155009851]
[-0.001662843231635791, -0.002756876522032263]
[0.0013745080350838768, -7.24671424188611e-05]
[0.0013095395788030872, 0.011987638867290262]
[-0.008525199278658857, 0.0004663967626003379]
[-0.01176177375863896, 0.00041150687686054843]
[-0.0019760115465362604, 0.0024133380292263445]
[-0.011011949470964344, 0.006949846628594464]
[0.0006346677989971239, 0.005469405806500502]
[-0.0027440993531844815, -0.0030823893739331393]
[-0.00762829293001846, -0.0005281523016003181]
[-0.004922178910736985, 0.0009615892343763782]
[0.001602931667975649, 0.00522849356447827]
[-0.00078594992918532, 0.010989198464863889]
[-0.0007253341553487003, -0.002665176660200483]
[-0.01500718270279261, -0.004990543295877489]
[-0.005807460204772463, -0.005596193083966153]
[-0.002387564156791644, 0.0004943096859098967]
[-0.004329935850901578, 0.009750001086996085]
[0.004471449468105598, 0.006333861891788417]
[9.815627863427046e-05, 0.0008616314942792025]
[-0.01792796721764406, 0.007246718752516562]
[-0.000875582469573366, -0.00081664708155052]
[-0.0031808144006430783, -0.004347514800940255]
[-0.005063728708112447, 0.002162648779930637]
[-0.0011445610882515611, -0.006026568873207044]
[0.001673281220781253, -0.0036298604774440413]
[-0.003340510798353874, 0.011452024349813489]
[-0.003818596194617413, 0.000974682667419402]
[-0.004109172642378006, 0.0007143011457421411]
[-0.004339916378888822, 0.001374148440781764]
[-0.01260436186000019, 0.001530963796341156]
[0.00039877998923619484, 0.0016658344650688078]
[0.0017234341859325708, -0.001737861245111355]
[-0.005557563870789262, 0.0007785974088071607]
[-0.002802898123844197, -0.0026432055039557756]
[0.001750785625365306, -0.0008138769860545902]
[-0.006204547090599005, 0.011039247512176359]
[8.879498590481927e-05, -0.002277140667921937]
[-0.006683051555384456, -0.006469838786005974]
[-0.007451715741901566, -0.002290305191745501]
[-0.0034019161668734643, -0.001741782041843415]
[-0.0008892872245653688, 0.006136940400152793]
[0.005477549079694652, 0.007761669777933938]
[-0.001024528978752992, -0.0007888510601072041]
[-0.01444770380161188, -6.623229808923325e-05]
[-0.003409406458748883, -0.004321131178485774]
[-0.005323423920254942, -0.0020466545015779963]
[-0.0019065111346210153, 0.0037892250737069783]
[0.004376495484722159, -0.005072920876394424]
[0.00018083749008664107, -0.002641353614681055]
[-0.006442985575607824, 0.007447200013224298]
[-0.002787783089413163, -0.0008283146268425329]
[-0.0010455446144893438, 0.0020607454701769973]
[-0.005854778801607289, 0.0023251132444210426]
[-0.009138148962673183, -0.0038511794446939307]
[-0.0011882732387933428, -0.0017603084470265984]
[-0.0014208836893677065, 0.001145592501285042]
[-0.0022146172646453927, 0.0016159792486817662]
[0.002563712834359376, -0.0026890415209129687]
[3.2050445538788636e-06, -0.0013565147838903863]
[-0.009088839783382166, 0.007861645948991788]
[-0.0013398877932120235, -0.002607149967295077]
[-0.0025106217389310043, -0.004033529116077718]
[-0.008509054909111208, 0.0018278227951280535]
[-0.000679613833940872, -0.005104114437971222]
[-0.0003549328677181305, 0.00174927249616591]
[0.0008693823607783396, 0.010784069865221419]
[-6.800051128914332e-05, -0.002454439434239425]
[-0.007966097379446745, -0.0029339179089538023]
[-0.00570317249838525, -0.002659678624393069]
[-0.005557897126381054, -0.0017471241528764121]
[-0.0011026996000312438, 0.0037937524373654573]
[0.005991094971928996, -0.00023579779932370037]
[-0.001711061935227882, -0.0005428123208484938]
[-0.005178577295672391, 0.0017791329457939285]
[-0.00437144943296525, -0.003471811659747845]
[-0.0018034138149637235, 0.0056101801638112035]
[-0.004476756915054643, 0.0013435911315941435]
[-0.003833029418070606, -0.00451019446585639]
[-0.0021993242343666328, -0.0005963843178320646]
[-0.0029051828916254775, 0.0012629196466376232]
[-0.0010068480703331883, 0.0010701900673337136]
[0.004800112913247938, 0.0015777478594064392]
[-0.0024293986047923335, -9.575966293344507e-05]
[-0.008090100229598246, 0.002639749893658387]
[-0.004401246015531147, -0.0035768949459114158]
[-0.0016744809397812276, 3.261922747565399e-05]
[-0.006415014479172865, 0.0022112989436610386]
[0.0027964015073927984, -0.004081054246946519]
[0.00021049390803559026, 0.0015615070097975692]
[-0.0025311062970446857, 0.009157832210387254]
[4.083034176834144e-05, -0.003336553835674841]
[-0.0034154087840837094, -0.0006614922546371999]
[-0.007959931613240719, 0.0004362514587861466]
[-0.004048839966949956, -0.0036516232047139052]
[-0.0022598884422052046, 0.003294982162611315]
[0.0037805284093423847, 0.004054479283759127]
[-0.0006056280817663406, -0.001409987858898662]
[-0.0023443765759177462, -5.659211868762337e-05]
[-0.004974698960604915, -0.0024537465407962755]
[-0.003338076404664686, 0.004580423031368172]
[-0.002372905560242014, 0.0020639842131180697]
[-0.0004291684861126438, -0.001063415643850818]
[-0.00322312652957292, 0.001526622597766522]
[-0.0033380247688750697, -0.0010864279212476347]
[-0.002408844775026023, 0.001019057731864531]
[0.0028850940452068985, 0.004666493713811379]
[-0.0015201446705414984, -0.0006270208785891518]
[-0.005186727137465208, 0.0006111308701914064]
[-0.00542041683665298, -0.0024687121451213434]
[-0.0029999305529927467, 0.00041019673878214813]
[-0.0033993340883355927, 0.00423171210973701]
[0.004384135183351387, -0.00031632246706955747]
[0.0009251870363114617, 0.002509286662124202]
[-0.004828924842840143, 0.005190127705444789]
[-0.0027158986705053956, -0.0034356449670034095]
[-0.0026074461808762994, 0.0013523318612135155]
[-0.0067597803175283855, 0.0017778792101351693]
[-0.0016712239879534962, -0.0028011057639768383]
[-0.0015079051423432799, 0.0029847282225833327]
[-0.0002470046032838624, 0.004769128576288251]
[0.00036848475350681476, -0.0007522330683826656]
[-0.0003250388692651318, 0.0007901904027011186]
[-0.004068016251760287, 0.0003368143313861316]
[-0.0042579547733888334, 0.0023992061394373654]
[-0.0033495096146740067, 0.0020167449934628823]
[-0.0005549396943673734, 0.0018293697025580369]
[-0.0025119573987499866, 0.001645016812507713]
[-0.0025921071622421465, -0.0009079445941203579]
[-0.0019263340454086508, 0.0007909314087769653]
[-0.0005423153804617886, 0.00494649782215352]
[-0.0008058946118823518, -0.0007030042811557863]
[-0.0023867414561455635, 0.0009360297774114179]
[-0.004703431034650929, 0.0005129167686675415]
[-0.003702514980388538, 0.00019138617165113947]
[-0.003228926601916482, 0.004619830705547154]
[0.0025591799971121654, 0.002269941425442762]
[0.0014924550994452335, 0.0013750053467016937]
[-0.004554985238139603, 0.003249456036723261]
[-0.0032153335969992425, -0.0033171333846643627]
[-0.003656962758701948, 0.0017431929306336719]
[-0.005017805807390974, 0.002268807987411227]
[0.0005149040005209549, -0.0009476039459408309]
[8.583035977799414e-05, 0.0039845815612394725]
[-0.0027634121226161323, 0.004023135239794674]
[-0.0007070926410574774, -0.0006668447284278109]
[-0.001177188432783527, 0.0009212548048904978]
[-0.00339858602828802, 0.0009321272541055123]
[-0.002624832672003835, 0.0010484356074374375]
[-0.002132172285457562, 0.0015218031776199226]
[-0.0024335985162495244, 0.0033175013933367005]
[-0.0012548571907766148, 0.0009310129794618364]
[-0.001675453117800818, -0.0007850650613898183]
[-0.000656914256108726, 0.0018364420624388533]
[-0.0018820576369784348, 0.003239903582596196]
[-0.0010611322681988722, -0.0007063032773736762]
[-0.002295981696780136, 0.0010677342864680844]
[-0.0041085285951022454, 0.0011236311421427142]
[-0.0025517967656217, -0.0008488099081682514]
[-0.0013322604375298475, 0.004148178690402217]
[-0.00012105299469292174, 0.003606770480145724]
[0.0024990716209007946, -0.000323357734383245]
[-0.004006465245551538, 0.001228300182778072]
[-0.002757670940950474, -0.001867287319684094]
[-0.0028711496182307894, 0.00032010584518530477]
[-0.0036555677025793265, 0.0026927766204019946]
[0.00034735928175061437, 0.0007554033651111514]
[0.0009164917779058424, 0.0026112734063437823]
[-0.003901236325005497, 0.0016932612835353147]
[-0.0008092890234323302, -0.0007022479875748722]
[-0.001955760231525966, 0.0006187891157378791]
[-0.001800829429855988, 0.0005808421523143606]
[-0.0015783872996884551, 0.00035027136241354284]
[-0.000688549072387773, 0.001673327469530278]
[-0.002834442755513422, 0.002693477901551465]
[-0.0011441679974531493, 0.0004587742466430622]
[-0.0017970229852422859, -0.00041964472700625755]
[-1.504999414173036e-05, 0.001025481873927564]
[-0.002665544911174683, 0.0008438742225253953]
[-0.0012373432757293579, -0.0007072948846847532]
[-0.0020572488998464866, 0.0009628748675949012]
[-0.002919144300305321, 0.0007626096870419069]
[-0.002104959367596193, -0.0005168487108112019]
[0.0001266685605887108, 0.0038894531601314647]
[-0.0014831374543699538, 0.002980775335553354]
[0.0015934089215537406, -0.0014956169284487675]
[-0.00338413564647623, 7.527674211538216e-05]
[-0.0026150837651151004, -0.0017174375619976173]
[-0.0021927834638963, -0.0010665628535574123]
[-0.002667626007485255, 0.002697258928631152]
[-3.130945720879186e-05, 0.001784284298226177]
[0.0012993763024232857, 0.000637963664485694]
[-0.004556729963014025, 0.0010378874059118054]
[-0.0012595048221743788, -0.00018146563013188288]
[-0.0017577945562058106, -0.000543735828858749]
[-0.0016984755079865882, 0.000574913851112413]
[-0.00011019707029037706, 0.00042194271477868917]
[8.972799604017867e-06, 0.0003163566734554202]
[-0.0031651486542484814, 0.0017686250277734045]
[-0.0014097491743637752, 0.00014632608794756807]
[-0.0018436070153972778, -0.0006888123584542771]
[0.00027280353158118387, -0.00011104107750446734]
[-0.00235076359804387, 0.00021921100615776568]
[-0.0015770733991071414, -0.00047679890578325446]
[-0.0014475413580433277, 0.0005125604085117336]
[-0.0029284082672197537, 0.000862817615717229]
[-0.0005581498335861246, -0.00013744312878816167]
[0.0010683847540360197, 0.0019952780995066977]
[-0.0022983513498541636, 0.002062872852558767]
[0.00034292013747570793, -0.0021131778389615608]
[-0.002639299996136185, -0.0013904756997585865]
[-0.0022060434748713276, -0.0014810990659873471]
[-0.000702046572390494, -0.0010337096981594684]
[-0.0016058632299859425, 0.0022750477443355954]
[-0.0002247545491117775, 0.0026090575910435176]
[-4.65519641794955e-05, -0.0005136510844052158]
[-0.0035507494600433773, -0.0001038746890898723]
[-0.00126796430677353, -0.0006408418902994831]
[-0.0009760219051558293, -0.0013375172487507109]
[-0.0017272634761733643, 0.0004372069524098965]
[0.0007209866692652889, 0.0001853795198227745]
[0.0005237142363181332, -0.0005700406037419045]
[-0.0029357458565337155, 0.0014027580406980183]
[-0.001202638837428412, 0.00010693333600392957]
[-0.0014451749125171318, -0.00021632565074451715]
[-0.0012551948458788733, -0.0006759450611284329]
[-0.0011692629537896296, -0.0007090586373800639]
[-0.0014395783987048646, -0.0005377313548467766]
[-0.0006029499825881308, 0.00042706775582748713]
[-0.002889608170498917, 0.0006924946397267057]
[8.19776940660169e-05, -0.00011980397976796286]
[0.0012843819076507413, 0.0006370038434762061]
[-0.002974039003608325, 0.0015323512589360197]
[-0.0002404542009690541, -0.0013757556005919522]
[-0.0017058656625657878, -0.0013630071453396026]
[-0.003287447820697346, -0.000968526840155067]
[0.0007597492417508872, -0.0009586605740692254]
[-0.0008309718728032982, 0.0017973819589623737]
[-0.00045172754747127824, 0.003368353459735683]
[-0.001205855430906887, -0.001213526586239102]
[-0.0031145467712430713, -0.0011763651547883336]
[-0.0017177478328305783, -0.0006448111355198891]
[-0.0006815408325931251, -0.0014728256657891691]
[-0.0010429407418243927, 0.0016928877959360641]
[0.000995123324323461, 0.0014139738024052106]
[-0.0005348662151147907, -0.0009030314856118063]
[-0.0024767738525229514, 0.0009391402695404782]
[-0.0015089970205086917, 7.654075229664159e-05]
[-0.0009005288426061978, 0.0004708414620655174]
[-0.0021452671553708717, -0.0005166307251852145]
[-0.0006526218392018217, -0.0010575097848083519]
[-0.0016055108458653787, -0.0006587883779486034]
[-0.0005754197105740134, 0.0003028056962295425]
[-0.001998451854334154, 0.0018248415778628277]
[0.00032423813953783714, 0.001523234015923837]
[0.00026656109756515584, 8.320966639675104e-05]
[-0.0031927651022390924, 0.0009191083197754371]
[-0.0011991019258039623, -0.0009272559809438488]
[-0.000480590502720344, -0.0009617788480736494]
[-0.0034351560230313563, 2.281197659040335e-05]
[0.001709054960010857, -0.0002568597101103992]
[-0.00033510133780297047, 0.0006212678153824647]
[-0.0016065888280627078, 0.0032033971672523337]
[-0.0014298948740056536, -0.0005225850437124563]
[-0.002267521921684293, -0.0005093957753247447]
[-0.0024579376746143786, 6.236182934753198e-05]
[-0.00039328903255002323, -0.0011839992336397237]
[-0.0007081595418165915, 0.0019904794896199174]
[0.0012151521385436737, 0.002359436060187445]
[-0.0010314775541033355, -0.0007381980664700472]
[-0.0015019155042262783, 0.0007520958661998978]
[-0.0014735364181210908, -0.0006837707430417395]
[-0.001646456596142959, 0.00044513121979142256]
[-0.002065612030433553, 0.00045749437164172013]
[0.00013329252171639938, -0.0002548871833788352]
[-0.0017538216025796693, -9.30716785938479e-05]
[-0.0006884226510133484, 0.0005604786844180532]
[-0.001308483855577608, 0.0020099601947498463]
[0.00020791405199041546, 0.002567533086635168]
[-0.0005364314155733158, 7.462707105471145e-05]
[-0.002438045518613305, 0.00022876665154436537]
[-0.0013038770045263326, -0.0010171873277162458]
[-0.0009244440587668629, -0.0009327558952617193]
[-0.002658602466305282, 0.001236603446206408]
[0.0021572928408030295, 0.0008198232670995065]
[-6.050612817887213e-06, 0.0003207189766542412]
[-0.002588093401878183, 0.0029726596954651324]
[-0.0014937042306273768, -0.00017565387357468265]
[-0.002002770954850408, -6.61013226938012e-05]
[-0.002867425507316043, 0.001141327674531241]
[0.0004814623721393074, -0.0011782987606337655]
[0.00012899386421111325, 0.0017041897561633698]
[-0.00023777155943426054, 0.0025015137624218656]
[-0.0007327738954466395, -0.0003361034807771099]
[-0.0012003983472752833, 0.0007001320271049216]
[-0.0014274638544056195, -0.0004461104876190905]
[-0.002047957687689811, 0.00042105420595997534]
[-0.0015001368716051205, 0.0010942181021131106]
[-0.00024580759521193596, 0.000507413577439185]
[-0.0017770090516553289, 0.0008012129924801978]
[-0.00011958311306919933, 0.00022345656019220894]
[-0.000526946763827224, 0.0016622449010374463]
[-0.0011610779912707564, 0.002717431789918602]
[-0.0004940353292041122, 0.00017194678599821017]
[-0.002283788143523993, -0.00011795330875497695]
[-0.0013317396313803354, -0.0004666076909873619]
[-0.0009264766226118326, -0.0009725356466095333]
[-0.0013802267035429583, 0.001787867669099004]
[0.0013072113433521826, 0.0020422116577710828]
[4.3826707821603694e-05, 0.00037736631395062295]
[-0.0025097683698367124, 0.0019136352196190004]
[-0.0014731930683392624, -0.00023801419613392327]
[-0.0023462037097379262, -2.8406377053147303e-05]
[-0.0024660379726546278, 0.0016832648493542123]
[0.000535910578056048, -0.0006173981208748725]
[0.0007418411161991267, 0.0014043623679147604]
[-0.001034908200715251, 0.0019674152409550807]
[-0.0001056699438883868, -0.0004399231764377655]
[-0.0013896415375393156, 0.0012502539583183411]
[-0.0015910593570791776, -7.878069183125946e-05]
[-0.0016327075985987372, -0.00018443627118902746]
[-0.0010058754282808724, 0.0011964093935114793]
[-0.000823603368814485, 0.0007959031875216949]
[-0.0014554114265890317, 0.000751670634203911]
[-0.00010101954105254385, 0.00042510461970783446]
[-7.165691836955035e-05, 0.0010629284566965533]
[-0.0018432730415620935, 0.001974162310650486]
[-1.2335528519313854e-05, -4.036359690570007e-05]
[-0.002077779131495705, 0.00020298300944551761]
[-0.001455060323156926, -0.00020019139195071728]
[-0.00048209591019388043, -0.0013181880574756298]
[-0.0005176321928643812, 0.001972089964586858]
[0.00041630708381976134, 0.0022969246523588845]
[0.00010916914895045537, -0.0003240268121562362]
[-0.0023931517237643363, 0.0013015229202259088]
[-0.0016283988392647303, -0.0006109730691596926]
[-0.0022358290745721904, -0.0006572371296032845]
[-0.0014508930793051822, 0.0019611294870791537]
[0.0004998402870508567, 0.00016965678616145258]
[0.0011912992222663371, 0.0006967016434953482]
[-0.001322037748411567, 0.0010262676795632156]
[-0.0001123060852059321, -0.0004024737834926531]
[-0.001496031626167918, 0.0007649739023386989]
[-0.0014998025960185207, -3.482043406488611e-05]
[-0.0011892009413567162, -0.0002513523445332663]
[-0.000712860807008539, 0.0005838648108813169]
[-0.0011368176207900565, 0.0002502571165146697]
[-0.0008168575530529132, 0.0007149899707858329]
[-0.0001455765840762263, 0.0006180120022758057]
[0.0004908808427459277, 0.0004558732465617041]
[-0.0018666354691794507, 0.0009649229863413974]
[-0.00012247272496902772, -0.0001396062961622896]
[-0.0019296589837156097, -0.00033272167568310085]
[-0.0014417022114315559, 0.00015382873165116495]
[-8.955541942150258e-05, -0.0010478997385041378]
[9.276639598751468e-06, 0.0012242208869523291]
[-0.00031760407359947285, 0.001648894409792094]
[0.0001587468366145428, -0.0008540664464885689]
[-0.0020712394899726205, 0.0008526008101503793]
[-0.0014097881163994408, -0.0006300175903806854]
[-0.001574173002841267, -0.0010881699513491938]
[-0.0008872624216046676, 0.001988543092986253]
[0.00012673166025826965, 0.00020155940667868077]
[0.0010150997360375835, 0.00028789427406433754]
[-0.001295010137927738, 0.0006889854694105274]
[-0.00043891767569374796, -0.0009082968364697297]
[-0.0014982464614048813, 3.990971725993664e-05]
[-0.0014976768155515532, -0.00011916114869890693]
[-0.0005910322656046546, -3.1147651492459405e-05]
[-0.0002717998090680379, 0.00019920971648838132]
[-0.0010012352020001142, 0.00010197986696192096]
[-0.000636153930955119, 0.0006008676872039376]
[-0.00042796338948480894, 0.0002839009560224176]
[0.00010654099966090486, 0.00021415921068809046]
[-0.0014343198208611185, 0.0006523361584185455]
[-0.0005118675804797017, -0.0005411109638843795]
[-0.0017347123497775674, -0.000513255893983447]
[-0.001734706015741376, 9.037388989453082e-05]
[0.0003290754976038729, -0.0006198966582351903]
[0.00048609316066442615, 0.0006516891898998289]
[-0.0003965620839032173, 0.0014344955111037366]
[-0.00011777331305427852, -0.0010767067969204291]
[-0.0018964443610209013, 0.00017220997062657867]
[-0.0019550723331083555, -0.00030343654801760767]
[-0.0006795838786791616, -0.0009136890050445295]
[-0.0005963821520938613, 0.0017106886265166946]
[-0.00016549636844686785, 0.0006179950152278152]
[0.0003432124918949335, -0.000526405257481509]
[-0.0012196982434036635, 0.00031193716883278627]
[-0.0006827978830485047, -0.0010136875621311846]
[-0.0006119746951642694, -0.00016840160825585399]
[-0.001271062388864189, 0.0001508924393721009]
[-0.00039532710539820146, 4.9009778262783243e-05]
[-0.0005630218073949811, 4.780220696285614e-05]
[-0.0007410620831526868, 0.0001091169849809677]
[-0.0007404553040471851, 0.0005710496302600964]
[-0.0003534639041370422, 0.0002668719702816555]
[-0.00035600669261920577, -0.0003514363622764277]
[-0.0012028084629586667, 0.00041471765939175495]
[-0.0007386629580610066, -0.0006657308250687076]
[-0.0007212220188403005, -0.0004733929266543674]
[-0.0014765256451665936, 0.0004497654561348976]
[0.0003194171021393688, -0.0003509952720667092]
[0.00041416940418738347, 0.0003315803064542376]
[-0.0004952917514982232, 0.0011641704776000012]
[-0.0006665084207107541, -0.0009255712892139271]
[-0.0012458796683915323, -0.00020357404261774417]
[-0.002133172081579945, -0.00015576194438922733]
[-0.0003419426889863875, -0.0004122849723084167]
[-0.00020145288351945852, 0.0013312383449372751]
[7.370731656062592e-05, 0.0008436105664824337]
[2.6756793518111638e-05, -0.0006615196928796904]
[-0.001247054031064716, -9.474023300459419e-05]
[-0.0010359200406099764, -0.0006970353048436594]
[-0.00015549215016306267, -0.0002135171199017516]
[-0.0012208360491163216, 0.0006129041984650127]
[1.2658685614185677e-05, 0.0003027915532884222]
[-0.0007681503375737229, -0.0001669653225921594]
[-0.0010636728396958648, 0.00043052830637705167]
[-0.0006667965933011243, 0.0005027994910444741]
[-1.3491230693274403e-05, 0.0002772500771064529]
[-0.0005809165403497657, -0.00018653738867279585]
[-0.0009752238757888432, 0.0002637782427128907]
[-0.0009954927900155848, -0.0004898410732424446]
[-0.0005394186775105544, -0.0001294416810910179]
[-0.0013808890046017042, 0.0010552105521916336]
[0.0004528725892406077, -6.457334249392738e-05]
[0.00014467331690686674, -4.6598798191077595e-05]
[-0.0011046651403805452, 0.0012252200255972456]
[-0.0009352975242640643, -0.0006600373109556731]
[-0.0006164444968063988, -0.00020174909851389256]
[-0.0020660143585651686, 0.0005805358256078183]
[-2.0853073616926288e-05, 5.107601790260707e-06]
[6.09451104794656e-05, 0.0009199340858278282]
[-0.000537702217132556, 0.0013824137043555312]
[-0.0005260154248324447, -0.00029949522083375785]
[-0.0009595525704380742, -0.0005940650840354916]
[-0.0013338206151716075, -0.00036358053688134023]
[-0.00022355652108065754, 0.0001875361262553346]
[-0.0008120674195895503, 0.0008338330241829464]
[0.0001557479472836451, 0.0008973518129701402]
[-0.0009463558195449626, 0.0001912070523803419]
[-0.0011384466089607859, 0.00029539714247553417]
[-0.0004899896491932718, 0.00034361937467190795]
[-0.00019763416198860517, 0.0007532837152459809]
[-0.0008708651068791012, 0.00017933816235867622]
[-0.000592584310785356, -0.00011186959293316145]
[-0.0010960876647967688, -0.00025581272785704656]
[-0.0007377594309487395, 0.00032692704951957363]
[-0.0007611247614654482, 0.00116111913687552]
[0.0004435894433862525, 0.0005762630048454578]
[-0.00018695967311541106, 6.0365259080243094e-05]
[-0.001372891526946557, 0.0006568586907268262]
[-0.000873379477116118, -0.0004246451386051911]
[-0.0002370163935485614, 0.0002655982388402589]
[-0.0017482611325945613, 0.0010203910223564247]
[0.0002710880341942612, 6.499658442463141e-05]
[0.00021400960432388372, 0.0004830424886708498]
[-0.001357404287446795, 0.001512500708898211]
[-0.0003738944947789119, -0.0002639284736503378]
[-0.0005907608102560247, -0.0005612996719430649]
[-0.001481545806074, 0.00020225142687749914]
[-0.00017707391494546643, 2.883347784281287e-05]
[-0.00024300555783676736, 0.0009050040625762715]
[4.9878720950191635e-06, 0.0016228960149533359]
[-0.0008171528551216695, 0.0002465055149467113]
[-0.0009982653451183487, -0.00019693832801175037]
[-0.0005237668363900772, 0.00010753639696072653]
[-0.0007257423668671492, 0.000741214623177236]
[-0.00035514034094406843, 0.00032008165881103334]
[-0.00028559314056492147, 8.454045797262263e-05]
[-0.0011248647128652839, 9.355602737794871e-05]
[-0.0009083746243501306, 8.71834697853402e-05]
[-0.00022197053378261722, 0.001125650534467601]
[8.510951314850967e-05, 0.0013019446436790087]
[-0.0002679978029175162, 0.00010676918482561276]
[-0.0012757437893804041, -0.00015108860134826346]
[-0.0010446308180669939, -0.00040223340246135254]
[-0.00045759930682062744, 0.00021477949401968455]
[-0.0007166097429166934, 0.0012759405595651266]
[0.0003514278768696477, 0.0006910901588203337]
[0.00022838615616681268, 0.0002118080939502963]
[-0.002137723163519234, 0.0007863734979124681]
[-0.00042171447092423375, -0.00016042564734043783]
[-0.00042754202618563997, -0.00017882983287413265]
[-0.0013284618827363315, 0.0007755961402758273]
[8.730255495412176e-05, -0.00022409379624119177]
[-0.00010543240249775987, 0.00047685110387761694]
[-0.00077774770086117, 0.0015457780244660041]
[-0.00023644603348284277, 0.0002775930307983218]
[-0.0007287396910802546, -8.599857983688022e-05]
[-0.0004966559859418546, 9.732111082141545e-05]
[-0.0013426187547195823, 0.00015807587600360877]
[-0.00019106148560192604, 0.0003930522111921242]
[-0.000155673881662044, 0.0005520591414328695]
[-0.0009653439305147143, 0.0004793686420923801]
[-0.0006236167272478804, -0.00013869231175863556]
[-0.00016312754029909615, 0.0005039518566567688]
[-0.0007642303968113523, 0.0012312808785421882]
[-6.81310484843961e-05, 1.974960359863928e-05]
[-0.0007589847135419936, -0.0004259980815607481]
[-0.0009170122122862528, -0.00015993929112301936]
[-0.0007797971379209512, -8.951556736970512e-05]
[-0.0001621036831680328, 0.0011480265405755946]
[0.00022762226351767667, 0.0013565610916970033]
[0.00015473212399280678, 6.128679602152021e-05]
[-0.0019604930202882093, 0.00012990313538246284]
[-0.0007619215156777909, -0.0005440314006799826]
[-0.0006459094757320649, -0.0002625276750796435]
[-0.0009274773550409787, 0.0008377783946538278]
[0.0006687449763315978, -0.00012985639497144208]
[0.00022825906191557832, 0.0002526764360751277]
[-0.0014491461354360358, 0.0011322883219403307]
[-8.609963349247296e-05, -2.095634482979919e-05]
[-0.0006104686965264783, 0.00019009533519977195]
[-0.0006199851849095772, 0.00022396649476847524]
[-0.0009027434543518176, -0.00030520053574997763]
[-0.000279516387283657, -1.0248535433021733e-05]
[-0.0004328885637481794, 0.0006037596123298627]
[-0.0006806802841042431, 0.0002872793203056445]
[-3.0038089131448342e-05, -0.00020911658634682057]
[-2.105182456713789e-05, 0.00017734660921680384]
[-0.0014004815386172292, 0.0007707464328897545]
[-5.155369288635525e-05, -0.00019404809705561576]
[-0.0005698185043569934, -0.0003108622298021724]
[-0.0009795826181532297, 0.00022541749019803353]
[-0.00017142461245190505, -0.00039321475550207347]
[5.592455044589606e-05, 0.0006599559886642167]
[-0.0003612415593050797, 0.0015794696486829199]
[0.00010384793347599508, -0.0004066741374515598]
[-0.0013732567283320368, -0.00047530571289022133]
[-0.0009742233542803166, -0.0005368150056413307]
[-0.0007563006541060416, -0.0006222624560325921]
[-0.0005108111957213279, 0.0008470768841971898]
[0.0006195120523631234, 0.0003993044421450667]
[0.00019523344548572769, 0.00024424218139663945]
[-0.0012391057634618188, 0.00046551777430173247]
[-0.0002446149508674063, -0.00032724898593886054]
[-0.000801633169852177, 0.0003272184358934921]
[-0.0006440405130318065, 0.0001446345838113025]
[-0.00031406521321266506, -0.0006749038363977403]
[-0.0002968056553931467, -9.986241983640787e-05]
[-0.0006507090599382898, 0.00026767574194271754]
[-0.00042113141614183447, 0.00015205887149628838]
[5.758920917049021e-06, 0.00026927563807695176]
[-0.00017776574083532004, 0.00017248658396266936]
[-0.0013143983505327292, 9.436601108754605e-05]
[-0.00031743872320154007, -0.0002574027716844389]
[-0.0004876488797401629, -0.0001089187041011172]
[-0.0009501482229689086, 0.00031476094829358675]
[0.00034734477392113494, -0.0004560274382424262]
[0.00017025959925243486, 0.00041472442108456825]
[-0.0008234952607806666, 0.001264622465507334]
[6.211463070353654e-06, -0.0007410676274600403]
[-0.001065163193279442, -0.0003200360004823391]
[-0.001276052589734138, -0.00025660265761899906]
[-0.0004292615616029241, -0.0009149742660361747]
[-0.00042470176319748826, 0.0009343358502489074]
[0.0004891423669214443, 0.0009229090827638231]
[9.960117226927127e-05, -7.824540380017495e-05]
[-0.000898664934859135, 0.00016964778998478092]
[-0.0005943765292312575, -0.0003719557447281509]
[-0.000891644821342328, 6.222775032296846e-05]
[-0.0005689586171657912, 0.00010866978626284524]
[5.383714140753948e-05, -0.0002499584989711194]
[-0.00040005847138326056, -0.00013719221322700762]
[-0.0005609087171524578, 2.5378855804572553e-05]
[-0.0005504711028274652, 0.00020458845817162988]
[-2.3459474390807e-05, 0.0006854204542486066]
[-0.00031151254947395625, -7.444670653148147e-07]
[-0.0009163842552786642, -0.000106789175410561]
[-0.0007412618673915822, -0.0002441463063137198]
[-0.0004930183844928044, -0.00025879798138271973]
[-0.0008015392446460478, 0.0004597344032744224]
[0.0006661693913770465, 0.00010373462667176599]
[0.000262006611531947, 0.00014475044354987816]
[-0.0009773646185126973, 0.0008892871579447518]
[-0.00040895775167365447, -0.0007673242064405346]
[-0.0008371532967226649, -0.00015321771302703215]
[-0.0013518211238370877, 7.682351993583067e-05]
[0.0001326072499539012, -0.000774780420537486]
[-0.0004075771194152547, 0.0008402912044116508]
[7.494564795897107e-05, 0.0009238367377918978]
[-1.5187905722226225e-05, -0.0001940774646941347]
[-0.0005966943123273429, 0.0002876714109175914]
[-0.0006557073708956442, -0.00030421665130913114]
[-0.0007744808351797666, -0.00022435566613719649]
[-0.0005866911919432862, 0.00024074693472393716]
[0.00016037643698285815, 0.00011673939373381056]
[-0.0003614609799970324, 5.159313629703177e-06]
[-0.00024365813869432588, 8.241757411923956e-07]
[-0.0006181540274422734, 0.00020167695117399853]
[-0.00035320896755522066, 0.0006284367417288272]
[-0.0004623708533224996, -6.990720862368183e-06]
[-0.0005604482148679965, -1.718590080505844e-05]
[-0.0007079655740994638, -7.539384623501261e-05]
[-0.00044629297501057666, -0.00034952888535164095]
[-0.0006483329980341117, 0.0006264625660050704]
[0.0006112449764637748, 0.00046192185170770145]
[0.00039582856686776885, 8.945628556307483e-05]
[-0.0008515511971790395, 0.0006716946937017909]
[-0.0006807100412673656, -0.0006206997787685936]
[-0.0008963221643039053, -0.00022526670493954598]
[-0.001433364575211142, 0.00035747528388437727]
[0.0004668736220019426, -0.00039174611700140693]
[-5.2307041817641065e-05, 0.000826465815471425]
[-0.00027359523868401847, 0.0009652779689596075]
[-0.00018918471036354773, -0.00028513673219803665]
[-0.0006174532313789546, 0.0002660488810660028]
[-0.0006156540200613833, -2.1274600406372135e-05]
[-0.00042515281394892024, -0.0002580891669324778]
[-0.00045950178600537295, 0.0004884965544188699]
[-0.0001258996832069828, 0.0003618610270854708]
[-0.0005485431809651026, -4.115275736022578e-05]
[-0.0001679354514473666, 0.00012782818536041102]
[-0.0004891025296087856, 0.0003111797054864279]
[-0.0004743560040426434, 0.0006830478337174276]
[-0.0005570493150922548, -4.04151643417644e-05]
[-0.0005798217936937092, 0.00011508135277193965]
[-0.0006526557960584156, 0.00014001970205476666]
[-0.0002081488255575581, -0.00032705020444770416]
[-0.00038153084164703477, 0.0009410584756929519]
[0.00021126794292773698, 0.0007476736453365385]
[0.0001967170726926426, -0.00018212992457199845]
[-0.0009000647632918246, 0.0005562985212761717]
[-0.0008418234375289629, -0.000403361172889298]
[-0.0006941635513617594, -0.00017742286566087284]
[-0.0012516598775504373, 0.0005500146234386633]
[0.00040027760174134175, 8.321670320189656e-05]
[0.00021844843260790392, 0.000614686309694551]
[-0.00042885982612717033, 0.0007949280103881351]
[-0.000259026685681632, -3.4649830543024424e-05]
[-0.0007327632450318394, 0.00022010467443134285]
[-0.0006997994463630725, 7.720877046027072e-05]
[-0.00030923894269338503, -0.0001450647781731651]
[-0.0002803787265628077, 0.0005230816450675288]
[-0.00020374116965778122, 0.00049380152068252]
[-0.0005332658556534003, -7.758541545557426e-05]
[-0.00023025132352373634, 0.0002732803982211582]
[-0.00025131211379704477, 0.00016653971768856857]
[-0.0004753614369472636, 0.00043803139978270886]
[-0.000475495225095629, 0.0002313044575438291]
[-0.0005780933141020517, 0.00015640049240094045]
[-0.000647209446730912, 0.00019692481200140471]
[-0.00025748881176296257, -0.0002376765179353344]
[-4.579912031847655e-05, 0.0009128335405582215]
[2.5592685246003666e-05, 0.0008001040014079929]
[6.700270034462608e-05, -0.0003863925739491835]
[-0.0008598869727456937, 0.00042548486902639453]
[-0.000692827943634261, -0.00040967185122336557]
[-0.0005245498396302811, -0.00032901283763368903]
[-0.0008715239221976645, 0.0009276035631479414]
[0.00033916164508959734, 0.0003117018715194956]
[0.0002999185255280895, 0.00025237572719172176]
[-0.0008250901639604707, 0.0006244799597248428]
[-0.0002530319488825983, 3.540841270080822e-05]
[-0.0006515846899934757, 4.59194342494508e-05]
[-0.0007029536370943418, 0.00017132108231301783]
[-0.00012279540845884507, -1.0544991035477125e-05]
[9.762481026726055e-05, 0.00024261614114837703]
[-0.0004485773067051113, 0.00044894108877328864]
[-0.0004544285382754032, 0.00015972242543338053]
[-0.0002188873885047432, 0.00011464596745742496]
[-0.00021310541435587416, -1.5456239918353043e-05]
[-0.0006626130196356328, 0.0003499173394404323]
[-0.0003676530593618582, 0.0003118314519632813]
[-0.0006239438291741478, 0.00014506580545309983]
[-0.0006897876657173257, 0.0002982116843331488]
[-0.00016457413381409935, -0.00016259519148304272]
[0.0003496084415070405, 0.0005330542232014311]
[-0.0003203603523549009, 0.000758264871926536]
[-9.846676356280171e-05, -0.00026698059171910427]
[-0.0007611016582955848, 6.553494398627707e-05]
[-0.0007351899435409509, -0.0003291757624116591]
[-0.00046327016635812346, -0.00029557935416196085]
[-0.0004668818827434501, 0.0009548611462814396]
[3.915463322881618e-05, 0.0005614411309242257]
[9.128073250685986e-05, 7.464527507163032e-05]
[-0.0009081751668395949, 0.00033950494300124395]
[-0.00015766274094017318, -0.00013983850236290452]
[-0.0005913199005708469, -3.803238747793203e-05]
[-0.0006554675685697536, 0.00041646356678942675]
[-9.878757173953367e-07, -1.5877833964075827e-06]
[0.00012052606496060908, 3.4714932825537226e-05]
[-0.0006538601914871239, 0.00031882916093974034]
[-0.00028380889128534065, 0.00010437007574145424]
[-0.0003188600989365853, 0.00013290106957718206]
[-0.00044950659323381853, -3.299797898752982e-05]
[-0.0005392102783557395, 0.00016489962230521737]
[-0.00015718885036757752, 0.00015339535701483498]
[-0.0006088726773857273, 0.0002134458300554823]
[-0.0006228072639740748, 0.0004136052519148406]
[-2.5638959040973075e-05, -0.00017553598023775652]
[0.0003142813162663252, 0.0001844583453026738]
[-0.0005424468993337275, 0.0005010703924924545]
[-6.54009634335484e-05, -0.00032297561987269796]
[-0.0006369029958048639, -3.062343798918704e-05]
[-0.0009410078326985635, -0.00021991209296024633]
[-0.0001794541469001959, -0.000339060859730185]
[-1.943961486055093e-05, 0.0007290996326231522]
[-0.00017984873375613553, 0.0007927130479806199]
[-4.2137391790011275e-05, -6.883694763779036e-05]
[-0.000750708335954059, -2.5252529851665928e-05]
[-0.00038109819260422756, -0.00028406374388753597]
[-0.00043585831648674384, -0.0002590107434797054]
[-0.0003593607710029867, 0.000492071960474412]
[5.887454092527028e-05, 0.00023942593144274382]
[-5.2030845064381104e-05, -0.0002170145353822539]
[-0.000680306709109596, 2.5016850390399692e-05]
[-0.0001264504656067686, -1.2428729525459231e-05]
[-0.0002764798389508147, 0.00020818926298667856]
[-0.0005246206703053927, 5.083135776776798e-05]
[-0.00028833525997837284, 5.810664507964469e-06]
[-0.00027170533086809216, -3.892270503701861e-05]
[-0.0005676465742473283, 4.236709666016747e-05]
[-0.00039203968313575657, 0.0004644680999828267]
[1.4898030059684944e-05, 3.5205217931565114e-05]
[0.00012142901267037272, -0.0001411540823519318]
[-0.0006666112241812648, 0.00011395989920878757]
[-9.353802944607123e-05, -0.0003200564972483909]
[-0.0004428358220440586, -4.115926288553867e-05]
[-0.0009031702649069835, 0.00011031163817409179]
[0.00010442942580681305, -0.00020021891823278]
[6.543723379789576e-06, 0.0004142319535313209]
[-0.0004545751072005579, 0.0006348723400766768]
[-0.00011070002247065558, -9.659550350910907e-05]
[-0.0005902541099757274, -0.00012696453460983234]
[-0.0006096532367010563, -0.0003062711097540872]
[-0.0002972835901768481, -0.00043865560093813913]
[-0.00014018701935710831, 0.0004909308775727771]
[-7.662691996023277e-06, 0.0004455830496343967]
[-0.0001048879916769759, -8.439114790911775e-05]
[-0.0005474026992155902, -2.530119406944642e-05]
[-0.00032063061537226153, -0.00016414016944145708]
[-0.0003342451268758895, 2.3767408655526144e-05]
[-0.0005519266729739096, 0.00021287791029100164]
[-3.532843577863914e-05, 0.00011017967487300098]
[-0.0003538487896550418, -0.00012698900438088204]
