[331.06853580306444, 506.44849806173255]
[40.72867099764351, 49.306005690419184]
[-12.250944354295704, 5.31709337816023]
[-5.223569730226779, -10.149132107378506]
[2.11162005968547, -4.864548204065199]
[8.723084881099243, -18.80380837079839]
[1.7751547733841253, -1.6733587142140047]
[2.38133283859401, -4.088446878314618]
[-3.057240075687356, -3.438203461440623]
[-3.3310475329761284, -3.8348494241558244]
[-5.7483051973655686, -2.375055240231391]
[0.029258067350608652, -2.810643897299669]
[-4.382209443521621, -1.6392775069601537]
[1.6619093693591633, -2.7358092529129943]
[-4.354673905566571, -1.9279116027834817]
[4.547283744095657, -3.3376446476431765]
[-3.523900519961532, -0.054185926000159146]
[3.0468026882309536, -0.482309536648053]
[-3.2597754512101336, -0.7486754852443402]
[3.252018941861528, 0.5099753440552925]
[-2.372712015606881, -1.1301872481769206]
[1.7782842692362415, 4.5147346436594695]
[-2.73207872139979, -2.2946672798057186]
[3.216056848044195, 0.4340546670802121]
[-0.973990642916764, 0.40912832499745155]
[-1.7683547017456358, 1.2529173184974702]
[-3.641234501223412, -0.019116463359012847]
[2.2257234469769265, 2.4505837785236286]
[-1.6446239877477744, -0.06088282568721848]
[1.078309228862595, 0.6436365471539034]
[-1.0902082062025586, 0.9405635836831587]
[1.5277889629126533, -0.5761681292382939]
[-0.360473605104791, 0.09053500184746355]
[0.8224165594306828, 0.37186129575877214]
[-1.0488752803899386, -1.2229050667393109]
[0.10820572563110731, -0.5028586961000174]
[-1.5696674034434812, -0.34160849580288666]
[1.0390081907421926, -0.3637355660345225]
[-0.8707746840164239, -0.5603819964782191]
[1.118294194411408, 0.04253265481853141]
[-1.1347648435319115, -0.5786467768671095]
[0.9997091757097472, 0.01985581870597919]
[-0.8303870177767667, -0.6756717126225436]
[0.6180864154310588, -0.33108175761129743]
[-0.12430587170180196, -0.4698641444126545]
[1.1407043245172912, -0.43415664993674064]
[-0.5547224914755793, -0.958346257392171]
[1.05794830033018, 0.4303377163986202]
[-0.9419695092207698, 0.5765868406356635]
[1.237597197349793, 0.12211053901042401]
[-1.9489834302011824, -1.143435338309603]
[1.1641164394967776, 0.2455386090036722]
[-0.573585118411776, -0.3270734549982799]
[0.8629984506002941, 0.32999387387356993]
[-1.1798028496346342, -0.020895239746187677]
[0.8352707712719432, 0.3965078626035474]
[-1.2903450477006722, 0.18366982818876232]
[0.5293674025349677, 0.824710904252365]
[-0.8023272837891549, 0.1677688870627907]
[0.327013107901561, 0.6552726746079429]
[-1.0208965780406904, 0.38747197212768625]
[0.5661507282962779, 0.6441699741735283]
[-0.689792699863955, 0.23657253861314942]
[0.24102542737633925, 0.5180576326111739]
[-0.8441410815858061, 0.357266662943474]
[0.157487632417316, 0.08026871649049472]
[-0.40851808893147457, 0.45184342584462733]
[0.01882389538567475, 0.20047385044187926]
[-0.2915143391013695, 0.12276790452500519]
[-0.1344598956952341, -0.02047757564338104]
[-0.3720608863293471, 0.06074473819337767]
[0.1368478721218911, 0.11411496233296026]
[-0.1714896923821314, -0.11675753633020669]
[0.10723555688719788, -0.2316919169891869]
[-0.2438775582940491, -0.2942990541400561]
[0.14591121472285495, -0.1745835607876911]
[-0.18029473535343588, -0.1055315069470546]
[0.49100491771614907, -0.3108680345684194]
[-0.2196682009527069, -0.2131000096735245]
[0.5295354274414175, -0.32324799204750043]
[-0.4191103453295102, -0.08648928098143394]
[0.49601811935721507, -0.2329222315810302]
[-0.16215208176077578, 0.05264843791346818]
[0.6760570000779547, -0.2583988704859026]
[-0.3647549679166553, -0.2877353181701592]
[0.6907501425291938, -0.10635595244774287]
[-0.5055511308899181, -0.33836742384927243]
[0.5578673986952181, -0.04557311179232171]
[-0.5642491320837468, -0.14037862985308047]
[0.654407448625768, -0.024776103151621376]
[-0.3355890580300209, -0.06535539260085521]
[0.5534099225662978, 0.23251217481497366]
[-0.38922351513641296, 0.031539355448984896]
[0.268488053530926, 0.27244777445114776]
[-0.4538587136858889, 0.03250086134437247]
[0.2918650246323198, 0.07806724978290824]
[-0.3738186419317351, 0.08130670315663124]
[0.38581433588142877, 0.20090223587988598]
[-0.26788181626718544, -0.08804575827822214]
[0.3414553714152113, -0.023154719276713864]
[-0.26059840824725367, 0.12001137812818818]
[0.19647900218152348, 0.08509287913495134]
[-0.2557650796121278, -0.05967444360571639]
[0.11733766587590955, 0.04316073564417494]
[-0.27240692218007123, -0.06892335864096966]
[0.2951607090747772, 0.0305848458488521]
[-0.16847171161188723, -0.032130959586600394]
[0.3090181885032033, 0.028836830754897888]
[-0.2803428367441816, -0.18421111079310526]
[0.28565182988688553, -0.09041469349191944]
[-0.2175826627138599, -0.12518130929161764]
[0.3802174535872176, -0.14163350608397485]
[-0.2373373868041923, -0.20045567065188585]
[0.3945950442983852, -0.14424692047867776]
[-0.3384484610613353, -0.15385077009844395]
[0.5305756915536155, 0.0088734526632131]
[-0.4758340053035226, -0.08458967066151812]
[0.441289473092898, -0.042955290667022084]
[-0.407875026818594, -0.15231494144190494]
[0.5351757896828666, 0.03571519710782328]
[-0.46722375709912295, -0.09191239409238117]
[0.40050069708619485, 0.08794948785228623]
[-0.3312623657308208, -0.03549776536482829]
[0.48594918066459325, 0.2382138379944706]
[-0.47524803968088614, 0.11520475667300456]
[0.397383618757994, 0.21603508784368253]
[-0.36398930144910757, 0.0430970482923938]
[0.2340400387202226, 0.26217651068174486]
[-0.28534529467280434, 0.16850105009994798]
[0.2805617682471304, 0.31614838628945463]
[-0.25553037858111144, 0.2346685901659722]
[0.16297997594878155, 0.28313789548517543]
[-0.2110637277386569, 0.19155709275256938]
[-0.01507284030037015, 0.2045943358083827]
[-0.06836762015415074, 0.2659523474424734]
[0.05796474119538175, 0.12373449181685142]
[-0.027788470521343145, 0.07672845865767586]
[-0.005754394231580751, 0.09711748722028218]
[-0.10435492862807644, 0.04175898625240304]
[0.037121370438026546, 0.003957352082020693]
[-0.01896024099606189, 0.06025692804464722]
[0.008297659151526526, -0.026832850848592327]
[-0.01696096253378826, -0.016445445506803602]
[0.05043112976483527, -0.05912074105089177]
[-0.027038278588444514, -0.08849834125901684]
[0.04121481215766071, -0.1133396278500848]
[-0.10737391838306945, -0.13165812329747678]
[0.1663676101370107, -0.1823638355742176]
[-0.06633458490924343, -0.15876517222394046]
[0.21076923867172093, -0.20711351029462532]
[-0.10241130126577695, -0.14649954421043068]
[0.2499820159370146, -0.07984800371739775]
[-0.1994844565350261, -0.19983754105811308]
[0.3095600153478063, -0.0558363426154847]
[-0.23415547912117574, -0.2181314229493284]
[0.304541424470275, -0.08447387444161442]
[-0.24937371983648815, -0.13696508499233878]
[0.30488983723408414, 0.03120147417196012]
[-0.2856236479484944, -0.09082698287495264]
[0.3266766275972529, 0.024888518089094203]
[-0.2653149827149896, -0.07406606003513694]
[0.25108845391912094, 0.05058533934762571]
[-0.25017600892402836, -0.010416431884414157]
[0.24156833253459675, 0.05205660155528863]
[-0.23511299742995562, -0.009030022838223128]
[0.24450993261430848, 0.09099776762380518]
[-0.20505326603187546, 0.025864249228109815]
[0.16375137450096325, 0.08970176427435428]
[-0.2088722854182904, 0.04695925977124715]
[0.1632146528704005, 0.045149217657221796]
[-0.1613760924682801, 0.02471954237184759]
[0.0836505212007484, 0.025949800679135437]
[-0.14072111041317203, -0.001279153332869154]
[0.13613621049671754, -0.005908849424367535]
[-0.08756137907022576, -0.030418859666904885]
[0.1299597444951502, -0.032952243778449075]
[-0.12348215930971917, -0.06173877821279511]
[0.10733752615323242, -0.059482313356366]
[-0.12408843252309054, -0.10947075848893656]
[0.15860822774352457, -0.08101218035778768]
[-0.1534644512355452, -0.08654762746220995]
[0.21758395062757635, -0.03913037111657891]
[-0.20453386142031027, -0.11682440543288347]
[0.2571112003660679, -0.06927817031293149]
[-0.1987320807238977, -0.12000188459911515]
[0.2641868398052223, -0.036283796923501255]
[-0.23013277707951763, -0.08365794376919394]
[0.3130239197510881, -0.04793891829304742]
[-0.25125252666626774, -0.10899910214920883]
[0.32219615067632335, 0.06937507614923621]
[-0.31766101497355637, -0.04583559329142367]
[0.3435868119535038, 0.11384186745406866]
[-0.3350383882984298, -0.01909416804479247]
[0.28720034421443463, 0.1396200101459888]
[-0.2852164633112291, 0.021033868599322353]
[0.25456970119586614, 0.1439140571198425]
[-0.2804260552348983, 0.04724952355779099]
[0.1663972770723895, 0.1915184787433888]
[-0.2359810841723482, 0.11085463659142775]
[0.16118924529376927, 0.18738327532484256]
[-0.2171523372829467, 0.13686065375204828]
[0.11794950950202376, 0.17522609090238261]
[-0.13953957268109374, 0.09567753939525336]
[0.053719069615015824, 0.1643267774663173]
[-0.13431001378593654, 0.10992687381957694]
[0.047027126960033194, 0.13769813033177192]
[-0.10552960983428528, 0.07081526497835583]
[0.004565774061262351, 0.058699432165522314]
[-0.03771969505483419, 0.06805822492431818]
[-0.004488666977519373, 0.05524808473444831]
[-0.04311393298189414, 0.0688554354709916]
[-0.020712771671178576, 0.011891101549007743]
[-0.029639818841671994, 0.019829306146562087]
[0.027729120064618362, -0.034548274148544555]
[-0.03320066601632754, -0.0537095560118831]
[0.0519399483534444, -0.05946369491790904]
[-0.042088774405793394, -0.0490388541231096]
[0.07920191965818657, -0.08626729758546392]
[-0.06869155136555061, -0.09031140517024938]
[0.12560761114320607, -0.08537648193996406]
[-0.12173912493941885, -0.06887937811499312]
[0.14438018679921694, -0.06541782130346996]
[-0.13568336175235896, -0.10762574036955364]
[0.17526025578726934, -0.062045003566809864]
[-0.15667569144537463, -0.08215383454620462]
[0.18859457353059716, -0.02384639459843374]
[-0.17134173202679226, -0.060223215897746374]
[0.18947910955813407, -0.0019402654612536985]
[-0.22079098143541942, -0.06952470057912308]
[0.20384372596183464, 0.010962388258341837]
[-0.18296802618216979, -0.048420834513992705]
[0.1642759387200674, 0.049584503510448075]
[-0.17852096627345615, 0.005592615202816509]
[0.16537374694499873, 0.0668059452414399]
[-0.1690259674229715, 0.026209374444322364]
[0.13223213289945424, 0.07785203591089906]
[-0.1328788202706188, 0.008902197314573534]
[0.1049843313209271, 0.051700362782797105]
[-0.12700917291681957, 0.02176709967031587]
[0.10264652955486953, 0.04415732519489135]
[-0.09807039651738292, -0.003841053480964307]
[0.09689528016727422, 0.008972494989857194]
[-0.07844991767193188, -0.014041152578218474]
[0.08758280158170262, 0.005229708152473367]
[-0.0970151558067377, -0.023820767271674148]
[0.07556407831377077, -0.03969021411108098]
[-0.07250161774310138, -0.042797081529538206]
[0.09585078207829123, -0.0393117489294178]
[-0.113375457982685, -0.0749543118600906]
[0.13598707365095097, -0.04416993491179483]
[-0.10974234824395046, -0.0693186518882638]
[0.15806806802759632, -0.08156522232046956]
[-0.1275498415922106, -0.0968145211259388]
[0.17940686045041176, -0.06132037809256374]
[-0.147752586058775, -0.09661882210931472]
[0.20085208816781908, -0.021509151612102595]
[-0.19068085424593956, -0.07579859346973072]
[0.22830552334581977, -0.012238652023938326]
[-0.21669959972656289, -0.06625314409972471]
[0.22414662940231111, 0.038880101316275006]
[-0.22444408274807714, -0.03988608410092165]
[0.22709972816399637, 0.08368196607938605]
[-0.23580572640136688, -0.004783332221279135]
[0.1914121698975948, 0.07082835279420963]
[-0.20877584427583465, 0.03071791827103376]
[0.17947572811949974, 0.13066274192391208]
[-0.20252336656885467, 0.05691493361142275]
[0.15386732860173968, 0.12888661538787896]
[-0.18917887799186925, 0.07060456909874513]
[0.12972566881169656, 0.14354622581671583]
[-0.15036199515567455, 0.09870321847101327]
[0.09612346432735452, 0.12953152812181526]
[-0.1311144120337919, 0.09118193002448982]
[0.057476816673275866, 0.12545162545334324]
[-0.08452967119472034, 0.10041038333983698]
[0.03152723912680511, 0.10511021888372091]
[-0.06230964117300727, 0.07116498659293435]
[0.0018708693496742868, 0.0563756305883972]
[-0.035795771630951184, 0.06182766660331884]
[0.010276814200369522, 0.03340010639115065]
[-0.021625424859180495, 0.02282713120959179]
[0.017155841406016004, -0.009519591533645427]
[-0.01081824503056003, -0.013411173805704335]
[0.01758167123017551, -0.01642968390657404]
[-0.01901451986233582, -0.02574134228427344]
[0.0366126837811111, -0.042926713973212544]
[-0.016149253694516835, -0.04883872404583639]
[0.07277955561116789, -0.06416712719380538]
[-0.05915833869414146, -0.07862350886048625]
[0.09355126095107091, -0.061383227543256064]
[-0.06340857734642105, -0.08385745385238458]
[0.11950287549223204, -0.0642135586521344]
[-0.0867060750006412, -0.08168972114387615]
[0.14223487792547398, -0.03530924218854353]
[-0.10764296137060367, -0.06794892203769795]
[0.1551062293629022, -0.015412100977621246]
[-0.13965192651581648, -0.06674727057387991]
[0.1483201736846127, -0.001120895240354497]
[-0.14441764485943354, -0.043837463750255684]
[0.14714546534902323, 0.0272368379888189]
[-0.1388837154950665, -0.024577031707118252]
[0.12586242600586894, 0.03665428111481006]
[-0.13976756352793154, 0.012508434957936132]
[0.12567045828780485, 0.0338820150574594]
[-0.11342310135223668, -0.007130204266081579]
[0.09506229865732821, 0.04361314400394034]
[-0.10365778816185717, 0.006112562084027773]
[0.07842986814599187, 0.046788233899310916]
[-0.10096037595304898, 0.010516870004869214]
[0.07751543797636687, 0.03096215942541322]
[-0.0787857377928302, -0.009244522361520582]
[0.0663326558796542, 0.00718134500392878]
[-0.06173514913992678, -0.011975991380913098]
[0.050711452909370264, -5.748516203163412e-06]
[-0.07326373438426106, -0.020042543464809548]
[0.06503274387530314, -0.02894882405999613]
[-0.045222731521910586, -0.04790024556271544]
[0.08148118189476171, -0.0453043456993516]
[-0.060544533595165706, -0.06011210955195001]
[0.11024251750282596, -0.05384409776778737]
[-0.07299127091842705, -0.08334552871485151]
[0.12106146115049606, -0.05487392649940298]
[-0.10491683810429131, -0.07787885424904276]
[0.15122238873828484, -0.04416535175334341]
[-0.12194070259328316, -0.086492654149423]
[0.1782711707108689, -0.028298830303337297]
[-0.1362044005657414, -0.08162057614133675]
[0.17739814091488965, -0.02373781190230917]
[-0.15709571081138302, -0.06411448342793963]
[0.17976776963168634, 0.009166215277605194]
[-0.17132625206491658, -0.03345718889983082]
[0.18699830507370543, 0.033635149201706516]
[-0.1835049106475234, -0.021461189414159976]
[0.18739941466416452, 0.06118672978732431]
[-0.1763114545240715, -0.0015993550961061198]
[0.1445089813347394, 0.09468388440420894]
[-0.17113151149842776, 0.036081097443141474]
[0.14462004920956323, 0.0943662389623543]
[-0.1537399020475766, 0.04610411783174459]
[0.09938563316354121, 0.10471433978509992]
[-0.11985954613222316, 0.06667753478664921]
[0.07864324977303672, 0.11470001240984151]
[-0.11015436137436241, 0.0752325711486633]
[0.05122987966141124, 0.10493410321107455]
[-0.07505330196033178, 0.0694379871910811]
[0.034080500229948546, 0.08847097055710795]
[-0.05877374358476517, 0.05806350319886551]
[0.022628043777830564, 0.051969817384720396]
[-0.040672792507573385, 0.035514164690182655]
[0.006823531250784248, 0.038037089839925486]
[-0.024704898313009704, 0.027509946433871807]
[0.007239297872040251, 0.009640265080300359]
[-0.022627449774184405, 0.011647328849671346]
[0.019203146921254854, -0.008164348038484204]
[-0.025105204818909432, -0.007210109977854096]
[0.039891056744056186, -0.030763777674424175]
[-0.02928355084572598, -0.04740198462726371]
[0.06098228985031079, -0.03766809197945464]
[-0.04644888805593528, -0.055696920582081755]
[0.07395463371068162, -0.04340236309875545]
[-0.06268167445781125, -0.05865905893307585]
[0.09139936454708619, -0.03869233368549141]
[-0.07924959402984488, -0.0532672053793426]
[0.11005590774963059, -0.0230546889356662]
[-0.09321140490215452, -0.05327364177892324]
[0.10970037316148173, -0.005886381362686377]
[-0.10594899635852773, -0.039940882891492446]
[0.10276928614416525, 0.0009410131084129914]
[-0.10322138690609428, -0.020616017648609375]
[0.11220881337665434, 0.016498940873841628]
[-0.10241866098034591, -0.01611356025890004]
[0.10457194424230998, 0.020957154010003864]
[-0.10214932283800959, -0.005827130130364788]
[0.08771982869846395, 0.03600570180570151]
[-0.09231154786118057, 0.011571512964006547]
[0.07011466041485714, 0.035457653617295914]
[-0.07564443522840081, 0.017200952770138]
[0.0694359678930907, 0.03412418233308567]
[-0.07102181898119209, 0.010079404640177092]
[0.04450141392035967, 0.020251327581267575]
[-0.05414937758794369, 0.004805231157489098]
[0.04112572635841949, 0.001327568393148848]
[-0.04555251241920055, -0.002422098003473927]
[0.04475684441601524, -0.012799552092440658]
[-0.043596606019444706, -0.016995300099587496]
[0.04845169557410545, -0.029220407000003723]
[-0.03802724970671978, -0.046613778262476924]
[0.05904715085053036, -0.03835114520148564]
[-0.05057641763718079, -0.04332766160389845]
[0.07697981241794027, -0.04496882464901364]
[-0.06936085753220034, -0.06582432548920736]
[0.096583399326027, -0.048050861900682695]
[-0.08170900975812301, -0.07478858140878442]
[0.1228171184994592, -0.04109024701002889]
[-0.09606147668822251, -0.07622981510071658]
[0.1295926463485163, -0.03384857812726089]
[-0.11310140709145777, -0.06598698684397131]
[0.14785878654462503, -0.018914424315096712]
[-0.13346708845732852, -0.049293577320544624]
[0.15401138099441025, 0.009981001400734046]
[-0.15033198304102235, -0.042793733502386244]
[0.1579684305958201, 0.028994276763203708]
[-0.15257355857911747, -0.01330315900489698]
[0.14529090330503724, 0.05433090986555597]
[-0.14852347454870934, 0.010443196791591891]
[0.13026685663465287, 0.06593602122947206]
[-0.1419851055011953, 0.031612866506722015]
[0.11500125630916558, 0.07969955326300493]
[-0.12516079454938256, 0.0433727081052675]
[0.08301578252711006, 0.08006567115997837]
[-0.10663263500997164, 0.05584217994846696]
[0.07035215928499339, 0.0975197207589476]
[-0.0974527863877841, 0.06338428614168434]
[0.05030382119166976, 0.07097340109249345]
[-0.06281171596261345, 0.06286868880071383]
[0.022470866676739032, 0.0666072653441106]
[-0.04843739408935818, 0.053281292905303146]
[0.011750801193577631, 0.052858537453800605]
[-0.03498658704934764, 0.04464178898354387]
[-0.0017535594229017848, 0.026508005804321763]
[-0.01673404497856152, 0.031696185905083385]
[0.016338634820139086, 0.004569508260055755]
[-0.01552424581812855, 0.008477632511245892]
[0.021269043953605404, -0.009700002761683355]
[-0.01554057684802517, -0.014508839818630381]
[0.026707105029443845, -0.01691313844973112]
[-0.02515260626780176, -0.023852906403771412]
[0.04788732987702349, -0.026214957021917562]
[-0.03476787439137342, -0.03599093799455899]
[0.06345438107801882, -0.02679601633635667]
[-0.05585808283597801, -0.044344297379100894]
[0.07212382122122951, -0.027219635132120806]
[-0.06266283404855734, -0.04204202501444432]
[0.08681203688219702, -0.017196879856196667]
[-0.07712250748919958, -0.03646893780797694]
[0.09266097072250523, -0.00969620580495062]
[-0.0814487128633884, -0.03381805786251818]
[0.09463213367438056, 0.004079759199803107]
[-0.08785742407276811, -0.017661405984256418]
[0.09166536308682285, 0.02154788872822566]
[-0.09692373442719136, -0.013792221214155492]
[0.0848163192505923, 0.024442004313514537]
[-0.08556216416408319, -0.00014821665637859693]
[0.06948222060604348, 0.03223972109745138]
[-0.07459105618186049, 0.009584316416151345]
[0.05946286948171037, 0.03160370972644733]
[-0.06519458320532134, 0.010521898920791]
[0.044538757905299486, 0.026925337573847977]
[-0.048417450945812, 0.012374029665318392]
[0.033937281348341924, 0.016856480351040884]
[-0.042036571500989106, 0.002446555921317886]
[0.03436921170003707, 0.00653986308208479]
[-0.03641304645823369, -0.007826154735393463]
[0.03155819643699502, -0.012738708502952764]
[-0.027737781278412595, -0.014863439854918226]
[0.03670204863242446, -0.025242236406774782]
[-0.03009801733752343, -0.031086656397000992]
[0.0469429660207794, -0.035051174597627174]
[-0.0371275968227076, -0.03977414293547338]
[0.06186653577267975, -0.04697571672236786]
[-0.04897397788415234, -0.060383064398037437]
[0.08168548457438041, -0.05024865170501722]
[-0.0605752937611439, -0.06487555598421213]
[0.09990295541831469, -0.03811904063872372]
[-0.0865355189326931, -0.06342891350992495]
[0.11316200779252857, -0.032755798893829874]
[-0.10059160944975863, -0.06160373737108765]
[0.12751247684730427, -0.017565358067091363]
[-0.1108334710969022, -0.053392623789086616]
[0.1272934778588506, 0.0006273346413019909]
[-0.12613128891788417, -0.0368095513402181]
[0.13098923944985413, 0.018118255160791713]
[-0.12425389866698011, -0.015308971915769964]
[0.1300708834687258, 0.03896706123923882]
[-0.13265901434987962, -0.0020150319902423053]
[0.11903652908197625, 0.054979562464331]
[-0.12274020122334162, 0.010191878741871746]
[0.10139020217026604, 0.06929848537090189]
[-0.11485294155080167, 0.03010305520151349]
[0.08778200454324489, 0.07390156693905153]
[-0.09890053738403387, 0.03849617354090523]
[0.06603499245662989, 0.07674103889960404]
[-0.08554243123060218, 0.048829488942974175]
[0.04716780051837928, 0.06855252638037979]
[-0.059787463341168856, 0.050442847411575675]
[0.026085659791623046, 0.060898313554128336]
[-0.050735057887621504, 0.04677252231000087]
[0.02633067014659886, 0.04812871577754474]
[-0.03469902000320818, 0.02946134689336244]
[0.017511903008307305, 0.023915007384088582]
[-0.0228940378646576, 0.017079431616168206]
[0.014885452918116493, 0.009667464134377968]
[-0.021738413994686734, 0.009553911725598607]
[0.01940386216090577, -0.0004668834897240126]
[-0.024372388846436888, -0.008762433591743224]
[0.02744063499142188, -0.008118246186610167]
[-0.029142597410093396, -0.018806950388955003]
[0.04458294897718573, -0.01566621086946851]
[-0.03876642964765553, -0.030735629166867607]
[0.04902014467686827, -0.021961205483515767]
[-0.04505404910494093, -0.035063838787061964]
[0.06636410961052905, -0.01695431601473185]
[-0.060180223707687275, -0.036552138153180834]
[0.07112113730684858, -0.008063493949016287]
[-0.06864306602856496, -0.026938606028844757]
[0.07939287871438586, -0.0014973782242280187]
[-0.07525810366281704, -0.020340299407424337]
[0.07813655514208728, 0.017030802547269186]
[-0.07771776527903906, -0.00891790181085618]
[0.07677569357400116, 0.02300109647246429]
[-0.08243111000471759, -0.005710022432050571]
[0.06610897291673667, 0.023419779867078883]
[-0.06946056601671391, 0.004967925129684442]
[0.05760084505591617, 0.03176503235157113]
[-0.06348502160513758, 0.012006154001069969]
[0.051043014225752525, 0.030322603300062978]
[-0.05723570380445653, 0.01269544156271063]
[0.034649519516839145, 0.025123615445144187]
[-0.04345270424391612, 0.011074554067272924]
[0.027160214499113267, 0.01703164775236299]
[-0.034656680458573286, 0.003657208096888742]
[0.025813975495847796, 0.0020124301335424644]
[-0.025902331924154587, -0.005261510648786938]
[0.023497094045127342, -0.01053199155275808]
[-0.02052933437509641, -0.015064115110762943]
[0.030675551630262976, -0.024592720704276205]
[-0.025010874784125225, -0.0314669347892379]
[0.04022442205167054, -0.03428863579676389]
[-0.025405745912738142, -0.04546199058664541]
[0.05312491029050981, -0.04061972531864261]
[-0.03970203783399229, -0.05322869316738299]
[0.07081384812181468, -0.04035903823976461]
[-0.05436893680443622, -0.05938235643053813]
[0.08437495456677979, -0.03649180884841369]
[-0.07101883131734055, -0.06070382246661715]
[0.09559018249050233, -0.0325937480514194]
[-0.08294968483129672, -0.0556116322826839]
[0.10755781538749942, -0.019530957399315818]
[-0.09171921601041871, -0.047562162201520874]
[0.11549690048631889, -0.0060427002192574575]
[-0.10760902518281829, -0.0340679152412382]
[0.11639990431671055, 0.013400335122711937]
[-0.11661486823968287, -0.020492047065232666]
[0.11374378107579675, 0.030177777415027224]
[-0.11517857515846147, -0.004540439701814503]
[0.107516917822995, 0.043715702095754705]
[-0.11199950713458168, 0.00921919084439371]
[0.0889060295195262, 0.06119950470668137]
[-0.10412368362508206, 0.028739730753372994]
[0.0743093142662814, 0.05963730781248619]
[-0.09010137964574316, 0.03383424168003313]
[0.05489907867286292, 0.06175645638468735]
[-0.07249189751882734, 0.04424342884332433]
[0.0435789858969734, 0.06240436240191859]
[-0.060245663619640955, 0.039459092192636436]
[0.03117843457818492, 0.050790305099767744]
[-0.045622092722858665, 0.03923330628723565]
[0.02109993487287387, 0.039994255051214275]
[-0.028937034106022913, 0.028753464569834852]
[0.015049160117819316, 0.02435163473607816]
[-0.022588078047968335, 0.02099170087564528]
[0.015456669195907935, 0.013340847806502389]
[-0.022501398123202454, 0.006841144368591512]
[0.022247439249895917, -0.00031494488166441785]
[-0.019870365071672225, -0.0064112678991801175]
[0.030097059783911084, -0.013923290156347303]
[-0.021482143779682036, -0.014226854182185333]
[0.04113985347239202, -0.011948962794510909]
[-0.03313953456992087, -0.02630213784389679]
[0.04808273884222103, -0.017952004677916952]
[-0.04265626046172928, -0.027355998665083592]
[0.056973900569128655, -0.010887667020600879]
[-0.05280085042535911, -0.025860537610396306]
[0.0656952350970399, -0.009705359826969712]
[-0.056713026694556024, -0.024099397141184142]
[0.06938708604286009, 0.0032654796752262932]
[-0.06531396326001922, -0.014234275998409374]
[0.06771414818884025, 0.00854081117024387]
[-0.06396662611287966, -0.010728759269261479]
[0.06517876018883018, 0.01875292364345965]
[-0.06604632102370561, -0.0014560897951901297]
[0.05629011898489028, 0.025547189437616205]
[-0.06094826694053268, 0.0073409651187753555]
[0.05027830647746251, 0.03172616505254271]
[-0.056418565869488804, 0.011003584588307802]
[0.04049364193188493, 0.026765667724497025]
[-0.046912573935760614, 0.013706608420729849]
[0.023991677005368223, 0.02191666657285901]
[-0.03036338823009211, 0.01591155879531489]
[0.020126300525445867, 0.015018132559010772]
[-0.024924870234275448, 0.009020169717983695]
[0.021870005032772866, 0.004236994510815148]
[-0.019079693824373592, -0.005342928490420479]
[0.01623646301936879, -0.010048512535797582]
[-0.01671706094485187, -0.012348535280779088]
[0.024998171106262207, -0.023131391539801413]
[-0.017421345783094018, -0.025991215223555464]
[0.03309847261956028, -0.02963512509292493]
[-0.020479887288184805, -0.03989502119536799]
[0.04225562121439001, -0.03730556639701993]
[-0.031873542288540065, -0.04398213000660897]
[0.05457066719588921, -0.04271864747989307]
[-0.04308605354527388, -0.054302457977374805]
[0.06990732410671495, -0.04105026137441142]
[-0.0537845761597602, -0.056451474893764626]
[0.08558919030048838, -0.03223970012462149]
[-0.07040741107479863, -0.05368712170412226]
[0.09582794437869904, -0.022170004179192824]
[-0.08070456112853684, -0.04857111955548063]
[0.1007891490706129, -0.0107732604962512]
[-0.0909183503012724, -0.03412619558136873]
[0.10468896803201419, 0.0062426397680173315]
[-0.0967289379779599, -0.02345472933480528]
[0.10200203902474586, 0.021840597914190157]
[-0.0997056162753886, -0.008972422794661206]
[0.09425603676067525, 0.03568033529490683]
[-0.09669389814092212, 0.00902552372796206]
[0.08237875823769998, 0.043792368012036634]
[-0.0875247526716751, 0.018136597626964457]
[0.07254893887255143, 0.05038829116311379]
[-0.08189346331451265, 0.024988278299744635]
[0.0535492245812569, 0.05309307691744508]
[-0.06680138020476131, 0.03348109740940215]
[0.04306198421012306, 0.050064732207508095]
[-0.055187674762949446, 0.035630407187595664]
[0.031027269493719534, 0.04128820271798542]
[-0.040499230851833684, 0.03256639991081128]
[0.020797158653227288, 0.03654139400995843]
[-0.03343622688051984, 0.025650820468869615]
[0.020153191345839483, 0.022799567220123912]
[-0.0262866166957946, 0.012771351099891248]
[0.01993274069348091, 0.0108212836048171]
[-0.02151352391164907, 0.0025721954192479274]
[0.02092483483748117, 0.0013021735149330582]
[-0.022141786749175663, -0.004504872158972065]
[0.03020741047567216, -0.005255654810697563]
[-0.027380723317643463, -0.012564200973026615]
[0.034944207592491186, -0.0048515173978372905]
[-0.03735031267441352, -0.020157360531210394]
[0.0449512062634596, -0.008886146096762915]
[-0.03879690895255922, -0.021342617483455437]
[0.052858306003279606, -0.007323005999539001]
[-0.04716636322766676, -0.02157068511374094]
[0.060672668364924014, -0.003341168641143033]
[-0.05575970528006241, -0.020084981283214606]
[0.060696871588579115, 0.0054799197617763085]
[-0.060486630229325156, -0.010415783623657124]
[0.06293371357213313, 0.012686308196840468]
[-0.06049625698159855, -0.0041276497519698516]
[0.05671531873666549, 0.023596046733107834]
[-0.06196731455600035, 0.004517000592739236]
[0.0516986362755112, 0.02848083464259138]
[-0.05747517421630055, 0.009315051500423305]
[0.03902266043736126, 0.025477926337159562]
[-0.0476090728757515, 0.014229527480187569]
[0.03048548021013406, 0.025064511790274024]
[-0.036446436889850164, 0.019300743990499733]
[0.021170300465128494, 0.023161117752665994]
[-0.028908557517058675, 0.014383124058473307]
[0.0162027040836481, 0.015234019356238138]
[-0.021406046861452532, 0.009175001140720201]
[0.01253800921738299, 0.003214325934720319]
[-0.013430855575629286, -0.0014698452166903853]
[0.010492157990414308, -0.008211206775593505]
[-0.010757939219923573, -0.009415494776502775]
[0.018463476411501867, -0.015488820432691064]
[-0.01358359018943045, -0.022339425670693178]
[0.021968395474297464, -0.02955993970764409]
[-0.015104290160491807, -0.03145972904905642]
[0.03524369406289646, -0.03524861790045808]
[-0.02363054252349117, -0.042274019715841826]
[0.048401987730026796, -0.03744841830330997]
[-0.03698987560295064, -0.04905904907277989]
[0.061088460500829445, -0.03581467852131426]
[-0.049492350104281324, -0.05135332508743154]
[0.07468501980502845, -0.029733254686424015]
[-0.06233208604300039, -0.047841152773086676]
[0.08325701711435174, -0.02208035058520419]
[-0.07289067276391131, -0.04479264961888263]
[0.08893621013059755, -0.009148668026149498]
[-0.082663097263875, -0.03272960919613166]
[0.09320813936223227, 0.003602392489594819]
[-0.08850889422583613, -0.02491544037423038]
[0.08996768456469012, 0.016163930164722784]
[-0.09058231870044858, -0.01070199726945742]
[0.08500750232231918, 0.03058520069400844]
[-0.0892396627766297, 0.003327033517370792]
[0.07681044587106417, 0.038940896033678896]
[-0.08454538203714496, 0.012176308378353873]
[0.06332275520036629, 0.044762738188121765]
[-0.07341676910827594, 0.022655796078945134]
[0.04883563925993667, 0.04621649291841734]
[-0.06185624781891236, 0.03067224525039225]
[0.038786909052621055, 0.04382506112522902]
[-0.05090549130436084, 0.030643650447237214]
[0.032108257593225664, 0.03701135000526157]
[-0.03980656630601953, 0.02710557802324859]
[0.021370441016006825, 0.031321515587000776]
[-0.032603640141372126, 0.022396830737795415]
[0.02119697951850974, 0.02152725320613444]
[-0.02522525589721042, 0.013086599406803012]
[0.01811538718023964, 0.010499600902199646]
[-0.020995806636001757, 0.006795531802839927]
[0.020294805283195716, 0.0032895633377829636]
[-0.026929695313454488, -0.0016716813166495759]
[0.026956857847916793, -0.0042569323339242265]
[-0.025872642243402272, -0.01033326707196669]
[0.03287031244495825, -0.008452143010190996]
[-0.031092295345218096, -0.014788429619149335]
[0.04351071496808839, -0.006684985769678992]
[-0.03805988560481108, -0.019278627486664424]
[0.04816776466536882, -0.005382953324584466]
[-0.04651541997518935, -0.017136199762085913]
[0.054073831069723965, 0.0006179381636960343]
[-0.05338493200657719, -0.016445702930085793]
[0.057037054785891605, 0.00984791733710495]
[-0.056055714077447624, -0.007485553693504787]
[0.05604053501737677, 0.016627352918006134]
[-0.05704298097065666, -0.0019151683986854962]
[0.05187805114068983, 0.02184638478833492]
[-0.05382053758816603, 0.0067348457202392464]
[0.04427862791435194, 0.027257648511505674]
[-0.049655865325501584, 0.010873300926241836]
[0.0355985892083282, 0.028362950563071823]
[-0.04380336984501643, 0.015587791105261761]
[0.028427813994692186, 0.028945242219838935]
[-0.03436403829609451, 0.018409860033572423]
[0.021145031949471038, 0.021602744113303082]
[-0.02678475251411604, 0.014326170762557988]
[0.011837537010453536, 0.01399780909073256]
[-0.014780949364720374, 0.010554728475544506]
[0.007864092208734963, 0.006414563111877367]
[-0.012152058804847588, 0.0032131507437895834]
[0.008721846146985679, -0.006955169754293111]
[-0.007539669697931909, -0.008870290763574151]
[0.013585358528471175, -0.01571654106082973]
[-0.008651431552635508, -0.020098624816142663]
[0.019030255071779995, -0.027110167046735398]
[-0.012250920849733907, -0.02927429509641652]
[0.027804960970919418, -0.031182712176474545]
[-0.019637717848718678, -0.03704834093519038]
[0.039723539644788725, -0.03600494918630541]
[-0.027321284917177682, -0.044409154589577116]
[0.050898521072158504, -0.03397900876357579]
[-0.04075338720863016, -0.045500549303818916]
[0.06240019577654471, -0.030347385305429922]
[-0.051079800917541655, -0.044022028669991414]
[0.0746040978350557, -0.022629860738681798]
[-0.0635081839881702, -0.04389504604598375]
[0.08094618798794166, -0.012067468038833823]
[-0.07017604968493892, -0.03360724649685602]
[0.08294532494927431, -0.00073055468441003]
[-0.07807701353442958, -0.023863417192408837]
[0.08193089174108352, 0.012002293888575065]
[-0.08103441125047188, -0.011970141299458961]
[0.07866432320239888, 0.024299554149603088]
[-0.08051853069604102, -0.0003715441389872398]
[0.06900927185303285, 0.03006415748439687]
[-0.07393837444472955, 0.009140215328342194]
[0.0600605863428177, 0.036352182784284044]
[-0.06556382755454632, 0.016957375407775723]
[0.04940836780964395, 0.039840769703643475]
[-0.0584763406949469, 0.021416771778837967]
[0.04081396133868792, 0.03457275634657216]
[-0.04729830612523869, 0.02086498073261949]
[0.03124359641460399, 0.03290440979074396]
[-0.037399630988114, 0.02017660475464457]
[0.02411011292245703, 0.026999319506964638]
[-0.0316149227248549, 0.017013609079119453]
[0.02204546762234482, 0.019507647308647416]
[-0.025478585368782947, 0.009685618830808006]
[0.021178604602782966, 0.00835478051498878]
[-0.021743020532989293, 0.0007904747181523147]
[0.023505055534147598, 0.0026515008105334054]
[-0.023905441279711864, -0.005201864828676822]
[0.0292382445722243, -0.004303699491489177]
[-0.025358621479861954, -0.012122957540400395]
[0.035326934105434034, -0.005590707074273338]
[-0.032139309121688636, -0.013202188982830265]
[0.04372995917782965, -0.00414047019610958]
[-0.03904809951182431, -0.01708467144096297]
[0.047151848340596415, -0.001154020474006895]
[-0.044813750103445044, -0.016103728967507336]
[0.05155952779879907, 0.004108808616659132]
[-0.051794971307121435, -0.01156507426785272]
[0.053390115795655044, 0.00815179953926895]
[-0.05079380259105129, -0.006640770971515955]
[0.05230183851217243, 0.01567919970661205]
[-0.05460045828236862, 0.0004502569040360366]
[0.04629917518145963, 0.02464351282774846]
[-0.05258973374089704, 0.008444703877358975]
[0.03984278483002297, 0.027893290103229634]
[-0.04752411550288976, 0.013208658969795048]
[0.03375021792964081, 0.028897569059297523]
[-0.0396100589997323, 0.015953173660229913]
[0.024074796176221384, 0.028407220186921656]
[-0.03165833496588344, 0.018216895784266295]
[0.01565312052028782, 0.021778915398954934]
[-0.021700099435590203, 0.017711231028081392]
[0.009265432227760877, 0.01490993359928311]
[-0.013354360072004468, 0.011735606291102242]
[0.007090029270958746, 0.00947903379743209]
[-0.009684337939130372, 0.003033132308351321]
[0.00847974752661701, -0.005092815192789812]
[-0.004545544395708867, -0.00753706253173728]
[0.007939968543417192, -0.01267045061509997]
[-0.005900645269127702, -0.014755974117608888]
[0.01574524595758943, -0.022982147338534153]
[-0.009219377298062215, -0.025519273001187722]
[0.022817516242226166, -0.030478658970123473]
[-0.012685651615724325, -0.033872680701128643]
[0.034599009924499796, -0.03312975196181733]
[-0.02262748260282571, -0.040727134724838854]
[0.045692348457701704, -0.03371751101518755]
[-0.03466687651255329, -0.0429490212955841]
[0.057146848939875594, -0.030791993405049956]
[-0.044439353134989756, -0.04522338401589955]
[0.06642234601245434, -0.022498477789364313]
[-0.05589126028457686, -0.04082606830299651]
[0.07162876584721953, -0.012272153334081659]
[-0.06381631670019466, -0.032239698744065404]
[0.07374185559565041, -0.0017745063252164184]
[-0.0704254690001232, -0.023055682925226834]
[0.07389848515498043, 0.007438619486054565]
[-0.07197488714578704, -0.013508204063480828]
[0.06966732866544806, 0.01918622972222589]
[-0.07083684333721929, -0.003749059631479812]
[0.06339974900731982, 0.025822309000704702]
[-0.0677888851641546, 0.0073167910930011515]
[0.055941958394587044, 0.0326439128971841]
[-0.06211830068134089, 0.014160225394904885]
[0.04624361743213229, 0.03295030294929646]
[-0.053249908756984765, 0.01693511716932461]
[0.03710981023668636, 0.03256609844299868]
[-0.04494391835861594, 0.019742934608373508]
[0.026845718182412714, 0.029082885330660446]
[-0.03747758656660016, 0.020002018695431223]
[0.02575317524996884, 0.021624911786851553]
[-0.029771244454615486, 0.013814030763880825]
[0.021271337085327358, 0.015247640731478385]
[-0.02545671262218485, 0.007264914178728821]
[0.020504714790710088, 0.008778052459351815]
[-0.02361684843045958, 0.0012050668786515728]
[0.022616302784612907, 0.0013365554363874155]
[-0.023825343594248816, -0.0036359475679491604]
[0.029427401663963793, -0.0031171257923938434]
[-0.026096833659348617, -0.011165784964174974]
[0.03304167047300477, -0.005003427044899644]
[-0.031789766304346934, -0.011888211964724948]
[0.03971348875333408, -0.003130925999285966]
[-0.036873359357521535, -0.014773012249968964]
[0.045441391822976074, -0.0019336923376245263]
[-0.0406077526556933, -0.01431452732645655]
[0.04948429481255279, 0.0036736129472242085]
[-0.047201702151101504, -0.009259324200740326]
[0.049610100665031964, 0.010395656116606158]
[-0.05057477752989262, -0.005631423783367451]
[0.04839769028011365, 0.01752313463756014]
[-0.05111393191132757, 0.004503725523087532]
[0.044689322262718656, 0.02286112284593224]
[-0.04865812360872718, 0.00920313084049601]
[0.037360505223270446, 0.026081882501131824]
[-0.04138932113212371, 0.015285509560636845]
[0.029719666882217388, 0.028632272994963723]
[-0.03706789664924566, 0.01936997490366127]
[0.02099350813589068, 0.027376977327217684]
[-0.029449159357501795, 0.01971168421529429]
[0.014517002723921257, 0.022199138861856933]
[-0.020971722992394137, 0.01767912963929541]
[0.008240745082902179, 0.017087883047107733]
[-0.012570828612990206, 0.013077015810422254]
[0.0034552761742784877, 0.00930992593527372]
[-0.007944155876416871, 0.006380360990030309]
[0.0023159248096387697, -0.0017324753034839817]
[-0.00327264444178766, -0.0015424774956356302]
[0.00277278993961233, -0.011562487506055562]
[-0.0025682609596304404, -0.011652201035357357]
[0.012228461355216935, -0.019292164479865474]
[-0.006294830564170201, -0.022410992011195674]
[0.01803161769535977, -0.026854234672568034]
[-0.010127975482797046, -0.029864840842167117]
[0.028936251308568972, -0.03033674693690168]
[-0.018751951776062644, -0.0354095393939218]
[0.040033488226838526, -0.03161815035058106]
[-0.02844618086231118, -0.03970127779341939]
[0.04781810802548858, -0.026823622121754848]
[-0.03888342746518513, -0.03960233684249079]
[0.05774509658634924, -0.02118268772289464]
[-0.049101865497292646, -0.03498667113982157]
[0.06438340561915673, -0.014651149557474]
[-0.05550924830083338, -0.031264167086298894]
[0.06657816116455614, -0.0058738532643587]
[-0.061338790026725126, -0.02369839098099283]
[0.06618886817612116, 0.004481641258946123]
[-0.06383339151156925, -0.013437203389742608]
[0.0625945079680418, 0.013485083107730958]
[-0.06405171245805122, -0.004296182296658568]
[0.05889867350945589, 0.0206639460815925]
[-0.06073048389186634, 0.004070329019538563]
[0.05094894282558943, 0.02622068223518348]
[-0.05570077413442846, 0.009131343565590977]
[0.04198846236447677, 0.026674682227232877]
[-0.04753924474645063, 0.01462801425626055]
[0.03454692423202747, 0.027364862854096485]
[-0.04046820744586229, 0.015222027849742636]
[0.029471813646597185, 0.0228261176832823]
[-0.03368435199221588, 0.013040189888409368]
[0.023701311917939387, 0.01847259267854162]
[-0.028319595836709517, 0.010860560535816584]
[0.020704795330649547, 0.012999153675502678]
[-0.024586141633805875, 0.006537651258046326]
[0.022368712857260345, 0.007764961476605067]
[-0.02375066155756775, -0.0008492336211020184]
[0.02398670069387306, 0.0005331095208902653]
[-0.02251085899670348, -0.005150573934662398]
[0.028461993220057782, -0.003221560404182925]
[-0.027015543127615588, -0.011549583072981002]
[0.034565429057062294, -0.00501240672183496]
[-0.03183760282055116, -0.013176133063216966]
[0.040176740100206026, -0.002743760386310745]
[-0.03724631272098073, -0.014995091020399441]
[0.0455550058831964, 6.6572715331982e-05]
[-0.042287884746614865, -0.013165397582385406]
[0.04753208039327926, 0.006898182008645795]
[-0.04804433710275231, -0.008896351469610451]
[0.047359611188672476, 0.011820409060124756]
[-0.050711153098545514, -0.0036753717167007927]
[0.046771937196561295, 0.016794391070579687]
[-0.047791058390306895, 0.002896714566175823]
[0.04237077804384858, 0.02378385583855286]
[-0.04667516019431324, 0.01025885292623506]
[0.03495184072660667, 0.02735562913331388]
[-0.04146111723291368, 0.01586840070845494]
[0.029135076543775944, 0.03069471474254251]
[-0.03669950442782763, 0.018899970796249055]
[0.021545849379795735, 0.02734527859313754]
[-0.027532898447916787, 0.01815432156412726]
[0.012413317505487066, 0.02484115938355269]
[-0.01930124628716881, 0.020238888696121934]
[0.006392844639714859, 0.01789088028805319]
[-0.011934232174270754, 0.015389825023767317]
[0.002040462761390662, 0.009153332621165772]
[-0.006213194830986285, 0.009216669899035274]
[0.0009573231276544195, 0.0002760253800780099]
[-0.001792689143227888, -0.0005451178957265879]
[0.0032909174342829503, -0.008568461847885234]
[-0.0024918974574315578, -0.009466798539042566]
[0.008877543410892561, -0.016796980917954396]
[-0.00391392226192927, -0.018493002911906295]
[0.015431566848857242, -0.02491965733499396]
[-0.008056831487770533, -0.02656771560149302]
[0.023199515013854387, -0.026641652370451463]
[-0.01665823955900203, -0.03212070421801315]
[0.03411005795574287, -0.02758861533350887]
[-0.023871074241044066, -0.036224448226362574]
[0.042831928605691516, -0.026376037117096574]
[-0.03367502507742004, -0.03722456216080594]
[0.05228945993327773, -0.020065367593299632]
[-0.04379784624832206, -0.03553488405370109]
[0.0570404336845869, -0.014405892539441245]
[-0.04994532039495603, -0.030107330505536108]
[0.060321064855414275, -0.004923940576516017]
[-0.05608765372781771, -0.022157014146876347]
[0.06125337379583541, 0.004875772453273253]
[-0.05907159546038532, -0.014829702706782702]
[0.05782379292086759, 0.011065759034015576]
[-0.05836633466533825, -0.005729176208819804]
[0.05426001880938347, 0.017389257505202593]
[-0.055425512712972025, 0.0006613536646311313]
[0.048196459574270434, 0.022696642825144164]
[-0.05199822243140123, 0.006631603286794713]
[0.040359468450561736, 0.02404728808651463]
[-0.045130028302163894, 0.010678261960989657]
[0.03362997927583372, 0.02404951192938415]
[-0.0391455703970347, 0.011691458049998271]
[0.027288576683289323, 0.02015416499127365]
[-0.03285423188592368, 0.010504224236468879]
[0.021889721841085924, 0.015702164139198393]
[-0.027380658595207497, 0.009014111936584829]
[0.02093750932324584, 0.010397406142241106]
[-0.023725963947581197, 0.003631288142460415]
[0.021443068678078492, 0.00464822637996487]
[-0.022568046713293877, -0.0022944622161153727]
[0.02380406254744566, -0.00024759444280125775]
[-0.02196413085206761, -0.00691467578163657]
[0.028742658599444748, -0.003325235670871396]
[-0.0283112004754566, -0.01133733443679022]
[0.034005342239834035, -0.004267454285518418]
[-0.030704764133122953, -0.013865066508979507]
[0.03843382789708982, -0.002155184296427387]
[-0.03633893409088412, -0.012453201514177725]
[0.04344058319116695, 0.0010177655315467271]
[-0.04184407954420111, -0.011213088803674665]
[0.045795905529408265, 0.005864281112738651]
[-0.045200649118728675, -0.007999431444934507]
[0.04597219991570334, 0.011003081014786531]
[-0.047612230769714436, -0.002583170839156601]
[0.045332385764608574, 0.01772178043264716]
[-0.04760274394950398, 0.0038682695112745025]
[0.04050983247355033, 0.02334346257466835]
[-0.04592819293945399, 0.01099925583459449]
