[468.40316260429165, -962.9264079071994]
[-67.20246211403209, -91.21791848377406]
[-69.52831925805631, -81.04938280173394]
[29.997073982721034, -19.30094388961407]
[26.308928422267986, -23.091677378064773]
[-3.541948007749404, -6.686253515365314]
[-3.0023567160093667, -3.8588394747287875]
[5.680777790206252, -3.2583693674288927]
[3.9683184024607354, -4.446022605922089]
[-2.0424596663203136, -1.916537133670909]
[-1.3543412677153908, -0.0053461172309354765]
[4.315427501520507, -1.6790275313352865]
[2.9367685986383387, -2.962153165602045]
[1.0753035278082415, -1.7116973429053566]
[1.1149982883449723, -1.147563294066936]
[2.3606692468091657, -0.926372927578293]
[1.15813850834562, -1.7128427956760284]
[-1.7944107416116601, -0.2977767654750849]
[-0.605944365664091, 1.3400160015589613]
[0.808828075126498, -0.8223738951442403]
[-0.23779981443912412, -1.2062970408372031]
[-0.4020359347114262, -1.5318164915090389]
[-1.037832702821673, -0.7678574447939255]
[-0.7470177680366978, 0.16635016800818736]
[-0.2424672257942344, 0.4839024828229892]
[-0.2671744418935491, -1.2145449741760856]
[-0.8555436169792756, -0.3236730565595263]
[0.7502321162457841, -0.11304027868843658]
[0.40391177925930977, -0.7574158901684367]
[0.2667163451805301, -0.730422757013975]
[-0.07508199726172354, -0.36536035536639666]
[0.3018901911062164, -0.052021879528697745]
[0.07754077609088272, -0.24036167556727506]
[-0.38409458459905377, -0.5443379042480263]
[-0.25556778226766474, 0.2359705525833533]
[0.07968252167453116, -0.1449037998010727]
[-0.30071161757462117, -0.16105707938371694]
[-0.0834194585283825, -0.5141526692252949]
[-0.2821619918632938, 0.09150973087457359]
[0.02356060834054574, 0.12329917948365132]
[0.23977032898579265, 0.08433965733490822]
[0.38048795715854045, -0.2311756956018156]
[0.15019473970782737, -0.15739734411127237]
[0.5145916899532352, 0.13356255864002708]
[0.12374021099759469, -0.293863039704755]
[0.025936172273740787, -0.19418641479271326]
[0.2606132629996918, 0.005379496550256491]
[0.30556313129326185, 0.021953918192990862]
[-0.1143138173382976, -0.09568618891200664]
[-0.08994917439854255, -0.22699895163800754]
[0.12596209648818357, 0.05813048780303198]
[0.20707230279132727, 0.0495707205284317]
[-0.11081911686837698, -0.026431713721915884]
[0.005841764247311865, -0.22056617217387053]
[0.08728395328644689, 0.007492343370811838]
[0.10533460650341908, 0.025203729487897064]
[0.042979394783345004, -0.004750887776870272]
[0.0909311736716214, -0.14602156061278926]
[0.040642385475492926, -0.06949746665282941]
[0.15667990724190695, 0.066615126530845]
[-0.07289424222710128, -0.04403289571157565]
[0.008047095747545363, -0.1480467666280063]
[0.15764924133214642, -0.077641643799641]
[0.19147617899577885, 0.08617917995212476]
[-0.05528348072689848, -0.07085448898416402]
[0.06075200591207519, -0.09085532415858921]
[0.10513841665418644, -0.06132595136670549]
[0.07758943310855315, 0.06843471698867587]
[0.028860225909135284, -0.012634566580711493]
[0.08146097850749356, -0.11455248959489417]
[0.03307278141626879, -0.013914631602834682]
[0.011839583723850744, 0.0022420878575966086]
[0.04037802677528379, -0.016969890987530434]
[0.09501353009372071, -0.04394690165247317]
[0.012969503852417574, -0.011711320026496885]
[0.05357890390176401, 0.05406021420227436]
[0.015596049220099495, -0.015653462399867202]
[0.0705443214243262, -0.07157778075896992]
[0.07436809247237264, -0.041666776227672564]
[0.06229585297809681, 0.05674547208225489]
[0.004773364101855471, -0.005422176371334686]
[0.10945797859166095, -0.038154196218171954]
[0.0323526596775201, -0.021973143369370618]
[0.024584198102758137, 0.02023927230019007]
[0.04766051386435688, -0.020778013906169512]
[0.11834830581957778, -0.03458684848034821]
[0.02219044657802538, 0.003400480277882423]
[0.000606562839324809, 0.005403459503685593]
[0.03377990380422613, 0.007106506764674947]
[0.0780668907240134, -0.031546771088898806]
[0.01204323230955584, 0.016668384297661376]
[0.0029119235790675546, 0.003936064354144175]
[0.02542175934871338, 0.03534177982021092]
[0.06912383093261276, -0.056899677359447454]
[0.012701655654645094, -0.008396870576540039]
[0.006864975284040398, 0.022844053974489187]
[0.011487900101936788, 0.0237193284997117]
[0.07824959393669317, -0.0373201990979275]
[-0.013139242858005495, -0.0025610686186032794]
[-0.006435156025134781, -0.03111479946702911]
[0.015377365040938784, 0.010691352151123823]
[0.06455130530504327, -0.03473121638720156]
[-0.016431609524159008, 0.027632551669517724]
[-0.018423584923467295, -0.0174814127925077]
[0.015249504315381301, 0.026974781477239418]
[0.05392282606906651, -0.031409393491215576]
[-0.010114470029582101, -0.0007089304199121571]
[-0.0028634976754640107, -0.0012054357222942014]
[0.026939830851269164, 0.005997916356670352]
[0.053139316953129345, -0.010422175872120604]
[-0.005721675061892917, -0.010567721133551089]
[-0.011969756979673285, 0.002878030232509071]
[0.019710645794881465, 0.0074844818678379]
[0.03622739566662947, -0.014626293913983957]
[-0.006519580253787183, 0.011656529453604403]
[-0.0006095315146712466, -0.02089871895659251]
[0.016548916450433104, 0.0002438177470960312]
[0.03245904791161358, 0.003484349237899642]
[-0.000789932932353743, 0.014350564997703597]
[-0.006579553390456461, -0.0060130675790588395]
[0.026655598236317246, -0.0004194945545483719]
[0.038877186806277386, 0.00010675031087126197]
[-0.0024307346453076306, -0.007295214433582942]
[-0.0008332649811277903, -0.0015298808937286301]
[0.02606075931892704, -0.006633106299621883]
[0.030198924686933637, 0.00753476864788738]
[-0.0019916925769578597, -0.0016607317846317748]
[-0.0011182447233002435, -0.002050026041848785]
[0.01956245818613489, -0.008283837780290959]
[0.026014167616585482, 0.01382212856826559]
[0.006610089806110331, 4.677770363947786e-06]
[0.006237567822311441, -0.00256848419076694]
[0.023439548552155465, -0.01165851626182235]
[0.02318130438346966, 0.010412597834115855]
[0.007574932030931514, 0.0026575719258881136]
[-0.00016786209195895907, -0.007689256793252941]
[0.03278342185085226, -0.007641183211862135]
[0.034517663973484325, 0.01327196223418703]
[-0.0013523661955474608, 0.0032818162169303555]
[-0.00040993892955309974, -0.005337333182454218]
[0.02833847874564288, -0.01439765879823307]
[0.01776699368687673, 0.015870751649312398]
[0.0022512387727209315, 0.0033130873584283904]
[0.004906198909464088, 0.0005261540607006676]
[0.021347367778503212, -0.016369406626458582]
[0.018670309075941915, 0.019180837233977677]
[0.00920565402962481, 0.0006214226089742425]
[0.0044452669407517575, -0.0008381211166392788]
[0.023668197630150267, -0.01594391801227757]
[0.02158640494123354, 0.014026354160452392]
[0.007232693745602425, 0.0056097910337902235]
[0.004886541793317711, -0.005470736193541104]
[0.023462442448551002, -0.01755834688801461]
[0.020077148657053456, 0.0188122192876925]
[0.010691320184379904, 0.010547293820960202]
[0.00302258740489858, -0.006900971620779739]
[0.022308687535825378, -0.016016708599503993]
[0.006408042425100291, 0.012035100036702051]
[0.016124388963059566, 0.009160763776186132]
[0.011449543124340877, 0.0009767221555874173]
[0.013913275606771691, -0.013562103487369248]
[0.009015893750778936, 0.011263575760899425]
[0.011700241027621239, 0.005064798650035063]
[0.005374035384482667, -0.001977879129838378]
[0.012836059964249635, -0.01105488130709073]
[0.009735271435896475, 0.007740615763786707]
[0.01306454219526465, 0.011523091229251464]
[0.008694130065021621, -0.010933461898991137]
[0.011414517492957188, -0.009564971985120102]
[0.004925962734831035, 0.003213970396721333]
[0.01773690121910576, 0.013837467450159291]
[0.009945994758685295, -0.010791893880492509]
[0.008664878613171112, -0.006946186263516646]
[0.0012666782425081458, -0.0006123899957319878]
[0.01574521757444991, 0.008567567727825132]
[0.009366907292867488, -0.0025842498914241396]
[0.00208758201708914, -0.009010681068745252]
[0.0009231767378490296, -0.001150756909109596]
[0.010832758545102905, 0.008054447197120174]
[0.006479309883117956, -0.007660275824574736]
[0.004756888657017733, -0.007573059646780789]
[0.0005572847626900135, 0.0014748002382929393]
[0.01406410236401534, 0.01171206874711006]
[0.006442806326564021, -0.008240608695191831]
[0.0012938179669017558, -0.009208066363035394]
[-0.00415224023256755, -0.0008020343968189181]
[0.016549984131125406, 0.0051606533357902995]
[0.007073942453346138, -0.004900378987863885]
[-0.0001899961170499509, -0.010058388970094811]
[-0.003274409857025873, -0.002547159004111066]
[0.015346251050964543, 0.002340678093426307]
[0.002493405247236513, -0.0020030932703738458]
[-0.0018273082650646089, -0.009016129807765005]
[-0.001697563695883808, -0.003229497171383322]
[0.014181888552929678, 0.004404847380082733]
[0.002652851775239995, -0.00430417716565934]
[-0.0019930192357269227, -0.010116900768313286]
[-0.003755053440190226, 0.003593567035404366]
[0.015617894269567056, 0.0011399100445608212]
[0.002959429921680856, -9.928385293944686e-05]
[-0.002251785315671828, -0.009834489177636518]
[-0.0009010239731879199, -0.0009051107950566184]
[0.015821326149685788, -0.004757840267924696]
[0.002766292870460152, 0.000854221518793441]
[-0.0016185904372179039, -0.008280641076202189]
[-0.0010793359560004046, -0.0008034360965232246]
[0.014350907897837217, -0.0033707915207021877]
[-0.0012480600904531958, 0.0009122313137281957]
[-0.0010896491214049675, -0.008614097337304782]
[-0.0010280449419368676, -0.0009795305155839706]
[0.015398158952997232, -0.004936532045098918]
[-0.0005807970008480101, -0.0003435364786481543]
[-0.0014165465858857473, -0.00875416661576156]
[0.00020915658416487126, 0.0012265637386201789]
[0.014329807325625499, -0.005758573815075607]
[0.0015115903172380207, 0.002071216915910945]
[-0.0005485253148940217, -0.00533466603713606]
[0.003386735555453879, -0.0004200774304408128]
[0.013090105251896578, -0.007209485522966297]
[-0.000793018067130391, 0.002599260025591743]
[-0.0010120054422073643, -0.005740564340044552]
[0.000910142353857446, -0.00022365962901327308]
[0.012896576463077736, -0.007560560931814342]
[-0.0008756808921298598, 0.0008951484730204129]
[-0.001343867547525468, -0.006607476620703379]
[7.88644201644706e-05, -0.0007244578609073571]
[0.013219557716389385, -0.008568484858246572]
[-0.0015739383618614822, 0.0016054444871465012]
[-0.0012065973619475034, -0.004364946499203937]
[0.0013156204068240362, -0.0010452764453354746]
[0.011089481964837944, -0.008681708015826572]
[-0.0005899114840057229, 0.0002163512338313467]
[0.0008296241480909572, -0.002170423850633929]
[0.003269164256207324, -0.0020685196813037265]
[0.01246895730255404, -0.008893928124895423]
[-0.0006628078212143063, -0.0014790720732944518]
[0.001521181603030275, -0.0004345627647222017]
[0.0027997082833365883, -0.0037796050536211823]
[0.011574197903806649, -0.00864401390263514]
[0.0011634395549806609, -0.0017878152682551107]
[-0.0012554508770983297, 0.00021522782661964612]
[0.00288746426259609, -0.0027852740956721966]
[0.008252992306232443, -0.008089854308172217]
[-0.0010963998926825091, -0.00253435572281413]
[7.899949521861238e-05, 0.00180011844275485]
[0.0037331748736245812, -0.0045248651636145]
[0.006125389647178903, -0.00755737448529592]
[0.00024012073456858296, -0.005138608536254363]
[0.00301170657683858, 0.0016009422757871095]
[0.0044019610180291505, -0.003327934560730217]
[0.006893421219253737, -0.007978102669227938]
[-0.00020633454659847554, -0.0057341155907049135]
[0.002288160685696927, 0.0022818529133719068]
[0.0036617524961905772, -0.004284432227818491]
[0.004970315235217626, -0.008936471829878445]
[0.00047220365215557697, -0.005294632209035921]
[0.00011973185792540919, 0.0025116388629163877]
[0.003739319424530957, -0.004486354968328943]
[0.0033012120515453214, -0.006591992316089423]
[-0.0019704391919485448, -0.007226081105691895]
[0.002103385934753732, 0.0025794007144218645]
[0.0038201311257784476, -0.002290569612028781]
[0.001972710034224834, -0.005800411667453709]
[-0.001587395750543119, -0.007325937326604359]
[0.0014401839388482052, 0.0009156336217049921]
[0.0021114810043166288, -0.001977183491222889]
[0.00044443657005596715, -0.00808022657098123]
[-0.0008571451573125832, -0.006300096385508824]
[0.0013958724351092189, 0.0013326204173407796]
[0.0030321809126484106, -0.0014417657899067349]
[0.00034545037929697986, -0.00876380921721498]
[-0.0007458630192449384, -0.0059100912985862175]
[0.001974020678164448, 0.0010144509820615433]
[0.002245065697250005, -0.002289876068022223]
[0.0001926281609296171, -0.00747707907200218]
[-0.0017425383794410082, -0.007476901154775811]
[0.002061178916806454, -3.689444578949819e-05]
[0.0016212061227276649, 0.0008065374403605774]
[-0.00038751111998928944, -0.0068525134403844695]
[-0.0010891712515673502, -0.006701808809772218]
[0.002408329423163635, -0.0004959807672559047]
[0.0013749508293009367, 0.00030803179858774135]
[-0.0012668755085662158, -0.007305320101559196]
[0.0009266187108524504, -0.004549961979295525]
[0.0030423405083789684, 0.00021861094894859434]
[0.0014912044598929738, 0.0007746210632854078]
[-0.0018045797682647094, -0.006861483493899839]
[0.0005814496325300678, -0.0056556665185839294]
[0.0028425650858946924, -0.0012167417043445483]
[0.0009652671957417897, -3.6088828850366905e-05]
[-0.001625075029955382, -0.00636517397983799]
[0.001946030602307025, -0.005809336843858648]
[0.0022373203521403595, -0.0019843757452637223]
[0.000187168275625621, 0.0020532724216741904]
[-0.0014861176955019845, -0.00497893026603452]
[0.0019710094779369636, -0.005070896940158776]
[0.0029775045054446503, -0.0015096922947474]
[-0.00040100576831314516, 0.0009112522259991929]
[-0.0014763821111932057, -0.004530752225794021]
[0.00263033546519581, -0.004479547274555351]
[0.0032574551099637528, -0.0018511241113562393]
[-0.00034030210302987696, 0.00017669700087608042]
[-0.0012621497079392113, -0.004598670390262627]
[0.0036998142309333515, -0.004980120278058275]
[0.0028479527269180405, -0.0022586113864084822]
[0.00021928831444739671, 0.0003333232436577571]
[-0.0008314240841757713, -0.0031665027810819923]
[0.004397624752721763, -0.005085046397105719]
[0.0016264496799688341, -0.001549681055343477]
[-0.0003782796655649179, 0.0001430862931910415]
[-0.0013272343501757444, -0.0021002653893962275]
[0.005638457977963807, -0.005151688305512048]
[0.0032277016006513684, -0.0015047359621606082]
[0.00030338388305428676, -0.00030020446835454795]
[-0.0005393621588781622, -0.001997575193009582]
[0.0052817848084760755, -0.004203662675273834]
[0.0033507936920306597, -0.0021032295187627392]
[0.0003680790842215398, -0.0007805983957758222]
[-0.0008803315920425658, -0.0014429601500052236]
[0.006172141396297182, -0.004191870789413188]
[0.0021146715670249394, -0.0011279489478182025]
[0.0002656296336625008, -0.0008110946046993028]
[-0.000572721898083689, -0.00023456804718402502]
[0.00607214710098003, -0.004649957657422155]
[0.0019604117160045287, -0.0009543212294296222]
[0.0009917147998608211, -0.0019366596971537309]
[-0.0004033952941909502, 0.00038432279932876234]
[0.006968894858976116, -0.0048767675850225345]
[0.002361720108221055, -0.001666865696558828]
[0.00010914130356709517, -0.001719639520554872]
[-0.00034250588922474234, 0.000724836375408211]
[0.005804862244514153, -0.003405842753460786]
[0.0013575611659351061, -0.0014358402965173322]
[0.0005000990710659625, -0.0022726271717875557]
[-0.0008561913138619981, 0.0007109409567824798]
[0.006293888167042239, -0.0024946431090971943]
[0.0007224341255954725, -0.0009868407712758653]
[-0.00027116146408423525, -0.002136647421445592]
[-0.00012017937407632351, 0.0010391035936130333]
[0.005677301705958815, -0.002854579591469175]
[0.0007566779564851522, -0.0007546136092233535]
[-0.0001375324606356365, -0.002968038093401737]
[0.0001328171868921757, 0.0009046119986100276]
[0.005287147758189281, -0.00277762740531573]
[-0.00025083827163308037, -0.001356747960060023]
[-0.0007181430551628232, -0.0030646344393651104]
[-6.743129437081219e-05, 0.0005650742566656319]
[0.005026993425742754, -0.0009684439194337369]
[-0.00013653341439501254, -0.0011006048122934597]
[-0.0002831951517225928, -0.002818867434041805]
[0.0002508552615851922, -9.430541949129179e-06]
[0.004733069907903564, -0.00016987448507788105]
[0.00017137168810654746, -0.0011916664768081286]
[-0.00044338660175302635, -0.0031162690216239852]
[0.00023930171983388426, 9.66607848247314e-05]
[0.005085411341460233, -3.191414425285366e-06]
[-4.133725629662521e-05, -0.0008367703685561168]
[-0.00044363329096630544, -0.002515041059398926]
[0.0004893955880113099, 3.317912945499657e-05]
[0.004158555215302728, 0.0007248538803141802]
[-0.00020189443368978655, -0.0005512109323486669]
[-0.0005644812432143986, -0.0028648367537360553]
[0.0007483495431723775, 8.198646618451377e-05]
[0.0038310213750065714, 0.0014773606407696427]
[-1.884161637932813e-05, -0.0004589313098619652]
[-0.00012952783296049653, -0.002893827295446627]
[0.0008398938919027543, -0.0005663454337678786]
[0.003603632968871784, 0.0013879532455515209]
[-0.00018508102840364415, -0.0010189908543773996]
[0.0004546539421150797, -0.0032196997613668787]
[0.0006532158757301954, -0.0005647935545565197]
[0.003657895495214447, 0.00202966364156304]
[-7.101547547283538e-05, -0.0005119614848803078]
[0.0005327193698256849, -0.002309861684822556]
[0.001418625278069241, -0.0002925006517382478]
[0.0031795094472331087, 0.0017631889055333971]
[0.0006293910496395494, 0.0005102444362177216]
[0.0009671696241637662, -0.003067216417733276]
[0.001371644131533456, -0.0007136951731609997]
[0.0030105437712224514, 0.002067184282795287]
[0.0006041298571002329, 0.0002810510879291961]
[0.0015652441668656536, -0.002709662561787979]
[0.0013379306280532077, -0.0009637365376862217]
[0.0023195777498943304, 0.002139073747886383]
[0.0005901467203557331, 0.0004871354784479198]
[0.0020233185928508757, -0.0024300071922938316]
[0.0013526502006060426, -0.0005825770952816445]
[0.002524182038020184, 0.002285921836901586]
[0.0006523708859145216, 0.0010871414328503803]
[0.002785568489153123, -0.0022836172009942507]
[0.0012636751783163813, -0.0007165402690567646]
[0.002547595080998999, 0.0016460727638114778]
[0.0017880854608578467, 0.0010448016688631157]
[0.0030213522210797983, -0.0021372218856278644]
[0.001493573626403899, -0.0012902976550515088]
[0.0021343221653455924, 0.0018417012218107515]
[0.0017442826668008227, 0.0009391208691247321]
[0.0029928133313439353, -0.0025232537661656618]
[0.0012058187062391479, -0.000755639072686165]
[0.0014810598812387, 0.001900787985570529]
[0.0017261208571333064, 0.0016394276373445926]
[0.003153406736836617, -0.0017022126161018725]
[0.0012982103223286856, -0.0002596606340949936]
[0.0013972719735362293, 0.0016890238719226847]
[0.0019080033858038803, 0.0015739467633274495]
[0.0035083770597905684, -0.0018537832006387256]
[0.0010594166510731196, -0.0005309535476484273]
[0.00161442758191499, 0.001153546855347909]
[0.002170526719824206, 0.0014828922999635674]
[0.003179466230098793, -0.0017095786977714966]
[0.000785969258454644, -0.0005512057196320752]
[0.0007452547793642683, 0.001118364257265414]
[0.0017971550048234697, 0.0015206667579290567]
[0.0030395687606095123, -0.0021693541688024287]
[0.0006575884411677002, -0.0007471595968070455]
[0.0002630304306998621, 0.001172572570784347]
[0.0021199395325695036, 0.0012039490539661468]
[0.002717321485816493, -0.0013587609250217403]
[0.0007985773932508433, -0.0007634681688464262]
[0.00017249266274221853, 0.00046520840076125225]
[0.0024173903124011797, 0.000921834609946548]
[0.002779702104219961, -0.0012667993054059634]
[0.00028243026751262335, -0.000612568558803761]
[0.0004138310547388002, 0.0007272596255563091]
[0.0024856009009830426, 0.0010637937478764625]
[0.002222417442990343, -0.0007513286516630524]
[6.906349993363037e-05, -0.000510066939390097]
[-0.0003787061900535349, 0.000982105686696877]
[0.0027028290370239016, 0.0007783694654713291]
[0.002374222236800394, -0.0006417887166157987]
[0.00012418507749933916, -0.0008237985565836548]
[-0.0006581202127977637, 0.00038264285274058896]
[0.0023806090447877626, 0.00019157052401125307]
[0.001963325587311937, -0.0001686635997304453]
[-0.00016329500794554086, -0.000571756301460391]
[-0.0004527663461608711, 0.00022539941204180458]
[0.0026582695632806352, -0.00030770677320962614]
[0.001684614040828869, 0.00024608024824424035]
[3.017835203422692e-05, -0.0002666536646586115]
[-0.0006539045902371754, 0.0002702806968527538]
[0.0030846260877226417, -0.0004794779157853979]
[0.0015325840067217378, 0.00010908896729300288]
[2.1468817322567446e-05, -0.0002188325801669444]
[-0.00036937450183094356, 0.0002217651989314673]
[0.00324135813732096, -0.000485263535348307]
[0.001954702528215835, 0.0004558913850567503]
[-2.355907703144311e-06, -0.0002883749644841671]
[-0.0006849018538999108, -0.0002335095879753002]
[0.002528129096583287, -0.0009201010141764512]
[0.001465590290126828, 0.0008122214395336336]
[2.635869639955324e-05, 0.00010921056237029117]
[-0.00042002853248490624, -0.000126320999214391]
[0.002621817483372535, -0.000974490478192036]
[0.0010494621328629439, 0.0009742296642845094]
[0.0005357907050842492, 0.0003798884292497695]
[-0.0005224563364898405, -0.00017961457989223995]
[0.0030991916495142213, -0.0012829410799031493]
[0.0016863143355649868, 0.0007349223370656244]
[0.00021246818401676748, 0.00015967664498262035]
[0.00010597239132059677, -0.00031671547758405083]
[0.0029444283307094032, -0.00171626397655264]
[0.0013005843133908623, 0.0008859961489193768]
[0.00027174798624662877, 0.00011076651846611552]
[-5.251239673076391e-05, -0.0005575065958367542]
[0.0026888789163983517, -0.0015353756992171896]
[0.001074688300691795, 0.0008193327074659251]
[0.0005872808997979817, 0.0006691176764183626]
[0.00034110755463001574, -0.00022494251876592486]
[0.0025261501116693452, -0.0016179457071683334]
[0.0008294191169565535, 0.0010259433469044232]
[0.0008209116572892583, 0.0007476597382296557]
[0.0002668779425430978, -0.00025947318138785924]
[0.0026145964842465563, -0.0020893057301852314]
[0.0010186758622133807, 0.0008576691054251739]
[0.0007973391791860074, 0.0007189232100109355]
[0.0004493115058579189, -0.0003913098294643369]
[0.002356339189374168, -0.002199367507932426]
[0.0005870481266675442, 0.00028824177356212566]
[0.0010001343413215125, 0.0010212757918325877]
[0.0006147249421211143, -0.0005009556836217399]
[0.002156603629720255, -0.0019002051913798446]
[0.0003875593161976054, 0.0001392871789593908]
[0.0011928184672969078, 0.0008501356688164763]
[0.0005971813603470322, -0.0006286987908676878]
[0.0016299689723466848, -0.002284877396549756]
[0.0004562687833439272, -5.50310716618263e-05]
[0.0012027018424318747, 0.0008694392061348033]
[0.0008483208915628371, -0.0005795464041236098]
[0.0015608478691668815, -0.002221296394954164]
[0.00018309637724811534, 0.00014383833144382407]
[0.0013247604921209355, 0.0009120493534869878]
[0.0005254439322182058, -0.00045841850715899746]
[0.0013051288093095526, -0.002251905657432385]
[2.8722975926098737e-05, -0.0005547952360205333]
[0.001345488932047556, 0.0007162080598965836]
[0.00037813094626365507, -0.00046077384086395945]
[0.001040897403891905, -0.0022793893655423947]
[-0.00010308466056507815, -0.00039001507033675775]
[0.0015038914212420762, 0.0004226732585854709]
[0.0004375077514159331, -0.0008258648403599578]
[0.0006699471023299264, -0.0022317125679285343]
[-9.751619000464284e-05, -0.000521215600986058]
[0.0013956701519808323, 0.0006032341726370793]
[0.00024902282079741767, -0.0004626055547767294]
[0.0005457711431492429, -0.0022458021601994282]
[-0.0006186482158231921, -0.00038781701051338047]
[0.0016078464013684624, 0.0003950053977582746]
[0.00013410657820067673, -0.0003330791577523806]
[0.0005147845321614719, -0.002321112104863521]
[-0.00011237764277277629, -0.000808486093280214]
[0.001532268921693558, 6.362601041831617e-05]
[9.184407970075359e-05, -0.0002177955102459217]
[2.9874126681317392e-06, -0.0022098745244518714]
[-7.103317121001651e-05, -0.0006236805449983951]
[0.0015714610130127538, 7.34207424868405e-05]
[-2.4490324743997594e-05, -0.000607179545464076]
[-0.00016873967423536307, -0.0019797161038973554]
[-0.0004900880589594481, -0.0007631574036155442]
[0.002049926303895999, -0.00011592506644042544]
[-0.00013233586597682923, -0.0003251540389249685]
[-0.00010290747212987617, -0.0018829985515559367]
[-0.00017384963757523242, -0.0009518175369258586]
[0.0020478924948739152, -0.0002684616770675108]
[-0.0001226655176828073, 1.5467617903275332e-05]
[-0.00016621141542144668, -0.0017495081744896002]
[0.00025261066240143265, -0.000804576541720059]
[0.001815846201464133, -0.00044070392257800073]
[-0.00019640662733681757, -0.0001529442144255766]
[-0.0006431883321524334, -0.001482623047322329]
[0.0002668167501069102, -0.000994625597887655]
[0.0017675128252941374, -0.000514486721069074]
[6.571266710603783e-05, -0.0002928702918839621]
[-0.000445358714977917, -0.001160674240413162]
[6.620540777493226e-05, -0.0009840633186007364]
[0.0020116484480798835, -0.000829365323246678]
[-0.00010920312682353127, -0.00012703394717816785]
[-0.0005664430398414633, -0.0011591440231759065]
[0.0005782414462824938, -0.0010960026756972607]
[0.0017240606493234556, -0.00101610930799384]
[-0.0002411857234009586, 3.323624976192541e-05]
[-0.0005552356845833772, -0.0011649761989419027]
[0.000662169142974886, -0.0008917653165053108]
[0.001833947118128676, -0.0009297624293844176]
[-0.0002993932797968127, -0.0002477869396169119]
[-0.0004922564016511255, -0.0007741520333838237]
[0.0006762147020041229, -0.0010252920783132558]
[0.0017920508336767837, -0.0008742839182104556]
[3.356161979518879e-05, -0.00018670747195220772]
[-0.0004448891484977874, -0.0005268562655844633]
[0.0006514503682609057, -0.00110642905770178]
[0.0015050246026585001, -0.0010980446684216993]
[-9.445545597591004e-05, -0.0003829507283018563]
[-0.0005816477605748854, -0.0005589373770930051]
[0.0012117305697876175, -0.0010803380692094855]
[0.0013563551207836297, -0.0012817069684500915]
[-0.00017453009528925478, -0.0005407599639542654]
[-0.0005793135330870239, -0.00047816533871397615]
[0.001123759991301692, -0.0009845687318736501]
[0.0014822222444313728, -0.001246549403469653]
[-0.000208845050798598, -0.0007203343468515783]
[-0.0004601950761714633, -0.0003347530677492508]
[0.0013084278317724383, -0.0009193363640660175]
[0.0012791615430160267, -0.0014049162943509906]
[-2.71055122969769e-05, -0.0008593739063693026]
[-0.0005242310600671613, -0.00015145746009843225]
[0.0013061362279836522, -0.0009112341614037553]
[0.0009398684471519092, -0.001251612102629071]
[-0.00023189955208401808, -0.0008765035382235636]
[-0.00016799749391743085, 5.411938451435616e-05]
[0.0012421175861759212, -0.0006867297932208749]
[0.0008645363368107277, -0.0013191787000773614]
[-0.0004416536164378315, -0.001356298503907144]
[-0.0003328285997350258, -2.9133300932598916e-05]
[0.0011892893011999778, -0.0007346464018216092]
[0.0005777342946813868, -0.0015295486690205529]
[-0.00018232512002554213, -0.0012007386992037294]
[-0.00035849444057758223, -3.6997899744567464e-05]
[0.0013777853835645754, -0.0004421821217303612]
[0.0003882038419418671, -0.0014412759729710012]
[-0.00021900749786532558, -0.0013669221729445125]
[-0.0002641381717084848, 2.0610421829048153e-05]
[0.0013160100346951975, -0.00042893016313011456]
[0.000314142189029646, -0.0011628198431341552]
[-0.0002611197602171711, -0.0014770568119416572]
[1.581970178224021e-05, 2.5555874317517713e-05]
[0.0009103394049473357, -0.000347831226283124]
[0.0003473632657093311, -0.001350844899180581]
[-0.0003715261600245323, -0.0015536659778124795]
[0.00011142650263754397, -6.433826991003588e-06]
[0.0010593572424992814, -0.00019593337040346714]
[0.00013925158977422464, -0.0012429708770977377]
[-0.00015221657614639117, -0.0013392624987024204]
[-1.96331234877372e-05, 0.0001158806652845068]
[0.0010302530510163388, -5.47252785878527e-05]
[5.107955992374527e-05, -0.0010249929018137371]
[4.068127593348514e-05, -0.0016415864242727007]
[0.0001251902228569593, 9.847862435286014e-05]
[0.0010586956676575943, -0.00010028945525497601]
[4.202975367247758e-05, -0.0009806044532686409]
[0.00030093609391235177, -0.001535400517911678]
[0.0002736106454670484, 1.5375132920047996e-05]
[0.0009261523892959422, 8.481544862204426e-05]
[-7.641026933927209e-05, -0.000982545597180029]
[0.0002848030685860259, -0.0014207011844092898]
[0.0003193836154299079, 9.580739712944375e-05]
[0.000899936350014563, 0.0002046394520346384]
[-0.0002513147885458006, -0.0008040340864056139]
[0.00028770733703359364, -0.00145243596268807]
[0.00024931103308398206, 8.558238551747976e-05]
[0.0007493631137049928, 0.0002612388893832862]
[-6.0430648536557996e-05, -0.0005610769919722758]
[0.0006497737397952452, -0.0015248447433170997]
[0.0005844967943915702, 6.6110526480756e-05]
[0.0005792199074766691, 0.0003416910332754153]
[-0.00013238290278169695, -0.000483504110552313]
[0.0008741180662640291, -0.0014159950799492171]
[0.0004270080973422796, -2.550098000686507e-05]
[0.0007475275200164999, 0.00021441605575694966]
[-0.0004477443113522217, -0.0003077804104477666]
[0.0009732258549106643, -0.0013456699241236048]
[0.0004761563888360243, -4.716095924339747e-05]
[0.0005663542663674193, 0.0004087521720281262]
[-0.00019879378134612935, -0.00031251365855888835]
[0.0009870370020487185, -0.0014536546495381164]
[0.0004194735823033757, -0.0001133071073187164]
[0.0005811703996535522, 0.0003772772487107834]
[-5.253094875207198e-05, -0.000169842961893929]
[0.001286199492957829, -0.001308764526564643]
[0.0003406107054237939, -8.281873448001686e-05]
[0.0003706811828103618, 0.0005003974645670928]
[-0.00010964451933775932, -5.323836983850416e-05]
[0.0014643881532308, -0.0011605656098102601]
[0.0004308990569960036, -0.00010955206231599846]
[0.0006038651747640733, 0.00025071116869479493]
[-0.0001546226105071935, 4.678508432187645e-05]
[0.0013799286505534747, -0.0011646433229490216]
[0.00047300799805100047, -0.0002087234941143823]
[0.0002909402803152883, 0.00026951952515474886]
[-2.6269469935336076e-05, -6.175945150577178e-05]
[0.0015402321582310696, -0.001275073412134231]
[0.0002376342190756331, -0.00011162978478662655]
[0.0002842484298276604, 0.0003118731003927677]
[-2.3397824652549026e-05, -8.704759242406102e-05]
[0.0016245494184963238, -0.0008831722138455955]
[0.000167348732889816, -4.88282215876934e-05]
[0.00015514380905234937, 0.0002937327009741586]
[9.803531096386209e-05, 0.0001827174635754547]
[0.001578501506425356, -0.0007942661459639511]
[0.0003408533732081054, -0.00016326322837045826]
[0.0001333720744973732, 3.49627416026399e-05]
[0.00017079234041739166, 0.00016122811506624757]
[0.0015152696618170314, -0.0008638490567001722]
[0.00015835319539858617, -0.0002362681735259553]
[3.1094863597536104e-05, -9.291246996923075e-05]
[9.418819660689248e-05, 7.543062092862929e-05]
[0.0015847730726590292, -0.0005848820491757278]
[0.0001171963657019548, -0.00013876418437197557]
[-0.00022327780469799663, -1.7327464581107233e-05]
[0.0002794892343371824, 3.792943923786041e-05]
[0.0015308575045640538, -0.00045563010120311387]
[0.00010007980040938058, -5.436966369776197e-05]
[-0.00015421795296455265, -0.0002677348108781341]
[0.0004914058880473027, 0.000158452988588631]
[0.0015323464495065053, -0.00025210917093689]
[0.00022172344340065653, -0.00020967839357610707]
[-0.0001260352919931762, -0.00028325061352982295]
[0.0006543572055474067, 3.483214072874663e-05]
[0.0013863750201554836, -0.00020240155590899034]
[4.472621621531836e-05, -0.00012004997582215626]
[-6.569718880888864e-05, -0.00028855513940573285]
[0.0005321681087229191, 9.733465446715162e-05]
[0.0014338955138037957, 9.531308787369755e-05]
[6.061717504080022e-05, 0.00012202248978931962]
[-0.0001832807283723703, -0.0003738186162712152]
[0.0006234488477990796, 4.948035804142048e-05]
[0.0014290023591589929, 6.941394675252094e-05]
[0.0001210657616967925, 0.00010426168800137248]
[-8.945031462737063e-05, -0.000388370779966396]
[0.0007568750433656346, -7.605301854818336e-05]
[0.0013193400816156053, 0.00033487864224707176]
[0.0001938780026369269, 5.766665075868094e-05]
[-9.684268992060652e-05, -0.000369201933856797]
[0.0008179207394560795, -2.2435462099346104e-05]
[0.0011573024895543682, 0.0003128137962969124]
[0.00021960026255340992, 0.00024093950494163963]
[5.822841007585566e-05, -0.00041115284766740645]
[0.0007605200121851841, -2.5639497479024165e-05]
[0.001166064351993068, 0.00034656055102658123]
[0.00021372324601487414, 0.0002836929116206699]
[-8.513083211703076e-07, -0.0005606638711588285]
[0.000816535497896842, -0.00010781252323721624]
[0.0010719659308502383, 0.000448789459529253]
[0.0002750933980772974, 0.00031113677769450954]
[0.00012775150530064394, -0.0003604371230821468]
[0.0008142650336042667, -0.00013886794874989894]
[0.0010431207669416853, 0.0005889397234913329]
[0.00013251401730252077, 0.0004394802803691644]
[0.0002734899925744827, -0.00037769684684640925]
[0.0007309290423036519, -0.00013607439877744154]
[0.0008691159913098989, 0.0006891883062613569]
[0.00036286103141858206, 0.0003569701279244053]
[0.00028586221230386677, -0.0004300110356121878]
[0.000781505927107462, -0.0003637410288437337]
[0.000790860912861735, 0.0004480193456734005]
[0.00031767976270380416, 0.0003430602365751545]
[0.00037148267683817515, -0.0005655418798733436]
[0.0007441021027616568, -0.0004085628587118806]
[0.0007125914788537191, 0.0006551762319987331]
[0.00036986383116865973, 0.0005219913326700021]
[0.00031669023136737806, -0.00036878112935678775]
[0.0006780200466898201, -0.00046074981204557997]
[0.0005356486884797729, 0.0006685973646201049]
[0.00045674041135845833, 0.0005098705844209239]
[0.000532173762483712, -0.00035581322216304834]
[0.000641953717281929, -0.0004692947859079033]
[0.0004854388182182756, 0.0006641515017279387]
[0.0005123324120077655, 0.00042636524701120115]
[0.0005234136342096019, -0.00041358266300395297]
[0.0004682779611746568, -0.0005483175107154625]
[0.00041965783827746517, 0.0005505346972811687]
[0.0004813126932388112, 0.0004523658256994634]
[0.000496852710605511, -0.00043229205038952667]
[0.00034690412054660946, -0.0005498711714644194]
[0.0002076642427286668, 0.0005743641523948684]
[0.0006612670157171152, 0.00044366496076286843]
[0.00031083073810656003, -0.0004785733166944306]
[0.0004205500758929226, -0.0006429834137293006]
[0.00017974316815783098, 0.0004079022473179039]
[0.0008828745555720108, 0.0002791635250672664]
[0.0004923405841842365, -0.0005005267077999864]
[0.0003655653545091564, -0.000688599945871388]
[4.8859707589610224e-05, 0.0003805735719716319]
[0.0007436804599347813, 0.00020574928763966369]
[0.00051365879106402, -0.0003382508323835909]
[0.000306928547313845, -0.0006059782502366995]
[-1.3440301155243084e-05, 0.0003884605765339666]
[0.0008455109987748344, 0.00028215109469323374]
[0.0004524693650932443, -0.00032178764618373545]
[0.000213160134379331, -0.0005632843826189476]
[-1.3686918432398443e-05, 0.00028983062753895616]
[0.0009352544105358795, 0.00023231511800550497]
[0.00043679965891085804, -0.00032138054869634836]
[0.00014026142239498274, -0.0006110873355583135]
[-4.9146945563904865e-05, 0.0002474302412838192]
[0.0011228751197697173, 1.3880255801013153e-05]
[0.0003302182838987866, -0.00023036345172766648]
[0.00014578120941055595, -0.0007194170695861146]
[-0.00022864509378384135, 0.0001282926411640961]
[0.0010869426388808723, 2.0010711147017135e-05]
[0.00046592065273665106, -8.69833566835565e-05]
[0.00016492223293096409, -0.0005481260430135748]
[-0.00014017166848356855, 6.28885292098813e-05]
[0.001203204591182283, 8.200636637420433e-05]
[0.0003537518104901327, -5.618316133138013e-05]
[0.00011506488006363114, -0.0005101593172635588]
[-6.309718771235762e-05, -3.3087553688693205e-05]
[0.001227131442143925, -7.000423179837068e-05]
[0.0004071151472170298, -8.45186547676624e-05]
[-5.682750169766493e-06, -0.0004008344644217954]
[-0.00014441901903838872, 1.6766567769943563e-05]
[0.0012614204234393522, -0.00016762334027281556]
[0.00022276119607406164, 5.313224784586623e-05]
[1.3347546223951845e-05, -0.00031981617467824464]
[-0.00017042342339246286, -6.325286659336626e-05]
[0.001276108385229513, -0.000140605723549736]
[0.000339531442220542, 9.225498295695189e-05]
[-2.1494748149941678e-05, -0.00032874419729328475]
[-4.093835617308139e-05, -0.00017868250599861746]
[0.0012075563994947691, -0.00031177481946592644]
[0.00022893251860645059, 8.23124916948803e-06]
[-3.38744108108191e-06, -0.00028551104276064443]
[4.759497100637056e-05, -0.00018758896193682428]
[0.001151936330015202, -0.00036651905049939204]
[0.00025022238112593076, 1.4020533401049029e-05]
[-2.4229831677935465e-05, -0.00011605338428261058]
[-8.5235444222731e-05, -8.505700933836291e-05]
[0.0011037617615213824, -0.00040632510780053144]
[0.00017047450986629187, 4.151751068748322e-05]
[-3.1486532016566926e-05, -8.740941086649023e-05]
[-6.760113019316227e-05, -0.00018955969314504717]
[0.0010677784675793278, -0.0005850094927502547]
[0.00013115942568200922, 8.75758683992478e-05]
[-8.321846429537594e-05, -0.00021773701008809265]
[0.00012835258184321074, -0.0002367028433336582]
[0.0009011161940998269, -0.0005660818992623828]
[0.00010696950229902025, -1.876318230453755e-05]
[-8.911556959328992e-05, 3.2225385702133735e-06]
[9.305380804153218e-05, -9.62790695031579e-05]
[0.0009035581072736054, -0.0006167073417477908]
[-6.033639314367845e-06, -6.971103857167371e-05]
[-3.871928151599757e-05, 3.7064940957620696e-05]
[5.019049181295698e-05, -0.0002724912605567287]
[0.000811887814728518, -0.0007749092514854339]
[3.2621367614407704e-05, -0.00014607307742153797]
[-5.444723561592868e-05, 2.5688509946220073e-05]
[0.00012722941288995093, -0.0002440242780664681]
[0.0007459683636393266, -0.000895507490549341]
[-7.665190681278855e-05, -0.0001416977827637944]
[-3.512661307397691e-05, 1.21402377828983e-05]
[0.00018323518681960527, -0.0003247835547193212]
[0.0005656712889003934, -0.0008638516794221562]
[-8.481841905889215e-05, -0.00027277767095867933]
[3.074726776025605e-05, 0.00010000535298188007]
[0.00016366319088766124, -0.00021519733015096243]
[0.0005519226543657663, -0.0009466056041600446]
[-6.38856087795403e-05, -0.00035071051845431134]
[0.00013843891447518075, 0.00010231854344794344]
[0.00025705343587906215, -0.00034378484225427997]
[0.0004669831417829784, -0.0010456974960882937]
[-4.9559402561381166e-05, -0.0003370618408500281]
[8.900475343587289e-05, 8.065257949069204e-05]
[0.00018823580874810682, -0.0002516503122241831]
[0.00032056920305281733, -0.0010400882004942824]
[-0.00019629659108786864, -0.0003936007286164389]
[0.00018306036577042661, 7.060927693461339e-05]
[0.0001434826806380454, -0.00024195594449399893]
[0.0003193080204897669, -0.000946286904584287]
[-0.00010220342191392083, -0.00038115483088280167]
[0.0003227501787940734, 3.939721617482461e-05]
[0.00024020052178245176, -0.00022283349832744048]
[0.00019716779769651804, -0.0009517726285447337]
[2.267037693275825e-06, -0.00048162190464642873]
[0.00032594274299502235, 2.410423506005177e-05]
[0.00022058207842329605, -0.0002543360035681952]
[0.00015609414942738264, -0.001051431132251951]
[-6.045719873583322e-05, -0.0005078889744622173]
[0.000358784270988427, 2.5731986749183422e-05]
[0.00016615721372051015, -0.0002050548171217692]
[0.00012389193699861856, -0.0009186806961201666]
[-3.15450256103203e-05, -0.000550905937620777]
[0.0004435733573559114, 5.924547393085233e-05]
[0.00015878273680011018, -6.954048958990322e-05]
[0.00016627819465150212, -0.0008199854242478821]
[-1.1841308359916008e-05, -0.0005160918713325024]
[0.00045200186679227733, -8.108368993911541e-06]
[0.00023598146899036013, -0.00012650407064111746]
[-3.779375687191361e-05, -0.0007514647810491493]
[0.00014066042875684678, -0.000576364648851968]
[0.0005412217522960151, 6.783230499633058e-05]
[0.00017049291164857212, -2.5437924349537566e-05]
[-2.9479647157465427e-05, -0.0007186048263605159]
[0.00011883137053562433, -0.0006846716739862205]
[0.0005636196643542572, 4.6005750685652966e-05]
[9.49701901041388e-05, -9.064302732184407e-05]
[-0.0001385280280438942, -0.0007168275280096219]
[0.00031204294725867276, -0.0006977243174962969]
[0.00047792184040218975, -5.272557835751118e-05]
[0.0001438914147348612, -4.730711850359226e-05]
[-0.00021659323955871244, -0.0006241639290238549]
[0.00023877798668696382, -0.0006631695337809551]
[0.00047223714184408197, -9.869635233654417e-05]
[0.0001629525254854547, 4.989250262404932e-05]
[-0.00016959400432450464, -0.0004332815140778712]
[0.0003120482873895866, -0.0006243015422127823]
[0.000543116465784893, -9.410315835595151e-06]
[-2.137396905670108e-05, 5.0196940683810976e-05]
[-0.00023438900751941022, -0.000365410123742832]
[0.00036843653281930233, -0.0006728310725860887]
[0.0004941347189912591, -7.249909191051063e-05]
[8.577040278359704e-06, -6.656441820143688e-05]
[-0.00031725164725256855, -0.0003933127613442722]
[0.0005212669130216091, -0.0006309446951537068]
[0.00034138496440102445, -0.00017444091273874363]
[1.7134259867629398e-05, -0.00012732866582454427]
[-0.00038009331225833526, -0.00028302421088205465]
[0.00046268213027356175, -0.0006351516957977255]
[0.000334841590458863, -0.00017022011754067035]
[2.0642148743393873e-05, -6.320124561942642e-05]
[-0.00024100508162373368, -0.00023970688114421934]
[0.0005301794848185104, -0.0006643369755858775]
[0.0003340650859042936, -0.0002427865911397431]
[-8.441696795535858e-06, -0.00016198885896712145]
[-0.0002921880611245851, -0.00022373714540979694]
[0.0006933417943097986, -0.0005087182904972565]
[0.0003158088996259283, -0.0002394827937135524]
[-4.0229327573665374e-05, -0.000198050303288011]
[-0.0002986906645919968, -0.0001666320229984919]
[0.0005994699118632429, -0.000499948555026275]
[0.000236307001721104, -0.0002632170962198477]
[-5.8754918371428655e-05, -0.0003127371455492467]
[-0.00030716106050119457, -5.180849828340106e-05]
[0.0006657765323235809, -0.000512263285373793]
[0.00021549885507256283, -0.0002881115186583183]
[-6.775332055231065e-05, -0.0002250498913982102]
[-0.0002204381446790915, -9.075668413133231e-05]
[0.0007343059760692161, -0.0004231767299264777]
[0.0001976969743764101, -0.000391323765145557]
[-4.44188893840014e-05, -0.0003205204489697411]
[-0.0002452866236579698, -6.374826284016866e-05]
[0.000846091258059567, -0.00028126093368874283]
[0.0001466253243725124, -0.0003682862056644809]
[-8.151822171881262e-05, -0.00042465833598342995]
[-0.00019595534519961655, -2.1956254666000152e-05]
[0.0006810437684908743, -0.00030625235715814325]
[0.0001765816172602519, -0.00040059040709761184]
[-8.753484495960251e-05, -0.00041255418702224045]
[-2.79635709621584e-05, 3.530998650719264e-05]
[0.0007208867912062988, -0.00023604668200488677]
[0.0001214655165982792, -0.0003696235763861466]
[-9.04489283848342e-05, -0.00035014167757868586]
[-1.2603131240240817e-05, 4.131706568966109e-05]
[0.0007775344748677804, -0.00012919509348291447]
[0.0001197287109968026, -0.0003072450976727703]
[-4.257300925458729e-05, -0.00044641881279655626]
[2.0596075549050852e-05, 4.850750054874453e-05]
[0.000742897874332793, -2.3577541226449394e-05]
[0.0001477418287821608, -0.0003182883934857994]
[-2.537059989871082e-06, -0.0004775887882502161]
[9.53080781184168e-05, 6.470702560035235e-05]
[0.0007435403235901417, -5.3870491026841716e-05]
[0.00014285752949050323, -0.00025361018664527]
[3.7439763878599486e-05, -0.00047517566774690767]
[0.00011945510310462648, 2.4912125690446096e-05]
[0.0007381728814734867, 1.03768390247172e-05]
[4.651265501270929e-05, -0.00022113407002299912]
[0.00010308554738680531, -0.00047192505131005147]
[0.00012190676781592691, 7.067583888997753e-05]
[0.0006920828451389971, 9.75372119167428e-05]
[0.00013561760051944427, -0.00011555235105276118]
[5.674324172089129e-05, -0.00044884799915145823]
[0.0002628397706392893, 5.927885672341038e-05]
[0.0005829709013861484, 0.00017809695665726988]
[0.00014611805914477305, -0.00011713444180661003]
[0.00019852432294809041, -0.0005457942983756736]
[0.00015575458930405794, 0.00011836544862087184]
[0.0006716433209393857, 0.0002173141601519435]
[3.588723734004873e-05, -3.8689334945551934e-05]
[0.00018765225880146286, -0.0004883748248630526]
[0.00013191876634804922, 9.97533572087983e-05]
[0.0005501648004826443, 0.00026404999879431346]
[6.520217228100922e-05, 2.3393523557291296e-05]
[0.00023194846131213698, -0.0005731382135603091]
[0.00021495234284518716, 8.709325085154429e-05]
[0.0004651169069611605, 0.00024629116557856046]
[8.579697179800228e-05, 5.5207552334679555e-05]
[0.0002658176250631694, -0.0005344818751699121]
[0.00024148020508840684, 2.1233911115858817e-05]
[0.00041480705720475797, 0.0002997612906581737]
[2.7773443057710345e-05, 4.598034285940855e-05]
[0.00040496324059280386, -0.0005403023607280372]
[0.00018847582523850992, 2.370879512136881e-05]
[0.00042339973363936245, 0.0003821577294216283]
[1.6129816291066135e-05, 0.00010980619443223816]
[0.0004177019841441476, -0.0005454472397836696]
[0.00014099753624230438, 6.522980783174592e-05]
[0.00032978434152364233, 0.0003023368419441119]
[9.203980807381829e-05, 0.0001644976482384486]
[0.0004483872256930699, -0.0005332924860192573]
[0.00017220946327745068, -2.9697259536165532e-05]
[0.00026254894905453074, 0.00030277450078555757]
[0.00011005344061121303, 0.00014021030890654096]
[0.0004585835936617988, -0.0004396485716641231]
[0.00013322268718363173, -8.36748941020482e-05]
[0.00024202697824315944, 0.0003362229813058445]
[0.00012244380149273315, 0.00015511483236940737]
[0.0004915799109947994, -0.0004238675133531357]
[0.00013884060515034768, -9.964936593387375e-05]
[0.00017577427626480624, 0.000294820435047867]
[0.0001441883933680499, 0.00013969957700588065]
[0.0005903686931775232, -0.00045779350410268815]
[8.110935523786278e-05, -3.0294424420651556e-05]
[0.00014825202612911426, 0.00024045966443922429]
[0.0002000198609618531, 0.00011312852235106918]
[0.0005640365642881617, -0.00030301766182323775]
[0.00011108933599390802, -0.00011660064278140592]
[8.123894592193537e-05, 0.00022374011707966546]
[0.00021941909200429155, 0.00012857940455096584]
[0.00051811105489874, -0.00027909035367877644]
[5.042554923584408e-05, -0.0001320427169169136]
[6.99654681459716e-05, 0.0002562621211138205]
[0.0003236947537602619, 0.0001417001199622847]
[0.0005110196462542183, -0.00025179738159206155]
[0.0001489199493285298, -0.00015615816995057097]
[-7.569119907724353e-05, 0.000138483634707115]
[0.00038495372266234007, 3.562568330300886e-05]
[0.0005828004106018803, -0.00021859398620266424]
[0.0001600286744261048, -0.00013763951622336457]
[-2.9693097111094247e-06, 0.00014141550983493012]
[0.00038398599880451467, 7.524573642869736e-05]
[0.0006057004392818754, -8.755492485088001e-05]
[9.329835419658039e-05, -0.00010355593702965349]
[-3.0409513040452474e-05, 9.436976587556822e-05]
[0.00043695579907021553, 0.00010758941709632097]
[0.0005650144387733258, -5.2969430769878034e-05]
[0.00011142692135945875, -0.00016026048121026149]
[-4.517749644883384e-05, 0.0001145584741092387]
[0.0005234991945163303, 2.1725793511534475e-05]
[0.0005364083623261573, -4.2118423219106305e-05]
[0.00011475007047490049, -0.00013860548313726628]
[-0.00011499695251959707, 6.82362770820788e-05]
[0.0005419685418736053, -1.6097993187524917e-05]
[0.0005780692920919206, 7.666927144345248e-05]
[0.00013584434702329506, -3.554081408577159e-05]
[-6.226623144078847e-05, 4.692128129352158e-05]
[0.0005427452637595254, 4.357475600708094e-06]
[0.0004943604910606636, 6.218960832982123e-05]
[0.00011508525103942624, 7.760474252604954e-06]
[-8.021306905769965e-05, -1.7257755393684793e-05]
[0.0006547876341875813, -2.6892509422532518e-05]
[0.00043472301051827866, 6.929776560915535e-05]
[0.00014722744384432218, -2.0207323631310503e-05]
