[635.7485148687276, -1064.038531094709]
[64.81092731604744, 29.69945582213235]
[-1.6757878168698142, -13.917194759259758]
[1.0337091032691603, -1.584523975990109]
[-5.524211770533441, 3.631520437087943]
[-2.909384470535727, 2.3528001253387885]
[2.7715015019546883, -0.1572955324854135]
[-0.007158787468014793, -1.1760798461968918]
[3.390960533656852, 1.454352890735013]
[0.38717246451524145, 0.7289637281052297]
[0.4891805915712908, -0.3130150157806728]
[1.769381846311461, 0.7380228561966895]
[0.00395023705591413, 0.17383197463519195]
[-0.06593713958868364, 0.035083714806756205]
[-0.6139128455920044, 0.3940534692036053]
[-0.19531885324980536, 0.1830628915151209]
[0.5197956865408244, -0.01127783219852918]
[-0.08418379339013615, -0.3504124030992344]
[0.5586849062774668, 0.20418561226819776]
[0.14932807573867635, 0.32713512915121523]
[0.15997769926621785, -0.16455386364211755]
[0.48118882339243996, 0.19908503755058948]
[-0.014298037132320474, 0.17384077795420438]
[-0.06479279589925113, 0.08177203302092195]
[-0.19708394292289455, 0.12828962705939517]
[0.005088893530729166, -0.00473930897056718]
[0.2415879703543844, 0.02097243272329896]
[-0.0646207510215584, -0.15291115297470714]
[0.17363072370008226, 0.03814137446600352]
[0.10731650481562305, 0.18608473462101482]
[0.09347545971293547, -0.0910995753995234]
[0.18076694379806568, 0.08603817956586612]
[-0.023964194333167654, 0.13332488337060155]
[-0.029413311965178934, 0.07423290292877915]
[-0.07529895028783073, 0.05511186748122121]
[0.03225251609538127, -0.05282330773167132]
[0.13795530688408064, 0.031401077671576516]
[-0.03971511906501757, -0.0684518436112147]
[0.059912067634523725, -0.012771660703366106]
[0.08010873640762561, 0.10685435492929152]
[0.06492139143452924, -0.048291753957707684]
[0.0665121172160994, 0.05307829481650783]
[-0.028983970559814054, 0.09782856058414069]
[-0.0037555335580119475, 0.053988364908878594]
[-0.020604113607415542, 0.02511438318814907]
[0.024545675803986478, -0.05901774342755495]
[0.08120019575982518, 0.03269437238222839]
[-0.01638705383519512, -0.02730521042390166]
[0.020332431443723986, -0.03407055536330472]
[0.05368934630647537, 0.06047119603825024]
[0.04745412656539805, -0.02004066107734559]
[0.019136033183652756, 0.04486407186572716]
[-0.028662532590251644, 0.0676343606282721]
[0.008845712508353643, 0.03185998364572029]
[0.009791152680948656, 0.01441844051092378]
[0.014983482922493963, -0.04698551056039957]
[0.04478732899449511, 0.028275148181243104]
[0.002308116666265625, -0.009493651972928951]
[0.008792146699079684, -0.04033738712049484]
[0.03027703362662848, 0.03555551696424253]
[0.03261545496623053, -0.0002775372774550533]
[0.0037258573048699617, 0.04051905863642791]
[-0.023341057134370402, 0.043046745710631384]
[0.01057139970394072, 0.013707146357546662]
[0.02456161716052563, 0.014128326049548334]
[0.011641645609123952, -0.030733493973237103]
[0.020740677696641896, 0.019867598270385756]
[0.013113866451296197, -0.005160634354933524]
[0.007353092332050393, -0.03717895355669443]
[0.012674641011404475, 0.02488674666626034]
[0.017990426657754188, 0.010967362552126048]
[0.00131346902781182, 0.03237276004707379]
[-0.014173229219636596, 0.024908625423281983]
[0.006080784426286012, 0.003081592788813481]
[0.027794989965478578, 0.01656361254681582]
[0.013447290304940518, -0.017280313969640915]
[0.006818156204196013, 0.009514673995103085]
[0.015098071990853335, -0.00587328606862858]
[0.008080839500568482, -0.028528851680667433]
[0.0029996876873195077, 0.022187079913118857]
[0.006016465239079505, 0.013834218953462596]
[0.0013096310545614998, 0.02136069949768693]
[-0.003638508164222287, 0.014152178994925713]
[0.0009526295006609953, 2.2345392630462868e-05]
[0.024306102922277972, 0.01735904181671022]
[0.017384723393295554, -0.009331829312342332]
[0.0014316281207311654, 0.0005809860745142892]
[0.011257632490476066, -0.005583784568721661]
[0.00698524170332937, -0.017823928973771608]
[0.0006076656558189342, 0.021208567118448318]
[-0.0007987332135543923, 0.011479704967478632]
[-0.0001261382417148127, 0.010784239008622798]
[0.00482779649919074, 0.009943274045889794]
[-0.0011478327740323535, 0.0014747234058498648]
[0.01815781096649438, 0.015062572466926438]
[0.01988407278679144, -0.0068109653098045175]
[0.0012837551181270612, -0.0041937979748396526]
[0.006078137285079777, -0.002438127274666524]
[0.0031504843115702785, -0.008833199895422972]
[0.0018979880267977478, 0.018289878680231464]
[-0.002482934971405726, 0.007694270280752313]
[-0.003198501904688733, 0.0032760778765323906]
[0.009082328618461588, 0.00937263876843697]
[0.0003683292687416406, 0.003678096428281208]
[0.01274921660887518, 0.009976264224816012]
[0.018740787454906205, -0.0068878668501242135]
[0.002510668377016523, -0.004553829096225925]
[0.002665420407216068, 0.002290444967864236]
[-0.0014165036746569548, -0.003768350664553388]
[0.0032722716251551986, 0.013301233290370362]
[-0.0006885240581580021, 0.005104599134078569]
[-0.006166391031427132, 1.961505739167535e-06]
[0.009322362455840505, 0.009291409390118188]
[0.0037869450737371135, 0.004123292992753047]
[0.010149905898143796, 0.004294838664596012]
[0.014788054035729026, -0.006411418148661641]
[0.0025463328236248195, -0.002265443838144865]
[0.0018463566300068734, 0.006311961604294369]
[-0.004339277694023869, -0.002101893805356525]
[0.002943529289542113, 0.00786745704955294]
[0.002147918442330088, 0.004874637381138136]
[-0.006977084015687973, -9.239124307036661e-05]
[0.00732954308249667, 0.007763141031646714]
[0.006636928652775542, 0.0024669048378060943]
[0.009855222127022278, 0.0004967549280838757]
[0.010351832335752542, -0.0042957898481847945]
[0.0007498667216868649, 0.00031005019912067056]
[0.0025637186894424957, 0.007955248317023454]
[-0.004705638085977348, -0.0020015246265838726]
[0.0009236559320804361, 0.0038399123637029575]
[0.0037495033003152045, 0.006301073376835831]
[-0.0052420059376263595, 0.0006191065800766893]
[0.005329815727582066, 0.004571449825766183]
[0.007452175521920679, 0.0001588580856018984]
[0.009971784156521779, -0.0007120518115811825]
[0.007182128931145559, -0.0012013973309625836]
[-0.001903784193722835, 0.001483052626237047]
[0.0030175868661981298, 0.007121815602860071]
[-0.0029699121758142155, -0.0017042540336040801]
[-0.0013699219720182398, 0.0021873232963462996]
[0.0034407454355322997, 0.007539527485780573]
[-0.0022936703420305404, 0.0004850670748144381]
[0.004710371577972605, 0.0009936556927165885]
[0.006515138215840488, -0.0011296409892741222]
[0.00912876155426777, -0.00017319091898548855]
[0.0058791375948135105, 0.001525560125471781]
[-0.003839247579460414, 0.0010256220170625774]
[0.0020945873827917794, 0.00512171300162767]
[-0.0005734009818820773, -0.00023344553508852783]
[-0.002387010662190825, 0.0022434393142765074]
[0.0021653841692330644, 0.007346978884626543]
[0.0002343967404338787, -0.0006747365496524438]
[0.005291698897961439, -0.0014537168509887177]
[0.005095975554026036, -0.0007558384277498442]
[0.006966695570201575, 0.0007762555062796328]
[0.005787939085327487, 0.002690417092562347]
[-0.004138132042047049, -5.2209541894665534e-05]
[5.3054569095323245e-05, 0.003512237209299718]
[0.0009472680189883675, 0.0019974526203614396]
[-0.0018181197434845586, 0.0025047916020186634]
[0.001201507584193351, 0.005765393959220266]
[0.001387992736205712, -0.002064406783772732]
[0.0059741900875043275, -0.002219238138353008]
[0.004365131655716059, 0.0007795228514547725]
[0.0041210801498351435, 0.00097480618499457]
[0.005552985311156888, 0.002211289538353922]
[-0.003073242735296411, -0.0005393044507848721]
[-0.001966597705902906, 0.0029983027176454513]
[0.0011747975549978307, 0.003753520866039306]
[-0.0004609701719355819, 0.0019950643157211623]
[0.0012651096538425222, 0.003663586836476551]
[0.0012409495470290244, -0.002643387259608554]
[0.005811813255304332, -0.00178917858376626]
[0.004700061694762336, 0.002336473174608278]
[0.001817171465170686, 0.00020597168296143664]
[0.004397029641601602, 0.0011051721301340856]
[-0.0016796157485623464, 6.416788994512146e-05]
[-0.0029556810543933665, 0.0032171752530398834]
[0.0007729528489672788, 0.00426665784065916]
[0.0006672853891953601, 0.0006478700072221066]
[0.002215083703454468, 0.002088562812177952]
[0.0007074224948410146, -0.0019520261887944201]
[0.004564456024074848, -0.0011501386953074455]
[0.0055025183971257885, 0.0029806189643053482]
[0.0007727280225250377, -0.0007344192459028953]
[0.002590151873706148, 0.0004105864882461008]
[-0.0009042100407943288, 0.0013357133502416296]
[-0.0026996727625663297, 0.0033102748990336828]
[0.0005872355236569149, 0.0036238903970362557]
[0.0009180821024256103, -0.0009045282867514715]
[0.0032066609887153597, 0.0015521571247505417]
[0.0006887138486532662, -0.00048742101708312835]
[0.0028038355903826084, -0.001120322056251205]
[0.0058186534643605015, 0.0026778441526129626]
[0.0007138822100922759, -0.0010062808963455794]
[0.0008880828158916998, 0.0005069549071755608]
[-0.0009807690778074196, 0.0024071707440787016]
[-0.0017573935421428821, 0.0026656171112469096]
[0.0011113790489893915, 0.0024779599200481783]
[0.00041521979290135014, -0.0018033861562258835]
[0.003436311275740289, 0.0016892494490647891]
[0.0013474154223259704, 0.0008306833571884442]
[0.001444646476121414, -0.0017482070031319963]
[0.005208234206431683, 0.002090326852251412]
[0.0009178914222235379, -0.00038854757677642127]
[-4.908470634390483e-05, 0.0011113556296962201]
[-0.0014322896511318461, 0.0026735072389421077]
[-0.0009542808630969013, 0.0013409105005455224]
[0.002206035574233045, 0.0016565153888062345]
[-8.778072710019513e-05, -0.0017245305151221135]
[0.0027934488115164413, 0.001737851784012534]
[0.002191939684276889, 0.001416900453417247]
[0.0009456806296316289, -0.0024202006424738354]
[0.003934109841742028, 0.0018653400107034313]
[0.000773407450226693, 0.0007663782637323813]
[-7.521364910845207e-05, 0.0015418967886708934]
[-0.001571935118647616, 0.002170706061364047]
[-0.00075967093114504, -3.463505951994961e-05]
[0.003170128580841425, 0.0015334419025467005]
[6.818932569541136e-06, -0.0010964806682156603]
[0.0017730290182333963, 0.00122882442483907]
[0.002598354045501017, 0.001304787535050811]
[0.0010795307643570728, -0.0025487496975755697]
[0.0026227006474259795, 0.0022170814653286047]
[0.00011388492143704632, 0.0017823038386137746]
[0.00031198735334792005, 0.0012993803991667718]
[-0.0010470198118004426, 0.0014445137627721039]
[-0.0009933583450114636, -0.0008079618992908877]
[0.003426372082289575, 0.0017672203777033269]
[0.0006942933276742891, -0.0005545082151503511]
[0.0009933419666232624, 0.0002404023268851585]
[0.0022722815903013505, 0.0009904086576034699]
[0.0013011222947129086, -0.001987026629253874]
[0.0018377406716134637, 0.0028381135039049488]
[-0.0006537979806862104, 0.002147565662924844]
[0.0004591863202350055, 0.0005114533502204033]
[-7.425227871493689e-05, 0.0010787388310624646]
[-0.0011147733479992539, -0.0008184303654643621]
[0.0029903182018395924, 0.0018044944640734917]
[0.0015534301592168287, -0.00046571562809635814]
[0.0007713781459438712, -0.0007430920950515507]
[0.0014521762378725267, 0.0010074566188507106]
[0.0011454557884044703, -0.0010448715143018816]
[0.0016651578975537262, 0.0031429161973903774]
[-0.0009658676803550037, 0.0019411061047356348]
[0.00012514700533672318, -0.00029981965880310213]
[0.0007928500275755646, 0.0012340245533314365]
[-0.0007491056582534239, -0.0004123401049487274]
[0.0022706220003692046, 0.001368407803197691]
[0.0020649269202307197, -0.0007747933473164215]
[0.0009304234484845686, -0.0012215771059135017]
[0.0006940126321306472, 0.001489340267063488]
[0.0005507690687057698, -0.00027841392326344305]
[0.0016931303275056209, 0.0028100552841738846]
[-0.0006488101346957542, 0.0016307228786351935]
[-0.0004701059079963432, -0.0007031580612744115]
[0.001153483726612059, 0.001596875274000542]
[5.789517757648355e-05, -8.670543586752899e-05]
[0.0017397799965730432, 0.0005589790823340435]
[0.001975731098256328, -0.0010531011293276604]
[0.0010015388124601787, -0.0010824474044616172]
[0.0003937148326755846, 0.002111452835721228]
[-9.131472418411057e-05, -3.046461070121964e-05]
[0.001484147900289834, 0.002026031554488661]
[3.6804031949166927e-05, 0.001595748777391881]
[-0.0009018806972477256, -0.0006089582464747778]
[0.001026810162175984, 0.001724091143957815]
[0.0009205107418663871, -0.0001333537800599638]
[0.0016431431440668831, -0.00020697249848433685]
[0.0015193879170634084, -0.0008935705661026194]
[0.0006632534675857782, -0.0006430338053684537]
[0.0005151969539674006, 0.0024368991903304937]
[-0.00035127684137636894, -0.00016001234961393607]
[0.0009303781955583013, 0.0012187453123153613]
[0.0006589234958584989, 0.0019026032259681358]
[-0.0008554276647311232, -0.00029649152439059634]
[0.0007497435458891921, 0.0013905815219039108]
[0.0014064244191823727, -0.00045067868419879087]
[0.001789436604053285, -0.000519189480243154]
[0.0011383053517126651, -0.0003009032828998892]
[-1.588494397622431e-05, -0.00032970650467389895]
[0.000714974678727387, 0.002277590807404889]
[-0.00013734664566689148, -0.00028684681970103654]
[0.0002440439359898683, 0.000734664310410249]
[0.0008923932284248259, 0.0022940727342408707]
[-0.0003901523689513464, -0.0001784667931277184]
[0.0006959037654625799, 0.0007282198973395104]
[0.001387521409103587, -0.0006651996891731127]
[0.001775699901497521, -0.0003567263144630406]
[0.0010663810060107526, 0.00039531880723409074]
[-0.0006884177567142435, -0.000345039372735112]
[0.0006551595896895357, 0.0017947487183219701]
[0.0003308061088240777, -0.00013109721912751837]
[-0.00020628845455528122, 0.0006394035676837717]
[0.0007583978711775963, 0.0023912013758610184]
[0.00012871272071798834, -0.0004225685624388298]
[0.0009802586153766502, 0.00011388132010703433]
[0.0011123109221753552, -0.0005068779851128136]
[0.0014052796914691967, -2.5866443735561573e-05]
[0.0012300045288731187, 0.0008469508512736201]
[-0.001018708717630934, -0.0005635049718699658]
[0.00025585987497089846, 0.0013442820485580764]
[0.000705505194928735, 0.0003316707784788431]
[-0.00018787974982759081, 0.0006718234310909565]
[0.0005749168989064302, 0.0020463535465746197]
[0.00038329752005342166, -0.0008441132979628563]
[0.0013751714975269724, -0.0001584572263607642]
[0.000927668619986971, -2.9778489254506102e-05]
[0.000784131113079567, 0.00015919089205435055]
[0.0013518475234335359, 0.0008958657852948804]
[-0.0009279209067636351, -0.0006775828832434883]
[-0.0002601448726737843, 0.0011934436933815906]
[0.0007503844798635306, 0.0008438621093753707]
[0.00017361393772263867, 0.0005102209429375115]
[0.0006191826294914549, 0.001452588863672305]
[0.0003297557220578451, -0.0011243232794544422]
[0.0015548179696602826, -0.00011004469380382353]
[0.0010054027812160804, 0.0004904098183937666]
[0.0001923777758061629, 6.423521067744353e-05]
[0.0011606498247198616, 0.0006819656390104484]
[-0.0006270419219438494, -0.0004701654670702382]
[-0.0005704993888140386, 0.0013149591420185125]
[0.0005513009529489743, 0.0010817777402925]
[0.0005485645423730645, 8.828424102036436e-05]
[0.0009094175839763352, 0.0009277018384629687]
[0.00016647671650649176, -0.001059663496822294]
[0.0013777471213839432, 1.4290207518752318e-05]
[0.0012629035293997282, 0.0007695631474942122]
[-9.730726263923462e-05, -0.00018586166089451517]
[0.0006484643485640262, 0.0005183338692938133]
[-0.0004193252870798858, 4.403921658013843e-06]
[-0.000534334494536326, 0.0014469432708041907]
[0.0004014882668093023, 0.0009675179040392612]
[0.0007030965644372611, -0.0004096397006989605]
[0.001244836448033082, 0.0006774522988270415]
[0.00016020155006307712, -0.0006953218286963048]
[0.0009515938785137484, -2.7733219809533693e-05]
[0.001439153885910649, 0.0007143399087841118]
[-5.0599660136319e-05, -0.0003031106854287646]
[7.26071891645752e-05, 0.0005816869720934315]
[-0.0004464124586172069, 0.0004789597581467131]
[-0.000281061703854002, 0.0013487578124868893]
[0.0004968496150725699, 0.000683236491630046]
[0.0006173124412626463, -0.0007306550245287369]
[0.001367558924012302, 0.0006770570437057977]
[0.00042221162919717226, -0.00028488538704032895]
[0.0005385680864480602, -0.0003053728137520084]
[0.001325694716921122, 0.0005004012503814215]
[0.0001041019292760681, -0.00012616703579859667]
[-0.00030192498370285037, 0.000790698176283744]
[-0.0005994796830597338, 0.0007048523974044762]
[-6.2659013403632e-05, 0.0009883214780805893]
[0.0008190717364837674, 0.0004701408229728643]
[0.0004682784037598753, -0.0007213418383478221]
[0.001168964786316895, 0.0007050459585423718]
[0.0008095116355567311, -6.713482768971879e-05]
[0.00035771770917078505, -0.0006530880267292538]
[0.0009653073021915759, 0.0003926823487914177]
[0.00012593502319035998, 0.0002471399783716688]
[-0.0003861578879136296, 0.0009336120357985589]
[-0.0006503143021698854, 0.0006378237741795356]
[-5.082735114148029e-05, 0.0005372441650166593]
[0.001181089538164315, 0.00047310489560666025]
[0.00048740024201820997, -0.0004618661114419442]
[0.0007866709336712407, 0.0005525366499433693]
[0.0010680778439878247, -6.91206588003257e-05]
[0.0003972063850907759, -0.0008167517905257604]
[0.0005799820499068353, 0.0004997333852796298]
[-5.230129878963652e-05, 0.000595699228794544]
[-0.00028877128262094764, 0.0008345146758552691]
[-0.0004541341560675427, 0.0004361763551952169]
[-0.00021778106822289978, 0.0002305769607902075]
[0.0013499177920244243, 0.0006348714630030061]
[0.0007303394953395714, -0.0002035659811896462]
[0.00046680788302094767, 0.000212301244875035]
[0.0010525380064030365, -0.0001274016681084289]
[0.000460691939603991, -0.0006938466011204847]
[0.00036626342521595134, 0.000730351755273223]
[-0.00032077840043009953, 0.0007401432794682528]
[-0.0002283523843653601, 0.0004911806061163038]
[-5.941479648097214e-05, 0.0003146539542553395]
[-0.0003654587515714014, 0.00017966123640777987]
[0.0012521783780543583, 0.0007346073214287152]
[0.0010366110298659637, -0.00012456615832454054]
[0.00035320484571275956, -0.00014500387081414767]
[0.000815663175152026, -5.305425627566418e-05]
[0.00037673910229749086, -0.00038837754134690705]
[0.0003745147408911187, 0.000892726614075634]
[-0.00047566956154199147, 0.0006589840929476232]
[-0.00034043612260648004, 9.551184109302113e-05]
[0.0003321611495694654, 0.000373246167561625]
[-0.0003074306421307904, 0.0002845036416794233]
[0.0010343104953314253, 0.0006151835238328851]
[0.0012069704483340382, -0.0002097159533940851]
[0.00040468449613506596, -0.00032870629453668476]
[0.0005455369784415076, 0.00021718527067948745]
[0.00011999237591633904, -9.48731790446633e-05]
[0.00047977764762419106, 0.0008339560251482414]
[-0.00038991934825349794, 0.0005150228716208627]
[-0.0005556898799723431, -0.0001407170009317671]
[0.0005291201402548573, 0.0005212465680207723]
[-3.473009745738609e-05, 0.0003481204118540582]
[0.0008878326730643593, 0.0003157940641929091]
[0.0011477141044468064, -0.0003152011549601985]
[0.00045364330468561365, -0.00027078747707176554]
[0.0004148221867150692, 0.000570740101140832]
[-0.0001825733146145203, 3.427571478575864e-05]
[0.00048192536296043365, 0.000578694921449685]
[-0.00013802589334144244, 0.000497880476762802]
[-0.000695455151802582, -0.00016167997872740258]
[0.0005060968715009384, 0.0005738178368122175]
[0.0003026601862611833, 0.000257554577766439]
[0.0008963428808614893, -4.127292723143938e-06]
[0.0009211565438153602, -0.0002800534435257185]
[0.0003492144725459889, -7.50636212573097e-05]
[0.00044313837036913384, 0.0008107653424466177]
[-0.00033838935918750757, 4.021213963811832e-06]
[0.00029995984715180946, 0.0003067029905199359]
[9.391293043070625e-05, 0.0006465166589186833]
[-0.0006365078728020612, -6.996427790717519e-05]
[0.00039807248295575803, 0.00042729372276034683]
[0.0005302201739528778, 5.340590847396909e-05]
[0.0010039767151177603, -0.00018097997797261733]
[0.0007091165764711027, -6.029265334095424e-05]
[8.863548772558572e-05, 7.207319813595792e-05]
[0.0004968287005540084, 0.0008245506882183229]
[-0.00026259387793103883, -2.962391218952476e-05]
[3.0168058257062924e-05, 0.00017060142857228122]
[0.00017655530970439592, 0.0008502497780691343]
[-0.0003938029499896134, -2.5088397906714022e-05]
[0.000364078061521278, 0.00013421578696881653]
[0.0005694684221469737, -0.00011428421969503222]
[0.001050759639386091, -0.0001581933852323747]
[0.0006512458985059588, 0.0002169259708014737]
[-0.00018645564824476546, 6.26471400904105e-05]
[0.000427358251538168, 0.0006672597449485229]
[-5.019423370877796e-05, 7.12604679948825e-05]
[-0.0001690182358646819, 0.00018591205454665527]
[0.00011158697561497455, 0.0009538981588902429]
[-0.00011146616433754808, -0.00012038401385994213]
[0.0004668226689182875, -0.00015111966414255162]
[0.0004941744441120666, -0.00010389787014131874]
[0.0009110841149057303, -4.3919267059135125e-05]
[0.0007208511130565309, 0.00038293899913077745]
[-0.0003221215020777213, -5.5667603524378606e-05]
[0.00020222132825220562, 0.0004934702188660323]
[0.00013814503625453334, 0.00030512510171143425]
[-0.00019303687207972153, 0.0002511554372266467]
[1.966282616283621e-05, 0.0008683477096386727]
[4.81915790278703e-05, -0.00030030697493610425]
[0.0006319994451281508, -0.0002866477358500763]
[0.00046101174875917694, 8.847531218308946e-05]
[0.0006220212718222595, 2.544969830264865e-06]
[0.0007847280169930304, 0.00037588051021919533]
[-0.0002761777626300588, -0.00014239212905997611]
[-7.903157036825981e-05, 0.00042675518275825386]
[0.00020158310135465207, 0.0005606563505744511]
[-6.0643012452343825e-05, 0.00022286604705001878]
[4.210763147827201e-05, 0.0006484455611162291]
[4.3988713403192437e-05, -0.00041539505108789676]
[0.0007106393862248983, -0.0002551999731875698]
[0.0005545357863094846, 0.0003292320299068119]
[0.0003293114086083404, -7.38677749425598e-05]
[0.0007255195924453783, 0.00025907579416642457]
[-0.00013728706774562838, -8.847124051869493e-05]
[-0.00026661651176396184, 0.00047342125963290016]
[0.00015208291095247795, 0.00069769729736191]
[9.064466948927041e-05, 3.914033100560488e-05]
[0.0002062485837621697, 0.00044522671075897247]
[-2.815767982050632e-05, -0.0003667334181725046]
[0.0006192818062422667, -0.00017304731369205406]
[0.0007228436687077844, 0.00047784021757563133]
[0.00015565847182436032, -0.0002076476344389233]
[0.0005199843386527458, 0.00016459841538084274]
[-4.4888443373913844e-05, 9.83678305577218e-05]
[-0.0002759328234398506, 0.0005274769518928135]
[0.00010809211282847286, 0.0006504475467580262]
[0.00013440931473870932, -0.000213435007479168]
[0.00040752264383203674, 0.0003625033720808801]
[-3.951878706809353e-05, -0.00018069354197058907]
[0.0004123394871206332, -0.00016884091854102445]
[0.0008430314448081289, 0.0004873769827960506]
[0.00013116370948861034, -0.0002778411864039487]
[0.0002652844060793136, 0.0001937331045264168]
[-7.582641710890403e-05, 0.0003031256226115886]
[-0.00015520281597236618, 0.00046921372943153905]
[0.00018438155131272893, 0.0004954987539821376]
[7.025105629367145e-05, -0.0003931656731950284]
[0.0005150101430154708, 0.00038319546060755494]
[6.855676440663955e-05, 2.5586801224056904e-05]
[0.00021749782286360764, -0.0002760528524446311]
[0.0008145089260882532, 0.0004187872964245831]
[0.0001750626942503275, -0.0001938750653420751]
[9.993511930184162e-05, 0.00032121476713631303]
[-0.00018441751166520248, 0.00040051823239184436]
[-3.576045663167271e-05, 0.0002785557615749834]
[0.00037315652502090124, 0.0003723284423644002]
[-6.6670767421839194e-06, -0.0004261299372726457]
[0.0004698118046837507, 0.00040620139233549235]
[0.0002442867430259843, 0.00013389207821914995]
[0.00013539111747906674, -0.0004258310638169671]
[0.000637141523874396, 0.000391354364857599]
[0.0001611298278297313, 1.5770010613147534e-05]
[7.360057518557284e-05, 0.00042571524898049606]
[-0.0002495029381670566, 0.0003596036972415284]
[-1.1537206595524374e-05, 4.8224439134880726e-05]
[0.0005685826584758136, 0.0003527154753089311]
[6.950505053920919e-06, -0.0003390530696442129]
[0.0003205217674116523, 0.0003300099889667618]
[0.00036739743914326883, 0.00011722361128579939]
[0.00017337831970551387, -0.0005021839926200311]
[0.000422265942404243, 0.0004732034787097994]
[4.46609691721056e-05, 0.00022411513043163467]
[0.00012139893561280424, 0.0004112204433146527]
[-0.00018580071668483633, 0.0002597984979920698]
[-7.232104118692906e-05, -0.000102470692370904]
[0.0006645705897312393, 0.0004091349598308869]
[0.0001496214131021245, -0.00023545056036999856]
[0.00018476061663014187, 0.00013920216392804274]
[0.0003555338895927518, 5.859280485198681e-05]
[0.0002372521990628429, -0.0004366799839019553]
[0.00029011963941516505, 0.0006127142122713675]
[-0.00010568966524426848, 0.00032877699179989506]
[0.00013826611266432032, 0.0002744445928368755]
[-1.2094453919475612e-05, 0.00021071473020839449]
[-0.00012912983198445915, -0.00011655838475399527]
[0.0006202585875008104, 0.0004492823820124725]
[0.0003505347402547043, -0.00021529518304883033]
[0.0001461510596206389, -7.615967927096512e-05]
[0.0002352357658049753, 6.754053420410244e-05]
[0.0002189325006589915, -0.0002764595907682743]
[0.00026781966495548204, 0.0006996965610260308]
[-0.0001873543582968651, 0.00032147993418507603]
[5.7822967789888935e-05, 9.669814697343959e-05]
[0.00017397661580020873, 0.0002611869409030465]
[-8.921497364991482e-05, -3.617517018350558e-05]
[0.0004948565274932593, 0.00038454581898644813]
[0.00048596310637884915, -0.000277873859675272]
[0.00018408374143048106, -0.00020274797215075663]
[0.00010802057519321284, 0.0001827148058815009]
[0.00010033015902826542, -0.0001334863794693053]
[0.0002942504685319314, 0.0006626197545184231]
[-0.00014044465003471007, 0.0002722711250988663]
[-9.411312155005458e-05, -1.4591026112009686e-05]
[0.00027466077396565147, 0.00036643856908374906]
[6.266473024446606e-05, 3.173083270768817e-05]
[0.00040390351275876313, 0.00021955894942204957]
[0.0004956743952860831, -0.0003333838698504066]
[0.00020759184170016098, -0.0001987301341565828]
[6.171234560681249e-05, 0.00034933414393423234]
[-4.714090296858986e-05, -8.130812017403954e-05]
[0.0002793443224624603, 0.0005114827837000568]
[8.167517336676866e-06, 0.0002756517368449618]
[-0.00021504976344211002, -1.7841613020985747e-05]
[0.00026674094819201244, 0.0004256693343053092]
[0.00024519321621002677, 1.1329045231045498e-05]
[0.00040595230054668585, 5.092855557070619e-05]
[0.0004161259879047752, -0.00029926869128771294]
[0.00014018218809383476, -0.00011412386808878905]
[0.00010638771682458525, 0.00046911732670421036]
[-0.00013082897521066172, -0.0001125704386966131]
[0.00017295518752091787, 0.000334323306829587]
[0.00015581985354007344, 0.00036709538766044325]
[-0.0002219918898393458, 2.8670882443515566e-05]
[0.0002181223958763745, 0.00036868996993461023]
[0.0003569559971973446, -7.710125298326931e-05]
[0.0004620446569597314, -3.165316417735875e-05]
[0.0003320860434755657, -0.0001598148205126937]
[-1.9568368218203513e-05, -4.304548900280203e-05]
[0.00017131833484729242, 0.0004781135190678569]
[-0.00010049775002440864, -0.0001517967958288846]
[1.829797032071312e-05, 0.00023060069130298455]
[0.00021511975196597533, 0.0004849898366646732]
[-0.00012171448502337756, 3.425142573054707e-05]
[0.00022044984484981267, 0.000218566086186478]
[0.0003615923353668393, -0.00015069419725274869]
[0.0004907826359168976, -8.987246793962234e-06]
[0.0003156569138247356, 2.4100295969831098e-05]
[-0.00019501145792570618, -4.7991256763357804e-05]
[0.00016644054589387558, 0.00039893308161087493]
[7.301159587247419e-06, -0.0001127052671492379]
[-8.571905257581669e-05, 0.00021958915549902258]
[0.00018766545569204318, 0.000536568201876142]
[9.594215085576008e-06, -4.407163408115533e-05]
[0.00030412149360403706, 6.383974093415734e-05]
[0.0003021355266343284, -0.00013843884103149906]
[0.00042904778713184766, 6.726803061769468e-05]
[0.0003654539503795684, 0.0001523116329574803]
[-0.00029247098007031264, -0.00010882463210171167]
[6.32668178062179e-05, 0.00031823042590833905]
[9.710629374759527e-05, 1.7686669499861196e-05]
[-8.174430754670503e-05, 0.00023750782630282963]
[0.00014193143928453722, 0.00048007331054816804]
[8.87683456993471e-05, -0.00017411991757498857]
[0.00042119490555447836, -1.9367090212052407e-05]
[0.0002625477880849117, -3.2625149847059776e-05]
[0.00028174306913300584, 0.0001085357317013036]
[0.0004033988727284443, 0.00017279078121787417]
[-0.0002795206652713711, -0.0001458576336718087]
[-8.250977471169207e-05, 0.00030629344893773336]
[0.00010902533290035876, 0.0001679161702098364]
[8.857351818436499e-06, 0.00020988710781044695]
[0.00015014485707953718, 0.00034730435122570097]
[8.637293991464734e-05, -0.000271776019096559]
[0.0004892720407829731, -1.883469195479437e-05]
[0.00030166437029405246, 0.00010034047985962857]
[0.00012932848950020226, 6.688451666092554e-05]
[0.00035668809573663474, 0.00012406313486024168]
[-0.00020560560388560578, -9.640556577905635e-05]
[-0.00018489078697325745, 0.0003600665074072751]
[6.290103415218518e-05, 0.00025682099677371006]
[0.00011341651022916954, 0.00010606249588596128]
[0.000234082547982295, 0.0002198639955395265]
[5.078994047519325e-05, -0.00026881279802920544]
[0.00045394889505354086, 9.396515834814156e-06]
[0.0003976470329974391, 0.00017409219311592672]
[5.164212115496558e-05, -1.7408478332758826e-05]
[0.00022289938478725624, 8.340297200279227e-05]
[-0.00015139954015108703, 3.111951011880443e-05]
[-0.00019688605424938999, 0.00041508313991822643]
[2.5085467833640962e-05, 0.00025238518788639475]
[0.00015673916310229852, -3.710503804055243e-05]
[0.000341549366133731, 0.00016694405366007858]
[5.9767174915015264e-05, -0.00017388514092442353]
[0.0003369870433319183, -1.0679587380074684e-05]
[0.00047140163370074095, 0.0001622614392677857]
[5.694984081694443e-05, -6.595002607245881e-05]
[6.079561079386231e-05, 0.00010145167266520372]
[-0.00016127491295603313, 0.00016745714678600976]
[-0.00014083329498548736, 0.00040078571128498997]
[5.914559417008469e-05, 0.00018650589680485608]
[0.00012420917860843372, -0.00013685838977794962]
[0.0003912214593403407, 0.0001841656582820539]
[0.00014468157323355157, -5.8682867573874725e-05]
[0.00021870729565248714, -0.00010105002421238393]
[0.0004642096945908225, 0.00011123244964450496]
[9.31568511394823e-05, -3.237287822077661e-05]
[-5.1857853560211e-05, 0.00017009375587034858]
[-0.00021234490926580474, 0.000238032580703762]
[-8.731680350271276e-05, 0.00029788612881997967]
[0.00017356623196151943, 0.00013509336798031568]
[7.617757364752203e-05, -0.0001424547448257707]
[0.00034898084028445187, 0.00020574272182705133]
[0.0002675020633902958, 8.166168044318467e-06]
[0.0001626734765046156, -0.00021136690461073804]
[0.0003787682378557644, 8.957878355439486e-05]
[9.326768798650908e-05, 7.157806910129683e-05]
[-7.490933519394005e-05, 0.00022516655164811494]
[-0.0002373284699428435, 0.00021984528126750558]
[-9.356375685987128e-05, 0.000157735810927484]
[0.00030427963285917237, 0.00014924815927425117]
[8.087587748925595e-05, -7.996532089982189e-05]
[0.00025024413768470755, 0.00017106343747425035]
[0.0003558852591741546, 1.073085993852363e-05]
[0.00016957878497228518, -0.00027063110308395144]
[0.00027058036319160816, 0.00013727983331246474]
[2.3938270918733018e-05, 0.00018149377249510046]
[-4.2739529086954775e-05, 0.00020342558588359871]
[-0.00018423825548907757, 0.0001575743405187735]
[-0.00015099585253092185, 5.7891123751652174e-05]
[0.0003761671826268964, 0.00020533713835776957]
[0.00015487764770294454, -1.5656633588767566e-05]
[0.00016373422121032655, 7.144424794147675e-05]
[0.0003580958627232844, -8.075096035675688e-06]
[0.00019003158318325886, -0.0002411012624993769]
[0.00020877417016396116, 0.000232776619090015]
[-7.891694389883241e-05, 0.0002301158788042823]
[-2.6694986983044622e-05, 0.00010567022184371222]
[-6.438777644723892e-05, 0.00012169694595642877]
[-0.00019784772237532722, 3.4740425947643594e-05]
[0.00036865852518841447, 0.00023938743637977322]
[0.00026062125640965994, -3.4151595692255565e-06]
[0.0001396478561510872, -4.5707843183501184e-05]
[0.0002841745445561483, 1.5261314478265398e-05]
[0.0001647173017504111, -0.00014403355721748223]
[0.0002153051746607293, 0.00030512241347394053]
[-0.00014210438293449368, 0.00021154541403511917]
[-6.598613925534735e-05, -1.0051536983524123e-05]
[5.798162583614541e-05, 0.00014511027102614982]
[-0.00017751191352860518, 6.234751706424291e-05]
[0.00031626774673587654, 0.00020496172952455538]
[0.00033220805109687723, -4.934543502121275e-05]
[0.00017006521560021526, -0.00011304288343005203]
[0.00019736703329564786, 0.00010545045438004053]
[7.674935444376696e-05, -4.785124047679279e-05]
[0.0002449586403676651, 0.0003012439733903194]
[-0.00012656337252026084, 0.00017805080252497607]
[-0.00014346220132399612, -8.074408206204531e-05]
[0.0001220583067951253, 0.0001998337943016626]
[-8.166227833050765e-05, 8.254156986375882e-05]
[0.0002780497624933487, 0.00010255620415339228]
[0.0003268154277842536, -0.00010153756305583683]
[0.00019615279108838035, -0.0001017528620773922]
[0.00015681947943491092, 0.0002243938876920759]
[-2.6481513832166126e-05, -8.078740439287913e-06]
[0.00023672531164820043, 0.00023085258623567473]
[-5.181495667949676e-05, 0.00018472571203997923]
[-0.0002041574775223376, -8.100080139217258e-05]
[0.00011579304420283876, 0.00022726467789099813]
[4.390439002938118e-05, 5.196394396667081e-05]
[0.0002937689753106931, -1.4112025448098642e-05]
[0.0002676903229106853, -9.771892751125888e-05]
[0.00016458187652951262, -4.5652757264702526e-05]
[0.00016929518335428995, 0.0003067294129144582]
[-7.981534872847362e-05, -1.872723619500416e-05]
[0.00016643153398332444, 0.000145656369207825]
[2.6975848938515234e-05, 0.00024947142005482537]
[-0.00019735670681270134, -4.168052618436224e-05]
[7.954464311310527e-05, 0.0001867727198112193]
[0.0001324614202292962, -1.9529936608198017e-05]
[0.0003424796461887758, -7.844084151778508e-05]
[0.00021686820097333026, -2.7044139704168746e-05]
[7.412484562141497e-05, -5.775719022882431e-06]
[0.00019220939451147778, 0.00031382347742124096]
[-5.759593188225942e-05, -3.106448452161459e-05]
[5.915724272276268e-05, 9.824839310723643e-05]
[5.7799251662826734e-05, 0.00033885195646343735]
[-0.0001238736329297052, -2.4465605356849274e-05]
[7.218729706826021e-05, 8.972494422979094e-05]
[0.00015337527300104958, -7.498365800606699e-05]
[0.0003633526958054245, -7.370734671444112e-05]
[0.00021520877672365213, 6.914754816383928e-05]
[-2.8446730057654634e-05, -1.834068163286684e-05]
[0.00017382700081136626, 0.0002601984151796438]
[1.5467847566341675e-05, 5.327496104268192e-07]
[-2.5525874651877167e-05, 0.00010439426986730282]
[3.6058779768755045e-05, 0.00038987623282366046]
[-3.698737889343273e-05, -6.253563687086405e-05]
[0.00011957030330855822, -7.040843550770726e-06]
[0.00013510718240640485, -6.528337581557936e-05]
[0.0003183156781451438, -3.801343785129335e-05]
[0.00025751625179692983, 0.0001360997847552614]
[-8.744311312110925e-05, -6.931371541485376e-05]
[9.693565901125467e-05, 0.0001998104837167003]
[8.376356799122409e-05, 8.558670604508212e-05]
[-4.0671413714443716e-05, 0.00012507474364298332]
[9.249836397717814e-06, 0.00036757506918130844]
[8.584031629212119e-06, -0.00013337092896903435]
[0.00019123043702651277, -5.147379246411843e-05]
[0.00012986320600022472, 8.877369491899767e-06]
[0.000217814264753452, -2.1067439987573766e-05]
[0.00029870069780291164, 0.0001423434469466911]
[-8.14992560471961e-05, -0.00010744157923436859]
[-4.048740167128528e-06, 0.00018171880858491862]
[0.00010170004982845704, 0.00018350716158332947]
[3.16512348130793e-06, 0.00010472066505362587]
[2.638150706268938e-05, 0.0002944895999619085]
[-8.399265031266978e-07, -0.00018526365146842583]
[0.00023253232901115917, -4.003896974169585e-05]
[0.00016825667976133607, 0.00010398148083673453]
[0.00010878251682008844, -4.9062155292045606e-05]
[0.00028649249298118296, 0.000106866268625605]
[-4.047726200223645e-05, -8.805044291648745e-05]
[-7.101158999833768e-05, 0.0002082971038449566]
[7.665683549484825e-05, 0.00023549885348106425]
[5.502789123340568e-05, 2.7399621981061273e-05]
[9.481911080588823e-05, 0.00022240832307802993]
[-3.394447268328937e-05, -0.00017889455380087904]
[0.0002126807591428248, -1.2299576438973281e-05]
[0.0002379136551849681, 0.00016608444449073279]
[4.500348036055868e-05, -0.00010308909630629692]
[0.0002115133266432645, 8.409043848385533e-05]
[-1.7583088053274576e-05, -1.3004177800812755e-05]
[-7.29322957589984e-05, 0.00023697625477259177]
[5.7596694563955e-05, 0.00022119379186968935]
[7.306562230879887e-05, -7.605443617175744e-05]
[0.0001795505652730789, 0.00019062747090636822]
[-4.009445752292673e-05, -0.00011741026681708067]
[0.00014516894795935098, -1.5546648589215284e-05]
[0.0002900078141554463, 0.00017073586713944877]
[4.115319413229568e-05, -0.00012987129476177417]
[0.00011560284767508922, 0.0001084746048277685]
[-4.0889407109112597e-05, 7.202727287514143e-05]
[-2.8866931067517143e-05, 0.00022272599164463447]
[8.314937356457275e-05, 0.00016972875475840254]
[5.0888206951704706e-05, -0.00015525549618067291]
[0.00022843142432582564, 0.00019905549301796333]
[7.129345328371617e-06, -4.620113668430542e-05]
[7.76774098337138e-05, -6.817353921597519e-05]
[0.0002811665780713124, 0.00014500577454956698]
[5.9900671777281256e-05, -9.476510642814073e-05]
[4.862324857279887e-05, 0.00016650788372185588]
[-9.118407014341301e-05, 0.00011830926958278365]
[1.3413114516858116e-05, 0.00015619087319385105]
[0.00015397102664782558, 0.00012820862898119123]
[2.1492656815114142e-05, -0.00017337541042061755]
[0.0002128076487484254, 0.00020724857930942697]
[8.448936054637757e-05, -1.2656037342788362e-05]
[5.4272420789452935e-05, -0.0001410912402513842]
[0.00021575414306695961, 0.00013816188106485772]
[5.49845335027499e-05, -1.337830032455134e-05]
[3.1349854482942696e-05, 0.0002151412072081138]
[-0.00012182135717264675, 0.0001121380971309538]
[1.6264473419680403e-05, 6.936420899372742e-05]
[0.0002346275708606793, 0.00012951421239051908]
[3.2297248987095406e-05, -0.0001394701110618568]
[0.0001539114220548976, 0.00017233023982371476]
[0.00014209398880064839, -2.4260635474809833e-05]
[7.494005265140657e-05, -0.0001827797322245528]
[0.00013742956190798683, 0.00017299471005313705]
[1.0766907706655227e-05, 6.936639702459502e-05]
[4.5148770112191094e-05, 0.00021346035450198197]
[-9.777116180731404e-05, 8.135267936792978e-05]
[-1.882007692804999e-05, 1.1223902189549939e-05]
[0.0002761639298494156, 0.0001656759822346171]
[9.661794376572552e-05, -0.0001012744994887127]
[0.00010053365323547947, 9.131954850985502e-05]
[0.00014742231450731724, -4.77459140490466e-05]
[9.977121867543737e-05, -0.00016786969786491968]
[8.997858279946591e-05, 0.00023208535825273297]
[-5.165961295172661e-05, 0.00011240668720624569]
[4.550752071164066e-05, 0.00015513303953362811]
[-2.3877097144575643e-05, 7.00788229625049e-05]
[-5.202002959925345e-05, 7.531100333468821e-06]
[0.0002603396687358428, 0.0001912885056728486]
[0.0001807776370004177, -9.595982040802586e-05]
[8.44287591177939e-05, 1.0824019081312475e-06]
[0.00010792917553931192, -4.044430470082072e-05]
[8.947701791167662e-05, -0.0001138242070476414]
[8.885486205167936e-05, 0.00027396939176230206]
[-8.826416280344196e-05, 0.00010633961277295434]
[3.207833092822021e-06, 7.808288731636637e-05]
[5.802554541112226e-05, 0.00010019512790371277]
[-4.20864384535341e-05, 3.823639169853177e-05]
[0.00021700010329717134, 0.00017017167020813573]
[0.00023876488636703774, -0.00012163775277961031]
[9.91900230239845e-05, -5.363230146154113e-05]
[6.253555439672542e-05, 1.5529117640439294e-05]
[3.481448552437871e-05, -6.142245805906832e-05]
[0.00010978150390594799, 0.0002631095927065341]
[-6.884484780100841e-05, 8.413780282856553e-05]
[-6.575176855017073e-05, 2.886956157832632e-05]
[0.00010425006320535779, 0.00015090726782024388]
[1.554874227045061e-05, 5.9036862820827096e-05]
[0.00018967869926866943, 0.0001077447585417779]
[0.0002448414292289397, -0.00014704754697091732]
[0.00010898879968837538, -5.262175103438321e-05]
[4.96872894133471e-05, 9.736628364648281e-05]
[-3.68496211053948e-05, -4.504228790991327e-05]
[0.00010833076423244492, 0.00020366933490362227]
[-8.62986575878022e-06, 8.895339834491534e-05]
[-0.00011847466198050549, 2.2031972326086446e-05]
[0.0001059624794957914, 0.0001781618815674818]
[8.871253729786366e-05, 4.1681219361600075e-05]
[0.0001999465271593226, 3.876498150207075e-05]
[0.00020913506697953221, -0.00013473279262854465]
[7.87305694631979e-05, -1.5882263773914218e-05]
[7.355613959902918e-05, 0.00015941850795997414]
[-7.970614490995787e-05, -6.349996653043366e-05]
[6.481507884514848e-05, 0.0001375157007518224]
[4.8592644636968885e-05, 0.0001315064251552478]
[-0.00012233187399718348, 3.6085635412241857e-05]
[9.143103359809945e-05, 0.00015415282014215326]
[0.00013678673762623772, -6.508180894704285e-06]
[0.00023619399457325274, 1.81237838786652e-06]
[0.000172681953824666, -7.385114949529092e-05]
[7.331391110018681e-06, 1.328970187547407e-05]
[0.00010122617788954624, 0.00017294896884865324]
[-7.065352528923263e-05, -7.914514211759816e-05]
[8.34713227981787e-07, 0.00010281717880344932]
[7.00443632132286e-05, 0.00018668952996603316]
[-7.690893777140273e-05, 3.4336119355660166e-05]
[9.742837784909586e-05, 8.812266892406495e-05]
[0.0001405269508141932, -4.95766116841434e-05]
[0.0002594589867969954, 1.1341191735181333e-05]
[0.00016931214211174384, 4.072031598578718e-06]
[-6.966667742971944e-05, 7.760509598997434e-06]
[9.45328777015586e-05, 0.0001484255437850801]
[-2.92575494113545e-05, -5.668105313705318e-05]
[-4.535605470745718e-05, 0.00010580012859440213]
[5.405014000969821e-05, 0.00021682538966710796]
[-1.5577457407545126e-05, -5.3632259008340455e-06]
[0.00013890798362126144, 1.7421224635993937e-05]
[0.00011832626857066764, -5.11151425069134e-05]
[0.0002366291408693738, 4.111023666811264e-05]
[0.00019334772239160136, 5.531383957657621e-05]
[-0.0001120050703106168, -2.191728395828374e-05]
[4.2899895297043855e-05, 0.00012174594751382384]
[6.592766585655774e-06, 5.5214334064856985e-06]
[-4.712198422018865e-05, 0.00012237310876805907]
[2.9869078840172314e-05, 0.00019875774439989669]
[2.0661888639170872e-05, -6.759873795414428e-05]
[0.0001957024628361781, -2.0803714962408515e-05]
[0.00011046678348268849, -7.906508991503691e-06]
[0.00017443616407335216, 5.036018604333281e-05]
[0.0002120273638146486, 6.166900944609699e-05]
[-0.00010657949813280831, -4.131274887830827e-05]
[-2.9630614285292012e-05, 0.00012295343191248698]
[1.1939303325880779e-05, 7.924242055479258e-05]
[-9.011972297912063e-06, 0.00011547683690782407]
[3.465880034825286e-05, 0.00014577650903073447]
[2.002850445155524e-05, -0.00011171723649155973]
[0.00022760294653961788, -2.0243080304460648e-05]
[0.00013982834845653602, 4.780329791805038e-05]
[0.00010880434070539846, 2.401861542691841e-05]
[0.0001953775272460767, 3.745349580105972e-05]
[-7.44371199240812e-05, -2.2333632416993154e-05]
[-8.323527181741674e-05, 0.0001523746383388369]
[-9.214205406338216e-06, 0.00012623086272778306]
[3.2584309404448675e-05, 6.778582066457872e-05]
[7.718601356299093e-05, 9.77998394604395e-05]
[6.069143851233916e-06, -0.00010948318488129827]
[0.00021083776151212263, -9.227151837987169e-06]
[0.00019336102279249312, 8.030474276907174e-05]
[7.152040111163549e-05, -2.0571938513791466e-05]
[0.00013746570545491998, 1.7035559511144327e-05]
[-5.254566060702848e-05, 3.320977167742267e-05]
[-9.353473311579652e-05, 0.00017997601858266155]
[-2.4259929231718047e-05, 0.0001266142359831468]
[4.3234085050580795e-05, 1.2286391725124801e-06]
[0.00013045119086574353, 8.320342084526533e-05]
[1.1652029158593091e-05, -6.601060692706939e-05]
[0.00015836301277558085, -2.0705229395900915e-05]
[0.00023713993606927497, 7.764650880776047e-05]
[7.061646042905156e-05, -4.9533846320615194e-05]
[6.542971708423106e-05, 2.840570794537811e-05]
[-6.282906529009313e-05, 9.33478078276595e-05]
[-7.150832124180884e-05, 0.0001717128110396704]
[-1.1601005821537669e-06, 9.868236096877148e-05]
[2.238146887265091e-05, -4.644076894777527e-05]
[0.00015923148292673606, 9.742350773150887e-05]
[5.168406651528956e-05, -1.2469901467374034e-05]
[0.00010508159206856077, -6.314381909929001e-05]
[0.00024159761105679856, 5.741984982562953e-05]
[8.38880931850472e-05, -3.585460441912769e-05]
[1.871629167160549e-05, 6.53264678098231e-05]
[-9.331790974070886e-05, 0.0001223933745811978]
[-5.122867800833042e-05, 0.00012107768968583343]
[5.844307942304283e-05, 7.906797239695673e-05]
[-3.2677773284181533e-06, -5.502300356718948e-05]
[0.0001471078370358092, 0.00011197767123435898]
[0.00011044625800710195, 1.7499142982328048e-05]
[8.04727996099805e-05, -0.00011610219756880494]
[0.00020468672526097187, 5.374363420446171e-05]
[7.588336670387441e-05, 1.4617284745499504e-05]
[1.206861013547389e-05, 9.434937355345951e-05]
[-0.00011049911562288628, 0.00011123932014811544]
[-5.735029128073332e-05, 5.39906853035399e-05]
[0.00012408989525658498, 8.689241224731081e-05]
[-3.3178997968508206e-06, -3.22229327085477e-05]
[0.00010736960193941103, 9.689576603222338e-05]
[0.0001520447737036884, 1.5125778178512461e-05]
[8.78328056271166e-05, -0.00014512967361382523]
[0.0001562781629926846, 8.605497346625413e-05]
[3.417747297154716e-05, 6.703290959930719e-05]
[2.7190905024010448e-05, 8.869078603546132e-05]
[-9.042573874284976e-05, 8.24258112182008e-05]
[-8.554530766680113e-05, 5.781546073668764e-06]
[0.00016353526253765072, 0.00011323843864758038]
[3.47720161572862e-05, -8.076468194673225e-06]
[7.386052494023909e-05, 4.62332861556336e-05]
[0.0001515704240294402, 3.5150692263841155e-06]
[0.00010093582099682252, -0.000129812987931327]
[0.00012965788772134612, 0.00013869945125058458]
[-2.0036837249520767e-05, 9.245437080152019e-05]
[3.325903218909243e-05, 4.782779606971044e-05]
[-3.84464132182627e-05, 6.83134729140833e-05]
[-0.00010828273148733025, -5.1404136275357e-06]
[0.000162956787591928, 0.00013013786463468568]
[9.129565485585522e-05, -1.1731476599941004e-05]
[7.090065551389191e-05, -1.413379192560793e-05]
[0.00011663021680741181, 1.3673805789399252e-05]
[8.911238976089253e-05, -8.393387018990062e-05]
[0.00013172559130414374, 0.00017773486584483217]
[-5.468177847650635e-05, 8.895874566128281e-05]
[9.818843916153952e-06, -3.813968951660307e-06]
[1.6331039763617383e-05, 8.445331219325558e-05]
[-9.701731390625301e-05, 1.0144857375715688e-05]
[0.00013841194687780334, 0.00011094560604854586]
[0.00013010034261390357, -4.200028018501445e-05]
[9.11084261284098e-05, -5.048726143803972e-05]
[7.773071966393763e-05, 5.59228151958413e-05]
[4.764563538985772e-05, -4.138317591945162e-05]
[0.0001433311847242047, 0.00017976779986672575]
[-4.9922514288536224e-05, 7.765630738965079e-05]
[-3.5969341891095574e-05, -3.3530027918837746e-05]
[4.409827733065086e-05, 0.00011769026478156142]
[-4.737597646876229e-05, 2.0788440845631584e-05]
[0.00012350415001011195, 5.756389371644466e-05]
[0.00013357674590612836, -7.019011627143815e-05]
[0.00010548592519632471, -5.034487266519436e-05]
[6.222781539932942e-05, 0.00011274487745990824]
[-1.1091150913244974e-06, -2.5569851509477104e-05]
[0.0001366552602167781, 0.00014617283579615448]
[-1.2343696312755448e-05, 8.703884272498463e-05]
[-7.284794707368425e-05, -2.9006286052735142e-05]
[3.842574204704352e-05, 0.00013695913007572003]
[1.4863337220949457e-05, 5.169433366147835e-06]
[0.00013516522462403424, 7.937129749280292e-07]
[0.00011326244406752173, -6.939654307931697e-05]
[8.934260855149312e-05, -2.8760519616380376e-05]
[7.408555594146105e-05, 0.00015296217800078726]
[-2.779692420559754e-05, -3.491116072962264e-05]
[9.6848916899539e-05, 0.00010296263561815344]
[2.7147820109485465e-05, 0.00012714775140931778]
[-7.533758043620775e-05, -9.528283120063819e-06]
[2.1493609603795427e-05, 0.00012066474032927134]
[5.701015322279179e-05, -2.913051385999843e-05]
[0.00016036688122117448, -2.9953651994180097e-05]
[9.542591996758443e-05, -3.3423687506223265e-05]
[4.116434408782399e-05, -1.4438623335888412e-05]
