[-99.22012588686556, 521.5463022406569]
[30.70629874045165, -67.45225699800001]
[0.4385993951701743, -34.115617918793035]
[-3.6115972742484885, -1.8239630226274777]
[0.17054352136304018, 2.995964929214921]
[9.494152566488903, -4.029324700850008]
[-0.6737111076467528, -0.9291691047177295]
[-0.08525428724824735, -3.1611251425172338]
[1.431919408866893, 0.44615104443866116]
[2.8516382460920973, 1.0951171288398025]
[0.2040138375095495, -2.004962563393871]
[-1.8370616028281326, -2.010482999341205]
[-2.614261824143579, 3.3124590852625966]
[1.2220872071537023, 0.3980669781947501]
[1.507683691035428, -1.1347249754376614]
[1.272602551786985, 1.5609823507370812]
[0.8897953601793276, -0.8232963627326555]
[0.9902813909191641, 0.26869618934533435]
[1.412943350662303, -1.56940290999834]
[0.5443213956378148, 0.14769701213528208]
[0.6021704960123362, -0.37343285358438116]
[-0.7862824047243405, 0.22205904715376823]
[0.20638101707723044, -0.33734035832922826]
[-0.148638421071517, -1.2908905028910895]
[0.19161826480022598, -0.3434574147771221]
[1.4040184073760469, -0.1888538321639257]
[-0.7419856258182997, -0.40094378027393374]
[-0.04146725763734649, -0.7269321856637503]
[0.018341880746257644, 0.04365229162816098]
[-0.17296868676937027, -0.2103178376557291]
[0.2801409546384357, -0.35736615270075767]
[-0.4289309546250424, -0.2151869911471871]
[0.5486475877133223, 0.8759217248744977]
[-0.03741809276482311, 0.0012118625623953605]
[0.6184956494981275, 0.13748110458093832]
[0.20217796074641203, 0.11162172512373703]
[-0.2774600252331876, -0.2809278593224045]
[0.05464572667337109, 0.07697858943024372]
[-0.2682513055783611, 0.1359580493945357]
[0.3287878694268267, -0.192317264290506]
[0.3071324123253474, 0.23519092862064483]
[-0.11846894143006415, 0.06254847486995185]
[-0.09998721046710557, 0.1533617521961208]
[-0.07374992264352709, -0.10082572167080928]
[0.00879082782441687, -0.17443418634620933]
[0.020593461662180776, 0.5483887281515607]
[-0.2118882209413011, -0.4678587273326338]
[-0.10275345762175211, 0.1675497648472299]
[0.0025112574007579574, -0.226678331163216]
[0.054429319920197394, -0.2779408057532451]
[0.025164329513845146, -0.18173978232003196]
[0.1393022585049144, -0.21686950680237693]
[0.07880187608692557, 0.024623943239122426]
[0.09266116760461651, -0.02575469118588236]
[0.08934010287332672, 0.09225986509192685]
[0.2983913672789229, -0.01401175840918123]
[-0.06359116605403603, 0.050334013020905566]
[0.05583690350141435, -0.06047110595841021]
[-0.02071611091368286, 0.09193128469043632]
[0.049195992263649124, -0.23207068607100667]
[0.24965997085229308, -0.15429487120029028]
[-0.09831947497816396, -0.06971751443433871]
[0.17647466272924905, -0.08680042209508265]
[-0.006711717312529508, 0.013954938344556744]
[0.0842792117068476, 0.009478422148322618]
[-0.049694070697670956, 0.07253122548471058]
[-0.06104345950052048, 0.07690185142829198]
[-0.010126574035840274, 0.10466047848290971]
[0.010076447052100868, -0.002080655697288103]
[-0.02107498890822658, -0.002849385237450708]
[0.015434087250266293, -0.0008523849564381347]
[0.04147938486632641, -0.050397129311063646]
[-0.019953287707704603, 0.021523237310294263]
[-0.05465446001436708, -0.041930736200149865]
[-0.04504600576618421, 0.024306846162982843]
[-0.04245080289077796, -0.0028803761022726526]
[-0.08872649687702494, -0.047450364925554434]
[0.03161137950523929, -0.028084978250889625]
[-0.005339036689644305, -0.02874843649367609]
[0.11165407057543275, 0.024795587182810053]
[0.017579408749577086, -0.05501066740195104]
[0.014981089309132223, -0.06207274060300072]
[0.056060471574025605, -0.010816277135495156]
[0.07106673480295322, 0.0073229930455946946]
[0.02911343877776007, -0.0258360910854476]
[0.025621028495343534, 0.04003017247702001]
[0.03196793053654101, 0.0268768065097528]
[0.04155081670886318, 0.002916390868203278]
[0.01953051282866536, -0.026408461693634644]
[0.019571922138369224, -0.03339006520107057]
[0.0005827750578202284, -0.022305030394137892]
[-0.03743613130634449, -0.0023089171994787883]
[0.032720038150174435, -0.01491771494753058]
[-0.012446525138402637, -0.03111372342130636]
[0.061313737938905044, -0.05265054595376717]
[-0.03484931064861329, 0.019410982362273843]
[-0.03690970776843541, -0.00203149526934443]
[-0.007558937376406311, -0.06645827474441357]
[0.004197932479396621, 0.01737762314725036]
[0.008185944602465023, 0.00028746363421161547]
[-0.019875804895503696, 0.01064065790274027]
[0.016890418795609374, -0.020558315541030492]
[0.04303015831546775, 0.02110557145261649]
[0.06430373097280095, 0.003186449442641681]
[0.012562775481855804, -0.025796145013248006]
[0.022998158498460874, 0.023763182528511784]
[-0.015079390159030703, -0.02079753018456687]
[-0.023087588722961794, -0.020032236338898474]
[0.017745591615876855, 0.004825905629993188]
[0.025309513888410518, -0.02492944250652296]
[0.021778818108786346, -0.005926148517849228]
[-0.006917731121344195, 0.00016506362046397882]
[-0.0020610518561818836, 0.03899088386496391]
[0.04067837127539953, -0.012675986124156546]
[-0.0021685417725469947, -0.026491187566077157]
[-0.019089400721000516, 0.03865549709458804]
[-0.02329837743696994, -0.001209270288815345]
[-0.024317282232538373, -0.01524791640126133]
[0.048887394934993944, -0.0016292443688717961]
[-0.014932909908695481, -0.015597339749036349]
[0.02139748391434071, -0.019265721238966582]
[-0.012299715089065896, -0.0028035287474140747]
[-0.005806218860201398, -0.029196681885913067]
[0.008167350211788327, -0.008040096496274463]
[-0.025883332804845283, -0.01987113197249002]
[0.04625559841066795, 0.0212636653144318]
[-0.033615360742836164, -0.0006915651787848809]
[0.010010885194189578, -0.0253115087334983]
[0.021021960213437607, 0.02917546732966425]
[0.03366309130674838, -0.023756989774653903]
[0.01960616164482154, -0.02243841775610944]
[-0.00656728345229074, 0.009490009259889326]
[0.009859047708167257, 0.001120604758591548]
[0.0009041442363695307, 0.02111995503030184]
[-0.0020997821688231166, -0.018424840446107787]
[0.009775856312748132, -0.004272314788723142]
[0.0070735558376622265, -0.005978087114644426]
[0.018395125411311497, -0.01849063903935333]
[0.03838811392054153, -0.016153743729780845]
[0.006661706264989187, -0.025951155138499882]
[0.04020936128763497, 0.0007973454292959925]
[0.00498309246544415, 0.003924394716971813]
[0.004383644196847669, 0.01863780453230357]
[-0.01665157392110718, 0.002839737604932696]
[-0.00744235485128944, 0.019769347407253668]
[-0.013567351610047504, -0.0028693379736907665]
[-0.02197717700388326, -0.008251261329786569]
[-0.0010479294107266224, -0.03349448773916486]
[0.0017552870580084257, -0.018806003771770552]
[-0.0034487984521519577, -0.0076389127313115646]
[-0.009040464801490566, -0.01400690132087179]
[-0.00488882858919748, -0.007726241746267126]
[-0.00042389996538805264, 0.00940636221799529]
[-0.0014976723468416164, 0.03206673463699722]
[-0.016446316237849867, 0.011708605662035687]
[0.008495424597873225, 0.014656254845899788]
[0.006782440751082142, 0.006898563481637199]
[0.030538542367373633, 0.001030121534349171]
[0.004995458562445654, -0.014786894596489741]
[0.023552533346553606, -0.00678805728196008]
[0.012466602600246235, -0.008790820890983847]
[-7.660337858206301e-05, -0.008559202694136236]
[0.013088678277406673, -0.0019421862563199221]
[0.005043175906992825, 0.0016754640507674612]
[0.006347864205549114, -0.020225939572708906]
[-0.012672956584839551, 0.006959367987552922]
[-0.004119156765984289, -0.010595179750503947]
[0.012908104206337086, -0.013441247044269938]
[0.011447493160139571, -0.022539086490145133]
[-0.0007749821215357576, -0.004607229188374973]
[0.007249747542138325, -0.004433737445758326]
[-0.0031654262455151905, -0.022206754663164907]
[0.019572299333356455, 0.006313203117696342]
[0.0024056191653987202, -0.003399633631054333]
[-0.007375125647156533, 0.014755189079941555]
[0.0011148328474359648, -0.0007525859345924868]
[-0.007363572616413627, 0.018840975819712558]
[0.0062720786361161185, -0.012341265009295832]
[0.002721424108419468, 0.0025931845633473394]
[0.009719285169966119, 0.0002720238778859546]
[0.0018988088588531848, -0.008421698888157247]
[-0.013406672736759662, -0.007779660867908766]
[0.009847024707021701, 0.002528446031951681]
[0.008428131867199262, 0.008549924899869055]
[-0.005474523345337934, -0.011716593025953181]
[-0.006555273822188568, 0.011214982298501486]
[-0.0038104922586161827, 0.00942425537404662]
[0.009954521530697757, 0.0022157438744647706]
[0.012477884374391568, -0.008055157440615135]
[0.009009888578717734, 0.00810046426332589]
[0.0037881731923293804, -0.009655858951245655]
[-0.00354581699355375, 0.0007561507769333065]
[2.5387928455744557e-05, -0.012088446951665555]
[0.00013187443229735734, -0.010747337747285757]
[-0.004838436783485292, -0.006627994685088401]
[-0.0033623381126192675, -0.005123132560825805]
[-0.004480570174875023, 0.0063447531166963556]
[0.0003024825150606536, -0.02200454916837813]
[0.01117531457056209, -0.002349259330611586]
[0.01520156928076799, -0.0012821251267874922]
[-0.006567721847868413, -0.006404516736173038]
[0.003884631356505297, 0.0030353919613334557]
[0.004136872083355114, 0.006371892428463921]
[0.001671103278313435, 0.006331791788807176]
[0.0034221472542663722, -0.0002571623865038619]
[0.00031800115473479273, -0.003514237472589554]
[0.009476527362715759, 0.001982798325089463]
[0.002660803480859286, -0.0019743195380680367]
[0.010459453874439362, -0.007837817877435357]
[0.006830901994034466, -0.0015175813533334637]
[0.0020488765343160686, -0.006293393815474002]
[0.001896755747684109, 0.00809782818821203]
[-0.007644598419730642, 0.0037648806772269117]
[0.0013836509833828892, -0.00018705168501731428]
[0.0031384414843558806, -0.0002013030107763658]
[-0.003301577790074608, -0.004342932363593788]
[0.005805167203887074, -0.0022819939821155377]
[0.004539579062832722, -0.010752724882305179]
[0.008600281404084007, -0.010026823033112559]
[-0.006186129046853839, -0.004983077628527344]
[-0.0050943597211261776, 0.00031066528205658805]
[-0.0008808808221144049, -0.004071922665759953]
[-0.0022594331302147608, 0.0018904662557354124]
[-0.001153669797874235, 0.0010094265116794565]
[-0.0015258755920515288, 0.0034188288127077193]
[0.00943032835903379, -0.007732593034897706]
[0.00602101527845067, -0.0030947335221639394]
[0.009557511157035181, -0.0016205139141917818]
[0.002082665297156061, 0.001324957627941603]
[-0.0020459501692056126, 0.004379508263949589]
[0.0009305897335818436, 0.005146890085200584]
[-0.007475269829370856, 0.003708355622601911]
[-0.0011425028916827173, 0.005472728884164571]
[0.004731798746333671, 0.006165397377850601]
[-0.005823524919785106, -0.006040413630157115]
[0.0010660616866859374, -0.0031217502799804064]
[0.0021789304710413404, -0.00773445723005417]
[0.008824077009984055, 0.0002623194343666646]
[0.004648394742956252, -0.014810339492536795]
[-0.007196271294890479, 0.001680060002463124]
[0.005709888717202294, 0.0006129980259071965]
[-1.847562661705729e-05, -0.0005759537436754239]
[0.005092698192862913, -0.003855534754803186]
[0.003022463164480696, -0.00029727852040384306]
[-0.0030321987779153847, -0.0002881865720118504]
[0.009558354732879915, -0.006157130296155389]
[2.770183307811147e-05, -0.004083707887122701]
[0.01268166656952785, -0.01045335387222357]
[0.00544058053449592, -0.002667607435327457]
[-0.00044639984181171766, -0.003399706575767991]
[0.00232379922995396, 0.004953712022418788]
[-0.005989597627416243, -0.011023847719718344]
[0.0069019329994935985, 0.00605763521052205]
[-0.0011447039999947783, 0.0059003896561997116]
[-0.006135252204060082, 0.0021232754538249576]
[-0.0029652230593572027, -0.00019697050100653257]
[0.005670933320126581, 0.0024607133630549644]
[0.006260269331809565, -0.00021506018761585644]
[0.0043124805881967765, -0.007102375703079644]
[-0.0018674473633378819, 0.0016332766650468677]
[0.0026843348699058245, 0.002493048664538866]
[-0.004595877343006649, 0.002014002400159476]
[-0.0006452858188021882, 0.0016529828347971454]
[-1.8377606887859388e-05, 0.004318094830455976]
[-0.0050394577751493586, 0.00016420922472926147]
[-0.0016384172671571103, 0.0033220716957240576]
[-0.003247172485036795, -0.0019167704035733812]
[0.006768344491186198, -0.008839638013985962]
[0.0009256334393873775, -0.013689706381013328]
[0.0008782893287586635, -0.000492107082344373]
[-0.005593936647043496, -0.0046821398417546956]
[0.000507025505582348, -0.004335223621183049]
[0.004995798755534242, 0.0010384973290091803]
[0.003083773138582102, 0.002754802580088478]
[-0.0010773644993324893, 0.002162928053235702]
[0.006851434474340001, 0.00044789162277655836]
[0.00560443668262145, -3.755404932265227e-05]
[0.005830657667352468, -0.0014207525742948868]
[0.004813777752182724, -0.004793371066968977]
[0.004454724084830053, -0.0024815095569737933]
[0.004505607332967121, -0.0011141632998812878]
[-0.002680490108713407, -0.0034298211912857646]
[0.004148453189989021, 0.0067139462591827015]
[-0.0003772351887654235, -0.004313430479276792]
[0.0033898343805972564, -0.00027567971447517436]
[-0.002185444168948031, -0.0015551933831980391]
[0.0013415695428752317, -0.0014102643105237123]
[0.0018251250001956598, 0.0029204725187456093]
[-0.0015315267694347434, -0.006297588694223699]
[-0.004691494728243217, 0.002145380479163045]
[-0.003650665105065877, 0.0009060883852796686]
[-0.0020731196538956997, -0.001689925652244545]
[0.0010453001270901395, -0.000224576579917396]
[-0.002308434116792879, -0.003385230284286833]
[0.0016874032312494402, 0.00041472830345473666]
[0.006638512117532969, -0.0028939734688160357]
[0.000297748003620979, -0.0027349727607344776]
[0.00474198541442461, 0.0006701863975524525]
[-0.00254538098361462, 0.002168488310111738]
[0.0019123693986747847, 0.0005376350304557576]
[-0.0004889620918572257, 0.001409801456888904]
[6.381610347450106e-05, -0.002862163390223507]
[0.0026306031486023063, 0.0006442196890665275]
[0.0021201215353342517, 0.0007785479929914296]
[0.0010134515389047527, -0.0029469720055519955]
[0.002614966988670142, -0.003006023378225531]
[0.003595220205861671, -0.003395998784749499]
[0.0007410455590075582, 0.004445499124820729]
[-0.0009959889332785687, -0.0031579307070493945]
[-0.004388469212965318, 0.00014854232551420044]
[0.003890425818014742, 0.002713519593492031]
[0.0010243658238547476, 0.0009253141552884037]
[0.0022477268012033313, -0.0026542201205804195]
[0.0007156697038336948, -0.0008194155426614405]
[0.0012468102132974293, -0.0020282975480959142]
[0.0026098793779708793, -0.0033603065794802767]
[-0.0008056240264639643, -0.0031766605800095174]
[0.001258387151413548, -0.0017095185172005256]
[-0.0018798092047795437, -0.0005331098678609814]
[-0.0037626285132784654, -0.0018177057996299206]
[-0.001154563391126795, 0.0031807475220499426]
[0.004893015321978056, -0.003978100538946927]
[2.571870126777398e-05, -0.002413721742988373]
[0.0038337089952867887, 0.003406572137100744]
[-0.0013684895847180245, -0.0005987526302486668]
[0.0033513663623496726, -0.0036267112153887254]
[0.00805859303286316, -0.0023516122057286593]
[0.00155056376962448, 0.0004660080249654641]
[0.003296789490323415, -0.0007213775468055128]
[-0.0028607686530720544, -0.0012479414262077104]
[0.004229547570452796, 0.004813892830659416]
[0.0008119626356378196, -0.0006641402646916927]
[-0.0005176119067852314, 0.0005798470447067605]
[0.00304785335700275, 0.002309062575030274]
[-0.0024107961266769395, -0.001349748374885995]
[-0.0023755279939224883, -0.0021726945046711688]
[0.001668292522701731, -0.0008764008799955203]
[0.00030666954324603396, -0.0024931344040571846]
[1.4130668210085573e-05, -0.004007346087701452]
[-0.007379545820577812, -0.0013925473739183902]
[-0.0005126807800370382, 0.0030091118804081163]
[-0.001090179081756265, -0.0012488582255568148]
[-0.0004551960856646123, -0.0021864058981741763]
[0.002469871604972307, 0.0029856442201610656]
[-0.00401808955597005, -0.00036354714072467376]
[0.005174390123638739, 0.0010788985562569797]
[0.0003073683874492694, -0.003240304707516628]
[0.0042008441536427465, -0.0011483929063523524]
[0.000356095177806548, -0.0020975616955790644]
[0.0017458873246587459, 0.00013954496200075522]
[0.0009635431879270184, 0.0025084762554724027]
[-0.00033209186337201935, -0.00021243878462867682]
[0.003570328531596223, 0.002561258896494417]
[0.003856567669633826, 0.0011982367099219182]
[0.0007462449691697515, -0.003745806636987023]
[0.003035036151491477, -0.0023231781085918946]
[0.003417415442199978, -0.004682838302719428]
[0.0017548438373772846, -0.0009069995683436138]
[0.0026589168245560457, -0.003913512005212116]
[-0.0036443743024053288, -0.003330159450625869]
[0.0037675163803137512, 0.0026724342359777387]
[-0.0024371892390015228, -0.0004977082734758664]
[0.0011781021831891447, 0.0009666947695538275]
[-0.0006793607765412327, -0.0016305631039494756]
[-0.0003160245512984546, 0.00040437859740470594]
[0.0024747002324175815, -0.00010734863155764662]
[-0.0030358656351219294, -0.0016598835666561118]
[0.00039590198837091695, -0.002814079895398891]
[-0.0002986060698883103, 0.0015458127739958472]
[-0.0012850224331362181, -0.0022976886324304613]
[0.0003891117825912116, 0.0032063060135410493]
[4.799643952735355e-05, -0.0012384274799859818]
[0.0017532727722034402, 0.0012842699974890404]
[-0.00013386442054252878, 0.002563414659740741]
[-0.00242886311325452, -0.0005674804261261435]
[0.0031921134079602176, 0.0018581231749252858]
[-0.001409098123686947, -0.003287823490028652]
[1.55749657272386e-05, 0.003523172460400348]
[-0.0011327008434376395, -0.0009536940125121074]
[0.0006099536684655016, -0.002133671179828822]
[0.005053287173124921, -0.0012013955610416516]
[0.0022735153793435325, 0.0007471417313827389]
[0.0018702702591106846, -0.0025806218200582487]
[0.0012590083551243941, -3.9254026454271784e-05]
[0.0015516627244869796, -0.002128289539078565]
[0.0011996149842993242, 0.000774268717004159]
[-0.0007675173279949321, -0.0014548430560913372]
[3.849199870778128e-07, -0.0014113052460121428]
[0.00030413965640244556, -0.00027527288598514985]
[-0.0018661670678437325, -0.005783945317902106]
[0.0017599605940176706, 0.00027888037678452937]
[0.003537148379299637, -0.0028412915713689757]
[-0.0004194219863596499, -0.0022294588827319606]
[-0.0014989099710326914, 0.0006892507290783279]
[-0.001146363951945062, 0.0024848540644734074]
[0.0020565537338245177, -0.0005424161715407161]
[0.001883391183025107, -0.0007061208463168822]
[-0.0006823716574629879, 0.0014884150726708484]
[0.0007780416150026115, 0.002408413448833635]
[8.432639628908056e-05, -0.0015334785551106844]
[0.004061949660787878, -0.00024301816007192556]
[0.0029769660063789782, 8.609977131435187e-05]
[-7.514391073937254e-06, -0.001202037930658456]
[0.0014535911820629521, 0.0019762907389798134]
[-0.0011697491196156484, -8.6480556646229e-05]
[-0.0008981060038879551, -0.002034899235736465]
[0.001024194641852605, -0.0002305738573575855]
[-0.00016578682445844706, 0.0005617582145505673]
[-0.001630889012912834, -0.0009814099897532125]
[-0.0024179082551523154, -0.0012248227048356763]
[0.0014189935957732713, -9.443973027176145e-05]
[0.0018176976069133226, 0.0002986276781786479]
[-0.00022928038820877415, -0.003949296466857322]
[-0.0006917879707723507, -5.968248522897346e-05]
[0.000768315017088897, 0.00020589064295471748]
[0.0005549099547831893, -0.002084867224758924]
[0.0020344441035680533, -0.0015119738054471532]
[0.0006349098048273882, -0.0018995691752933253]
[-0.00043718526270075664, 0.0014430445211861542]
[0.0013020296681061083, 0.00039046135759684963]
[-0.0010535974768136058, 0.002480918303850832]
[0.0019677197887705278, -0.00028786724592509]
[-0.0003207916144837286, 0.00010849549940272762]
[0.0013754024757930416, 0.0012949425196110698]
[-0.001380614969525018, -0.001698121992721069]
[0.0007451861714001806, -0.001605259231348577]
[0.002516875581935918, -0.0018933309215584046]
[-0.0008460842155199044, 0.0008436251662098382]
[0.0011810064862706193, -0.0006551286433485182]
[-0.000412582351990487, 0.000324532419794743]
[0.0026952798289857083, 0.00024504043664075326]
[0.0008418082220673778, 0.0022514925024899046]
[-1.883341126512894e-05, -0.002118579110196417]
[0.0019544339841283597, -0.00016676201563042836]
[0.0009335733801821844, -0.0022419386297387323]
[0.0015286810018223154, -0.001712943470507454]
[0.00034078510020168, -0.0008212275884438014]
[-7.391298705497484e-05, -0.0041173100068875035]
[0.0012553779661370525, 0.0009335474615892458]
[-0.0012629691605196558, -0.00262101282054944]
[0.0006139138883409084, 0.0019045388764680204]
[0.0005385142847361135, -0.0005878020621181701]
[-0.00031798910236691125, -0.000621571547424038]
[0.0006117405062685544, 0.0002920851462475671]
[-0.0016223811098329821, -0.0005526933946018997]
[0.0015789370686275506, -0.00046140361227391125]
[0.00030685973987876203, -0.000283694635455467]
[-0.0023454009642259743, -0.0007180804779467476]
[0.0020385904911146557, 0.002511135420779187]
[6.88653806383277e-05, -0.0005659570268556624]
[0.002543919273019668, 0.0006697200746549545]
[0.00041935797192815816, 0.002951586159194386]
[-0.0020687481678023367, 0.0003279799379317938]
[0.0019132669697716487, 0.0018588210137331918]
[-0.00155627652411372, -0.001799778608532393]
[0.0004607620394699308, 0.0008007549933785607]
[-1.203250219700136e-05, -0.0016460959922366403]
[-0.0010949958691727144, -0.0008601606161078856]
[0.001977862626927618, -0.0017311531432528948]
[-0.0002114501715631198, -0.0028474123415506633]
[0.0016311612073637675, -0.001952604415724743]
[0.0013037244962319228, 0.001661592440204085]
[-0.0024241185052770115, -0.0021026639947421405]
[0.00022008949916749176, -0.0005888899632428835]
[-0.00048312327630679885, -0.00015284695067258047]
[0.0034943368299433786, -0.0009422788715519048]
[0.00034871305797870567, -0.0014606341608944806]
[0.0007744303757205584, -0.00211746217373579]
[0.003156409980904662, 0.0017630115518942335]
[0.0015584279229517994, -0.0027100717934502305]
[0.0028613566609811403, -0.0001981507723191056]
[0.0005016741548764525, 0.0007315828201792524]
[-0.0003601436384315093, 0.0015693000359671416]
[-0.0014087326330087802, 0.0009233968788777691]
[0.0004116944443517401, 0.0020201037927921467]
[0.0003753963436268215, -0.001956081267572074]
[0.0013817077672486633, -0.000953818252263372]
[-0.00022710451121157882, -1.6482791072802705e-05]
[-0.00010771861083480605, -0.000419279457595817]
[-0.00029184243680398236, -0.001400537481290598]
[0.0013716894101961363, -0.0010772610029812224]
[-0.0007838314262484901, 0.0027708819301556775]
[-0.002139144470525184, -0.0007682132924505258]
[-0.0021040356682806537, 0.0005376051304337853]
[0.0002947610997105464, 0.0007243449752221132]
[0.0005023689022870328, -0.00047104497157396397]
[-0.0007907756748985299, -0.0018589541610707222]
[0.0016858712094206252, -0.0010119800993402261]
[-0.00023557188973968163, -0.0007311803473658562]
[0.0010497608373896128, -0.0005442069772365332]
[9.060742396266308e-05, 0.00012550245460590803]
[0.0020060526892967667, -0.0002311591756532505]
[-0.0003271833228986609, -0.00043914725473404026]
[5.674217175133389e-05, -0.00023333895132485183]
[-9.645641114397474e-05, 0.0009964554343854792]
[0.0016106728524822866, -0.0013494841692354986]
[0.00172455348756817, -0.0015373132766213216]
[0.00018781118306093747, 9.536756849093386e-05]
[0.0009410595290962886, -0.00015102678407205583]
[0.000826988782115512, 0.00015772989384726932]
[0.0020365160075386246, -0.0009243516794765205]
[-0.00020608591390194886, 0.0009871027300805135]
[0.00043815328034302325, -0.0005575588063160553]
[2.7363177163439167e-05, -0.0004993266748215541]
[0.0011807255467673472, -0.0005362093814149649]
[-0.0005506786239721957, -0.0005062697308252928]
[0.0004116245422929321, 0.0005753485385173174]
[0.0005114429533317373, -0.000596851019783691]
[-0.0002866715674244222, 1.272321542049315e-05]
[-0.000421457843002241, -0.000823402302496945]
[-0.0005498897741196256, -0.00022046158085615997]
[0.0009091139505087859, -0.0006660890657549101]
[-0.0009624941231491969, -0.001722950857369454]
[0.0001153722869133289, -0.0013356810519464246]
[-0.00011954901469793389, 0.00022662005338108804]
[0.0005416624711347962, -0.00016699922864049643]
[0.000791941177066463, 2.4930858027405467e-05]
[-0.0005962108990968384, -0.0008770554213087256]
[0.0017015746882387273, 0.001272822115147676]
[0.0015853962078283823, 0.0009855836218110245]
[0.0004038892473496314, -0.0008959066397457582]
[0.0006659779636983831, 0.0006230412561652465]
[-0.00012490124939401603, 0.00037037058147363494]
[0.0017424666680697087, -0.0004752533445001039]
[0.00020506848756707274, -0.0006485012813401275]
[-6.225388210806537e-05, -0.0009533473734899545]
[0.001369830184646148, 0.0003513147351738022]
[-0.0014161447505737362, -0.0005865243896892025]
[0.0007561936769866495, 2.920958387137018e-06]
[-0.0004588061599523942, 0.0002816485178564476]
[-0.0006322131991124413, -0.0009307750585939023]
[-0.0011452456554480895, 0.0021785524262717404]
[-0.002037514789117817, -0.0006919310754961439]
[-1.477029720806794e-05, -0.0014311051334923441]
[0.0008431949196860203, -0.0011586859759509932]
[0.0013545081766836026, -0.0003487083165504834]
[0.00032087189615689557, -0.0011672554784441236]
[0.00010380790198816214, -0.0016967714625575059]
[0.0018960633231884932, 0.00030811537472072437]
[0.002230426532733809, 0.0007021452333169642]
[-0.0012706752969876833, -0.0008262530604285501]
[0.001302621288395256, 0.0014536422549050743]
[-0.0012494507843762714, 0.0010232787813859168]
[0.0005868156518623047, -0.0010661667565294245]
[0.0013187998471030915, -0.00015179010538129978]
[0.001796670073887674, -0.0022439154239499437]
[0.0021793288361712237, -0.001378210315010224]
[-0.0009678076141770853, -0.0007822981332793744]
[0.001496050626472012, 0.0005797750771876914]
[0.0003693442308686512, -8.566188915964945e-05]
[0.000850515388644002, -0.0004757751537525501]
[-0.0009586922137710396, 0.0019035679250727355]
[-0.0010918204304155021, 0.000853104281444389]
[-0.0002871298270591058, -0.001043818354309528]
[0.001880907880731586, -0.0007357312103868918]
[0.00055876350534297, -0.001028860939301636]
[0.0003132529212813498, -0.0009884853050866338]
[-0.00037355053450345566, -0.0010464071683670279]
[0.0002617743295114123, 0.0004158132997527861]
[-0.0012033696840937913, -0.00045076588611575596]
[-0.0009766119213185844, 0.000975103054565718]
[-0.0003785357141704859, 0.0006935091204972876]
[-0.0021868556964277364, 0.0007736846287252075]
[9.509799466117519e-05, -0.00022406022439944162]
[-0.0004591600325989931, -7.773605691113739e-05]
[0.0023951829025268268, -9.232336361172933e-05]
[1.9780184351003705e-05, -0.0024196755964812078]
[0.0004672935238164144, 0.0003221684922354723]
[0.00045080784984125044, -0.0003134624524148144]
[0.0005145449295799742, 0.0007695887262165468]
[0.0010849768540037164, -0.0004764300448618225]
[-0.00013189769768323645, 0.0007703677378060048]
[0.0005346292296332655, 0.0004100046876075458]
[0.0016840892477562042, -8.258440398450917e-05]
[0.0011456947550360086, -0.0010933236933078905]
[0.0014246716398213233, -0.0007846472199775079]
[0.0010680940829967955, -0.0007346293318255814]
[0.00043190975949553706, -0.000363772193946843]
[0.0007449315254195454, -0.0004715463643366058]
[-0.001037072647969004, -0.0013871050025846265]
[0.0008771169247096394, -0.00020916578365924587]
[-0.0007648648867745996, -0.0007769043700548706]
[-0.0005795547512911191, -0.00035556773995321783]
[0.00011591285954298813, -0.0012221602010080157]
[0.0001504014882678928, 2.5794874133761025e-06]
[0.0002448461854225592, -0.00020074058872615597]
[-0.00035861845297437134, -0.0003201853414856737]
[0.00014945465362997679, -0.0006631931166381222]
[0.0006763244365084187, 0.0006726974238192573]
[0.00014149814007435868, 0.0007015165929769862]
[-0.0001229387531938575, 0.0009404966012140636]
[-0.0001864312101917398, -0.0004088501463234695]
[0.00040070436539318965, 0.0010961172029342048]
[0.000955315082539876, 0.00015255030483068976]
[-0.00021285821255379034, -5.459949017989907e-05]
[0.00049176402489437, 0.00015476371058190108]
[0.0002830415340216996, -0.0005998648694457084]
[0.0002396047322527628, 0.00020371867619378703]
[7.420161540522274e-05, -0.0011445844413749129]
[0.0007549410330593698, 0.00047258025664012604]
[-0.00028992622449586225, -0.00134729457525537]
[-0.0010385733108551273, 0.00031269611568818245]
[0.00015321894956277227, -0.0002110266168999786]
[0.0004851303297727888, -0.000793536095361369]
[0.0014931871788215548, -0.0008354357268031132]
[-0.00044381492552765436, 0.00039589780225599003]
[0.00022729509964451982, 0.00014609408020000575]
[0.00045053478686821885, -0.001351829836337498]
[0.0006212160968972821, -0.0007529414397595413]
[0.0009445047323635158, 7.516416023028993e-05]
[-0.0015212527351589206, -7.072539761207586e-05]
[0.0003357166831919334, -0.0003717565057151928]
[0.00010948072859465197, 0.0005831731144408381]
[0.0005992790974676532, -0.0016458284645838595]
[0.0009791526344331003, -0.00015395248688446217]
[0.0007953444004184518, -6.834262378068931e-05]
[0.00012044551267370585, -0.00023685300107423313]
[-0.0007823889427774899, -4.3357929565751574e-05]
[0.0006314637045279348, 0.0006050438996751534]
[0.0008099978433406263, 0.001133556630562249]
[-0.00034615591023551273, -0.0006009579362851701]
[-0.00015630747922978916, 0.0005510608601640987]
[0.0007168846682881758, 0.0005563123097248462]
[0.001274425139969726, -0.0009814482919745793]
[0.0017744112706771231, -0.0017649462905321434]
[5.176170457765056e-05, -9.865172397857669e-05]
[0.0002754227776454732, -0.00045801599906095114]
[-0.00045292794057815323, 9.108863653212174e-06]
[-7.969489208689562e-05, 0.00014106768373722822]
[-0.00047872623074226607, -0.0002851345460315735]
[-0.0006804184603630037, 0.00033413838386096156]
[-3.0396591282226548e-05, -0.0005255453788175629]
[-0.00031640615318476954, 7.082607709303634e-05]
[0.0005733214576148782, -0.0022641555958417547]
[0.001064028053516318, -0.0007942469799522567]
[0.0005986808879978045, -0.00010241741911184987]
[-0.00046391062332670763, -0.0004840133634338717]
[-0.000945204412754197, 3.839941507904898e-05]
[0.0002099034195472138, 0.001546467448430372]
[-0.00017564537724168439, 0.0011211816886501635]
[-0.0006786663804098092, 0.0002330755730081402]
[0.0004812909383810071, 0.00012066724980047683]
[0.0003096678652423357, -0.0001593534405596453]
[0.001647693122341809, 9.65141457559826e-05]
[0.00039077636184498, -0.0014572212756170655]
[0.0008877790476860548, 7.626114698427999e-05]
[0.0006165131448664374, -0.00030366215153590503]
[-0.0006791903695000379, 0.0006467899399314192]
[0.00023276714848352587, 0.0007017153020283384]
[-0.00036090578073484647, -9.48696975476837e-05]
[0.0003289996795513561, -0.0004901106486110973]
[0.00022870018488432495, 0.0001807087524117318]
[-0.00033473941174050337, -0.001150532315480346]
[0.0011129501346404704, -0.0008105999308648006]
[0.0006733653515041448, -0.0018417328394554483]
[0.000371771845911556, -0.0007202125773814599]
[8.150183315031208e-05, -0.0008853214744020815]
[-5.6829998534957404e-05, -0.00136465282373463]
[0.0010747394053405093, 0.0004291116749715329]
[-0.00039430048093155867, -0.00021432560593728778]
[0.0001731774058374158, 0.0011998593544587377]
[0.0010963351889560768, -0.0006638520805224424]
[0.00033928815263209455, 0.0006872714869570196]
[0.0009614353131998654, 0.00023328052603784066]
[-0.00023257372511403807, 0.00042849825945137643]
[1.4818783295733606e-05, -0.0006837761026398173]
[0.0007862868798610978, 0.00012568681084665356]
[-0.0009319757710044563, -0.0007276749223754098]
[0.00036916307530054926, 0.0003524598830381108]
[-0.000520653096810153, 0.0005041947735240915]
[-0.0003394967334578447, -3.554435067984474e-05]
[-0.0005794532224502602, 0.0004452931838038465]
[-0.00038531936762026264, -0.00014529216026765157]
[0.0008793747465670881, 0.001087958622438323]
[-8.021793318230275e-05, -0.0015054073878915941]
[-0.0005797236586351714, 0.0005562500145067095]
[0.000374672772735965, -0.00024919200740333713]
[0.0006552153186634851, -0.0005814341945169846]
[0.00027545525640849076, -0.000996118495489022]
[0.00013215829443676344, 0.00011887395963243452]
[-0.0005561277943185111, 0.00046811138005502934]
[0.00047036914969168786, -0.0006874198344260507]
[0.000198612258755778, -0.00027651816868604073]
[0.0012726622189633274, -0.0007157366716818436]
[-0.000280279616925852, -0.0009846744136001173]
[0.0005476013632048637, -9.237136083403708e-05]
[-0.000109658779123889, -0.00025734449514636104]
[0.00011842642143200521, -0.0010709772334104514]
[0.0010416497521141266, -4.30653052682084e-05]
[0.0004035483487975222, 0.00035250702649403803]
[0.000471605053777191, 0.00018603962460633783]
[-0.00037164360495328674, -0.000494326628294961]
[0.0017427075556759597, 0.0008107681140400759]
[0.0010106722376764243, 0.00018442570889792842]
[0.000540964055442128, -0.0008728505594856051]
[-0.0001640887769870647, 0.00019709831574904468]
[-8.006149749434366e-05, 0.0004547116374739868]
[-0.00016838124077096783, -0.00012255687119896996]
[-0.00018124222205945228, 1.6758950285689078e-05]
[-0.00027468700744340616, -0.0003924496631040886]
[-0.00014517650368350843, 3.665995104296105e-05]
[-0.0007195866846351666, -0.0005346198583042854]
[0.00012265553594372272, -0.0003066263857113838]
[0.0005251746196474442, -0.0006347304146333416]
[-0.00014843065491660593, -0.0011549364831688162]
[-0.00024302404322477933, 0.0006958419935020055]
[-0.0010431656871987306, 0.00021327265735948675]
[-0.0001089624490974439, -0.00018655811718562565]
[0.0006112265294480473, 0.000311839704767336]
[0.0005821275275152415, 0.00024457592080712187]
[-2.3142476631765607e-05, -0.00010897781866434086]
[0.000983299016865835, -0.0006399755960550674]
[0.0007923422417445702, -0.00036177154206254447]
[0.0009123116217926719, -0.0002839880060412532]
[0.00016126072332367514, -0.0004403932194816801]
[9.976568891456594e-06, -5.9856458960477754e-05]
[7.206824772770792e-05, 0.0005083550683009017]
[-0.0006019811129761576, 4.550956410390161e-05]
[0.0002953880711155099, 0.0005523113440775301]
[0.0006472689064901116, 2.788037951567679e-05]
[0.00014645833186732737, -0.0007757066754589537]
[0.0002300836738115264, 0.00019326186217788477]
[0.00022986062645133365, -0.0007939380969831655]
[0.00010855732819731179, 2.933125877357945e-05]
[0.0005031694629593908, -0.0009204016131285075]
[-0.0010141300278415158, 4.396649268923955e-05]
[5.902745809371196e-06, 0.0005368442154992936]
[-0.00015884714100366376, -0.0002721822635205484]
[0.0003550797320822346, -0.000119153288452193]
[0.00038099201724395293, -0.0005354637618859015]
[-0.00024534320035871776, -0.0003191219520016081]
[0.001752282813774736, -0.0003284526655092379]
[-0.00027318277971216665, -0.0008183554245374813]
[0.00044359615439559796, -0.0002547267505442763]
[0.00021937850741077236, 0.00025510379989140963]
[-0.00022775316753093078, -0.0006387200546419669]
[0.0005935388992044377, 0.0004203515098398225]
[-9.27395058860081e-05, -0.0005214338859011493]
[0.00044385438816907374, 0.0005396169752153596]
[0.00023557648503358397, 0.00037506350681906775]
[-0.00011680077268338973, -0.00014417199385789725]
[0.0006290185968070849, -0.00019711365625138533]
[0.0004528743019890924, -0.0005551008824702386]
[0.0003402211656671761, 0.00036726886938581726]
[0.00033643545576628187, -0.00045516745905307965]
[-0.001062088030703831, -0.0007572123687218657]
[0.0011668207827276456, 0.000598611343147426]
[-0.00013966049149708587, 0.00011296836665689036]
[-0.00017167741802576186, 5.8072943851156245e-05]
[-0.0006158625588954542, 0.0004916340738250341]
[-0.0005029068081951436, 0.00038237537867051585]
[0.000378147137773956, 0.00014019229053942317]
[-0.0005927906386174776, -0.0009157618274439581]
[0.0006400234665278753, -0.0002927223362028941]
[-0.0005963540562166393, -0.0007645087146479768]
[-0.00040715287189416194, -0.0006147370443031486]
[3.7527963285932664e-05, -9.730382333217324e-05]
[0.0004559024538939027, -0.000680827078116758]
[0.00035083231783458735, -0.0002420498656431902]
[0.00026718198389152903, 0.0010761536082096318]
[-0.00045202456729867557, 0.0002950359998984686]
[0.0009782305219614984, -9.241501421944354e-05]
[0.0009386097468850885, -0.0005770671804651017]
[0.0011206541209487497, 0.0003497325505362747]
[7.094561224724183e-05, -0.0006905897383815071]
[0.00029946486067089495, -0.0006383802472483269]
[0.0012579311110716418, 0.00023873856055247472]
[0.00014667980360377753, -0.0003869924146737147]
[0.0007171979352408875, 0.00028998673659647034]
[-8.49591379911141e-05, -0.00012589097084428347]
[0.0003239856651834627, 0.0001434246783377502]
[-0.00039116506695127326, -0.0005434471583666278]
[0.00023619551477965794, -0.0004376058914084824]
[0.00020048532611818045, -0.00032849751910469377]
[-0.00026373700451294557, -0.0008535426865925316]
[-0.0009288635661457226, -0.0004151188291993402]
[2.1642884140160926e-05, 0.0005352999243136737]
[-8.753193159955625e-05, -0.0007878331732480148]
[0.0004627791836610473, -9.524639207342256e-05]
[-0.00031233609402034346, 0.0004096167543805318]
[-0.0006081498894458456, 0.0005672390725324494]
[0.0005286325808470382, 0.00021837754381356933]
[-0.0002585593002842612, -5.861809927981687e-05]
[0.0004381203709049042, 0.0004180116901491976]
[-0.0007064619064741928, 0.00016385387224085446]
[0.0003518832919237047, -7.067568896954035e-05]
[0.00022930288164463297, 0.0002225059770869231]
[9.127550771609316e-05, -0.0005988157921521797]
[0.0006777487015208195, -0.00021276271895137588]
[0.0006756054148008284, 0.0002496157198316473]
[0.00013568091215032663, -0.0008864005082611717]
[0.00017030071240323186, 0.0002784269588951005]
[0.00022548171343500512, -0.0004897092959692539]
[0.0002528416021754798, 0.0005726491519845167]
[-8.283700134550931e-05, -0.000719913580952386]
[-0.00039598183524157393, -9.446630857157245e-05]
[0.000652009697393735, 0.0002807032873597126]
[0.00025288593962542174, -0.0003695700921923645]
[0.0006800318162845861, -0.0007328518904779618]
[0.00035510907313139346, -0.0007271081633717091]
[0.00023370226058167486, -0.00030089699785033897]
[0.0005462099852117028, -0.0002515542388035613]
[-0.0002843722338652895, 3.003760140610212e-05]
[-0.0003623344449756871, -0.0006601680392652742]
[7.341672217570788e-05, 0.0005819160620487984]
[-0.00010747352618731276, -0.0005881047552979968]
[6.442613562661348e-05, 0.0002991017830017151]
[0.000252655240234545, -0.00014776835456059567]
[4.769660230929951e-05, 9.915987362513201e-05]
[0.0002915590916699462, 0.00035646325094107825]
[-0.00022812483168999087, -0.0002637282299562671]
[0.00034932069052090453, -2.4621728985749214e-05]
[0.0003246481790391553, -0.00020509550950168626]
[-0.0003114945971816052, 0.000410055237662299]
[0.00037177250372538717, 0.0001923463849008225]
[3.0314533731701232e-05, -0.0005389673356457902]
[0.0009954135024609623, 5.137364148079249e-05]
[0.0006190525983811035, 0.0006299636096530337]
[-0.00038476011963212153, -0.00039395792373173033]
[0.00022224659569011068, -5.771432368378848e-06]
[2.3723699171265822e-05, -0.00038758379886147387]
[-4.0318594884830865e-06, -0.00024710500660737184]
[-0.00015340290711052945, -0.00046675565915886563]
[-0.0004680874654987546, -0.00046968175712530993]
[0.000174128505394642, 0.00016755239792058327]
[-0.0005272373040373923, -0.0008361104725519153]
[0.00010286481245367837, 5.1368431500734e-05]
[0.0005544170720537672, 0.00012758721725064648]
[-0.0004480908769114583, -0.00043942564561591513]
[-2.0418038319175436e-05, 0.0005134086601726595]
[-0.00014599114745957043, 0.00020428205467143412]
[0.0007623839888321049, -0.0003388145937151532]
[0.0006002254257217732, -0.0006423990289354808]
[0.0001265260219954767, -0.00011470581589369949]
[0.00022010789473814185, 0.0003380573369363704]
[0.00023217391755059325, -0.0004949549330478392]
[0.000642743809647961, 0.0002703242348761903]
[0.00033401272818511796, 0.000569743338439288]
[-0.00036967047957797705, 6.814563241952336e-05]
[0.00028783318801714475, 0.0005518153282154659]
[-0.00025470173758312953, -0.00020868137954620225]
[0.0003988997382114029, -0.0003092153970237488]
[0.00026627287918004616, -0.0008442570290149998]
[0.00012677639812104513, -0.00018025247155825652]
[0.0004762642033202674, -0.0005803404848580829]
[-0.0006873640357312389, -0.0007859835913624352]
[0.0010715536484577626, 0.00015390642449843173]
[0.00021075474211869815, 1.0581245416668716e-05]
[0.00011923790451151854, -0.00042463939114546767]
[-0.00018784148502523634, 2.6395206642063074e-05]
[-0.0001786151105818033, 0.0003415938465246779]
[0.0007057993099875703, -0.00043865935952341895]
[-0.000193518544872269, -0.0004288982922665552]
[0.00028271270617388766, -0.0006553444949257414]
[-9.351070368318615e-05, 0.0005128910361193728]
[-0.0003189415247803473, -0.0005106275900218088]
[0.00039083125724173606, 0.0007426130470949144]
[-0.0001480013706316452, -0.00021323363281730567]
[6.329303371632733e-05, 0.000178102955217474]
[-7.742395541548985e-05, 0.0006500770363546265]
[-0.0006152469917410919, -0.00011316723399504292]
[0.00022381382903685632, 0.00016969561655244547]
[0.00010606682592173566, -0.000506284882731356]
[0.00021859636575957686, 0.0004319512510349566]
[3.706675789560965e-05, -0.0003136614891077888]
[-0.00011434664157733421, -6.703882477943068e-05]
[0.000879936895055361, -1.1810907849574281e-05]
[0.00016405284102004314, 0.00037681464739142134]
[-4.3493636325553364e-05, -0.0005010097722340234]
[0.0002950412737509024, 0.00020128540379478477]
[-0.0003022939673873182, -0.00028861195436294396]
[0.00021480192384641054, 0.00021418408477076947]
[-0.00023768227198140476, -0.00031056572339380195]
[0.0003822558222422376, -0.0009173562037870647]
[0.00044770499084884757, -0.0004931231401431035]
[0.00035122936275683303, -0.0008308274686655015]
[0.00043260652715118933, -0.00043137635165413357]
[0.0002643080872002934, -0.0004329398515341143]
[0.0003448200694338571, -0.00017103318298511416]
[-0.00010253198493292981, 3.6632150734267066e-05]
[-0.00025220861752686674, 0.00043599098005259185]
[0.00031880077914614446, 2.0154010016176782e-05]
[0.0002086435455860014, 0.00035564460107684326]
[-0.00024832358046716907, -0.0003102433905904367]
[0.0005602397336742504, 0.0005307422921647098]
[0.000580139279125591, -0.0005633826246267126]
[0.0007119369811386944, -0.00030271315085710765]
[-6.105158808308864e-05, 0.000418912945428368]
[-0.0001908610349316553, 0.0002869336687098406]
[-0.00017252690118482739, 0.0001623407746967065]
[-1.4115917697260505e-05, -2.1054642940276924e-05]
[-0.00037772153295432404, 0.00014149714435021665]
[-0.00015821854913897204, -2.8967104914595643e-05]
[-0.0003475836378540667, -0.00016007451443586507]
[0.00011172772439756173, -0.0003320597339196152]
[0.0001799039832869366, -0.00027057402221277935]
[-0.00019674010943511282, -0.0006353440130715676]
[0.00037118017539369136, 0.000529342357625584]
[-0.0006482158849550959, -0.0004229906470962115]
[-0.0002636950977118885, -0.0001602051288329548]
[0.00019922211487401892, 0.00017551917166303]
[0.0006492305882547789, -0.00021673710176381422]
[0.00018187245778375494, -0.00045068815818560815]
[1.5361783792661177e-05, -0.00031255511168215566]
[0.0003744599539282911, 0.00033460852014036147]
[0.0007786923549363278, -0.0001484650233925383]
[0.000297588625149503, -0.00033160894058770207]
[0.0003095060067135891, 0.00015537394582179967]
[-0.00011759026113628002, 0.00016958590378139682]
[7.345061014008003e-05, -0.0002721295924676681]
[0.00032869681139308105, -2.542108241820884e-05]
[0.00026036395666534373, -0.0005402503198476405]
[0.0004515107897706816, -0.00016370835339481887]
[-0.00019846217485874895, 0.00022083293392086145]
[0.00015036612811261674, 4.921728974335848e-05]
[-0.0001227399424895692, -4.673096015200828e-05]
[0.00044806104588498985, -0.00014968835934775493]
[-5.281077107502537e-05, 0.0007149781952509732]
[-0.0004253975796388587, -0.00036567214966350126]
[-0.0003359450932306574, -0.0003931590435782943]
[0.0005016701164701643, -0.00016142938915762045]
[0.00043542023878891806, -0.00044239099136843263]
[-3.6261386503211486e-05, -0.00043803852561469583]
[0.00014231423121195685, -0.0004178604818043108]
[-8.119194133567736e-06, 0.00043374534549769916]
[5.412862417009112e-06, -0.00022227927766216293]
[-7.925917666118387e-05, 0.0002281702861305357]
[0.0002978474385157137, 2.1036083390046922e-05]
[-0.0004115110981083858, -6.689279532923198e-05]
[0.00014194013304114073, 4.148891476259825e-05]
[-0.00012892607655221044, -4.982227111338666e-05]
[0.0004160283199174386, -0.0005540282817083977]
[0.0006192008456973319, -0.00038969002698445443]
[-0.00017162918552660056, 1.7647680102983454e-05]
[0.00045120198932946387, 0.00018624927848866907]
[-0.000131938725214803, 1.0741212207288076e-05]
[0.0006607867258382472, 1.2946981799259738e-05]
[8.698235304388513e-06, 0.0006812466640175874]
[-0.0004990123902417487, 1.6386069047233387e-05]
[0.00039817430872225723, 0.00023536562534315353]
[-9.983704269825311e-05, -8.922036358063878e-05]
[-4.284574496686913e-05, -0.0002128798801871029]
[0.00011702996025636514, -0.00021169488020288119]
[-4.3687399878785185e-06, -0.0005612104748256228]
[0.0003085512318442181, -0.00034493307798569295]
[-0.00028537493864055213, -0.00016629333613737973]
[-0.0001100797842155752, -0.00016097322351418114]
[-4.361337537127363e-05, 0.00019039611891642771]
[-0.0004480915625259523, -0.0004036034440399183]
[0.0002568590565681095, 7.730929363680694e-05]
[-0.00030454479064120216, -9.598565147389548e-05]
[0.0006480742635035508, -8.16362088595507e-05]
[0.00039451558611630633, -0.00033128398603535225]
[0.0003079909815287829, -0.0006072664628449104]
[0.000881078972169741, 3.4103840774846184e-05]
[0.0006995949534549517, -0.00016415522446253106]
[0.0002738853290827348, -1.1006888731304731e-05]
[-8.725824161792683e-05, 0.00019038763324846775]
[-7.9415304104824e-05, 0.0006423173771214208]
[0.00022368020923616005, -7.631688801065795e-05]
[0.0001652026177643151, 8.968293334257749e-06]
[-2.098139846729019e-05, -0.00027650740775678195]
[0.0003641406866662922, -0.00016393357309055223]
[-0.00018010693231820807, -0.00047665107041414134]
[0.000513369963722643, -0.00039623502201165117]
[-0.0003110963187457731, -0.00014522808820548183]
[-5.804185497143566e-06, -0.00010142768546030079]
[-0.0007056165886435064, 0.0004807913258833424]
[-0.00038347025608683263, 0.0002716494021353377]
[-0.00021574424434954442, -0.00024818739771542003]
[7.416728174808665e-05, 6.961264131316244e-05]
[0.0005490922930473374, 0.00019970164382339395]
[-0.00045801143578560674, -0.000342790395260556]
[0.00033836173192215713, -0.00038713857586671063]
[0.00010962332008095099, -0.00011934797728763158]
[0.0003271639333165821, 0.00016184612984179725]
[-0.0003284688252245399, -0.00015910301542815253]
[-0.00021106897262604396, 0.00019253146556859335]
[-7.580984164418103e-05, 0.0004437546062639741]
[0.0001310401405233419, -0.00018985114860341212]
[0.00020317296064870094, -0.00016553445917391607]
[0.0007027373006276427, -4.3585061018674986e-05]
[0.00019669886322259966, -0.0006416108909580998]
[0.00030271259565470277, 7.287655760254697e-05]
[0.0003559236550318978, -0.00031604199387591514]
[0.0004551443034944702, 3.379729438687806e-05]
[0.0004938328913822732, -0.0003703918391865929]
[-0.0002851379926918224, 0.0002668643594672948]
[0.00021190293494294243, 0.0002819193388838154]
[-2.3820941533012063e-05, -0.0007210704480186542]
[0.0007145909903726738, -0.0002160986898404743]
[0.00013726506604293297, -0.0001472120508234087]
[-0.0001109774423404715, -0.0001328104725116519]
[-0.00010544497484937798, -0.0002909890944603824]
[7.936814300674297e-05, 0.00020352683559679216]
[-0.0001431676200767118, -0.000357168198908589]
[-0.00023485821092962588, -3.853207714253626e-06]
[7.008585479029161e-06, -0.00014734074989393442]
[-0.00028599052293011573, 0.0001464585571603616]
[-0.00014632726980004507, -0.0002815327281311675]
[0.00010361847996433193, 0.00017133103177741082]
