[625.9655248976658, 365.541671804338]
[-12.594930225992712, 4.541797559041925]
[-10.482282770388423, 1.59773912708269]
[0.5300327253801562, 1.161540437711075]
[0.11518062681262009, 1.207350938348302]
[-1.4307083292463325, 0.8889256378330828]
[-0.7975460926045983, 0.04986874470798597]
[0.1885693344083208, 0.20980108558624266]
[-0.05066931722742396, 0.3232092600104508]
[-0.4865540289895902, 0.4383169286903623]
[-0.17488760759182753, 0.0037765442616617406]
[0.08929497019146737, 0.039359283909404574]
[-0.05399363790857059, 0.11800393572400125]
[-0.23067835131939507, 0.2726182038828924]
[-0.017656714293462272, 0.01989971890948805]
[0.044013340225347974, 0.005588515283298179]
[-0.048758029985466855, 0.05876029723503606]
[-0.11733723134849416, 0.17926719320911566]
[0.01985812389449393, 0.028622820253849657]
[0.012197273624430238, 0.0011489587396624756]
[-0.0336318546387675, 0.031940383192676336]
[-0.05675962160884307, 0.12483900993584296]
[0.021374722797794732, 0.039304127611462736]
[-0.004393203446982241, 0.003436932623433364]
[-0.02433931958535851, 0.013897543777389387]
[-0.024380735840985324, 0.0869945065547082]
[0.016422256763291898, 0.0428242945509032]
[-0.012050925964699033, 0.009908006809521197]
[-0.017460138407917825, 0.005331615716151816]
[-0.005218858862145015, 0.05803766373117414]
[0.007680668462233586, 0.03949661556517958]
[-0.015580045542933796, 0.015365160606968686]
[-0.009430859852991524, 0.00023928433803810378]
[0.00498202359999933, 0.03676375168300372]
[5.089781927547499e-05, 0.034838512951887224]
[-0.015562173152491532, 0.01875828838797311]
[-0.003375271492659593, -0.00252822004978448]
[0.008527871439541812, 0.020718272320456865]
[-0.00408859543358675, 0.028480272138772467]
[-0.014046723360212843, 0.020894241578009343]
[0.0013777109166550616, -0.0017086578130180996]
[0.008367676177725158, 0.009446385306659089]
[-0.006768782638653104, 0.021754937518966067]
[-0.01199403629302287, 0.021439126647718965]
[0.0050272785070797354, 0.0004637685821684556]
[0.005858637496319652, 0.0027964897264369792]
[-0.007723909404862006, 0.01636813317989816]
[-0.009300042322471391, 0.020916751585455806]
[0.0061938035300421745, 0.0032831995115812918]
[0.002480382315233065, -0.00038189915504371896]
[-0.007248714438669479, 0.011464046574716669]
[-0.006438076887799404, 0.01965549080875073]
[0.0057770677873145715, 0.006457533488775424]
[-0.00046998159363820236, -0.0008830556122001454]
[-0.006502647981974308, 0.007316501547242282]
[-0.0035436271000324204, 0.017466326535108045]
[0.00437640639396486, 0.008555008853650126]
[-0.002641569950169398, 0.00027431962690904754]
[-0.0051025105854680675, 0.004256804735191189]
[-0.0008159738199935429, 0.014580306837490009]
[0.0021268627556019215, 0.009585518735954257]
[-0.0038315109015885085, 0.002019205173366956]
[-0.00322569414282059, 0.0017740600264080086]
[0.001236790964007084, 0.011187494473118842]
[9.091138622985273e-05, 0.009785220508744974]
[-0.00418040901961092, 0.0038315922511067413]
[-0.001411889881611117, 0.00026784079638098035]
[0.0024238799082523244, 0.007586663473262645]
[-0.0014658211047904324, 0.00900102774992706]
[-0.0040589028393585025, 0.005330380985904881]
[0.00045370196116767403, -0.00014546791167235895]
[0.002660290204897109, 0.0043389489594719]
[-0.0026381388266532024, 0.007838261079957665]
[-0.003606359849951224, 0.0063832445296441165]
[0.0019257345989514008, 0.00011914405087987134]
[0.0020464365097376813, 0.0018040676730173288]
[-0.0031493392109533946, 0.006558881932597682]
[-0.002959114238779703, 0.007064742018369152]
[0.0026358976536666745, 0.0010564647226961599]
[0.00098342642382665, 0.00021811104696034533]
[-0.0032601681157214957, 0.005088181797706426]
[-0.002175864994724108, 0.007326359442841657]
[0.0027630354838401594, 0.002271361589507359]
[-0.00018394399129295635, -0.00037141748921287743]
[-0.003128255202121344, 0.0037299597831079723]
[-0.0012344613125530035, 0.00715771669644516]
[0.0022500658214612557, 0.003266894356924288]
[-0.0011566947196146593, -0.00021431615585143504]
[-0.002599973355739582, 0.0024781847420101144]
[-0.00026780767698031394, 0.006552145226858153]
[0.0013043088777031642, 0.004009132485515821]
[-0.00174511413588041, 0.0004181142066412846]
[-0.0018664325319037722, 0.0013230377962551998]
[0.0005778936069209262, 0.005490617692928135]
[0.00034552863455245, 0.0043285243730064454]
[-0.0019905572519025583, 0.001247992704395351]
[-0.000987579126968452, 0.0005490839863258046]
[0.001156698421434843, 0.004129862120909711]
[-0.0005583555564014908, 0.004209927485714693]
[-0.0019636610008321176, 0.0020399378994131467]
[2.0442417543176106e-05, 0.00015537391141728918]
[0.0013181091724034921, 0.0026816553194711767]
[-0.0012558813285095116, 0.003901978794508043]
[-0.0017546974300953894, 0.0027275029625122293]
[0.000853326615291472, 0.00013812231196630442]
[0.0010850398062332012, 0.0013686174503518556]
[-0.0016407185078222142, 0.0034124214943078712]
[-0.001460525254453282, 0.003262705847717484]
[0.0014020822033904423, 0.0005361717432780244]
[0.0005712048804338288, 0.000425346659389092]
[-0.0018538458313025474, 0.002809797093077382]
[-0.0010739682665663608, 0.0036090988453607586]
[0.0016263863063072925, 0.0010976804008580587]
[-7.055703766356558e-05, -7.134596687263794e-05]
[-0.0018617432932125713, 0.0022192284567674747]
[-0.0006083733521078383, 0.0037614104048315777]
[0.0014316415802424487, 0.0016585325408044471]
[-0.0006361038746449665, -0.00015439365060432308]
[-0.0016488494417582489, 0.0015790442214451694]
[-0.00011451465220568835, 0.003653050123838708]
[0.0009821797821737421, 0.0021357194965359594]
[-0.0010232534065628407, 8.872012816896202e-05]
[-0.0013075137933082903, 0.0009718086754273436]
[0.0003618234383627808, 0.0032623203514680066]
[0.00043045225825055766, 0.0023671608523811727]
[-0.0012124821882815162, 0.0004912786348918452]
[-0.0007954851821314612, 0.0005179869591458441]
[0.0007063710215320373, 0.0026442322689919084]
[-0.00015690970439241614, 0.002392803819598166]
[-0.0012119872005806887, 0.0009395097840960709]
[-0.00018563055853348942, 0.0002172300800005189]
[0.0008310755729870056, 0.0018743486313897995]
[-0.0006209306184363772, 0.0022881652784029205]
[-0.0010984773243385426, 0.0013758873743263678]
[0.00036480310370645697, 0.0001598164538920699]
[0.0007294187210293845, 0.001105781821252233]
[-0.0009419708286687589, 0.002044834781872229]
[-0.0009171853785443496, 0.0017431071535307652]
[0.0008083552992692589, 0.0003443086362384662]
[0.00042303135458210406, 0.00048791487137389566]
[-0.001157974315156407, 0.0017549329066284258]
[-0.0006705679347523974, 0.002034925529987186]
[0.0010356838191514228, 0.0006426041066772692]
[1.3664032076476929e-05, 9.085643590434067e-05]
[-0.0012179633124196343, 0.0014404129906586682]
[-0.00038564165838483877, 0.002227879469586247]
[0.0009962211977818658, 0.0010014830010827147]
[-0.0003732876428022003, -4.831737874888553e-05]
[-0.0011572084083343315, 0.001071226602303188]
[-6.850982110429005e-05, 0.002265092927470569]
[0.0007818010129150288, 0.0013131030620261441]
[-0.0006714529652107615, 2.7599059567062767e-05]
[-0.0009880900966254824, 0.0007242183880631359]
[0.0002496776079775054, 0.0021337113058353535]
[0.0004363407619836779, 0.0014817047107621995]
[-0.0008310573000507304, 0.00022705040302595236]
[-0.0006732887398250842, 0.00042766105286284883]
[0.0004889142191071283, 0.0018306362049493874]
[4.4860048967199084e-05, 0.0015410927021164977]
[-0.0008561248598585314, 0.0004938081829184426]
[-0.00028726083858154894, 0.00021086855696417217]
[0.0006029974075580924, 0.0013898606631266852]
[-0.0002850377652305891, 0.0014908034406519999]
[-0.0007967366509122609, 0.0007695171483548258]
[0.00010864977164981582, 0.00015686805951364846]
[0.0005611434975516527, 0.0009128811773933265]
[-0.000555757196393114, 0.0013513860922678145]
[-0.0006705985070339371, 0.0010194214861640738]
[0.0004647836383648851, 0.00024314950602588592]
[0.00036368178086987335, 0.00048513170039998776]
[-0.0007458915978877378, 0.0011899287054026875]
[-0.0004989981378419328, 0.0012446333538762566]
[0.0006741016760323237, 0.00042651722656006363]
[8.301275213584702e-05, 0.00017680414656318089]
[-0.0008324993959148153, 0.0009910113132312048]
[-0.000299847514931173, 0.0014133191326444194]
[0.0007189006076977478, 0.0006750260514983841]
[-0.00020989493177192564, 3.520254509203902e-05]
[-0.0008485781426521288, 0.0007624018201282112]
[-6.672969889465197e-05, 0.001494810621882503]
[0.0006250432630112712, 0.0008885119298112087]
[-0.0004551130271608361, 3.446564264564245e-05]
[-0.0007670554084604486, 0.0005449237150854103]
[0.00016764513043326934, 0.0014726197030146826]
[0.00040629290148458397, 0.0010239309133108776]
[-0.0005996641334304886, 0.00013408771747336345]
[-0.0005784017299912403, 0.00033539367813206766]
[0.0003568864738060229, 0.0013209533129169837]
[0.00014657932324416145, 0.0010850202199706033]
[-0.0006494045935141468, 0.00029610274532565484]
[-0.0003284861537049544, 0.00018254406683126945]
[0.00046870951222366397, 0.0010627760619355553]
[-9.852073109978265e-05, 0.0010530045306071933]
[-0.000624972536776125, 0.00047017829677198364]
[-3.356458025360887e-05, 0.00013423060736417192]
[0.0004614714483761606, 0.00075530311453742]
[-0.0003201117945910159, 0.0009674204483834936]
[-0.0005383128944391191, 0.0006428272809286817]
[0.00024606580008890155, 0.00017444520502551963]
[0.00033633622896744875, 0.0004507131800526587]
[-0.0004792032875886587, 0.000859941636723649]
[-0.0004175753206485666, 0.000808325246361763]
[0.00043484518392533644, 0.00030340882424872984]
[0.00013665112314309447, 0.00021616488391951183]
[-0.0005790129476641592, 0.0007180325504350105]
[-0.000266972345480343, 0.0009413296411635574]
[0.000521954746514508, 0.0004832740199714608]
[-9.561438909200248e-05, 8.750171203919521e-05]
[-0.0006294530136338461, 0.000566950949663747]
[-8.567421689342769e-05, 0.0010303454543602042]
[0.0004921044868063662, 0.0006420142333731782]
[-0.0003011039482823108, 5.4878057770268995e-05]
[-0.0005987611773320412, 0.0004139796591564604]
[9.799346451438984e-05, 0.0010509388666032626]
[0.00036039035664353625, 0.000760094043734949]
[-0.0004381513512590196, 0.0001050825367341357]
[-0.0004952053030692349, 0.0002586651028697595]
[0.0002611998711035679, 0.000977865885035345]
[0.00018954106939583076, 0.0008146862332965438]
[-0.0005066102354686075, 0.00020354136704670012]
[-0.0003309991917885835, 0.00014843903169547978]
[0.00037099947346902473, 0.0008264251428626856]
[3.917789606788791e-06, 0.0007958008052972865]
[-0.0005068917797593775, 0.00031581935899094304]
[-0.00011217913187810957, 0.00010167763349056003]
[0.0003890233529165732, 0.00062139093453914]
[-0.00016984399818353868, 0.0007408468697459591]
[-0.0004543477710450411, 0.00043709574291384]
[0.00010299841809957577, 0.00012162215758126926]
[0.0003171706927755924, 0.0004023312611299984]
[-0.00030145636851358626, 0.000657173734239791]
[-0.0003709741815058898, 0.0005542502893096657]
[0.00027171134791070806, 0.0002193217156616356]
[0.00017328957647055887, 0.00022498738956783226]
[-0.00040298526136484103, 0.0005497188562817446]
[-0.0002542181989477199, 0.0006557650497605039]
[0.000373460975292339, 0.00035367952999336427]
[-1.140358400109065e-05, 0.00011290766313098999]
[-0.00046386296185397385, 0.0004406786143442698]
[-0.00011228537793750437, 0.0007365753627917027]
[0.00037906807978005386, 0.00048359030264719105]
[-0.0001839705330415331, 7.182191895305223e-05]
[-0.00046577918497486825, 0.0003207717182505121]
[3.774846660919984e-05, 0.0007695297482012142]
[0.0003084640476139766, 0.0005901635352375811]
[-0.0003154527278981245, 9.698906013344555e-05]
[-0.0004176230585275498, 0.00020186895502360969]
[0.0001831408297570461, 0.0007389569714063154]
[0.00019597320616683567, 0.0006398183242865146]
[-0.00039442669454192725, 0.00015735841104236314]
[-0.0003094363206488371, 0.00011572962025363509]
[0.0002891489515286505, 0.0006493385236916727]
[5.6600132681550175e-05, 0.0006353056313994632]
[-0.000413825016632563, 0.00023412936169853182]
[-0.00015195959235891898, 6.843801423550566e-05]
[0.0003277716219970417, 0.0005081824217003095]
[-7.46221106254219e-05, 0.0005983248408935604]
[-0.0003906152183451028, 0.00032035887441606015]
[1.2145831590038014e-05, 7.934290317912485e-05]
[0.00029532273346477567, 0.00035001191386149766]
[-0.00018391584556887164, 0.0005289448534361307]
[-0.0003353312689939325, 0.0004021307152519693]
[0.0001599866709329767, 0.0001533843337920282]
[0.000193505578684805, 0.00021405216635050905]
[-0.0002773290885266788, 0.00044576422997755216]
[-0.00024714003369030735, 0.00047951606536489333]
[0.00025944892537421715, 0.0002574084748868388]
[5.030648819870365e-05, 0.00011887644377284179]
[-0.00033705139262973915, 0.00035848482936540194]
[-0.00013772567395936575, 0.0005456380950479289]
[0.00028582643698094046, 0.0003712533673535523]
[-9.427528516736672e-05, 8.005389396892326e-05]
[-0.0003597985813633131, 0.0002582708134821754]
[-1.2617448564067324e-05, 0.0005785747042961198]
[0.00025574131673516964, 0.00046778272742256655]
[-0.00021802242673429895, 9.176867259208521e-05]
[-0.00034448402421016766, 0.00016370128370657433]
[0.00011588871876704043, 0.0005704705519570391]
[0.00018098859533605127, 0.0005173265227492729]
[-0.00030015498567081966, 0.00013113565993028153]
[-0.00027503943018336585, 8.862731038461469e-05]
[0.00021677407204495625, 0.0005150998278717345]
[7.95135842061867e-05, 0.0005270410260325847]
[-0.0003347780007371681, 0.000188278112890794]
[-0.00016638456075068753, 4.111858107003208e-05]
[0.0002712858583953093, 0.00041530867632935675]
[-1.7846327137860385e-05, 0.0005017125969439817]
[-0.000334462411783476, 0.0002506550652956463]
[-4.089440026699975e-05, 4.556110538045388e-05]
[0.00026687514456846806, 0.00029951989766167225]
[-0.000108452946486981, 0.00044589715058707124]
[-0.00030096308168228725, 0.0003095031581910046]
[8.434476081786713e-05, 9.873511637625842e-05]
[0.00019935024520534306, 0.0001920403324990605]
[-0.0001874378115769293, 0.0003806346902689439]
[-0.0002388303861328156, 0.0003690940741062354]
[0.00017346575076127024, 0.00018245685479659213]
[9.260129355648239e-05, 0.00011272650810612017]
[-0.00024189876425945167, 0.00030526958365872936]
[-0.000156271234745764, 0.0004197470159389427]
[0.00021193647357276024, 0.0002841540270319756]
[-2.7630868713712786e-05, 7.893029119054873e-05]
[-0.00027565630884332504, 0.00022000985153303176]
[-5.24878304349885e-05, 0.000449144199099083]
[0.00020566507714625537, 0.0003714457844325447]
[-0.0001396726399500725, 8.304198519559769e-05]
[-0.00027741525334329387, 0.00014056026151543222]
[5.804559398681075e-05, 0.0004513612835159164]
[0.00015592710119333164, 0.00042481486434253757]
[-0.00021995273406671956, 0.00011237438691225066]
[-0.00023611809993429045, 6.985664422853866e-05]
[0.00015297578180875626, 0.0004142914161942568]
[8.477239886973964e-05, 0.00044615222197639387]
[-0.0002656270219481005, 0.0001583083573617472]
[-0.00016379501278884767, 2.2995771483458327e-05]
[0.00021739078065929895, 0.00034216103642409346]
[1.1761674335142303e-05, 0.00043061053406090455]
[-0.00028097130595231, 0.0002055050391769342]
[-6.725670144480667e-05, 1.9538015051723256e-05]
[0.00023216965779371268, 0.0002542607387223117]
[-6.201381150405805e-05, 0.00038959241530001076]
[-0.0002651001490458077, 0.00025142365209185336]
[3.461634412293968e-05, 5.441891462654169e-05]
[0.00019347918596313018, 0.00016621297141652946]
[-0.00012480329637992726, 0.00033756628310954717]
[-0.00022596331020807714, 0.0002979347015118483]
[0.00011160194597814588, 0.00012329655121168237]
[0.00011736302007614441, 0.00010036437423871503]
[-0.00017327995626936765, 0.000271316934739696]
[-0.00016519708811391087, 0.0003360839177147801]
[0.00015563523088446551, 0.000212338865259825]
[1.9234471452245216e-05, 7.020945686297964e-05]
[-0.00020966571828365255, 0.0001991808018171337]
[-8.174544605971112e-05, 0.00036192160948028684]
[0.00016108166583606032, 0.0002917374376693038]
[-7.770106092386264e-05, 7.011839497061967e-05]
[-0.0002190869992040878, 0.0001284998974562246]
[1.0484893106760262e-05, 0.0003673020650929171]
[0.00012890021064959623, 0.0003498769130431678]
[-0.00015329873024017004, 9.512169215719624e-05]
[-0.00019810372579043278, 6.057451156760152e-05]
[9.836975739708001e-05, 0.0003405204462183786]
[7.995560156423553e-05, 0.0003792357404642094]
[-0.00020497955893816755, 0.0001338051473618318]
[-0.00015041725368802883, 1.4410601817838042e-05]
[0.0001662376508951846, 0.0002869416801879743]
[2.3366553853626515e-05, 0.00037396260855609986]
[-0.00022955356983594966, 0.00017271695760978645]
[-7.628271792226027e-05, 1.292885442261138e-06]
[0.00019384883480277892, 0.00021635604045375234]
[-3.494360448896838e-05, 0.0003476617272515359]
[-0.00022808882190154464, 0.00021219811841333147]
[3.827540154377473e-06, 2.1157288117468198e-05]
[0.00017860140908376732, 0.00014207938929872155]
[-8.360592806649914e-05, 0.00030596627852674807]
[-0.00020744151769161445, 0.0002494476089465181]
[7.004708764590806e-05, 7.69054141531722e-05]
[0.00012691330713276994, 8.606051418358351e-05]
[-0.0001260805194529535, 0.00024965876325866443]
[-0.00016440074195162024, 0.00027975005351543736]
[0.0001142458730332141, 0.00015194711197141775]
[4.954928551048621e-05, 5.7044114876614316e-05]
[-0.00015917258890669334, 0.00018906308663724225]
[-0.00010066945068809563, 0.0003027799165195022]
[0.0001243094556100388, 0.00022479647465691033]
[-3.091811798838773e-05, 5.468919890605495e-05]
[-0.00017166470994672833, 0.0001241210495743772]
[-2.5633834237676068e-05, 0.00030810846483153576]
[0.0001048458557851295, 0.00028566441724925395]
[-0.00010019640041480926, 7.694800553292858e-05]
[-0.00016401793561138245, 6.010320189875351e-05]
[5.3480800119451444e-05, 0.00028832825009833876]
[7.017319260876898e-05, 0.0003200329748730413]
[-0.0001526451415736485, 0.00011027769040294899]
[-0.00013162394561638813, 1.384425720751814e-05]
[0.00011933858722493196, 0.00024683336335729056]
[2.4739633249920567e-05, 0.00032561038726242053]
[-0.00018179029808151892, 0.00014568524468216992]
[-7.54502607290819e-05, -8.904997665815095e-06]
[0.00015522762524305955, 0.0001870244216649053]
[-2.0311338250589284e-05, 0.0003120646190616916]
[-0.0001913416032780918, 0.0001819583008482173]
[-1.3150141188078557e-05, -8.283371132344897e-07]
[0.0001573823593544743, 0.00012300393625246098]
[-5.8821705236911104e-05, 0.0002796814525197755]
[-0.00018392737094524714, 0.00021348790722020006]
[4.4309891594096484e-05, 4.1437572441072046e-05]
[0.000124515676301451, 7.276486294408024e-05]
[-9.50535420573273e-05, 0.00023475657126537097]
[-0.00015557377993058452, 0.00024031532400803357]
[8.491012858902192e-05, 0.00010223249679071345]
[6.650036560418293e-05, 4.305555215167178e-05]
[-0.0001221740616553918, 0.00018392979790005093]
[-0.00010987444971738425, 0.00026122752003004956]
[9.665382919665788e-05, 0.00016892000231022442]
[1.6649666689794174e-06, 3.896318987084424e-05]
[-0.00013582946292584053, 0.00012465416453877332]
[-5.004768968150386e-05, 0.0002662940869809227]
[8.595523235988001e-05, 0.0002289444811194863]
[-6.0016342669499956e-05, 5.765634492183036e-05]
[-0.00013527597688672843, 6.61318828434343e-05]
[1.835763522392564e-05, 0.0002523508072233699]
[5.921951332572839e-05, 0.00026646907969328504]
[-0.00010900205303843169, 8.676861729928209e-05]
[-0.00011204363428718445, 1.9076586180943877e-05]
[7.870353841624156e-05, 0.00021860776029733464]
[2.1959749295391573e-05, 0.0002820447208572441]
[-0.00013978806632419793, 0.00012094342699686678]
[-7.012401749295627e-05, -1.1189749162920926e-05]
[0.0001191733343092749, 0.0001665089053382307]
[-1.3259218353017799e-05, 0.0002783591666773444]
[-0.00015641449883903313, 0.00015509629718435392]
[-2.0587169206609524e-05, -1.2535925007273185e-05]
[0.0001325591431493578, 0.00011024072086956993]
[-4.548663915815432e-05, 0.00025547245866563983]
[-0.00015741807200370106, 0.0001841006873052331]
[2.952804599765102e-05, 1.5779056489639842e-05]
[0.00011406000184532861, 6.249581244055502e-05]
[-7.536277529812674e-05, 0.00022217465168972161]
[-0.00014121184835533263, 0.00021027926886718618]
[6.503543236180409e-05, 6.343144289311375e-05]
[7.306258679040667e-05, 3.139562945314589e-05]
[-9.677419971237944e-05, 0.0001797241572258912]
[-0.00011045731025122185, 0.00022984143004484148]
[7.797446331148095e-05, 0.0001230573769096313]
[2.165133619203008e-05, 2.482380562973674e-05]
[-0.00011059847520526744, 0.00012767502931709807]
[-6.377878582933261e-05, 0.00023609455006434743]
[7.251774252026166e-05, 0.0001789132034412111]
[-3.135470859549905e-05, 3.849655232446292e-05]
[-0.00011242787033538537, 7.546447350237351e-05]
[-7.348250054370342e-06, 0.00022736256303899915]
[4.993952976056759e-05, 0.00021844124497841233]
[-7.45145610945297e-05, 6.404779996105336e-05]
[-9.51136532183483e-05, 2.795525900745055e-05]
[4.598228024495221e-05, 0.00019915128774600221]
[1.904747698883852e-05, 0.00024145491752965154]
[-0.0001050737338875729, 9.698629961119032e-05]
[-6.368553393465426e-05, -6.6080350908936936e-06]
[8.76182027530481e-05, 0.00015392875341845025]
[-1.029190060616858e-05, 0.0002449807967950246]
[-0.0001247365129253275, 0.00012919520200593837]
[-2.2377901490733265e-05, -1.5943720501843117e-05]
[0.00010694462377691671, 0.00010343570440471406]
[-3.883661157916274e-05, 0.00023177168553550898]
[-0.00013058011607308684, 0.00015794532514823434]
[2.1228550079022135e-05, -8.191956042957749e-07]
[9.936891165451822e-05, 5.651194669351739e-05]
[-6.305841152987046e-05, 0.00020880438514447874]
[-0.00012383446798291953, 0.00018452904379362423]
[5.231447555353874e-05, 3.540635882617882e-05]
[7.199095899779184e-05, 2.4058164007051408e-05]
[-8.070626556619387e-05, 0.00017416653954771544]
[-0.0001041698539017144, 0.00020380667019637144]
[6.671137375158231e-05, 8.636560470546423e-05]
[3.14967162914348e-05, 1.3637397159982356e-05]
[-9.382116125264753e-05, 0.0001309071687775054]
[-6.887152757598103e-05, 0.00021289300004323497]
[6.38409906516535e-05, 0.00013608744664708738]
[-1.2347977404902899e-05, 2.138649938587811e-05]
[-9.553802335238171e-05, 8.498920002752985e-05]
[-2.430536011832629e-05, 0.00020876188780763472]
[4.409967341770238e-05, 0.00017636897224392045]
[-4.9233178832541746e-05, 4.336870238241808e-05]
[-8.266347905877547e-05, 3.86422045385304e-05]
[2.1835906136627968e-05, 0.00018568622794386258]
[1.801469233376346e-05, 0.00020336803854879154]
[-7.812795410605533e-05, 7.370616792401474e-05]
[-5.802945342947563e-05, 2.8153327016333662e-06]
[6.158040672590848e-05, 0.00014737753296506506]
[-8.745654018121884e-06, 0.00021225685164974473]
[-9.755138481121195e-05, 0.0001039634214951013]
[-2.1979759542545274e-05, -1.3387314869106604e-05]
[8.31639161733011e-05, 0.0001013350875369301]
[-3.4875213150875606e-05, 0.00020791541914055856]
[-0.00010595564681932859, 0.000133293169592541]
[1.596321929919764e-05, -9.21220037231052e-06]
[8.357472758779849e-05, 5.525242524136165e-05]
[-5.517239642066629e-05, 0.00019312807994209535]
[-0.00010559943988697196, 0.00016013086584132363]
[4.4528267500898444e-05, 1.7114347418911713e-05]
[6.592695640095236e-05, 2.1661082271029475e-05]
[-7.120920815884002e-05, 0.00016636527971103376]
[-9.337306837037262e-05, 0.00018031113467742443]
[6.0416128093709887e-05, 5.81561033375505e-05]
[3.421999155939215e-05, 6.313973953231411e-06]
[-8.29544508626906e-05, 0.0001323402013928554]
[-6.781063658539699e-05, 0.00019305451510320815]
[5.889581143520006e-05, 0.0001012330695035965]
[-1.0050976949615986e-06, 8.116588432027783e-06]
[-8.419765472250651e-05, 9.243591488061753e-05]
[-3.3567982127474805e-05, 0.00019304625829588695]
[4.218562050353758e-05, 0.00014051077947448143]
[-3.242230214206554e-05, 2.581606334184361e-05]
[-7.490686051564444e-05, 4.9527853646758047e-05]
[5.747672220716982e-06, 0.00017575925508938467]
[1.935491829345437e-05, 0.0001683426602304694]
[-5.8467711902876474e-05, 5.196879901003815e-05]
[-5.413038469415099e-05, 1.449802719877269e-05]
[4.140185074807956e-05, 0.00014436015169125294]
[-6.612291997443176e-06, 0.0001813385245990201]
[-7.579090823309209e-05, 8.0185155937329e-05]
[-2.2025388956348202e-05, -7.0377433348811635e-06]
[6.321696438299496e-05, 0.00010238453261227076]
[-3.0878751690999184e-05, 0.00018384640411614472]
[-8.532508664241267e-05, 0.00010950284953437084]
[1.1512839483529547e-05, -1.0759845060437367e-05]
[6.883563631121525e-05, 5.824099381032677e-05]
[-4.9508805574832726e-05, 0.00017515427706793485]
[-8.824086650849328e-05, 0.0001360215691356137]
[3.9444256250575904e-05, 6.751097034629616e-06]
[5.7425124091792235e-05, 2.369016655583145e-05]
[-6.533512410591968e-05, 0.00015625354810555603]
[-8.068613024792004e-05, 0.00015790072296595348]
[5.652220921226192e-05, 3.780704456597672e-05]
[3.283569038536882e-05, 3.330131369827516e-06]
[-7.569814396977959e-05, 0.00013058605823124125]
[-6.298044696703697e-05, 0.00017403611804017727]
[5.6569691937735644e-05, 7.457018433529305e-05]
[4.642887469041845e-06, -2.576788861174961e-07]
[-7.740757332305725e-05, 9.665699895822222e-05]
[-3.667554875241841e-05, 0.00017798766892845874]
[4.34687676331702e-05, 0.00011084222464072258]
[-2.250237528433896e-05, 1.2115912276122742e-05]
[-7.08857445732014e-05, 5.91273887757815e-05]
[-3.72238366416755e-06, 0.0001672073737305907]
[2.2706151957443965e-05, 0.00013747293062828236]
[-4.5009350356783884e-05, 3.309834376308274e-05]
[-5.24061249682628e-05, 2.5970388329077387e-05]
[2.6937812379876358e-05, 0.00014241389399816118]
[-2.655536211156051e-06, 0.00015336906594394517]
[-5.98408088859359e-05, 5.8891376339631485e-05]
[-2.3964477323334954e-05, 1.2996366050010977e-06]
[4.8112817830126e-05, 0.00010505467200760954]
[-2.5522184475185172e-05, 0.00016006336661683607]
[-6.944236183449581e-05, 8.676245918226577e-05]
[6.687698208551751e-06, -7.421061152368402e-06]
[5.639818123143181e-05, 6.417352390262338e-05]
[-4.439207268480683e-05, 0.0001559520328034969]
[-7.311565264953024e-05, 0.0001124585269255407]
[3.4977833333060815e-05, 2.2221657338117318e-06]
[4.878158312304759e-05, 2.898522060418296e-05]
[-6.04995046599166e-05, 0.00014416670001565768]
[-6.846107122907008e-05, 0.00013598234098111117]
[5.2988649394403176e-05, 2.453381508116248e-05]
[2.9831610602437664e-05, 4.637878524366146e-06]
[-7.02721749242241e-05, 0.00012520234739765712]
[-5.63748799954078e-05, 0.0001545208536053999]
[5.5668581669165995e-05, 5.546000520623845e-05]
[6.533903931793539e-06, -3.650263595722514e-06]
[-7.360799857859812e-05, 9.745789531501181e-05]
[-3.5604261441113394e-05, 0.00016247266993654752]
[4.643228059564297e-05, 8.715899883483813e-05]
[-1.7343528635804795e-05, 2.6596541431445075e-06]
[-6.913285826667948e-05, 6.616476348142442e-05]
[-8.440927931063769e-06, 0.00015825356436077742]
[2.7378708479353087e-05, 0.00011176799509228508]
[-3.642383510071845e-05, 1.829889412618968e-05]
[-5.2812006054892e-05, 3.544763188056965e-05]
[1.7604829020571866e-05, 0.00013964462834599456]
[3.4258765485850606e-06, 0.0001290774664968429]
[-4.934314532495376e-05, 4.0895201906088197e-05]
[-2.8016454610924058e-05, 1.013174617581214e-05]
[3.778813115065671e-05, 0.00010793776041187475]
[-1.8600441772625986e-05, 0.00013753575375263782]
[-5.8154723210940285e-05, 6.585685020521481e-05]
[9.676456315110826e-07, -1.478156909873185e-06]
[4.682783267112578e-05, 7.126626853304341e-05]
[-3.8582455684721406e-05, 0.00013698198780853765]
[-6.117876110871973e-05, 9.034120147521918e-05]
[2.9545724742341406e-05, 1.5767956639822778e-06]
[4.172313518047144e-05, 3.6196689194203935e-05]
[-5.495862248930394e-05, 0.00013067903454211383]
[-5.833024729900993e-05, 0.00011455142237315474]
[4.85814295352327e-05, 1.715447002814674e-05]
[2.6911795404704897e-05, 9.56751021721769e-06]
[-6.538340544409715e-05, 0.00011673476456530718]
[-4.955135474249417e-05, 0.00013435285609370018]
[5.491277242508641e-05, 4.2561461942026285e-05]
[6.54978670444617e-06, -2.7954786270267817e-06]
[-7.09747513158894e-05, 9.521738284001824e-05]
[-3.24923445919334e-05, 0.00014616778610734849]
[4.939054841113233e-05, 6.91276093133103e-05]
[-1.4757948260224474e-05, -2.4767024687233352e-06]
[-6.824121774751113e-05, 6.982731891969074e-05]
[-1.0231713168509793e-05, 0.00014771880971305162]
[3.260437901644875e-05, 9.164443232581587e-05]
[-3.133084830009292e-05, 8.192693110142812e-06]
[-5.4809380962916876e-05, 4.206209036194952e-05]
[1.2369923099560254e-05, 0.00013497752690593]
[1.1034051023258579e-05, 0.00010875113605348513]
[-4.320474100333316e-05, 2.6661267697125623e-05]
[-3.3488204208398376e-05, 1.8182501573926757e-05]
[3.135134299273035e-05, 0.00010977918265296649]
[-1.055062315696853e-05, 0.00011743103650610487]
[-5.0736872223539065e-05, 4.782517060208935e-05]
[-5.769605445293813e-06, 4.952614772624209e-06]
[4.020893989270524e-05, 7.775389222351714e-05]
[-3.137506821987435e-05, 0.00011951949508656745]
[-5.2859063852706695e-05, 7.062479363939556e-05]
[2.2381942144322764e-05, 3.204365309206203e-06]
[3.7141714242849844e-05, 4.405059661686389e-05]
[-4.797556587052276e-05, 0.00011660266209873038]
[-5.1022751350715545e-05, 9.406422250823887e-05]
[4.2795838269493736e-05, 1.40448110227398e-05]
[2.502839888696151e-05, 1.6879703462591156e-05]
[-6.008886927921786e-05, 0.00010641907498976089]
[-4.3682044362503e-05, 0.00011420883151030958]
[5.308711731744076e-05, 3.424018211611868e-05]
[6.36605922932354e-06, 1.1204884705073859e-06]
[-6.788183456694907e-05, 9.056290176168158e-05]
[-2.9228365394651235e-05, 0.00012921306767699203]
[5.10253191347565e-05, 5.61990303103721e-05]
[-1.2950542664702525e-05, -3.5923121433079075e-06]
[-6.715045798494357e-05, 7.000586688477028e-05]
[-1.0607936625578462e-05, 0.00013520379131376492]
[3.7575059589012305e-05, 7.673696953353071e-05]
[-2.835597151878977e-05, 2.63916609444248e-06]
[-5.7415259382354034e-05, 4.5738261271965897e-05]
[9.827294533047704e-06, 0.00012809860371662887]
[1.8988886545279193e-05, 9.237803441639048e-05]
[-3.986280160128697e-05, 1.634591870114388e-05]
[-3.928975662609302e-05, 2.4422943934010455e-05]
[2.7514665719069464e-05, 0.00010957728216032248]
[-2.033850121166414e-06, 0.00010070847843503955]
[-4.6220396626522886e-05, 3.354392599053124e-05]
[-1.3337443591776577e-05, 1.0357831101703852e-05]
[3.622992069957087e-05, 8.232615762938933e-05]
[-2.2729958711276144e-05, 0.0001043666448714009]
[-4.79460349366162e-05, 5.3984226536907265e-05]
[1.3605875113786858e-05, 5.815186644220205e-06]
[3.5046067046518026e-05, 5.1430692544325585e-05]
[-3.964248090015943e-05, 0.00010295982136232507]
[-4.648200604848163e-05, 7.530477201767027e-05]
[3.560437492033941e-05, 1.3359422774444907e-05]
[2.4569090471271426e-05, 2.5027620922574156e-05]
[-5.3742215460478304e-05, 9.569109021995148e-05]
[-3.956033261862113e-05, 9.511828218455864e-05]
[4.93224873296394e-05, 2.895508009057024e-05]
[7.204942626182209e-06, 6.825170727198238e-06]
[-6.330373618114449e-05, 8.42284475949251e-05]
[-2.7093878075007405e-05, 0.00011204853170254658]
[5.0639033735477845e-05, 4.7484439144516305e-05]
[-1.0749354912409359e-05, -1.4284999015901079e-06]
[-6.516417979579581e-05, 6.732714931134698e-05]
[-1.0714720912824438e-05, 0.000121085711509622]
[4.144919301693473e-05, 6.60574592814267e-05]
[-2.6173839567877888e-05, 8.599265929332134e-07]
[-5.9440206421845776e-05, 4.688089269133666e-05]
[8.435864293193651e-06, 0.00011921954116441563]
[2.6008896083867805e-05, 7.974988845840802e-05]
[-3.770136113834255e-05, 9.83988803682223e-06]
[-4.439839369801968e-05, 2.8233509640429588e-05]
[2.5003819652938408e-05, 0.00010675876727811451]
[6.279712969355089e-06, 8.77694186348088e-05]
[-4.358847355487305e-05, 2.338573514126807e-05]
[-2.122737885768e-05, 1.4006735454707986e-05]
[3.4208763762144656e-05, 8.43355023475989e-05]
[-1.3251464481334185e-05, 9.185536777377157e-05]
[-4.562482756706454e-05, 4.073487723810221e-05]
[3.991630476374297e-06, 8.361823397695645e-06]
[3.477267968282627e-05, 5.739654525929033e-05]
[-3.051474274234911e-05, 9.080967643720905e-05]
[-4.416011595847341e-05, 5.915249126553501e-05]
[2.7239910903920084e-05, 1.3417466662890565e-05]
[2.553571770147478e-05, 3.254422034051907e-05]
[-4.6065609667717e-05, 8.574390427212863e-05]
[-3.753007308585077e-05, 7.802708678639192e-05]
[4.3347059712539604e-05, 2.5452639881004546e-05]
[9.627963417413454e-06, 1.3177917495554858e-05]
[-5.6967884831310434e-05, 7.70457959126114e-05]
[-2.6621548988470245e-05, 9.534001658706437e-05]
[4.810923735065753e-05, 4.174992790242915e-05]
[-7.588986673856546e-06, 2.8763186605273994e-06]
[-6.185385714864433e-05, 6.292008037933616e-05]
[-1.1369249328901931e-05, 0.00010628537891113621]
[4.346015713074802e-05, 5.835279973299967e-05]
[-2.363224871687608e-05, 1.7464342836892577e-06]
[-5.985259878588112e-05, 4.6089894775280804e-05]
[6.8572987015624864e-06, 0.00010884026393951501]
[3.113788609371282e-05, 7.044900068647886e-05]
[-3.543019208562814e-05, 6.746931022205693e-06]
[-4.810284566114653e-05, 2.9565853816637677e-05]
[2.2798144652908664e-05, 0.0001013247603440029]
[1.375149881831586e-05, 7.833898296527586e-05]
[-4.184569667553539e-05, 1.709426742901865e-05]
[-2.8646819355937492e-05, 1.5842725139214586e-05]
[3.317307205225051e-05, 8.374728083836158e-05]
[-3.946457831568995e-06, 8.199388544172237e-05]
[-4.470815878794554e-05, 3.089351054552658e-05]
[-5.435527796415762e-06, 1.0041149623718493e-05]
[3.535061493664671e-05, 6.124651568219924e-05]
[-2.1270881945700815e-05, 8.09631392414134e-05]
[-4.3311753029302846e-05, 4.628056682620674e-05]
[1.8111914083185354e-05, 1.3049855690505652e-05]
[2.7634077604643537e-05, 3.838453913952364e-05]
[-3.72467788104236e-05, 7.730555856300114e-05]
[-3.741779401132683e-05, 6.354996166058058e-05]
[3.55431611998025e-05, 2.277147432930282e-05]
[1.3504194446456452e-05, 1.9234300105197555e-05]
[-4.922212759633782e-05, 6.992948910811148e-05]
[-2.7701486006059817e-05, 7.989820865711428e-05]
[4.368313943758917e-05, 3.760387622238695e-05]
[-3.352350865459819e-06, 7.99564468684233e-06]
[-5.7006578495704535e-05, 5.802403671528733e-05]
[-1.3078668814198169e-05, 9.18982165036275e-05]
[4.3123211190876365e-05, 5.2446336226558143e-05]
[-1.9945136059240642e-05, 4.169124194708385e-06]
[-5.809692597527616e-05, 4.40194098513258e-05]
[4.245786956541542e-06, 9.76094929595328e-05]
[3.394845562729176e-05, 6.378697795003663e-05]
[-3.227849269460403e-05, 6.348734083339025e-06]
[-5.002185193761499e-05, 2.895143893932861e-05]
[2.018679141043561e-05, 9.384698265462073e-05]
[1.9773321829816976e-05, 7.161844021142533e-05]
[-4.0059585176999146e-05, 1.3904350048887792e-05]
[-3.4697313946840946e-05, 1.6213730289038608e-05]
[3.2058253027683614e-05, 8.093657404221327e-05]
[4.152381902600144e-06, 7.458915233912733e-05]
[-4.3985230610499304e-05, 2.4243936507239994e-05]
[-1.3772663351507841e-05, 1.039743693942441e-05]
[3.5848528710163974e-05, 6.263912348425382e-05]
[-1.2529906891850517e-05, 7.373239537780685e-05]
[-4.3174168945669944e-05, 3.690740729600517e-05]
[8.80935422442608e-06, 1.1740402587889776e-05]
[3.030895441058501e-05, 4.208200874038573e-05]
[-2.79224195261496e-05, 7.065498528707748e-05]
[-3.857706625148838e-05, 5.193079660836819e-05]
[2.6763156444842284e-05, 2.0177637506363366e-05]
[1.819041098566343e-05, 2.4247948849115408e-05]
[-4.0737446261707166e-05, 6.375619665033305e-05]
[-2.9837290074663514e-05, 6.6517279960987e-05]
[3.778627739348117e-05, 3.3808905790758126e-05]
[1.7902251599477559e-06, 1.2723331852315667e-05]
[-5.066618683158969e-05, 5.363053730944589e-05]
[-1.5999676560379816e-05, 7.885278320574063e-05]
[4.042177003393821e-05, 4.741811916741945e-05]
[-1.4851180857089474e-05, 7.162902655455383e-06]
[-5.4212040793533145e-05, 4.1355491645411746e-05]
[3.583599337414478e-07, 8.626842716030758e-05]
[3.4497979895548037e-05, 5.881985147475344e-05]
[-2.797704448131988e-05, 7.650958054550294e-06]
[-5.0015584798834833e-05, 2.7303112419940767e-05]
[1.6730765499559097e-05, 8.527669516470229e-05]
[2.3836167666310693e-05, 6.659746705523634e-05]
[-3.745556884782175e-05, 1.2810999116541488e-05]
[-3.865222348292674e-05, 1.5617026400849277e-05]
[2.9980853602715185e-05, 7.647788819747231e-05]
[1.0323962662858732e-05, 6.927252709752404e-05]
[-4.2535736988785766e-05, 2.0347154087496655e-05]
[-2.0436268105106237e-05, 9.430744460470208e-06]
[3.557760930933407e-05, 6.169350193675066e-05]
[-4.817258780404066e-06, 6.885854735289021e-05]
[-4.303410805692187e-05, 3.071891013461947e-05]
[7.399487678139138e-08, 9.528170677119974e-06]
[3.281381353076318e-05, 4.3690613025192115e-05]
[-1.8988081273735302e-05, 6.576384354131659e-05]
[-4.0086983706597024e-05, 4.3121365316256544e-05]
[1.8001334136319436e-05, 1.7150295935436377e-05]
[2.283830073412929e-05, 2.7701633794813274e-05]
[-3.2223118121066374e-05, 5.9156314797581544e-05]
[-3.240341024718374e-05, 5.575531222173913e-05]
[3.0936973878514795e-05, 2.956032222366234e-05]
[7.469699714379718e-06, 1.624374317565902e-05]
[-4.319901031783757e-05, 5.0305015359686234e-05]
[-1.989752176662085e-05, 6.772334697385807e-05]
[3.584189347582978e-05, 4.261724372270348e-05]
[-8.629099525703232e-06, 9.977326471899417e-06]
[-4.87151979262912e-05, 3.88041102579173e-05]
[-4.543005356266727e-06, 7.559567346576701e-05]
[3.314511187332836e-05, 5.45054640461104e-05]
[-2.261477098680631e-05, 9.555467599231537e-06]
[-4.812193902703488e-05, 2.55910180444463e-05]
[1.2233874948475165e-05, 7.664204707494987e-05]
[2.5675811911526902e-05, 6.235182121642341e-05]
[-3.356279464988843e-05, 1.2837251782138459e-05]
[-4.019916164210713e-05, 1.4563786178145577e-05]
[2.646875196516546e-05, 7.101777163361772e-05]
[1.4314770438311752e-05, 6.547493066314317e-05]
[-3.9885658619759345e-05, 1.8531660707976627e-05]
[-2.5168358128213608e-05, 7.589462033441574e-06]
[3.413356036513493e-05, 5.897191515553957e-05]
[1.4228356099016404e-06, 6.565527908761193e-05]
[-4.225911834034035e-05, 2.698911708221008e-05]
[-7.331678669120212e-06, 6.771389833681862e-06]
[3.436935790585016e-05, 4.3597104712238266e-05]
[-1.1299488564570082e-05, 6.242474809059484e-05]
[-4.104212065865476e-05, 3.6865106296968264e-05]
[1.0088155260767895e-05, 1.3445324839406192e-05]
[2.668525251631193e-05, 2.938504211565801e-05]
[-2.4271234760425697e-05, 5.6330823166084176e-05]
[-3.4803896191412664e-05, 4.7755123536996624e-05]
[2.373946715072961e-05, 2.45940850738674e-05]
[1.3155525020236425e-05, 1.824616467921425e-05]
[-3.5275368965539955e-05, 4.821036084817765e-05]
[-2.4191379924404233e-05, 5.871788616140794e-05]
[3.021370257239031e-05, 3.760223678160937e-05]
[-1.93924213709451e-06, 1.206508899415093e-05]
[-4.23471801717281e-05, 3.700433011011306e-05]
[-9.916027403328309e-06, 6.629153411999433e-05]
[3.0372574139236885e-05, 4.995542346655779e-05]
[-1.6489027158894665e-05, 1.1109270600939691e-05]
[-4.456789917559045e-05, 2.454767317083828e-05]
[6.759909376222173e-06, 6.877009215280894e-05]
[2.5405233542066807e-05, 5.8202617423702696e-05]
[-2.8331089453770275e-05, 1.3192984337995206e-05]
[-3.952086041980607e-05, 1.3551289278934675e-05]
[2.1540481322916e-05, 6.522427780008416e-05]
[1.6287821034818503e-05, 6.245071319813111e-05]
[-3.5981056757145025e-05, 1.7940710502428736e-05]
[-2.794513931148046e-05, 5.600166498920256e-06]
[3.135132191837975e-05, 5.531235914340432e-05]
[5.8635547183494285e-06, 6.328184906806422e-05]
[-4.0364375162818544e-05, 2.482118860269722e-05]
[-1.2834616655521547e-05, 3.920284242897587e-06]
[3.4379342822604686e-05, 4.232772573548038e-05]
[-5.40629831061179e-06, 6.029780727292988e-05]
[-4.080909873452852e-05, 3.2730696078286936e-05]
[3.5322798583314885e-06, 9.1670540386668e-06]
[2.9220077577718495e-05, 2.9458766595911318e-05]
[-1.7331712939022692e-05, 5.500997164881172e-05]
[-3.652818345378783e-05, 4.22031365039377e-05]
[1.686400418210443e-05, 1.9094495069926776e-05]
[1.8212868147571282e-05, 1.8858534728521947e-05]
[-2.7715626852331532e-05, 4.7242035606409605e-05]
[-2.812162416118702e-05, 5.176845831361687e-05]
[2.4436244553949216e-05, 3.211270763520471e-05]
[4.4383094280897595e-06, 1.308856665824254e-05]
[-3.582677264039359e-05, 3.6373818191270946e-05]
[-1.5162820410835609e-05, 5.881615749322999e-05]
[2.6699721392076103e-05, 4.465633058104573e-05]
[-1.001846002285367e-05, 1.1717980337055955e-05]
[-3.9807433750205234e-05, 2.4525672254305242e-05]
[6.541196403420102e-07, 6.214137859056335e-05]
[2.3528060672101114e-05, 5.372628637757143e-05]
[-2.213090090685821e-05, 1.3311632423296249e-05]
[-3.7183556119757544e-05, 1.3056251516596618e-05]
[1.5609502518196955e-05, 5.974686438876137e-05]
[1.6651810187853777e-05, 5.940784414998346e-05]
[-3.105225126037725e-05, 1.7675955479856675e-05]
[-2.890074271766352e-05, 4.198159514523514e-06]
[2.7262291176943787e-05, 5.157288832099288e-05]
[8.393049854116263e-06, 6.100088427718475e-05]
[-3.7118395406515736e-05, 2.3382252585912866e-05]
[-1.6232857423581493e-05, 1.3928112214678379e-06]
[3.260809392541253e-05, 4.0429680267017876e-05]
[-1.4372545203006348e-06, 5.8906516854473345e-05]
[-3.9146275260797114e-05, 3.0120687173507132e-05]
[-1.4725601121812204e-06, 4.751338379571646e-06]
[3.020684106735949e-05, 2.84256904715674e-05]
[-1.1735837397580662e-05, 5.458712663883314e-05]
[-3.716777449849773e-05, 3.8450293164793425e-05]
[1.0948636381680199e-05, 1.3483928180346716e-05]
[2.2026710059019905e-05, 1.8471463610419958e-05]
[-2.12506422893749e-05, 4.715556502421503e-05]
[-3.098848746473093e-05, 4.662620441309162e-05]
[1.922351871302963e-05, 2.610322808391241e-05]
[9.847871932255892e-06, 1.296464335903691e-05]
[-2.9717066807724568e-05, 3.697437895749944e-05]
[-1.9766489443795443e-05, 5.326066916447325e-05]
[2.2669121097718126e-05, 3.854767076485327e-05]
[-3.706155382310339e-06, 1.122609031350974e-05]
[-3.449867912491689e-05, 2.552901211377856e-05]
[-5.501211198147282e-06, 5.689673824248176e-05]
[2.0797304093989055e-05, 4.869399343183922e-05]
[-1.561106895331399e-05, 1.2826694697931629e-05]
[-3.391065358865353e-05, 1.3475289580566763e-05]
[9.28262278098585e-06, 5.513251715845435e-05]
[1.5894630538283716e-05, 5.5710178192426574e-05]
[-2.5472270011484e-05, 1.699918764658248e-05]
[-2.8314722743394416e-05, 3.885864739872069e-06]
[2.2091081778828625e-05, 4.840173041678608e-05]
[9.204568966449111e-06, 5.831462254882874e-05]
[-3.262547196242194e-05, 2.2039066385648454e-05]
[-1.774481233368652e-05, -4.5095292555696886e-07]
[2.9230695619886227e-05, 3.842599840496452e-05]
[8.396556906015151e-07, 5.766319376164508e-05]
[-3.616625973359988e-05, 2.8318346599331967e-05]
[-4.952785832568196e-06, 8.199018177723616e-07]
[2.9629245574813723e-05, 2.6982624055336968e-05]
[-7.686098277753795e-06, 5.435720895527463e-05]
[-3.645659254600253e-05, 3.572962234410504e-05]
[6.440167984622658e-06, 8.220320897783795e-06]
[2.4169649248784175e-05, 1.7560223872767344e-05]
[-1.6311734443802406e-05, 4.7623091481208135e-05]
[-3.2358272718732706e-05, 4.290972083942357e-05]
[1.497858490512316e-05, 1.978797082323458e-05]
[1.3891092433604424e-05, 1.1901573330169724e-05]
[-2.4409116304920098e-05, 3.849242950160203e-05]
[-2.3332910720791356e-05, 4.933185551694863e-05]
[1.8832682958269675e-05, 3.193081060768113e-05]
[1.9056664047889527e-06, 9.843426312439174e-06]
[-2.9376125034789174e-05, 2.734278300381421e-05]
[-1.1027398013008227e-05, 5.29337839890176e-05]
[1.798127411661854e-05, 4.303075808674561e-05]
[-9.473583983898859e-06, 1.1558828390600961e-05]
[-3.0367172788425822e-05, 1.5012543528314382e-05]
[3.16194449120899e-06, 5.170619081727376e-05]
[1.4496608080005746e-05, 5.105106479381949e-05]
[-1.9672493375699762e-05, 1.5500123517697695e-05]
[-2.6628549967905313e-05, 4.8231156729028335e-06]
[1.6261013792255585e-05, 4.612476335105059e-05]
[8.793097272856432e-06, 5.496759333721048e-05]
[-2.7312816413049834e-05, 2.0382012140995887e-05]
[-1.789962312293003e-05, -1.3068005811911476e-06]
[2.473611532272102e-05, 3.6788134847753895e-05]
[1.8550127096200741e-06, 5.5974355088361794e-05]
[-3.220394365281709e-05, 2.6607568284819916e-05]
[-7.070014428567362e-06, -2.0433756106053025e-06]
[2.7634981694280025e-05, 2.5803256175190026e-05]
[-5.195721138301357e-06, 5.37380748734384e-05]
[-3.434250344169429e-05, 3.336248354135485e-05]
[3.4592686133372297e-06, 3.686022177540327e-06]
[2.4535621864496537e-05, 1.6576352850440623e-05]
[-1.2949659065800145e-05, 4.8239692409746127e-05]
[-3.215001030168474e-05, 4.012454734364512e-05]
[1.1812076050332632e-05, 1.3617738150631387e-05]
[1.6433580332486653e-05, 1.0363376014330128e-05]
[-2.015483988586364e-05, 4.0362603275723163e-05]
[-2.5591912948014217e-05, 4.6470233158957264e-05]
[1.5680073015167384e-05, 2.5278630444679207e-05]
[6.330816735511391e-06, 7.97939673466419e-06]
[-2.5056438089430047e-05, 2.9657594670662313e-05]
[-1.5344999420768834e-05, 5.0006891827658606e-05]
[1.5651870147737057e-05, 3.682651851901614e-05]
[-4.268691258357826e-06, 9.53557390342974e-06]
[-2.7044396075356913e-05, 1.7583137582155572e-05]
[-2.2719743655308378e-06, 4.9479001474117545e-05]
[1.2914588290419138e-05, 4.550526701559143e-05]
[-1.4108448641858562e-05, 1.3148912332339169e-05]
[-2.441986234613669e-05, 6.867881205796511e-06]
[1.0350663682513576e-05, 4.4766818511465106e-05]
[7.827974315452284e-06, 5.088234939134781e-05]
[-2.1801713322500138e-05, 1.819116176610125e-05]
[-1.73338029736958e-05, -9.61942894395218e-07]
[1.974321348884034e-05, 3.587769057281087e-05]
[2.0811171299178755e-06, 5.340128466929661e-05]
[-2.768160360862304e-05, 2.4436167977315293e-05]
[-8.092426138306408e-06, -3.4885543470086766e-06]
[2.451612978879303e-05, 2.534864565005568e-05]
[-4.030916528008355e-06, 5.2383273818790155e-05]
[-3.1041129202304986e-05, 3.087297731685368e-05]
[1.775307687579275e-06, 1.6798319776856196e-07]
[2.3365727890412025e-05, 1.5910005945276445e-05]
[-1.0902762286144063e-05, 4.8545425928747665e-05]
[-3.058608262526685e-05, 3.7706500092493656e-05]
[9.639566888486328e-06, 8.155089819161798e-06]
[1.7539825646395446e-05, 8.938750153272834e-06]
[-1.7076534405136012e-05, 4.197547693612913e-05]
[-2.6414248178771582e-05, 4.4045370809597806e-05]
[1.3519642817760857e-05, 1.9054343516237277e-05]
[9.267621361219724e-06, 6.079444386242194e-06]
[-2.1872601104137857e-05, 3.2130223011572756e-05]
[-1.8137539899348853e-05, 4.778288549631138e-05]
[1.408630033233882e-05, 3.0360768382715203e-05]
[-2.9059856054836075e-07, 7.008276204090169e-06]
[-2.4251650997425545e-05, 2.08102292066914e-05]
[-6.688577843083632e-06, 4.815064236303457e-05]
[1.1574801920710698e-05, 3.943808466715798e-05]
[-9.226234713277659e-06, 1.0217098170395289e-05]
[-2.2295743689948466e-05, 9.702757913010451e-06]
[4.975155287651606e-06, 4.4151603184255234e-05]
[6.952537526010855e-06, 4.610822722168201e-05]
[-1.6713191416578566e-05, 1.5408353545853792e-05]
[-1.6601628351320397e-05, 6.270386418427698e-07]
[1.4824900952725706e-05, 3.586029534587837e-05]
[1.9482991221106416e-06, 4.979398211264752e-05]
[-2.3028401695185385e-05, 2.1546595219523734e-05]
[-8.39737465213597e-06, -3.4803110243175617e-06]
[2.070279897378735e-05, 2.5782946551484998e-05]
[-3.7264479237214543e-06, 5.0174828329807575e-05]
[-2.7012639185163e-05, 2.7999653182675388e-05]
[9.129707614352611e-07, -2.1306163561496394e-06]
[2.115054999313193e-05, 1.5875143939282632e-05]
[-9.751477938579889e-06, 4.8107651680923125e-05]
[-2.806233864473262e-05, 3.512009724188081e-05]
[8.271516981184224e-06, 3.8886926990999715e-06]
[1.7407723448881196e-05, 8.157312135020911e-06]
[-1.513396555778701e-05, 4.286585821422495e-05]
[-2.585481929748279e-05, 4.1535274275916745e-05]
[1.2380082655860658e-05, 1.3613673172201135e-05]
[1.0697149741278889e-05, 4.5277040462421425e-06]
[-1.981957426949038e-05, 3.4394281617056155e-05]
[-1.9409974939724184e-05, 4.586479433790758e-05]
[1.3296373176069354e-05, 2.4076424033965538e-05]
[2.4136659594331533e-06, 4.41288757416225e-06]
[-2.2156821415791894e-05, 2.4139147183632748e-05]
[-9.894819639158503e-06, 4.722192806105863e-05]
[1.0823412283200717e-05, 3.3331736492510367e-05]
[-5.392184290908819e-06, 7.121681649513434e-06]
[-2.0735094653501207e-05, 1.2955973820949485e-05]
[6.258435786068994e-07, 4.400302872993936e-05]
[6.607989048425245e-06, 4.081551007802109e-05]
[-1.2496844849108069e-05, 1.2138416479956504e-05]
[-1.6077223765509352e-05, 3.2680642037541396e-06]
[1.0408766892622268e-05, 3.664261057913232e-05]
[1.8295985232986978e-06, 4.5321320618917776e-05]
[-1.865037772458278e-05, 1.800631555709531e-05]
[-8.446074884149724e-06, -2.247778454922411e-06]
[1.672181055267785e-05, 2.7007343496129876e-05]
[-3.700553691060593e-06, 4.715390865286939e-05]
