[-517.2526870259663, -817.836667913549]
[15.811438394570345, 9.240564473555139]
[-8.766179783297702, 4.459885011082619]
[1.6969627288316218, 1.2373604821599713]
[2.188133159170931, -0.46452948268028393]
[-0.029515965170261893, -2.540371577178149]
[-0.23133601257853798, 0.28542071218629417]
[0.23908057931440396, -0.020504473374742815]
[-0.3005876610174738, 0.20374762202782648]
[-0.358085054012939, 0.4246078544787171]
[0.0641646672677414, -0.1827449093959217]
[0.20523967487861405, -0.28622613953688436]
[0.0721619251773884, -0.0940155259118356]
[0.22540483286046786, -0.09315270017368782]
[0.013059257352626918, 0.11244189125090642]
[-0.1999849393231714, 0.011334703317579908]
[-0.006135856786894323, -0.005058271295908412]
[-0.008776952280573624, -0.045785368660663295]
[-0.06255280639305383, -0.08072621477105435]
[0.12388577649031873, 0.04102575802076558]
[0.03922295519300434, 0.014138291358250399]
[-0.04361949424050238, -0.03863075522660964]
[0.03656969932303333, 0.007111228322674634]
[-0.010752276240571845, -0.07199323587597828]
[-0.03592931707464331, -0.0018422101430246585]
[0.026827204913589586, 0.04863860686398347]
[-0.0034111550831448234, -0.011009136559166244]
[-0.017039911568962562, 0.00023944085847826813]
[0.01833242580134531, -0.01754402951040035]
[0.02061471454713093, -0.05127389311279096]
[0.0022998419095543454, 0.0006967473734187379]
[0.007158600229288936, 0.01749063573624987]
[-0.00542735934194738, 0.008378198831098693]
[-0.02301268454198535, 0.001235434231920074]
[-0.0026495073155121673, -0.011407300253408081]
[0.0183523417495266, -0.0245917021129885]
[0.002299900663530252, -0.007970094565669328]
[0.006340693936744302, 0.009745573232696536]
[0.007612370188574802, 0.002756347474381471]
[-0.014652664342505117, -0.0048906525612262275]
[-0.0030542592452165174, -0.001705464658202871]
[0.014556069236793645, -0.012997107224545168]
[-0.0008004698839636504, -0.003964160040868414]
[0.002067059440811647, 0.00604649142114333]
[0.0013589380445413468, -0.0048456083181671605]
[-0.012483909866041643, -0.006190974717011244]
[0.00022875546029865745, 0.0004184740858743652]
[0.010987404410609969, -0.004625819376271156]
[0.002311198104033352, -0.0016464448354156502]
[0.004462378178129001, 0.004790489704192824]
[-0.0011201701910206197, -0.0029383063098311624]
[-0.008182782556786616, -0.010761538587857]
[0.0002829925341319983, -0.00011673992002325662]
[0.0038602497155892923, -0.0027542685828654268]
[0.002199198231376487, -0.0016262622812529548]
[0.0020489806044168557, 0.007881695418732626]
[-0.0012188526444614212, -0.004173757004743539]
[-0.00015584636288590303, -0.007854465447680425]
[0.0004122662791097298, 0.0005807374236544427]
[0.0028525917497699282, -0.005248582587492834]
[0.0029116607057009247, -0.00021950729755015885]
[-0.0034427185665037996, 0.00418121371773994]
[-0.0033820958989307925, -0.0027581356973200855]
[7.628757600475211e-05, -0.0026760328977963876]
[0.0007470491216619024, -0.00020262409891458333]
[0.005676455968114835, -0.0028679666765807355]
[0.003796741780022095, -0.0022163310889231624]
[-0.0024626630048295572, -2.3350522252885142e-05]
[-0.0018150662787199678, -0.0004677198132772009]
[-0.0018356732168329781, -0.002765121315248642]
[-0.0008019783519879198, 0.0007447354842291531]
[0.003978137253458414, 0.00023604016304457076]
[0.001480506165862927, -0.0031828829325887265]
[-0.0008479415710924698, -0.0003522876027552968]
[-0.00010895825692358585, -0.00169864153210586]
[-0.0009347997061333047, -0.0029312748054508564]
[0.0006848684871871846, 0.0023427644427931327]
[0.0021041628782674238, 0.00017292666854484828]
[0.00035679678899333545, -0.0018784727781318011]
[-0.00023982696822910654, -0.0007708136837448754]
[-0.0012727904503102572, -0.002190164216146817]
[-0.0005071646780158146, -0.002341830857354843]
[0.0017608860017537253, 0.0006526830846291798]
[0.0010837985984475385, 0.0007408049358517133]
[0.0004892751188707578, -0.001194049911771966]
[0.00023057994878605825, -0.0001905761002198858]
[-0.0012731684877973493, -0.0006775078431160431]
[0.0005366756599558542, -0.0028077461300890505]
[0.0007751258608363898, -4.881841914627927e-05]
[-0.00024563662864451885, -0.00015947594664150744]
[0.0007013979265333425, -0.0011611379035150193]
[-0.0007377653136355633, 0.0005782242677259131]
[-0.0006158713887844947, -0.0005335679019951023]
[0.0017504676086309429, -0.001216018996394794]
[0.0006331199376366919, -7.582360582466391e-05]
[0.0006711774906897894, -0.0013778400378807731]
[0.0006225680943168221, -0.0012246958370198957]
[-0.0014661237358024604, -0.0004548649353104395]
[-0.0007062127991179779, 5.6356233549881285e-05]
[0.000429621016949433, 0.00010157092846529991]
[0.00017446197462511748, -0.0004649370572731293]
[0.0013350988669298403, -0.00029110399979970225]
[0.0004966831769537272, -0.001299718173057407]
[-0.0004977690380636446, -0.0013561555980445839]
[0.0003708971736128275, 0.00031227800216093726]
[-6.816562710620921e-05, -0.0007874231967077705]
[-0.0001574918682473725, 1.936455067341747e-05]
[0.0004329642396471156, 0.0004844678495637966]
[-0.00017087670816517964, -0.0012241775547111589]
[8.298001012752021e-05, -0.0007558356845267511]
[0.00035428666660886066, -0.0006267834001205674]
[0.0003520224406861061, -0.0009763030819529561]
[0.0006309778759723272, 0.00014957450426711372]
[4.3334355345869824e-05, 0.00019858388258509052]
[-0.0003636245944740324, -0.0003139680270405343]
[-5.86382580891609e-06, -0.00045946892141235374]
[-0.00035438582556857057, -0.00041424255282773714]
[0.0003322379798622599, -0.0010699368825135558]
[0.0007402570004970133, -0.0007345424158891056]
[-0.00013076194650429862, 0.000192187874583305]
[0.00023098018465911307, -0.00012540441919595136]
[7.466386238885736e-05, -0.00018348441563431628]
[-0.00022573989012764084, -2.1863185781900718e-05]
[0.000903735601400113, -0.0009394697088271897]
[9.839958510760027e-05, -0.0006815761834263467]
[-0.000416160013690714, -0.00023466707052621771]
[0.0002059825356246492, -0.0004023103567369901]
[-0.0005294775305806354, -0.00018793324651378285]
[-7.543993089020873e-05, 1.5538692292871303e-05]
[0.0009252244714730296, -0.00012447226104411735]
[0.0002665810470914298, -0.0004246936937608581]
[0.0003342398320320683, -0.00038983659801794524]
[5.441524272702114e-05, -0.00043383025081267235]
[-0.0005846080933494258, -0.0009154189322893302]
[9.98457410328335e-05, 0.00011364486247883443]
[0.00016587279903079732, -1.5372364931875993e-05]
[8.130532787653522e-05, -0.0004880625378629322]
[0.0004241773826094697, 0.00040328530999955703]
[-0.00014612926897594747, -0.0005359822907161638]
[8.909451276917224e-05, -0.0009650459981012105]
[0.0003866695379031171, -5.779302286201826e-05]
[6.255546462607953e-05, -0.0004457471434013982]
[0.00018268137336097112, 9.151962919951018e-06]
[-0.00023096826693480565, 0.0003002010276299538]
[-0.0004418725241295274, -0.0003752036261364111]
[0.0002586479494204319, -0.0005550366944112595]
[0.0001897891477635194, -0.00039726794694749934]
[0.0003504924426293854, -0.0003576166381955015]
[0.000642362667965718, -0.0002675026437113648]
[-0.00020966719491466446, 8.996768052327297e-06]
[-0.0003273735382400833, 5.913181925221167e-06]
[9.818691416096925e-05, -0.00040304245138456096]
[-0.00011930700278428574, -0.00011206554775527316]
[0.0003710061481703164, -0.00028976182209783374]
[0.0002525584328112451, -0.0006300920450328373]
[-0.0002933551468515816, -7.74352117913768e-05]
[7.04151120078933e-05, -9.989199348359179e-05]
[1.1480819915643536e-05, -0.00025926053565061835]
[0.000122526465813122, 0.00014143641140540453]
[0.0005385711757388556, -0.00012504570810589755]
[4.903111467335908e-06, -0.00038591695263234804]
[-0.00012775930956859805, -0.0004756214257033431]
[-4.160322557889007e-05, -0.00038427172829746947]
[-0.0002063595605165669, -0.0002710905092540017]
[0.00021193406674147042, 6.917996546940142e-05]
[0.0002473622821048682, 0.0002752317281911054]
[3.57788853477814e-05, -0.0003164103183709299]
[0.0002622063896460247, -0.0003007632346803124]
[-0.000117490646668994, -0.0002498928467118411]
[-4.057731861450975e-05, -0.0006199183170377265]
[0.00029487251912763135, 5.149219156574958e-05]
[-0.00012635306120389878, 1.3910786116788643e-05]
[-5.980445411051666e-05, -0.00023001445806114518]
[3.324716700020547e-05, 8.70458556185838e-05]
[-9.840690373480454e-05, -0.0002748011859049493]
[0.00036410573996004114, -0.0003879851053056882]
[0.00029658828329715003, -0.0001840869729721195]
[3.586629549379161e-05, -0.0002708967366533699]
[0.00011842595562550073, -8.657696249680935e-05]
[-0.0002329396115405835, -9.868429018711211e-05]
[-0.00023492832686056175, -5.2664559571313774e-05]
[0.00020896101974399173, -5.075412377752997e-05]
[2.7284828493456814e-05, -0.00024227705149337808]
[0.00014252003540393687, -0.00021834074376886337]
[0.00026058997818123597, -0.00035863251064505164]
[-0.00011841863610495551, -0.00024243893874009714]
[7.849385658070807e-05, 0.000138985159588767]
[0.00013081127047027963, -0.0001007722009152296]
[-7.328094774988747e-05, -6.341310929946706e-05]
[0.00018026217229544228, -0.00012879230813722664]
[-6.504302444221288e-05, -0.00042067490875896674]
[-0.00015358246611973936, -0.00025322760234969266]
[0.00020837963148734318, -0.00011819380323777051]
[6.840808012720245e-05, -7.3718626970809e-05]
[7.468746859240483e-05, 8.779843478023963e-06]
[0.00017773270854481993, 3.353411727125e-05]
[-8.617574001634765e-05, -0.00014853086741650756]
[3.503755146372356e-05, -0.00036528531501645034]
[2.1541809160363634e-05, -0.00016125531275879013]
[-4.9318684172905414e-05, -0.0002578521114801058]
[0.0001707956119781917, -0.00012247628241823794]
[-5.1027322854835244e-05, 0.00012192960089096871]
[-1.5515642126540108e-05, -0.00015123206519335186]
[0.0002057196035352704, -7.665908201848204e-05]
[-1.0494393444471228e-05, -8.46669188111493e-05]
[0.00020417203779521387, -0.0003767605138316199]
[0.0001413476656506596, -0.0001898478502612988]
[-0.00020725141945909797, -8.227511963299072e-05]
[-3.009940675724465e-05, -2.5772483905450727e-05]
[-9.443309561740776e-05, -1.1149244526498236e-06]
[-5.3361130685436464e-05, -8.667937413076032e-05]
[0.0003475483640760224, -0.00012393633410823224]
[0.00011940294739645751, -0.00027234637726269995]
[-1.8484667828611023e-06, -0.00017326508190523837]
[0.00014687722220130262, -5.1713287595456237e-05]
[-0.000129187614727716, -0.00022378356671470812]
[-6.041011115898165e-05, 6.393338332588705e-05]
[0.00013743338192251375, -6.351868818699202e-06]
[-3.7282421951223554e-05, -0.00024854768781623626]
[7.372757567503108e-05, -3.435484279457057e-05]
[3.469784759957406e-05, -0.0002454122086529287]
[-3.249311885600292e-05, -0.00024151894004131869]
[0.00017337971884323622, 6.408033555960202e-05]
[6.515462944767236e-05, -7.437684425191937e-05]
[6.7979649738258985e-06, -4.532347340457932e-05]
[4.296400974657111e-05, -8.41884906477297e-06]
[-0.00014733499311511689, -0.0001557018266575838]
[1.6399859320448407e-05, -0.000302534115215497]
[0.0001401691146817874, -0.00017759253470697733]
[2.82481786585409e-05, -3.499134203677201e-05]
[0.00015791612334026262, -6.862531211349054e-05]
[5.0892036612681935e-06, 7.681462676600859e-05]
[-0.00010943067817148489, -3.350948013758348e-05]
[0.00015964218136788055, -0.0002562236114160843]
[-8.952291766117781e-06, -0.00010374750020603063]
[-3.682914361924361e-06, -0.00017623851128056867]
[0.00013853228775495552, -0.00015917314861257914]
[-0.00014294523692059968, 2.0249446798514814e-05]
[-5.924252143940656e-05, -3.337966068639453e-05]
[0.00011197409967733662, -4.0704898896071207e-05]
[6.043625776916417e-05, -5.628709921823294e-05]
[0.00020747003750794246, -0.00015673660595399985]
[8.534227056668231e-05, -0.0001846686195652869]
[-9.429057893416137e-05, -0.00018497414213847208]
[-1.7689957743760587e-05, -2.219276101866896e-05]
[-7.481209782755904e-05, -5.936380854043577e-05]
[-4.6387965291216915e-06, -3.7197295202861386e-05]
[0.00014212019929438213, 8.326652953982716e-05]
[1.4033680972413975e-05, -0.00019028497405315647]
[6.280580840378747e-05, -0.00018785728432824111]
[7.052092426240719e-05, -0.00010314484600582041]
[-2.8299843179757644e-05, -0.000197233486010584]
[8.803785644101447e-05, 8.114883710175214e-05]
[-6.6781302867080505e-06, 2.532702548052601e-05]
[-7.61701231891121e-05, -0.00011928938534344624]
[7.023439712641744e-05, -6.79449717064795e-05]
[-3.5272976612099605e-05, -0.00019088732438488076]
[3.950833816129817e-05, -0.00015415215600822485]
[0.00020007149251366485, -5.917380530962024e-05]
[1.3710956648482764e-05, -3.4227816399168276e-05]
[-1.0408296637898218e-05, -4.261025106089278e-06]
[1.5835778648831678e-05, -4.6976205832161e-05]
[-0.00010102188649230293, -5.0185756996334874e-05]
[6.798066643831646e-05, -0.00014767370824650405]
[5.684148734130812e-05, -0.00014711607954032146]
[-3.5441615141129645e-05, -7.04599587704191e-05]
[0.00010467014359496346, -9.172091019160611e-05]
[-2.3473031766474417e-05, -3.310135834652672e-05]
[3.3848483373677407e-06, 1.7616039529877447e-06]
[0.00015930864125035527, -5.2267018569085444e-05]
[-1.1804674998616704e-05, -6.260360657994735e-05]
[3.7157952168687114e-05, -0.0001552518650609347]
[2.064765884624009e-05, -0.0001604984747765048]
[-0.00012379814222307495, -9.115056579656056e-05]
[3.830321391262714e-05, -6.951858276482703e-06]
[4.232339581822231e-05, 3.7907532792536e-05]
[1.1282029954040595e-05, -5.756684022473202e-05]
[0.0001492281314570132, -4.5441271852436627e-05]
[-1.0723915595534095e-06, -0.00011841045285998497]
[-2.922041545283527e-05, -0.00020547493759970337]
[8.794372133906492e-05, -1.5835790745044598e-05]
[-3.393505108213041e-05, -7.861806046138668e-05]
[-9.662378331443122e-06, -3.3997501782494916e-05]
[1.9032662054066507e-05, 6.591759506058281e-05]
[-3.793202066315615e-05, -0.0001306421159446014]
[8.887810377988803e-05, -0.00010243339041871025]
[6.457850861640857e-05, -9.212531730964924e-05]
[5.122239707056053e-05, -0.00013211427511161666]
[8.643187961143717e-05, -7.248462824183122e-06]
[-7.465196272149477e-05, -2.3528911809900244e-05]
[-6.425328892567528e-05, -1.8371805219352666e-05]
[1.853574086951859e-05, -4.237077112073662e-05]
[-2.9291742599635295e-05, -8.312135623578243e-05]
[0.00010408020803454043, -0.00010732691625003898]
[0.00010549365258880061, -0.00015657499819610177]
[-3.435761351319733e-05, -3.4507804028915956e-05]
[5.4733110254640005e-05, 1.5832584862512933e-05]
[-2.0011845006245865e-06, -5.870321743461915e-05]
[-3.874637629541766e-05, 1.0693905334868692e-05]
[0.0001204498891698158, -7.582087543434035e-05]
[-2.6321791049666032e-05, -0.00015149760561067316]
[-5.747735695282863e-05, -6.37042518232267e-05]
[6.013321607500899e-05, -8.561386190475417e-05]
[-3.286132679702902e-05, -5.5125300927133525e-05]
[4.1719955787833385e-05, 3.0136916914669243e-05]
[0.00010116811702176598, 1.8642162780135862e-07]
[7.0553728329925125e-06, -6.615659038033961e-05]
[4.085098035697121e-05, -9.966210016254529e-05]
[-2.1421699189727583e-05, -9.050813938865643e-05]
[-3.981815509371267e-05, -0.00014610400520309597]
[6.0102478399770565e-05, -2.5914909499324956e-05]
[-3.5244889906027588e-06, 2.5761550167535674e-05]
[1.6713395897927086e-05, -7.460697848504783e-05]
[5.5632447214071234e-05, 3.8987715198279815e-05]
[-3.3099356622434684e-05, -5.388794304700406e-05]
[6.999016135678104e-05, -0.000175491772587133]
[6.396871612079913e-05, -4.807185795496771e-05]
[-2.974930696075795e-05, -8.075855450968145e-05]
[3.443032530114909e-05, -2.324166741662914e-05]
[-5.8789819655569175e-05, 2.9050937170926883e-05]
[-6.316335772983683e-05, -4.603264113478556e-05]
[9.795544011199919e-05, -5.4508566234859335e-05]
[4.1541453478927126e-05, -9.318925596044081e-05]
[5.082639625919594e-05, -8.80460527452609e-05]
[0.00010409508041120397, -7.007866678970798e-05]
[-3.998809467392617e-05, -5.974762413218926e-05]
[-5.072493950164514e-05, 2.831161235791746e-05]
[1.1534994751594141e-05, -2.7286279529636914e-05]
[-2.635173050014039e-05, -4.8065997712010144e-05]
[5.345948297974523e-05, -3.221594526381377e-05]
[3.482348377081834e-05, -0.0001373204989576493]
[-1.653466864137698e-05, -7.183600867469164e-05]
[5.9560128029989556e-05, -1.065619049911426e-05]
[8.019219583932369e-06, -5.911184255275037e-05]
[2.1675872869275636e-05, 2.0471604486593797e-05]
[6.023542001142024e-05, -8.472722342348082e-06]
[-4.176144889658784e-05, -7.745341857209875e-05]
[6.48285331449755e-06, -9.946323173970484e-05]
[1.0174397573892158e-05, -0.00010218193807381981]
[-2.723043234986733e-05, -5.062909843478458e-05]
[7.903132745279429e-05, -9.192045655265907e-06]
[2.3463593404438043e-05, 3.117764124915823e-05]
[-1.4179565442029585e-05, -2.9318478648621138e-05]
[7.295024245901338e-05, -6.691597002578265e-05]
[-3.244705991689578e-05, -4.890947711966298e-05]
[-8.324432906325896e-06, -0.00012099721953562348]
[6.994191809028827e-05, -4.7299162046376964e-05]
[-4.3541888143372454e-05, -1.3224546906331902e-05]
[-2.5881289569817945e-07, -3.7098787190603666e-05]
[2.3398405315067095e-05, 1.2328743326739389e-05]
[-6.403460476450684e-06, -4.724912681519644e-05]
[9.973480388950073e-05, -7.094962180209663e-05]
[3.957422466926985e-05, -6.278637673090559e-05]
[-8.810979798434815e-06, -7.977204659370685e-05]
[2.224724344346285e-05, -2.061225856830884e-05]
[-6.623433732588779e-05, -3.9376650918687695e-05]
[-2.5715579541563116e-05, -1.3267930799587546e-05]
[5.1724384785734046e-05, 1.4102025968895648e-05]
[2.958380691198137e-06, -7.071375176970207e-05]
[5.773868482861211e-05, -5.7984787176557084e-05]
[4.855810972743263e-05, -8.029641569895496e-05]
[-2.4485778932367697e-05, -8.967863484665717e-05]
[4.4459115694631124e-05, 3.048312137302056e-05]
[6.018363158638573e-06, -1.964090369843685e-05]
[-3.18841007561077e-05, -2.8651301687498965e-05]
[3.9889632723777435e-05, -8.8288622410726e-06]
[-3.104349429716713e-05, -0.00010329566711614335]
[-6.275800674693244e-06, -7.595170224705683e-05]
[7.810059436841321e-05, -4.395126775402769e-05]
[2.0012996859941623e-05, -2.7590290303525222e-05]
[2.409365367728178e-05, 1.2494391529838111e-05]
[7.560502928827262e-06, -1.7731413994026557e-06]
[-3.86781727978458e-05, -2.6279467033152315e-05]
[2.3419110640410246e-05, -9.28010912422117e-05]
[6.551855456921052e-06, -6.753728338804166e-05]
[1.0112802492183437e-05, -5.25203303953347e-05]
[5.76236560269755e-05, -5.564715970292518e-05]
[-2.517079181722781e-05, 1.595499681128487e-05]
[1.0033588467850407e-06, -1.3949208616303999e-05]
[5.097520201136074e-05, -2.6777992627291525e-05]
[-7.142736884624412e-06, -1.4602109839750854e-05]
[5.936738843659306e-05, -8.888893575376144e-05]
[1.734620592852565e-05, -7.872886502335863e-05]
[-6.525700337234319e-05, -3.826492927749836e-05]
[1.051235482329993e-05, -1.1721893588889643e-05]
[-1.5766975804965e-05, -2.0166030640922372e-06]
[5.082077559392939e-06, -1.3512113891556154e-05]
[9.668233739684728e-05, -1.3592083418667578e-05]
[1.6738881576716658e-05, -7.562393858345784e-05]
[-1.3472785317936165e-06, -8.069479920733147e-05]
[3.375053423046448e-05, -2.7896306451918873e-05]
[-2.5990024615729634e-05, -6.678216880939836e-05]
[-4.269157092617881e-06, 1.2616985148705684e-05]
[1.6547718771131592e-05, 2.632580310013566e-05]
[-1.5451924036735676e-05, -7.159724984458216e-05]
[2.8988874093860417e-05, -1.846799599236615e-05]
[1.0020639088725858e-05, -6.274288516605608e-05]
[1.5454946773685307e-05, -8.538861519774565e-05]
[6.378678092000545e-05, 8.293823021920943e-06]
[-4.648676306118205e-06, -3.051816758264936e-05]
[-8.330222513716623e-06, -1.502692541588413e-05]
[2.0538534388769847e-06, 1.131860799946649e-06]
[-4.475094339949359e-05, -4.28103472870367e-05]
[3.379275233877932e-05, -6.74515355515437e-05]
[4.7977675830923605e-05, -7.222131428025191e-05]
[1.962560625595744e-06, -2.611493645865437e-05]
[5.3365143507067e-05, -2.0501613655965478e-05]
[-4.3447358795134505e-06, -4.183264868062864e-06]
[-3.6814862348855115e-05, 9.8421965223916e-06]
[4.927925669662159e-05, -4.928035582685286e-05]
[-1.3032330147044746e-05, -4.324111138032105e-05]
[-9.51095427215165e-06, -5.373381728627363e-05]
[4.5109697141443306e-05, -6.93007839889237e-05]
[-2.9295815863195074e-05, -1.549350613871958e-05]
[7.238403288437056e-06, 1.675377808263434e-06]
[3.68083969443031e-05, -7.410054392545384e-06]
[1.219470775640219e-05, -1.771678029943713e-05]
[5.6650794535539895e-05, -4.576758228591604e-05]
[3.761681811043083e-07, -6.029053570838494e-05]
[-2.4016639635193737e-05, -6.449956354814823e-05]
[1.0466048546708961e-05, -1.742441596683242e-05]
[-2.7760758412709308e-05, -1.5314660455789664e-05]
[1.1073865299859875e-05, -1.8912748951549485e-05]
[3.820682154453969e-05, 2.5885511583001453e-05]
[-3.993298408944135e-06, -4.539779027634694e-05]
[4.1264432283805164e-05, -6.757155172432139e-05]
[2.0193713639538036e-05, -3.444471554625572e-05]
[-1.481558134469596e-05, -6.842922390826178e-05]
[3.499510001922501e-05, 5.986787186884612e-06]
[-2.1199171070102052e-05, 5.665346070771182e-06]
[-2.701144046157733e-05, -3.404118005596868e-05]
[3.683443329412228e-05, -1.0686661237380157e-05]
[-7.2853621437829474e-06, -6.016625105620399e-05]
[2.9621673118152003e-05, -5.3379358695204715e-05]
[6.240741345209244e-05, -3.3648801953334306e-05]
[-7.933775209023608e-06, -2.4706351318903863e-05]
[-3.743403023559466e-06, 1.3603330113243217e-05]
[-1.1068763055233077e-05, -2.0096076279479957e-05]
[-2.814241014825747e-05, -1.942815475963755e-05]
[3.446152449804174e-05, -3.5807241625718245e-05]
[1.3432155349712982e-05, -6.788101274679548e-05]
[4.0856773469988283e-07, -2.6799632590251976e-05]
[4.2446378562460696e-05, -2.913332963144777e-05]
[-8.75966795865768e-06, -2.8735830363946224e-05]
[1.0020409399263963e-05, 9.685377422519181e-06]
[4.196524798277812e-05, -1.051440423771588e-05]
[-1.7803977587771413e-05, -2.6773986701922325e-05]
[1.3054427409842084e-05, -4.6358280829217335e-05]
[-2.7782825664512956e-06, -6.394496255793247e-05]
[-3.231865829000924e-05, -4.1713966550949166e-05]
[3.6203017882208144e-05, -7.653606597046725e-06]
[1.4388932140008137e-05, 1.3535318869190016e-05]
[5.810107490678007e-06, -1.1232182346221364e-05]
[4.2298900092441194e-05, -1.4830772544438542e-05]
[-1.3100665992200888e-05, -3.43146922633375e-05]
[-1.095159878755636e-06, -8.62013441320919e-05]
[3.2623598399950104e-05, -2.721510622699652e-05]
[-8.532122414917076e-06, -1.9159859013240244e-05]
[3.170632272841978e-06, -1.7750794140736215e-05]
[-4.947259400034376e-06, 2.724846265089731e-05]
[-1.2968621853515216e-05, -3.392446278369099e-05]
[4.364815009261225e-05, -4.073235459911562e-05]
[2.1153661549755398e-05, -3.156835249396028e-05]
[1.9636681594548122e-05, -5.227239512334281e-05]
[2.9000556343694583e-05, -1.5027487568097797e-05]
[-3.9609477641811e-05, -2.045337312270301e-05]
[-2.1380004190274526e-05, -4.792414580956361e-06]
[1.059631139943562e-05, -4.253208254534346e-06]
[-2.9311608040066828e-06, -3.001680096292869e-05]
[4.846399031244175e-05, -2.8392083050002986e-05]
[3.3560583234394994e-05, -6.482049087194221e-05]
[-1.3216222083910212e-05, -3.670466215777157e-05]
[2.3133309695611004e-05, 6.579385131044724e-06]
[-3.301675898903511e-06, -2.54625655736751e-05]
[-1.5530441547229046e-05, 6.494179844884762e-06]
[3.450195392495914e-05, -5.762782429807878e-06]
[-1.7659103175748925e-05, -6.052054098437676e-05]
[-1.3821023048476988e-05, -3.383201713597073e-05]
[3.040717420710326e-05, -3.8413121778324566e-05]
[-7.438068218013072e-07, -2.9840697657407267e-05]
[2.932670764393963e-05, 1.5173968542891991e-05]
[2.446219528529081e-05, -2.6442183330144253e-06]
[-9.307572424552268e-06, -2.371226184183506e-05]
[1.7706650496357446e-05, -3.59043927967706e-05]
[-1.7034145501318432e-05, -3.773869938411556e-05]
[-7.002170731712498e-06, -4.690391598305421e-05]
[3.5326300268256894e-05, -2.361408980822155e-05]
[-8.091909022178712e-06, 2.122920751856938e-06]
[9.857901578147477e-06, -2.3875805824816188e-05]
[2.202611174761948e-05, 7.446538032529482e-06]
[-1.612249385618547e-05, -8.06754634852247e-06]
[3.43093496715241e-05, -6.016280224442616e-05]
[1.7242800698924476e-05, -2.8724135727076217e-05]
[-2.094806468388999e-05, -3.756481624839214e-05]
[1.932001123698679e-05, -1.9521709822223343e-05]
[-2.2285226198681674e-05, 5.5674150122586585e-06]
[-1.4159276561981349e-05, -1.253748036922353e-05]
[4.6596046983760075e-05, -9.420019182859729e-06]
[1.107034572658816e-05, -3.686526268992241e-05]
[2.2789162709840882e-05, -4.2674610402526625e-05]
[3.04153562852294e-05, -3.205265419831127e-05]
[-2.0408357650714137e-05, -3.0948642666284165e-05]
[-1.060333066815744e-05, 1.4371532893381334e-05]
[-5.733899222759575e-06, -5.0202828415502054e-06]
[-8.289090776769648e-06, -2.5789271178577877e-05]
[2.8020998054545387e-05, -9.132439278383003e-06]
[8.57063057141394e-06, -5.345667366885021e-05]
[6.401259407096127e-06, -3.705866976205785e-05]
[3.261268033883519e-05, -4.846024217797229e-06]
[-1.9954930900317747e-06, -3.0622233499318086e-05]
[7.310644427466206e-06, 5.208932604479355e-06]
[1.0227121663430871e-05, 1.489921680475348e-06]
[-2.3771355427359975e-05, -3.0170103033910767e-05]
[1.318109079856411e-05, -3.509058395612108e-05]
[6.044382912628876e-06, -4.8547843638502286e-05]
[-1.7406395704799849e-06, -2.4567612935011418e-05]
[3.933815775347682e-05, -8.204173950643323e-06]
[1.0853469234461954e-08, 5.938556735862743e-06]
[-7.314440904626629e-06, 1.984183685577179e-06]
[2.4194739643990104e-05, -2.7582562516087483e-05]
[-1.5721973789961652e-05, -2.2132323641121943e-05]
[5.399363442959437e-06, -4.937583742342655e-05]
[2.6319356585174924e-05, -3.933884477580474e-05]
[-1.6358928147823526e-05, -4.245552334400382e-06]
[8.027148927509942e-06, -9.625062273352358e-06]
[7.584426634042046e-06, 7.092078661008472e-07]
[6.875755875768164e-07, -1.2397587397794396e-05]
[4.422081639299247e-05, -2.6048377244958232e-05]
[5.133410027280405e-06, -2.984555375800963e-05]
[-8.476089959352784e-06, -3.7545013620965406e-05]
[9.067105469329206e-06, -1.5155461421723082e-05]
[-2.6682121017973515e-05, -2.348053933365346e-05]
[-5.92153897027714e-07, -6.402357929813363e-06]
[2.2620462270084296e-05, 1.6326273863193075e-05]
[2.545838470383033e-06, -2.6898263277397305e-05]
[2.6995557129066983e-05, -2.649302556956279e-05]
[1.4003341145235604e-05, -3.343624736218409e-05]
[-6.138593707571971e-06, -5.3170204322716685e-05]
[2.308343643633859e-05, 4.8845746712655735e-06]
[-3.2858291837550846e-06, -2.4582796631644754e-06]
[-1.5618662521643678e-05, -1.3782794986094693e-05]
[1.1395477034215062e-05, 6.609732901563525e-06]
[-1.5205534783291341e-05, -3.925897688822344e-05]
[9.979356216605062e-06, -3.98930646254847e-05]
[3.8940535591169834e-05, -2.380979672689243e-05]
[7.715560573773317e-06, -1.8025618731556947e-05]
[1.3106206145307997e-05, 5.808525147643628e-06]
[-7.661944675940724e-06, -7.11093724709011e-06]
[-2.2463916181811316e-05, -9.449206816336542e-06]
[1.7553754374843855e-05, -3.063457317227514e-05]
[2.680759496886953e-06, -3.4682992208323604e-05]
[7.69693952654138e-06, -1.8147032965043497e-05]
[3.071127082565628e-05, -3.226393861072152e-05]
[-1.170386699464454e-05, -7.73294245892675e-06]
[1.6689850256268457e-06, 1.2569583336674572e-06]
[2.0826045206923105e-05, -1.067873127258423e-05]
[-6.554182552687138e-06, -2.5843903459499273e-06]
[2.3572223051049335e-05, -3.0765680199662526e-05]
[2.125187265056283e-07, -4.266067360469972e-05]
[-2.743967722984575e-05, -2.477805242830089e-05]
[1.4979909907342215e-05, -9.57133601087179e-06]
[-3.6357444809786976e-06, -2.9640431475908002e-06]
[1.0271271814472904e-05, -2.556622691329835e-06]
[4.115168937932068e-05, -2.8098601210658353e-06]
[-2.718582119377519e-06, -3.164339554734101e-05]
[4.4093366215469665e-06, -4.197198996402918e-05]
[9.552164740633806e-06, -1.7873650792310514e-05]
[-1.4559691447646461e-05, -2.651470576175985e-05]
[7.601224610853663e-06, 1.8495805088059036e-06]
[-7.564615464028535e-07, 1.163897427203242e-05]
[-6.7169594439864255e-06, -3.096339018382466e-05]
[2.2628838752591918e-05, -9.576559579477228e-06]
[2.0300603018608143e-06, -2.311942633281827e-05]
[1.1776608829783264e-05, -4.085373699624917e-05]
[3.056838756718139e-05, -2.445864469846626e-06]
[-1.054330094357736e-05, -2.0276529658996845e-05]
[-4.675179956198372e-06, -8.53469979705812e-06]
[-2.692387965241849e-06, 4.134741072414627e-06]
[-1.7128531440369077e-05, -1.8906116779834892e-05]
[2.5467646043511594e-05, -2.3689354142875096e-05]
[1.925096192634257e-05, -3.847781309723741e-05]
[3.81648623171138e-06, -1.973641904495782e-05]
[2.4678306659087212e-05, -7.802191982701767e-06]
[-9.187796765175449e-06, -8.198737040499005e-06]
[-1.3962827893454488e-05, 1.0766790275340554e-05]
[1.729889860013767e-05, -1.611425976767722e-05]
[-9.217037336028966e-06, -2.5839600279908836e-05]
[2.5998409419747404e-06, -2.5496031382271633e-05]
[1.9915046570714856e-05, -3.929737307906134e-05]
[-7.705560496895636e-06, -1.14167725941694e-05]
[1.3666553091803979e-05, 4.933317963723427e-06]
[1.3290217567171747e-05, -5.425906766443056e-06]
[1.4992090821563941e-06, -6.790464917860728e-06]
[2.235218945115247e-05, -1.7992806271349693e-05]
[-8.638039750263893e-06, -2.8666671995886128e-05]
[-9.063773451445378e-06, -3.238531943816625e-05]
[1.0735991160526481e-05, -1.6429665317591047e-05]
[-8.89504634238314e-06, -8.438597390303393e-06]
[9.613467188307467e-06, -8.50532972296314e-06]
[1.2689544230948258e-05, 1.398629324620218e-05]
[-2.138727760003789e-06, -1.2182384297565463e-05]
[2.2412247218550618e-05, -3.6225321224658824e-05]
[6.215333143193974e-06, -2.0344032050090277e-05]
[-3.71632068110056e-06, -3.597867319781595e-05]
[1.6915760779098732e-05, -8.320659287387733e-06]
[-1.5608853385792876e-05, 5.51761065670231e-06]
[-1.043505518055765e-05, -1.2061027633014643e-05]
[1.9179332839847074e-05, -1.0853928086307363e-06]
[-2.073622582088319e-06, -2.4407418212385457e-05]
[2.1059413571444807e-05, -2.7799837069686362e-05]
[2.5935864338744175e-05, -2.122674730092866e-05]
[-1.0386783753868478e-05, -1.8988796182006773e-05]
[2.412844730681485e-07, 7.750572989961846e-06]
[-8.210355684545867e-06, -1.2558562542924756e-05]
[-1.1842048247834303e-05, -1.0618926799543793e-05]
[2.173650824272011e-05, -5.634167193374617e-06]
[5.231969939969994e-06, -3.520544943752535e-05]
[1.7732036447087873e-06, -1.7031379612023057e-05]
[2.3166538517874202e-05, -1.55887160032675e-05]
[-1.4912855137282771e-06, -2.5188082274474333e-05]
[5.927806402517e-06, 6.186991442835854e-06]
[1.3678846983722348e-05, 1.313074199926767e-06]
[-1.3511843236724275e-05, -1.3477519361851723e-05]
[5.236995714752446e-06, -1.7740755744788395e-05]
[-4.283795818516012e-06, -3.300429479374811e-05]
[-8.52926565697576e-06, -2.5581662518092685e-05]
[2.7892094397574674e-05, -6.908895938462223e-06]
[4.835463289332154e-06, 3.0522823670775523e-06]
[4.1853121488799605e-06, -2.760687170866305e-06]
[1.742892674483354e-05, -8.502464724308156e-06]
[-1.4303796780079647e-05, -1.4094099524269987e-05]
[5.705319639073836e-06, -4.0372372566599424e-05]
[1.527015682348254e-05, -2.1633224124462114e-05]
[-7.478256746656919e-06, -6.523797541624354e-06]
[8.39458492274403e-06, -1.1706673873124185e-05]
[-4.4785421237647505e-06, 7.721657015014038e-06]
[-6.426227341704838e-06, -1.0860609774107632e-05]
[2.7179814563016436e-05, -1.823100144560108e-05]
[6.989198572227018e-06, -1.3469924979636616e-05]
[7.404283944523193e-06, -2.7268014883057023e-05]
[1.2804969975521718e-05, -1.4375483723072513e-05]
[-2.181863674433071e-05, -1.5387260120569568e-05]
[-6.317301956286839e-06, -2.5566008986510624e-06]
[4.897551023397284e-06, 2.6339278925424647e-06]
[3.1269926098823064e-06, -1.4965337629499476e-05]
[2.949449978609242e-05, -1.2577008470460171e-05]
[9.810243037478017e-06, -3.3682231953602315e-05]
[-3.457337507201119e-06, -2.5441337298315325e-05]
[1.1877105065116744e-05, 3.4856555617412965e-06]
[-8.975146694734093e-06, -1.262208582131219e-05]
[-4.44539981980796e-06, 2.9986105128110285e-06]
[1.2578172035926372e-05, 1.5353157791220262e-06]
[-1.1188339510970202e-05, -3.164380447007176e-05]
[3.069376258935108e-06, -1.948783820245048e-05]
[1.662076627767517e-05, -2.1511676737140384e-05]
[2.114138556941203e-06, -1.824331684696645e-05]
[1.9818431149579152e-05, 8.139057110612136e-06]
[5.327444345580579e-06, -4.595154863631934e-06]
[-9.482202336040177e-06, -1.0668969714716647e-05]
[8.475929907381108e-06, -1.3974457066467938e-05]
[-1.0491984819893663e-05, -2.1311133447166064e-05]
[1.0150718607326858e-06, -2.2359058138299304e-05]
[2.0919291704446508e-05, -1.9407209510609313e-05]
[-2.261568289863014e-06, -2.945767061501847e-06]
[6.430195745088518e-06, -6.583225395317971e-06]
[6.1414741348020385e-06, 2.027490025285905e-06]
[-6.972006452610202e-06, 1.2009826979575422e-06]
[1.837626935263792e-05, -2.9755334537251432e-05]
[3.7214168071286746e-06, -2.1618875821749484e-05]
[-8.698447622967898e-06, -2.1231518074926736e-05]
[1.2252252267835884e-05, -1.5721707019689113e-05]
[-1.1092526497988309e-05, 1.7934416115805707e-06]
[-1.2590368327902723e-06, -3.0046826139107363e-06]
[2.4882036027854687e-05, -9.849177184939606e-07]
[1.8718293216535287e-06, -1.6333821133918125e-05]
[1.209149958303346e-05, -2.454144499064448e-05]
[1.0653005038996355e-05, -1.9201062943112468e-05]
[-1.3102003889042813e-05, -2.1264900304740486e-05]
[1.4968443706742107e-08, 4.515240996871839e-06]
[-3.111136449573948e-06, -4.0125294409332213e-07]
[-3.7418671786637603e-06, -1.379003787005395e-05]
[1.560464843131104e-05, 4.864941452187299e-07]
[3.841303235135873e-06, -2.4055930401223335e-05]
[6.88202323362308e-06, -2.654987291901556e-05]
[1.9040127662739437e-05, -6.505332784012552e-06]
[-2.2336295485425595e-07, -1.9693051287877905e-05]
[1.7628495488919427e-06, 2.389980445216544e-07]
[-2.4459912397467587e-06, 5.402217753469607e-06]
[-1.356343880354327e-05, -1.400439333101855e-05]
[1.1662552395708126e-05, -1.5399857079767543e-05]
[3.6860747285594186e-06, -2.6417228503688994e-05]
[3.8519831936367765e-06, -1.5447324965778275e-05]
[2.4123628960981414e-05, -6.712234482342261e-06]
[-6.067102496065679e-06, -3.893778805240389e-06]
[-3.852383483993194e-06, 4.740534212621661e-06]
[1.2354775676792773e-05, -1.3774936531374404e-05]
[-1.1096179771442893e-05, -1.2382173540492758e-05]
[7.403274692539125e-06, -1.9933736635356636e-05]
[1.2999345008805896e-05, -2.7965518538314305e-05]
[-1.0214907709478471e-05, -5.04595398592711e-06]
[1.0052341484045879e-05, -3.885759488675422e-06]
[5.309490483829116e-06, -5.173657135815191e-06]
[6.158955845325664e-08, -2.9614551035755943e-06]
[2.266928510508137e-05, -9.190872651498871e-06]
[-3.366228832568652e-06, -1.643067145384869e-05]
[-6.573119124775317e-06, -2.1763169389621417e-05]
[5.151683929560669e-06, -1.2239531978042173e-05]
[-1.1497800067150621e-05, -1.4848802924127824e-05]
[6.991366198749738e-06, -3.7539405239872536e-06]
[9.82717161057689e-06, 1.0384012695208167e-05]
[2.160083696467474e-06, -1.3460655185981718e-05]
[1.8125525107340335e-05, -1.608409588939319e-05]
[4.2022776926275984e-07, -1.6892249315156316e-05]
[-7.629660967196222e-07, -3.018881782751448e-05]
[1.4305979682716075e-05, -1.5103067428634542e-06]
[-8.716756708770923e-06, -1.6232378363678635e-07]
[-5.853019530932535e-06, -8.71543714650938e-06]
[5.657473893694309e-06, 4.870656015953934e-06]
[-8.809230539696955e-06, -1.7702787070750237e-05]
[1.3299383850196023e-05, -2.2625651527469204e-05]
[2.0928761933214357e-05, -1.4794132012774242e-05]
[2.005444583730309e-06, -1.3700007053168983e-05]
[8.140619362773105e-06, 1.9632981872463873e-06]
[-8.473943248210603e-06, -6.183613189547632e-06]
[-1.2884748555860859e-05, -4.113197674349145e-06]
[1.0657901048385932e-05, -1.0465410100995998e-05]
[2.2540745753946156e-06, -2.1817203883056635e-05]
[8.355195865505927e-06, -1.0882893183850051e-05]
[1.6064379418534447e-05, -2.0993338130242956e-05]
[-4.34826303419289e-06, -9.080340681810739e-06]
[1.9708290359687908e-06, 6.038783600934017e-06]
[4.526554507666702e-06, -5.30720289892983e-06]
[-3.092071308219424e-06, -9.541991368711145e-07]
[1.2573406179772206e-05, -1.4888596815001293e-05]
[-3.95335812575226e-06, -2.7517538203736258e-05]
[-9.749660575097963e-06, -1.5640725933324662e-05]
[1.3147042006068574e-05, -8.136207825581998e-06]
[-1.3243826552378213e-06, -3.3689766736205717e-06]
[8.828897931890956e-06, 7.237457625014487e-07]
[1.9936849127669132e-05, -2.045707703235422e-07]
[-6.724769537697073e-06, -1.429346634579387e-05]
[3.2890997926637855e-06, -2.4042769171561673e-05]
[3.1817590022686915e-06, -1.4364655753038025e-05]
[-8.14020017547712e-06, -1.5470119438365515e-05]
[8.451403126663593e-06, -2.9398386679757582e-06]
[-9.349186880225346e-07, 6.7234228021129105e-06]
[-3.1910858989681046e-06, -1.2803716821663258e-05]
[1.3314335611580574e-05, -4.4334581831700914e-06]
[1.3000479331948256e-06, -9.843443691259779e-06]
[8.340959276542659e-06, -2.639704685397648e-05]
[1.5422435367992704e-05, -7.522191747211249e-06]
[-7.0032731573077545e-06, -1.308560924466809e-05]
[-2.4942992480018328e-06, -5.8941642154582835e-06]
[-4.145815589419455e-06, 4.598806224054286e-06]
[-6.848416267413171e-06, -9.504627510925623e-06]
[1.9112657685671497e-05, -9.219660692894038e-06]
[8.008432959893952e-06, -2.121132805888576e-05]
[2.1368887420658567e-06, -1.520207446337185e-05]
[1.4635846337429648e-05, -4.827931912254613e-06]
[-8.85212331536156e-06, -1.100990995608897e-05]
[-6.058292781385699e-06, 5.9625667616636235e-06]
[9.547710700053003e-06, -3.6715926759745e-06]
[-7.3204476018079445e-06, -1.5416010572533168e-05]
[4.055823595028318e-06, -1.1447506658185391e-05]
[1.1589982860424342e-05, -2.4102837785117126e-05]
[-2.1822389603895487e-06, -1.220684885629153e-05]
[1.2632056025127514e-05, 2.5809859401509927e-06]
[6.699353619712273e-06, -4.747288300466224e-06]
[-2.6351217715103736e-06, -2.814844735687938e-06]
[8.575017394374385e-06, -6.4942084820884816e-06]
[-8.76833928398213e-06, -1.5791048790035622e-05]
[-2.38027747834213e-06, -1.8929085137453505e-05]
[9.034692564524605e-06, -1.3247309829045317e-05]
[-2.8332251470475356e-06, -5.232504375674019e-06]
[9.591224707838908e-06, -4.239801702277113e-06]
[2.846717772897467e-06, 4.5314477679914145e-06]
[-1.8150296851870973e-06, -3.913522910070633e-06]
[1.6774129405872085e-05, -2.0888647074779332e-05]
[-9.998988077103421e-07, -1.2919055518201272e-05]
[-1.3995630640945e-06, -1.7940202264143945e-05]
[1.0841269944744658e-05, -1.0364495624970438e-05]
[-1.2989635141513745e-05, 1.3410482285758363e-06]
[-2.5833680408204884e-06, -5.205733746849184e-06]
[1.3105230972032533e-05, -8.011929819584651e-08]
[-1.2152487484096142e-06, -1.0583269265757034e-05]
[1.4845594001999807e-05, -1.5765650627330707e-05]
[1.0887216132515753e-05, -1.4744581873560314e-05]
[-8.781015555681115e-06, -1.4981569880102158e-05]
[1.7976828096122333e-06, 3.7607807816808503e-06]
[-5.8433844534189205e-06, -7.0167122609432475e-06]
[-3.619294369424514e-06, -6.437338899212275e-06]
[1.308081393389636e-05, 1.10122750072994e-06]
[2.1897063753884005e-06, -2.171235601256677e-05]
[5.327856847231471e-06, -1.3285583464694994e-05]
[1.1294378480852796e-05, -9.315829087586103e-06]
[-1.3258154152318014e-07, -1.6703553380792435e-05]
[4.861083739426952e-06, 4.920009523734503e-06]
[3.636184211508464e-07, 2.04318623397981e-06]
[-8.223242757954274e-06, -8.988233272194668e-06]
[5.0656409372740185e-06, -8.493821490734854e-06]
[-3.969870026487854e-06, -1.9343067431676353e-05]
[4.380139552173645e-07, -1.6414658859070785e-05]
[2.0396482112911007e-05, -6.4009330783543206e-06]
[1.2953954550698477e-06, -1.8528354302493888e-06]
[2.2984374206461156e-06, 5.399364461089462e-08]
[7.2216860598980914e-06, -3.8132762508816254e-06]
[-1.113818193286542e-05, -5.976336377916391e-06]
[4.817620006461812e-06, -2.1462454709408885e-05]
[8.421403789871107e-06, -1.8508339860778822e-05]
[-3.156008390126086e-06, -4.925258180077385e-06]
[7.355821594612344e-06, -8.300272963062457e-06]
[-2.3326343469021182e-06, 2.9335589527557104e-06]
[-2.9097612992412536e-06, -7.659964129658192e-07]
[1.4241240503864994e-05, -9.661759328954966e-06]
[2.8135585630750803e-06, -7.552000439670081e-06]
[4.456503308047921e-06, -1.806356105435447e-05]
[5.558586125761766e-06, -1.3620227986121947e-05]
[-1.1461659702047267e-05, -1.0090290370412536e-05]
[-2.8190944045825006e-07, -2.1640785482779368e-06]
[2.1650903353348516e-06, 3.073769784228686e-06]
[3.4816265367665356e-06, -7.822959852549216e-06]
[1.9381772871515657e-05, -5.432067592181511e-06]
[1.4577136780435929e-06, -1.769574929527673e-05]
[-2.3639286958476724e-06, -1.8792528216793336e-05]
[7.99277808050114e-06, -5.947602340766744e-07]
[-7.5926484859323295e-06, -9.761505525729408e-06]
[-1.2916378301364162e-06, 4.750849158519088e-08]
[6.537167840714453e-06, 5.294101069905355e-06]
[-6.981024695318361e-06, -1.6241511574088818e-05]
[5.496837687690714e-06, -1.1878510968815759e-05]
[1.0718283782617036e-05, -1.3792553792302265e-05]
[2.6673590067249897e-06, -1.4882716770567295e-05]
[1.3050794625088513e-05, 2.962372578962924e-06]
[-1.6204063666563906e-07, -3.836780987975796e-06]
[-7.93345215641117e-06, -5.447193856755739e-06]
[3.9830814944630255e-06, -5.106928991804871e-06]
[-6.851113278028009e-06, -1.330175359386121e-05]
[4.4466538985932225e-06, -1.1553424292709558e-05]
[1.3370883675700718e-05, -1.387327714119646e-05]
[-1.8913451390600855e-06, -4.798447696963137e-06]
[6.344233981936398e-06, -1.3900063949301433e-06]
[7.8052103935633e-07, -3.345523724149202e-06]
[-4.394674996854864e-06, 1.3187364661382261e-06]
[1.327135751250097e-05, -1.36939936969116e-05]
[-1.8399822381276465e-06, -1.5024217079773194e-05]
[-5.20600235296223e-06, -1.1674947156196935e-05]
[9.915732339009845e-06, -1.246894338952087e-05]
[-6.0535360284844075e-06, -2.6004741577878576e-06]
[2.913592727304959e-06, -4.538409469900806e-07]
[1.4906862856073344e-05, 1.3041452925355301e-06]
[-1.7607479496639655e-06, -7.426986934136459e-06]
[6.6187797392869285e-06, -1.538914988985507e-05]
[2.5365954110512234e-06, -1.3191239232823726e-05]
[-7.568678780600635e-06, -1.4838393482818901e-05]
[3.946512360575305e-06, 6.534646543876477e-07]
[-2.7637058025442585e-06, 1.4040300338746814e-06]
[1.5627569897869176e-07, -8.037952923201086e-06]
[9.163496139608096e-06, 1.5456627067145234e-07]
[8.844802847005062e-07, -1.2985360265088675e-05]
[8.795753668730533e-06, -1.8641015792728033e-05]
[9.766177768683049e-06, -5.7849731248532654e-06]
[-1.6663637353239724e-06, -1.1090008708025678e-05]
[1.4489946395523923e-06, -1.1852873223194837e-06]
[-6.933260360275639e-06, 3.1556834730883665e-06]
[-7.211813347507423e-06, -7.789590548590297e-06]
[1.1180292100898548e-05, -7.314817182524358e-06]
[2.2329644734364607e-06, -1.5316892561678674e-05]
[4.908609174236744e-06, -1.1105018340507034e-05]
[1.4991627472815683e-05, -6.305504913983739e-06]
[-6.053413676543329e-06, -6.827770328121652e-06]
[-2.3879298937865e-06, 4.842345249500557e-06]
[5.507586117642349e-06, -5.592808799664839e-06]
[-6.285972382044647e-06, -7.705853091455328e-06]
[6.316669892973692e-06, -9.843719410984608e-06]
[6.51193071868339e-06, -2.170783513627539e-05]
[-3.658664972872039e-06, -5.728267246263297e-06]
[7.890298556467723e-06, -1.059906751255113e-06]
[2.620675498887781e-06, -4.433681042192994e-06]
[6.712183470147792e-07, 1.3078426550072741e-06]
[1.0189846194719188e-05, -4.242560247336158e-06]
[-4.748864077086523e-06, -1.1002151800054705e-05]
[-2.7465687867378463e-06, -1.4161169344949903e-05]
[3.2609900610658382e-06, -1.0474103363189435e-05]
[-4.446887959530521e-06, -9.740641595229471e-06]
[8.54284764043034e-06, -3.0826299646236066e-06]
[4.897183654439113e-06, 5.657689250485737e-06]
[5.63022211925307e-07, -6.515359661056486e-06]
[1.1744075560031486e-05, -8.601165442545522e-06]
[-3.1604781115524005e-06, -8.501895134072068e-06]
[-7.619496509292389e-07, -1.9914311951363395e-05]
[9.8872886529211e-06, -5.956302361567745e-06]
[-6.364151044935262e-06, -1.2416658914937706e-06]
[-2.5015652626025897e-06, -5.648674436503631e-06]
[3.373314062748989e-06, 5.413789315261708e-06]
[-4.502861543520531e-06, -6.752255064579327e-06]
[1.0571261785607966e-05, -1.4833869045396963e-05]
[1.1954808066344524e-05, -1.081744261655082e-05]
[8.150249220795214e-07, -1.1704983661126045e-05]
[5.178993083901351e-06, -9.379239705453735e-07]
[-7.129858996965388e-06, -4.326893558892486e-06]
[-7.448939928232645e-06, -2.5026885171336444e-06]
[7.27252142455892e-06, -2.793491667429926e-06]
[1.0286887942023704e-06, -1.3873369451355977e-05]
[7.702032690182214e-06, -6.258725834817902e-06]
[9.385362363723004e-06, -1.3003271546761785e-05]
[-3.4501127308406154e-06, -9.719953783904334e-06]
[3.082890457584142e-06, 4.695081277317215e-06]
[5.789304136083473e-08, -5.079572428484669e-06]
[-2.774210741018912e-06, -1.556802547875158e-06]
[8.556626816758062e-06, -4.934391531957738e-06]
[-4.308960429771913e-06, -1.723362811673068e-05]
[-3.714591523151789e-06, -1.074989523389136e-05]
[1.1416328922875252e-05, -7.416144549132753e-06]
[1.4040554945776718e-07, -4.964400397849955e-06]
[6.608887581457945e-06, 1.3097582716170564e-06]
[9.466728434617822e-06, 7.72186901254468e-07]
[-7.041638339477796e-06, -6.878888482303447e-06]
[2.936050388979705e-06, -1.4875999989949484e-05]
[-8.726058164931771e-08, -1.1681877359101533e-05]
[-3.869804884315542e-06, -8.77256034548246e-06]
[8.556641978962887e-06, -3.3670461264123652e-06]
[-2.450244490193043e-06, 3.0058727803067287e-06]
[4.449060930777904e-08, -5.613799138104447e-06]
[9.161538514323997e-06, -4.6730976238917865e-06]
[-7.017892380192098e-07, -5.472693005104112e-06]
[7.679194508801446e-06, -1.5800974163260317e-05]
[7.127905875863039e-06, -7.713945425605329e-06]
[-6.554845154778388e-06, -8.076169313558923e-06]
[2.4679286469986295e-07, -4.5259197130886886e-06]
[-3.7016148438234753e-06, 2.0541608867774563e-06]
[-2.1209174242420303e-06, -5.242516481068771e-06]
[1.4457223245112338e-05, -3.0489012680656735e-06]
[2.9059107737872125e-06, -1.2171826738266445e-05]
[1.4033062235574434e-06, -1.2811920257010945e-05]
[8.323908779583888e-06, -4.35708825413661e-06]
[-6.330260306053326e-06, -9.616752752836244e-06]
[-1.9770594378298867e-06, 3.788428301731983e-06]
[3.760126072033243e-06, 1.6786655541445317e-06]
[-3.877384949571572e-06, -1.0211073146526584e-05]
[4.84521745124436e-06, -7.579617997325802e-06]
[5.8943924533755646e-06, -1.6633245004010408e-05]
[2.0509226439854866e-06, -1.0264321883224348e-05]
[9.484160304884526e-06, 1.8954409946037032e-06]
[1.4299786001426007e-06, -2.9680255537734013e-06]
[-2.73414217244472e-06, -9.422230967739975e-07]
[2.086463582018361e-06, -3.1133111319525675e-06]
[-6.87997015502706e-06, -9.83923157688027e-06]
[1.650222023252823e-06, -1.1665614239902977e-05]
[7.493856047036118e-06, -1.0846586738111341e-05]
[-8.819698033013523e-08, -4.551699433738565e-06]
[7.815936562474701e-06, -2.9221110532939853e-06]
[3.981944343700583e-08, 4.2431390298580673e-07]
[-2.1433080342331268e-06, 1.379020743430548e-07]
[1.0679822375202208e-05, -1.092340860278651e-05]
[-2.097821519352061e-06, -8.83692545133874e-06]
[-6.98511636178234e-07, -1.1438240240246866e-05]
[6.964346154603174e-06, -1.1575142539632655e-05]
[-7.570825823310923e-06, -7.284541259089394e-07]
[8.721877575723624e-08, -1.147008176070885e-06]
[7.848308201108267e-06, 1.2439476528292026e-06]
[1.8888780539683125e-08, -3.7138685178850217e-06]
[9.807695750319034e-06, -1.079690009776757e-05]
[3.86611875791143e-06, -1.1399547765800211e-05]
[-6.017654045231691e-06, -1.167564049758818e-05]
[2.7367816693296687e-06, 6.50336072327562e-07]
[-3.994074723248642e-06, -4.404376566527479e-06]
[-2.3637139222321135e-07, -4.811898830642258e-06]
[9.272669394919109e-06, 3.056957148472872e-06]
[-1.4066251632915971e-07, -1.280634172208528e-05]
[4.967475702666313e-06, -9.080718722853653e-06]
[6.351598149823001e-06, -5.482956714084053e-06]
[-1.1852002682610774e-06, -1.34416900577361e-05]
[4.315252816633475e-06, 1.6128635710044303e-06]
[-2.2002625914563367e-06, 1.0063713349328651e-06]
[-5.893971074422133e-06, -6.163234712031063e-06]
[4.497966224259464e-06, -2.1480553627460652e-06]
[-2.431372074396254e-06, -1.0965625819592262e-05]
[2.9247162717238595e-06, -1.2251991587969302e-05]
[1.4773030579045415e-05, -6.334050393352886e-06]
[3.205300862316879e-07, -4.139090095146847e-06]
[1.3135137832860633e-06, 6.556218817427295e-07]
[1.8708968248515312e-06, -1.6683918176996215e-06]
[-8.364698439344842e-06, -3.2393942110964247e-06]
[5.129999996050794e-06, -1.175779318235426e-05]
[3.877889722336825e-06, -1.44586417587661e-05]
[-1.207768160038647e-06, -2.8947150580438397e-06]
[7.395212215821623e-06, -5.135696396235678e-06]
[-2.759677200092625e-06, -1.2590035916582032e-06]
[-4.811667408399778e-07, 1.5272965273038785e-06]
[9.083395315634402e-06, -6.556426974405061e-06]
[-5.14155710978903e-07, -5.174825188691834e-06]
[3.4988377646538726e-06, -1.0275682731791802e-05]
[2.3501056403765763e-06, -1.119687890438481e-05]
[-6.97116476752746e-06, -7.22608416307835e-06]
[2.8850530403787267e-06, -2.2919986161704098e-06]
[1.321739483734971e-06, 1.6496681098931987e-06]
[3.0293102945000427e-06, -3.984120375027933e-06]
[1.2353331243747379e-05, -2.385065322962898e-06]
[-1.8571074994477854e-06, -9.894653649837257e-06]
[-7.123748367865446e-07, -1.470504104283954e-05]
[4.602328126934729e-06, -2.8813748130795958e-06]
