[527.6157749164215, -897.0660555927974]
[12.130096415941438, -8.338701076991597]
[-8.920465101388402, 1.8057095775645848]
[-0.42650192703334255, 0.971005115640849]
[-0.8700348904010156, 1.2141076890690385]
[1.2825660838698099, 3.2914777793516876]
[0.5234136235832665, -2.3000949006144253]
[0.03310701436237906, -0.22645585160699966]
[0.0266453423712818, -0.18361692241554672]
[0.2560139246846641, -0.8379532221727857]
[0.31421463030011054, 0.0711912706133937]
[0.027391757821790874, -0.31592549082196514]
[0.14506544693479395, 0.19020464137210435]
[-0.018003809741095722, 0.4129895605467695]
[0.03940033210139421, 0.017987011634190253]
[-0.027274431834939605, -0.018012953175218338]
[-0.039555526665786545, 0.1655260275848427]
[-0.09038958586837964, -0.1672861351496593]
[-0.04721959602279213, 0.0664004572808139]
[-0.015164194759600846, -0.0432190438207769]
[-0.04924636424416917, -0.017326586849618852]
[0.0003118350612971721, 0.17474168158002712]
[-0.07828956168235379, -0.026574960930521918]
[0.03810470159085433, 0.048435357847446014]
[-0.017644510889177845, -0.028035597390696387]
[0.0068247832066656855, -0.06025860964510876]
[0.014772208615391608, -0.029341764889496247]
[0.00793308673821258, -0.04050743092523812]
[0.03861266241070105, -0.03126247987523101]
[0.014826856839825098, 0.039877608890313]
[0.00791914908329261, 0.012293748453497955]
[-0.0010678237591861262, -0.0007888035033669638]
[0.007064683678105865, 0.015320262948108732]
[-0.0037883994972063295, -0.024941455847528715]
[0.00598076048991647, 0.009766268949197965]
[-0.015549830653586755, -0.018605118142480337]
[0.009579839079606411, 0.004508609066068758]
[-0.004646891903043127, 0.0280667962644916]
[-0.010506423570830009, 0.006192062556968025]
[-0.0033131021788115333, 0.006509636952837683]
[-0.012492796465126688, 0.009640336559177953]
[0.003926713900110457, 0.0012133690227287275]
[-0.0037031383516268335, -0.0011577066504635525]
[0.004289359417378513, -0.003968155527902084]
[0.007552274129439596, -0.000671210297585989]
[0.002219112128791445, 0.008308735344407125]
[-0.005680111323748349, -0.003324407767252957]
[0.003919739004824813, 0.0015446244965052203]
[-0.008824543743136681, 0.0026119596182029303]
[-0.00047616450860221704, -0.004428930196142211]
[-0.0031656382069837896, -0.0035699336593388864]
[-0.001064409090730578, -0.004671643163997707]
[0.005803897800833013, -0.006592073338273607]
[0.0007013775618514018, -0.0004455958677276328]
[0.002856160462476609, -0.002594660936287241]
[0.002342412626378909, 0.0036322402789750186]
[0.0015473548578661678, 0.0009469255090591711]
[-0.002053338981037378, 0.00042577531717036265]
[0.005241264028994941, 0.0024697436660465755]
[-0.0041111765291624025, -0.004832653536321285]
[0.0035854755982626663, 0.000981721292586446]
[-0.0004490191157673351, 0.0013496286854932649]
[2.148051393335848e-05, 0.006216351891771055]
[0.0019513002270485913, 0.0022728424388426816]
[-0.004905886731264353, 0.004311331620726833]
[-0.002388047120239989, 0.003214366316711903]
[-0.0037448998291171876, 0.0017302780775914073]
[-0.0006100892221896359, -0.002858730919185426]
[-0.0015922689120735356, -0.0019963552131887496]
[0.0005356941974938856, 0.004700458285618048]
[-0.001186068164680698, -0.0017965968929867238]
[0.003863355302269167, 0.0020677889310297126]
[-0.0005815494265115628, -0.003196125213209]
[0.0005400826792847369, -0.0006632153581893618]
[-0.0014789060520682962, -0.0008273994873109203]
[0.0010638229025818902, -0.004756253930123688]
[0.0035141706376373705, -0.00015003807461688723]
[9.39029502466937e-05, 8.626888947826927e-05]
[0.001453296396321413, 0.0008713832205091698]
[-0.0006515731541312242, -8.753155209806351e-05]
[0.000817282763202698, -0.0007767701462962906]
[-0.000872799199326757, -3.226619153018362e-05]
[-0.0013635416392809852, 0.0011060119392996004]
[-0.0027357473516019803, -0.0008906094508481788]
[0.002094149012948132, 0.0004196244491521117]
[-0.0006950598045238898, 0.0017716605659827689]
[0.0007171626749846727, 0.0007825341360909732]
[0.00020752056476069924, 0.0004638020667356857]
[-0.000860893610653779, 0.0015063228289040609]
[0.0017666626979755407, 0.0019331825490578325]
[-0.001198480148843828, 0.0016416647341226387]
[-0.0003016959287651666, -4.664268439036334e-06]
[-4.294744475163981e-05, 0.0008153197778326682]
[-0.0003945852089375368, 0.00024355618431970427]
[-0.0011035973595001636, -0.0007787853113740972]
[0.0012290098352695233, -0.00035128208038931463]
[-0.0019835207019708867, -0.00020616483941215957]
[0.00040608607109104966, 0.0006631051074774685]
[-0.001191053892856564, -0.0015572102923746556]
[1.5810830760187855e-06, -0.00038931394417174303]
[0.0009076308758997342, -0.00144348605430622]
[-0.00014580660714358373, -0.001000377222045934]
[0.001623097136500995, -0.00031789988500374733]
[0.001252320605504842, 0.00021460556148689136]
[0.0015802379748395268, 8.371772356718932e-05]
[-0.00046733571028251264, 5.382951136256864e-05]
[0.0005600099043325812, 0.0006525450344367911]
[-0.0013426144777372584, -0.0010644669882752256]
[-5.1380500140196794e-05, 0.0005432241111801295]
[-0.0010690242496558255, -0.00015493592035409343]
[0.0001285903403582811, 0.002063133171580578]
[-6.807035630274072e-06, 0.0006951605235276936]
[-0.0005625437841079162, 0.00017519350670625045]
[-9.464996740859988e-05, 0.0016033286322150175]
[-0.0009619745278195424, 0.00027735961194963465]
[0.00024975895571044404, -7.830530285524162e-05]
[-0.0005457723530151171, -0.00021800463104176826]
[2.1911250867312493e-05, 0.0014176902377327494]
[0.0001958604806657771, 0.0002321313712942974]
[0.0009556826453198108, -0.0003161882577262798]
[-0.00013658862214471768, -0.0007089535136860503]
[0.0006823876172910026, -0.00014841587020142377]
[-0.001166905670758056, -8.529083522423875e-05]
[0.0006088191585371661, -0.001129739205107616]
[0.00029050267600672086, -6.679983363611086e-05]
[-0.0006622589753026986, 0.0001304308314971081]
[0.00021065945281861786, -0.00024054486164448718]
[-0.00036584743956846744, -0.00046020526129231243]
[0.0008025464249161729, -0.0007185326913646262]
[0.00013744578478103175, 0.00016219629745384267]
[-0.00011493507754889443, -2.9133798936431532e-05]
[-0.0005440737509408433, 0.00016204801203190122]
[0.0010053244811023543, 1.6109827602028837e-05]
[-0.00044617207433939043, 0.00014190242478995252]
[0.00030740273351953507, 0.0008208058527396922]
[-0.0002053829922550321, -0.00034177595848383646]
[9.372469294666175e-05, 0.001094614840755792]
[0.0006194246866484399, 0.000645186798299946]
[-0.0004943401295811611, 0.0007511107454403199]
[-0.00041923867748172583, 0.00040937309608546357]
[-0.0006856864193722778, -2.966626495332081e-05]
[-0.0003327019584382085, 0.00040118530888455517]
[-0.0006396112632904849, -0.0002120281472732799]
[0.00034552258368053534, 3.559732803287696e-05]
[-0.00042333657612808606, -7.920046778375767e-05]
[0.0005075228124846731, 0.0004373906194785615]
[-0.00011223309933539038, -0.0007917984217984397]
[0.0005973547715143468, -0.0002634503919012321]
[4.0399002461555256e-05, -0.00045849942850040293]
[3.53724968014113e-05, -0.0004013968932894407]
[0.0004819191748586249, 0.00016394791924945196]
[0.0002715395454280234, -0.00017252435501369234]
[0.0006862466037786952, 9.973514686573148e-05]
[-0.00047234209797772375, -0.0003274117685225786]
[4.912275615942541e-05, -4.377502917463083e-05]
[-0.000323369724097855, -0.0004058430828781656]
[-0.0001609352142639131, -9.123345987105402e-05]
[-0.0006182301092776399, 0.0002162020692619837]
[0.0001332410941233264, 0.0007159596636965304]
[-0.0002845069182955129, 0.0004155628037656456]
[0.00025466071289459435, -6.2246847938318695e-06]
[0.00011045145307875259, 0.0004903792364698845]
[-5.9181863485413544e-05, 0.00046126841184168654]
[0.00040713209755893764, 2.0509847781902124e-05]
[-0.00015810601931010027, 8.11792003970746e-05]
[-4.858958206394037e-05, 0.0007117946033412537]
[-0.00018912009613569758, 0.0003794210303754708]
[-8.519542917084788e-06, -0.0003371737123562535]
[-0.00042506343147621917, -0.0001169314488858042]
[0.0002652545934873629, 1.719086930251912e-05]
[-0.0006255987802968876, 9.023472252067677e-06]
[0.0004383126807585569, -0.0002883698787847777]
[1.673136140967202e-05, -0.00042848535558093204]
[-0.00016706282489309388, 0.0003432611044460465]
[5.269040344035858e-06, -0.0004698100086759638]
[-2.487757130120727e-05, -0.00029638028229639346]
[0.0005617796512651374, -0.00019499140751993993]
[0.00013362804446925836, -3.53701192739031e-05]
[0.00023385829178557138, 6.569638820963508e-05]
[-0.0001071427031226202, -0.00016553413828696018]
[0.0005253248008874889, -3.3548282405537755e-05]
[-0.00024490895197137874, -0.0001880352696961296]
[-0.00014094982685086688, 0.00043103194918270304]
[-0.0003401069538950807, -0.00010088170425492926]
[7.582170166609004e-05, 0.0006372975736290698]
[-2.627994106374487e-05, 0.00036408055550207763]
[-0.00013440920293206204, 0.0003099142676949995]
[-0.00026714319859455493, 0.0002922053707674621]
[-0.0002687908979406295, -0.00021971276538612639]
[7.934858901767483e-05, 0.0003580516985624005]
[-0.0002539493143950411, -3.166244832830678e-05]
[0.00016508679014509697, 0.00023714112691280986]
[-0.0001293836892910516, 0.000109787591134336]
[0.0002517892747784245, 0.0001535688798535162]
[-2.110175696640182e-05, -0.00013822601882385044]
[0.00044107970903439764, -0.000394122559681076]
[-0.0001939170897782283, -8.36272852882125e-05]
[9.879825242231632e-05, -0.00013158167092619522]
[4.6867278690410075e-05, -2.5737265467062898e-05]
[-1.2045403449123526e-05, -1.5791029261968959e-06]
[0.0001346891211779777, -0.00016233978235391522]
[-0.0004046358893984858, -0.0001458408408872014]
[2.676522512634616e-05, -0.00017613680861072734]
[5.174728348178448e-05, -0.00023531864511794343]
[0.000165346899036245, -0.00015067136343305254]
[-0.00019913716615183041, 0.000128678515396774]
[0.00024543531690124354, 0.00022649327750201564]
[-0.00011689179984442077, 0.00014772345378133434]
[0.00023714078947323358, 8.91252339290105e-05]
[-3.9882945944924586e-05, 0.00010113783533549636]
[-8.711800925986779e-06, 0.0005973429835839372]
[9.523841590053372e-05, -2.4198580166334693e-05]
[-3.404649391347547e-05, 0.00011266835707796075]
[-0.00012698405230304743, 0.0003602504024802222]
[-0.00028199001345219354, 0.00013508030555786643]
[-0.0001203080368249454, -7.961880651685682e-05]
[-0.00039678685688285253, -0.00012021338714629515]
[0.00013993136871603973, 0.0002737601673082901]
[-0.0002830869500620725, 8.411215821224616e-05]
[0.0002691317039538177, -6.552967964268408e-05]
[9.968675577409769e-05, -0.00031000862776586757]
[0.00015332577370452682, 0.00015509382222589352]
[2.2194207927483944e-05, -0.00029242229289516697]
[0.000175152013563995, -0.0002579420923418674]
[0.0002537365723598306, -5.4690338757712453e-08]
[-8.178930350599689e-06, -1.5309953705133772e-05]
[6.33785569074119e-05, 6.921286323824383e-05]
[-0.00017067573328133356, -0.00027569291168616505]
[0.00020074223211488662, -4.3300950590574594e-05]
[-0.00015940338762154838, -0.00021499456430662534]
[-0.00013176725544339352, 9.042772434275648e-05]
[-0.00017483476622892624, 8.687455705935765e-05]
[0.00016506673141014616, 0.0002096090905174819]
[-0.00012235603612698043, 0.00030769800706109685]
[2.0966312180625835e-05, 0.0001292779163460933]
[-0.0001447062227137863, 0.0001466667492868723]
[1.175287348109677e-05, 1.4326222471661154e-06]
[0.00015607625998298458, 0.00011442893244784091]
[-4.291537187317562e-05, 0.00015074962947103643]
[6.065085756601363e-05, 0.00015821487743278295]
[-0.0001355014688358136, 9.943182720328902e-05]
[6.698783215486337e-05, 7.898080478152547e-05]
[-0.00019956680682919892, 6.377301839943783e-05]
[0.00017597777146649562, -0.00021047740816515503]
[-0.0002543195435680268, 1.2187198831448143e-05]
[6.300984299678625e-05, 3.911989339400179e-05]
[3.478622140873355e-05, -0.00016135934902739013]
[4.185689353919386e-05, 4.487097134764362e-05]
[2.6107260364671703e-05, -0.00030638754071804497]
[-0.0001336087677667186, -6.5543105178811345e-06]
[5.585464010116059e-05, -0.00012294939272228245]
[0.0001518157829329958, -0.0001628002141862428]
[0.00021383057668813987, -3.286859313278434e-06]
[-0.00011895635212066935, -5.977157768988217e-05]
[0.00020314992554293365, 0.000120266053416751]
[-3.4170375888820104e-05, -0.00010471250397681153]
[0.00011676867606791319, 7.530673759781337e-05]
[-0.00012452822947883746, 4.977717650289648e-05]
[-7.576462990810384e-05, 0.00040338782555704444]
[-0.00011122201277846688, 9.56793784423482e-05]
[3.3083205697170825e-06, 2.1023628385852255e-05]
[-0.00016639688127259578, 0.00021444963744920997]
[-0.0001637016284962156, 4.172945016589491e-05]
[-7.76845185185282e-06, 6.779543311186131e-07]
[-0.0001418236194685174, -9.175724961552056e-05]
[0.00017953482389398978, 0.0002948153326871594]
[-0.00011367956927738065, 0.00013786918928260228]
[0.00014097260620626884, -1.787262109831378e-05]
[1.6175309602184385e-05, -0.00010035118697770962]
[0.0001530628847117299, 8.380451885114937e-06]
[-5.3025824844343816e-05, -5.373711360201483e-05]
[0.00012681855427842947, -0.00022410731533528683]
[7.378008115388468e-05, -2.2048643230909715e-05]
[-4.740908223041518e-05, 6.227794980961932e-05]
[-6.124686488184761e-05, -9.970284916427374e-05]
[-0.00013780419995751414, -0.00016980948881117897]
[4.248119045660581e-05, -8.870363136115333e-05]
[-7.167419306330913e-05, -0.00010847823658333144]
[9.47705757176065e-06, -8.23749262290896e-06]
[-3.288552483571294e-05, 5.4991199839760085e-05]
[0.00027630120785926415, 6.1005060408403367e-05]
[-5.175036760718399e-05, 0.00013606726355375187]
[6.366419328829309e-05, 7.29346762817773e-05]
[-6.574162417166685e-05, 4.3973612660952455e-05]
[3.2297580409013094e-05, 0.00015780864983466758]
[1.1668561989808257e-05, 1.2942716370978324e-05]
[-4.337034568291376e-05, 0.0002073344224691187]
[-8.762731635192367e-05, 8.052250402801331e-05]
[-0.00012827696857772852, 2.4813266155887526e-05]
[1.3510408115147143e-05, 6.895119474897848e-05]
[-0.0002078711381403031, 3.747621633687359e-05]
[0.00010946661971455995, 2.9552960166046027e-05]
[-0.000179704529787994, -1.2586111886925266e-05]
[6.443495265728849e-05, 0.00014203460027673032]
[6.84636835361907e-05, -0.00011707564258467418]
[8.988368080120601e-05, -2.8373021183414338e-05]
[2.5393349503133322e-05, -0.00020930135699237518]
[4.096009903090114e-05, -3.6543697685798016e-05]
[5.6530221492934185e-05, -3.130324759331726e-05]
[0.0001319040878676736, -0.00012934822375271215]
[7.589723459430764e-05, 1.8560354444807636e-05]
[-0.00015210325310688333, -8.590866959523602e-05]
[5.307304376456212e-05, 5.035238415729282e-05]
[-4.0917939985618546e-05, -0.00016700614885178933]
[7.038107165757701e-05, 2.1478822292753108e-05]
[-0.00011913977907007656, 7.053654340016813e-05]
[5.700521030771455e-06, 0.00016185417662628598]
[-8.826092891922599e-05, 0.00014375460899529457]
[6.824234746005686e-05, -5.85164504227631e-05]
[-0.0001119792109455231, 0.0001363010365514894]
[-7.614426222135595e-05, 8.705295445299299e-05]
[3.0478823885460304e-05, -1.876197100220134e-05]
[1.7652859828964917e-05, 3.8844117556169344e-05]
[0.0001208669917729388, 0.00016233745437504998]
[-6.920199939480787e-05, 0.00016109193690350132]
[4.860644879589593e-05, -2.3848030264450593e-05]
[-9.396822466212207e-05, -3.2068700554832574e-05]
[8.896205400898971e-05, 3.404785804006494e-05]
[-0.0001410638965797517, 2.70907393180031e-05]
[2.0925832515672482e-05, -8.958304843020848e-05]
[1.6072105478492915e-05, -8.238086727102578e-05]
[-1.5401566465900185e-05, 9.121379691784393e-05]
[-3.2772041924922224e-05, -0.0001787336957692065]
[1.1550687158412565e-06, -0.00011186319793748956]
[2.95645868334804e-05, -8.912804811900266e-05]
[3.82795039566286e-05, -3.444123964485568e-05]
[6.450715997752265e-05, 5.902790147116477e-06]
[-1.1699573456258605e-05, -3.241999025505038e-05]
[0.0002246989303789082, 6.524270432772816e-05]
[-6.039560939563593e-05, -2.785868596544283e-05]
[3.976673583228063e-05, 5.7529403683476144e-05]
[-4.5287516384939774e-05, -8.821970450600958e-06]
[1.4298971483750478e-05, 0.00013463877422192905]
[-8.670329106294505e-05, 4.6453673554935904e-05]
[-6.728708531589245e-05, 0.00010491774896487227]
[-0.0001388339695012064, 8.886046462247554e-05]
[-7.762382361489739e-05, -1.150333427735184e-05]
[1.596019889804623e-05, 5.41488948877511e-05]
[-8.860913852587471e-05, 5.3052308427892214e-05]
[0.0001225073081139172, 0.00010534276201512593]
[-5.484830707258581e-05, -4.669115329702933e-06]
[8.514798986003491e-05, 0.00012539210927564604]
[2.420351015164357e-05, -2.899735643491219e-05]
[6.913120637608294e-05, -6.806326234731763e-05]
[-4.658206733765269e-05, -7.473720463457845e-05]
[3.763515565330389e-05, -5.260388820965689e-05]
[1.538429706587907e-05, 2.006174748087064e-05]
[5.9852490766232336e-05, -9.565266316258203e-05]
[-1.8428224046546093e-05, -6.386982365635951e-05]
[-0.00010682741906431481, -2.7812680750138874e-05]
[-1.9150682224633453e-05, -4.302031913616666e-05]
[3.467690808500734e-06, -0.00010377006767181562]
[7.561260053545737e-05, -1.3723164398182774e-05]
[-8.252083882376304e-05, 7.565520632568656e-05]
[0.00010623298748368981, 6.274423859803369e-05]
[-2.5787727330806032e-05, 4.934581334614663e-05]
[0.00011470253080814174, -4.126062273862585e-05]
[-5.275099109869341e-05, 4.0887982295789715e-05]
[-5.6757736903750855e-05, 0.00012446168428392745]
[-2.5098090492559066e-06, -2.2210326470539776e-05]
[2.2985467770519907e-05, 9.644488431315157e-05]
[-1.1748835585745354e-05, 8.770398498803011e-05]
[-8.933259627091905e-05, 0.00013209885222265072]
[-1.3526905845662185e-05, -1.0994671380437637e-05]
[-9.187016333034315e-05, -3.352286186464326e-05]
[8.474566460336952e-05, 9.543034776893222e-05]
[-0.00011835376751800908, 1.2501813297594033e-05]
[4.974610736896423e-06, 3.2173636056231913e-05]
[1.3545522770108676e-05, -0.00010351701456307039]
[3.0114276586695743e-05, 7.125018923254123e-05]
[-8.64750809886905e-06, -0.00011002037867657855]
[6.813319763754322e-05, -0.00012456863978349553]
[3.4236637595719266e-05, -2.3242603139017604e-05]
[8.079196238064412e-05, -3.2265993489100087e-05]
[4.03824045207557e-05, 5.988036504422922e-06]
[-3.192870758272903e-05, -7.164150124605584e-05]
[8.754482255790563e-05, 3.057166391484678e-05]
[-8.782714851074402e-05, -5.343656464318336e-05]
[5.786818874975452e-06, 2.092949988996562e-05]
[-5.097306929305323e-05, -1.6588089812863416e-06]
[5.168415500800272e-05, 6.230678852675586e-05]
[-8.661353953126616e-05, 6.535451974554185e-05]
[-1.4499047819638289e-05, -6.397674977010048e-07]
[-7.072156188286938e-05, 7.340578258108188e-05]
[-1.901468421627861e-05, 5.143005060825878e-06]
[2.200138903818427e-05, 2.9405794508552408e-05]
[-1.654495828729008e-05, 0.00011480235274019535]
[7.346885469150521e-05, 7.853761660159275e-05]
[-1.1989932677813897e-06, 4.420225477641537e-05]
[4.790858212033733e-05, 5.261551799518038e-05]
[-4.1209631687300075e-05, 1.7160777592895027e-05]
[3.9591893771451225e-05, -3.993102733890197e-05]
[-0.00010604102702282958, -4.189391379522123e-05]
[2.4517142695745786e-06, 1.4353616898221677e-05]
[-2.169312499922249e-05, 5.0837818421356484e-06]
[1.177453232864556e-05, -4.069042778603871e-05]
[-3.011992073319314e-05, -0.0001113512450147125]
[-1.3711185234299705e-05, -5.028515092542207e-06]
[7.50613655337018e-06, -5.9287979203404007e-05]
[7.777506167827575e-05, -7.061834992927452e-05]
[8.455443165833465e-05, -1.980769344278599e-05]
[-4.864742695542823e-05, 5.1974031642476604e-05]
[0.00010437074780278444, 4.221322900677116e-05]
[-2.6742122745671004e-05, -5.141936553498816e-05]
[8.130179530851933e-05, 7.618347960147709e-06]
[-5.764313534815935e-05, -1.867959150425591e-05]
[-4.722588885752721e-05, 0.00010578507931879866]
[-3.542801220030034e-05, -5.21983957946226e-06]
[1.2323421366505771e-05, 4.588293512519659e-05]
[-7.21455199126364e-05, 8.741224862723884e-05]
[-9.02920091788717e-05, 6.709661829962243e-05]
[-1.8424721627052776e-05, 2.5494266574610513e-05]
[-2.3664466078932023e-05, -6.223975700159201e-06]
[8.7184850857569e-05, 0.00010245430471367278]
[-4.2650869096050315e-05, 2.9569824686576096e-05]
[2.2784830887578877e-05, 4.52179693979371e-05]
[1.4188852595076185e-05, -7.555777069923053e-05]
[5.513376831711714e-05, 2.7967826182612177e-05]
[-4.9723982321003835e-05, -2.380285796091397e-05]
[4.218813916501141e-05, -0.00010268254880807515]
[-6.615015871777596e-06, 1.943774303314605e-05]
[4.6269961100131596e-05, -2.1511884175290374e-05]
[2.6065852893886188e-06, -2.1546740383016072e-05]
[-3.126405381226327e-05, -6.768391942280072e-05]
[1.5416831008918663e-05, -3.830678855376579e-05]
[-4.263053720077181e-05, -1.1252594648736292e-05]
[1.7542528234937294e-05, -2.588860723382047e-05]
[-3.182659734562998e-05, 2.0981109296158706e-05]
[8.696435450028517e-05, 2.639138082272119e-05]
[-6.37138339421861e-05, 3.055108978375354e-05]
[3.6636725226690814e-05, -1.2785346082899718e-05]
[-8.51908271803925e-06, -2.1069055866629327e-07]
[1.2823956638319256e-05, 4.8227736444306224e-05]
[5.071993460781243e-06, 2.458241482039547e-06]
[-1.2188634164189693e-05, 0.00012189555744446245]
[-2.750780283111709e-06, 6.306381365606128e-05]
[-1.9312630461731928e-05, 5.225995964885932e-05]
[-1.6320622576171395e-05, 2.7679268495672815e-05]
[-6.95920727409316e-05, 2.6815665101098674e-05]
[2.907045449165868e-05, 1.2214693073109295e-05]
[-7.657445856834588e-05, -5.023912511453732e-05]
[1.4510814977108932e-05, 6.747667748044361e-05]
[-1.636079807527946e-05, -2.189198367180678e-05]
[2.2126458772919744e-05, -5.904456290006799e-06]
[-2.6744027047054253e-05, -9.078496573122763e-05]
[4.4115750662099273e-05, -1.5519616070491793e-05]
[2.226104911001725e-05, 2.668158398888565e-06]
[8.521789716153805e-05, -7.970633803533467e-05]
[6.309406551752161e-05, -1.3340387416405086e-05]
[-3.7241614661343014e-05, 1.703120277918302e-05]
[4.726671748045419e-05, 8.333440178476259e-06]
[-3.763784063209874e-05, -7.54780420205714e-05]
[2.283697452232225e-05, 1.7052537408246415e-06]
[-7.206951762250835e-05, 8.066431615716407e-07]
[-1.9446511885762297e-05, 5.7982046729743164e-05]
[-4.2539181522915914e-05, 3.188686439614674e-06]
[4.2614403860233296e-05, -4.481544734091791e-06]
[-4.927573551261055e-05, 6.748302382977855e-05]
[-4.592378165718669e-05, 3.159917673589696e-05]
[1.526183061062447e-05, 3.185859849907935e-05]
[2.7249489205072308e-05, 4.0514486378873116e-05]
[5.222796561532572e-05, 7.903896544525502e-05]
[-2.050925302810036e-05, 6.67081902037403e-05]
[-2.5605491351804455e-06, 1.1849635776273182e-05]
[-7.875111053934347e-06, -3.052937643810427e-05]
[4.35836804432016e-05, -1.1323872534108048e-06]
[-8.657862600833233e-05, 5.3695793268138114e-06]
[1.0392899328637295e-05, -3.504324915504231e-05]
[-3.527774112051241e-05, -4.722120365951987e-06]
[2.214946286516195e-05, 2.1921207568331713e-05]
[-1.7781948768225142e-05, -4.53720450721562e-05]
[-4.812200258053068e-06, -4.773842186545085e-05]
[1.452792699696559e-05, -5.499672508724185e-05]
[2.6608776939718304e-05, -6.749298844255236e-07]
[5.499609294767893e-05, -3.221718471513313e-05]
[-4.419774117581099e-06, 3.899840693932788e-06]
[7.652897896981425e-05, 1.2418119549439943e-05]
[-5.309459862816446e-05, -1.1249287575121336e-05]
[2.3430616152370076e-05, 8.112927663533887e-06]
[-9.869744851953577e-06, -4.881506730947116e-05]
[8.004082792376077e-06, 7.014385677850399e-05]
[-3.331411673768159e-05, -3.3529416886834973e-06]
[-6.793181532904757e-06, 7.028721490698331e-05]
[-3.261257476072643e-05, 6.196387601264952e-05]
[-2.25551752486286e-05, 1.5872343497314034e-05]
[-3.0785110513353864e-05, 4.461146903378399e-05]
[-5.1891866780007234e-05, 2.756454211122472e-05]
[3.186774949102966e-05, 4.8758033860396566e-05]
[-1.703017835719134e-05, -2.472761420935221e-05]
[2.2944469025426573e-05, 5.435621198568441e-05]
[-4.029214462346331e-06, -6.92853387299075e-06]
[4.133670631301101e-05, -1.670199406100803e-05]
[-3.727711345695439e-05, -4.795948928393301e-05]
[5.306544307326355e-05, -1.650145305828743e-05]
[-1.0060281109725011e-05, 4.480798657358065e-05]
[3.807257738008829e-05, -5.951177457463874e-05]
[1.7221468164851927e-05, -2.593580613252655e-05]
[-3.721589617511345e-05, 5.513144529789571e-06]
[1.2091735031916073e-05, -2.872427741391903e-05]
[-1.599728669278433e-05, -5.918217886080601e-05]
[1.541230081758549e-05, -3.4136071879298235e-05]
[-4.2106246667741876e-05, 3.658943427807537e-05]
[1.7908069205714583e-05, 1.760252066822232e-05]
[-2.8224791848163733e-05, -1.0457717158018909e-05]
[5.868210290786713e-05, -3.816192324590517e-06]
[-2.4184874349408858e-05, 1.7252063620173952e-05]
[-8.695978913009217e-06, 4.6292870370390204e-05]
[2.20262491059664e-05, 1.4020227789846018e-06]
[4.179526897885033e-05, 6.390746984974438e-05]
[5.046764537386395e-07, 6.0530505886280395e-05]
[-4.111571311704587e-05, 5.788275375545604e-05]
[-3.620981418445135e-05, 1.1121208672193461e-05]
[-3.2470988405641776e-05, -9.20855240460483e-06]
[1.9967157062275587e-05, 1.0415805897959207e-05]
[-7.666558983457361e-05, 6.945307621714081e-06]
[6.321151565569227e-06, 1.744441371331895e-05]
[-1.3552770554939308e-05, -3.2756642977305184e-05]
[4.0371742294542656e-05, 3.8366473247397614e-05]
[-2.0981200524516908e-05, -4.087722147894102e-05]
[2.822713887318251e-05, -3.233523488110901e-05]
[1.3236945644923281e-05, -2.2785280075821035e-05]
[4.818077709700663e-05, -1.2732979090657182e-05]
[5.4867222748278266e-05, -7.378774647473496e-06]
[-1.1540949633154218e-05, -3.121875913147942e-05]
[3.7141965363751694e-05, -5.921526611163408e-06]
[-4.328830790131799e-05, -2.946135520731641e-05]
[-4.954214410581026e-06, -2.355065544426549e-06]
[-1.9763650384641007e-05, -3.674017584726075e-05]
[-2.295927070822268e-07, 4.6211978950383426e-05]
[-5.388797608119056e-05, 1.6087862817190657e-05]
[1.7808391594320572e-05, 2.101183754066316e-05]
[-2.0557793940501057e-05, 4.08763558275016e-05]
[9.16666095518437e-06, 2.822361234611215e-06]
[-7.789520763634705e-06, 3.9484547697199446e-05]
[-1.2479859366587576e-05, 3.8221803654925335e-05]
[3.1138938495989255e-05, 5.0469321552948365e-05]
[3.8913775159965525e-06, 1.194892483635801e-05]
[-4.432304515279706e-06, 2.3531235253046456e-05]
[-2.6542736599282496e-05, 2.322969456528684e-05]
[2.7629677931018115e-05, -2.7773077948767266e-05]
[-4.765202034476279e-05, -1.798699079935684e-05]
[3.75078956051933e-05, 2.421448352649125e-06]
[-3.2080629598585375e-05, 3.287966349707627e-05]
[1.2892910601358665e-05, -1.1638752199782942e-05]
[-9.879609764285036e-06, -5.6435973025736885e-05]
[-1.4790328375480222e-05, 1.674535524054388e-05]
[4.692522604710092e-06, -3.351975581498273e-05]
[1.3679736969814116e-05, -4.613629823169152e-05]
[3.8315404716771084e-05, -3.835092471565771e-05]
[-5.6296990733339936e-06, 2.870845343706796e-05]
[3.850611909422472e-05, 4.76123998545408e-06]
[-1.3442875324676251e-05, -4.214590625573056e-05]
[3.4902276137911e-05, 6.808660106938369e-06]
[-2.231751085668421e-05, -1.0493905657417424e-05]
[-8.307636620130676e-06, 5.757168486519859e-05]
[-9.450440992431197e-06, -1.4252070522191573e-05]
[3.8330682331055854e-05, 5.1925574718669765e-05]
[-3.611916050638708e-05, 5.2784307765341154e-05]
[-3.955531469079787e-05, 1.7943690527932876e-05]
[-2.9352246194550707e-05, 2.5734690542345007e-05]
[-2.2594972380884926e-05, -6.17307480166307e-06]
[1.6958605817945366e-05, 3.6131890792948096e-05]
[-4.532805659053507e-05, 1.3787369014871959e-05]
[7.524493844168756e-06, 2.9694105523392356e-05]
[1.0515474203210556e-05, -1.6986642468741486e-05]
[4.9936483596191295e-05, 1.1718136754490516e-05]
[-2.653555976778188e-05, -9.10873313331173e-06]
[4.000018074812317e-05, -2.533720302422271e-05]
[-4.532733314022153e-06, 9.77719092576379e-07]
[3.231899832611962e-05, -6.657532474974026e-06]
[1.607550248095002e-05, -5.215440662311582e-06]
[-3.267943147562159e-05, -3.2403861808694145e-05]
[1.4558765226713177e-06, -3.007626218465287e-05]
[-2.346364059337136e-05, -2.44463854864041e-05]
[1.116074090392466e-06, -2.0915884219374625e-05]
[-4.00581366599706e-06, -1.4837866857908555e-05]
[1.584727810708536e-05, 9.893214032330455e-06]
[-3.6423277777863916e-05, 2.309708260581078e-05]
[3.5394957641043945e-05, 2.4091603859632826e-06]
[-3.967353866318746e-06, 4.926290916862364e-06]
[2.503979675849699e-05, 2.5391912240380066e-05]
[-6.866180288667145e-06, 1.403025504154165e-05]
[1.2306523954341841e-05, 5.2460974842448785e-05]
[9.808911248245303e-06, 2.971729688006075e-05]
[-4.333466130157504e-06, 1.979740026331056e-05]
[-3.3559287279973093e-05, 1.527372574848529e-05]
[-5.4785014258233386e-05, 2.3274845529926667e-05]
[1.060616431491912e-05, -4.771017793225862e-06]
[-4.141680612945557e-05, -6.858879634807913e-06]
[2.0211710239914638e-05, 2.837243346916901e-05]
[-2.0702249563797626e-05, 1.4659658437943257e-05]
[2.2098050269980796e-05, 1.2157596658179948e-05]
[-3.948826366340086e-06, -6.31168135204474e-05]
[2.4331844582281548e-05, 1.5513866389649245e-05]
[1.4738991716001237e-07, -1.1441945603690891e-05]
[2.4451469762541353e-05, -3.872829260498367e-05]
[3.525893710676353e-05, -2.1601685515626468e-05]
[-4.686979197318988e-06, 3.4154330992644533e-06]
[2.3053887792721592e-05, 5.935764316806341e-06]
[-1.486115545046296e-05, -6.40187090086286e-05]
[6.752669808818279e-06, -2.106002177981736e-06]
[-1.7065065222587883e-05, -3.926532909667366e-06]
[-8.355516723068668e-06, 3.365974149149853e-05]
[-2.8801410518308757e-05, -2.20734633726849e-06]
[3.6731762379393906e-05, 2.041564046650901e-05]
[-4.167308591868091e-05, 4.7141765500136046e-05]
[-1.2617804576953162e-05, 5.07928013100678e-07]
[-5.221842379986644e-06, 1.6821898475849473e-05]
[1.0350736359798773e-05, 1.1698600962395389e-05]
[1.9430238132399184e-05, 3.578656949441029e-05]
[-2.3786630629293176e-05, 2.3645793488590028e-05]
[-4.387610532119446e-07, 1.8715259746948654e-05]
[-6.302932475440309e-07, 1.0093920440601423e-05]
[2.864365787236256e-05, -7.226487010037266e-06]
[-4.368929410253353e-05, 1.7917362977848406e-05]
[2.456472881329219e-05, -8.137487013226696e-06]
[-1.2191053611498859e-05, 3.144992323234064e-07]
[1.8429143867071396e-05, 1.1932370166944928e-05]
[-9.72116479858176e-06, -2.822468269154943e-05]
[-2.258204540031214e-05, -9.379066499004551e-06]
[-1.0351807926911594e-05, -4.563667929874393e-05]
[5.889565812690345e-06, -1.2298005483857288e-05]
[1.9730768097275808e-05, -1.4938842748810771e-05]
[9.53134121595145e-06, -1.6252887863832388e-05]
[3.121386525214119e-05, -9.358769781364629e-07]
[-1.3779555997350812e-05, -1.4782567063914565e-06]
[3.183183635740994e-05, 3.6536960021926745e-06]
[1.0048446157373547e-06, -2.2574458037216694e-05]
[1.1771074681754534e-05, 3.542665710476456e-05]
[-2.85394652879134e-05, 9.309810442559296e-06]
[1.4183843309423239e-05, 4.4495334747811366e-05]
[-1.9917503359945243e-05, 1.7479116283025675e-05]
[-8.283216959559248e-06, 6.7905265766499134e-06]
[-3.728556079584007e-05, 1.913406001310264e-05]
[-4.518729604623822e-05, 9.528198275751687e-06]
[1.883631708304856e-05, 1.9801977724664965e-05]
[-1.6699757037254293e-05, -1.0551332270125613e-06]
[1.1730853107683181e-05, 4.076380616267056e-05]
[-9.199855007302471e-06, 1.7760981575798418e-05]
[2.847967688401898e-05, 5.723463449736066e-06]
[3.5470357995226465e-07, -3.29484744319708e-05]
[3.810281409366567e-05, -6.108424810413737e-08]
[-1.1587198516682662e-05, 1.1797484567518945e-05]
[1.6140493371057107e-05, -2.772603715467392e-05]
[1.0700029680676959e-05, -2.426186384951734e-05]
[-1.531052051178053e-05, -1.7141161826744744e-07]
[-8.867667468076545e-06, -4.526940643248545e-06]
[-1.6461559760760913e-05, -5.346265352013102e-05]
[7.931227735784308e-07, -1.6689211674525417e-05]
[1.5110416473618216e-08, 9.396927544313982e-06]
[1.3615431721014648e-05, 7.942248528847173e-06]
[-1.8479557392980794e-05, -1.083692684922255e-06]
[4.1648001729122086e-05, -2.8218483371644787e-06]
[-2.3290053631830343e-05, 3.0390558723891736e-05]
[4.70026929655365e-06, 9.780595259911706e-06]
[-1.3230632286628796e-06, -4.1408939194798045e-06]
[2.385074381555663e-05, 3.726780940743746e-05]
[-1.3355373356914446e-06, 1.9890174133029015e-05]
[-1.914575587506906e-05, 2.467934900303448e-05]
[-1.3507748952534815e-05, 5.9143229319547075e-06]
[-1.9168510014516693e-05, 1.4579276592097123e-05]
[9.882643041914108e-06, 4.768028541150826e-06]
[-4.938143154969987e-05, 1.7532864542202375e-05]
[1.0382144884801825e-05, 2.2636355199390223e-05]
[-3.2077576505029626e-06, -4.557674300242898e-06]
[1.5751835386823565e-05, 2.0665155304300242e-05]
[-1.0030258740134634e-05, -3.3648159620904006e-05]
[7.661904710076772e-06, -2.224908283499083e-06]
[-4.1815328775673954e-06, -3.6872420546119056e-05]
[2.8437371829767577e-05, -1.0864728040592408e-05]
[1.8443962887540466e-05, 2.911651602460763e-07]
[3.2304923012760334e-06, -2.260500150935707e-05]
[1.6607825150748157e-05, -6.601916804349628e-07]
[-1.1049074276736626e-05, -2.4142563695463137e-05]
[1.453811191676202e-05, 6.030183052896376e-06]
[-2.3629858896256906e-06, -2.8474211300366647e-05]
[4.24080259475712e-06, 1.642696488612927e-05]
[-3.554120487009316e-05, 2.200389935236302e-05]
[1.827857479297368e-05, 1.4437405650685742e-05]
[-2.6844777616719107e-05, 1.5880342136009862e-05]
[-1.6103929292854424e-06, -2.669896149998241e-06]
[-2.4464908952987613e-05, 1.8113363241020752e-05]
[-1.363726430467227e-05, 1.637038269651503e-05]
[2.6913412957074723e-05, 1.4760465392560373e-05]
[6.419180385526524e-06, 1.2966060843666583e-05]
[2.4767242020606872e-06, 3.0268299057445436e-05]
[-1.5363899888876098e-05, 2.478922620374746e-05]
[2.0633888575427584e-05, -1.1941937336779063e-06]
[-1.362305393348695e-05, -3.6830779649443812e-06]
[2.058121645481803e-05, 2.8339589676074084e-06]
[-2.437351969886148e-05, 1.803771679607935e-05]
[2.776742153848266e-06, -9.568734126275125e-06]
[-1.134589479978576e-06, -3.99847760372829e-05]
[-6.2856104329489515e-06, 6.830827971947284e-06]
[-2.1754265596668487e-05, -1.9050026715844437e-05]
[1.55220879222151e-06, -2.980582021142042e-05]
[1.009119905911321e-05, -2.0545114719827673e-05]
[1.5491375165432864e-05, 1.1660249950681822e-05]
[2.7924295580350478e-05, 6.399639380982869e-06]
[-9.633091404004368e-06, -2.1257394403062513e-05]
[3.766387029813245e-05, -5.250537226386687e-06]
[-7.576188332192313e-06, 5.129822718941135e-06]
[5.311552733533453e-06, 1.723262314749785e-05]
[-1.4135142006939383e-05, -1.2435299531876609e-05]
[1.5325606635419042e-05, 3.590060943053919e-05]
[-2.8058899555885586e-05, 1.862418940867805e-05]
[-2.0368680517801607e-05, 1.253755635624576e-05]
[-2.0172108317006998e-05, 2.4488367353914242e-06]
[-1.5671392557772834e-05, 1.106190320276923e-05]
[1.0346110201120418e-05, 2.055718911125881e-05]
[-2.7099100106509066e-05, 9.352514724447758e-06]
[1.2798433996263903e-05, 3.800011641375001e-05]
[7.876362167591466e-06, -9.170940512559511e-08]
[1.5185320626331933e-05, 1.5658333335721863e-05]
[-1.3954735852306221e-05, -1.3744154824163468e-05]
[1.978517615825598e-05, -7.998599264202877e-06]
[-3.804226498538288e-06, -1.1686634703633736e-05]
[2.5065906335802746e-05, -1.5148461768380028e-05]
[1.969841173142528e-06, 1.8387939926395314e-06]
[-6.338790736581945e-06, -1.7239440191274547e-05]
[-7.880139836123623e-06, -1.4463006267284584e-05]
[-7.667652856313545e-06, -1.9679930503155307e-05]
[1.5692151000834542e-06, 2.946297547046228e-07]
[-1.7664543972006896e-06, -1.5746237826408382e-05]
[1.4808331500359984e-05, -4.293286264833718e-06]
[-2.3607148332716044e-05, 2.1811751565792292e-05]
[3.208158930367855e-05, -4.6810531049712445e-06]
[-1.2438592966214357e-05, 2.0724073143685295e-06]
[5.849641515620618e-06, -6.85380721093809e-07]
[-1.2891953243082677e-05, 1.0465998397213294e-05]
[2.9654060680686656e-06, 3.25343230321018e-05]
[1.1392820581102026e-05, -8.056814426726788e-07]
[7.0009261415454604e-06, 2.4441299376620762e-05]
[-1.617974311018955e-05, 1.5883841983865832e-05]
[-2.3980506867249396e-05, 2.208279120574641e-05]
[1.2632142502688737e-05, 2.98869115045175e-06]
[-1.9372251782834304e-05, 1.812209302898271e-06]
[5.496196655685459e-06, 2.588235236811176e-05]
[-2.516722039180852e-05, 8.457829963434693e-06]
[4.5825333446630756e-07, 8.242458526819263e-06]
[9.503753400919024e-07, -4.014979205926861e-05]
[1.1517933037233363e-05, 4.041812734015271e-06]
[-1.7141945215827514e-05, -1.272102152877208e-05]
[2.161330682909357e-05, -2.1445743783876647e-05]
[1.748301075092662e-05, -1.3530641198022941e-05]
[1.9028538765009095e-05, 3.9795952981591665e-06]
[1.4189610673565056e-05, 9.53847730666979e-06]
[-1.4122178922715278e-05, -3.310913026877138e-05]
[1.790241950028193e-05, -4.4830360703129735e-06]
[-5.74638028194574e-06, -5.962960082039892e-06]
[4.192348829645809e-06, 1.1610958450952724e-05]
[-2.4102539010528723e-05, -8.503847755247929e-06]
[1.4398327063125382e-05, 1.0371257657432187e-05]
[-2.9178342058844287e-05, 2.3600819226976544e-05]
[-1.2435474805880253e-05, -1.9981676014635408e-06]
[-1.23168302734733e-05, 2.2453084847495752e-06]
[-7.058690299488468e-07, 1.7905682288321678e-05]
[1.1823200893545938e-05, 2.138099652089498e-05]
[-9.172071115948199e-07, 1.556275046898925e-05]
[1.0872798643757342e-05, 2.5112002160154745e-05]
[8.342865665089683e-06, 1.1346934587874724e-05]
[9.228610253597669e-06, 6.5757092235774195e-06]
[-2.7112549514041184e-05, 2.146684023610068e-06]
[1.2887610894213308e-05, -1.5429670839894882e-06]
[-1.3490704023400024e-05, 2.0957754368056136e-06]
[5.878164121439489e-06, -6.562060172299322e-06]
[-1.1776476938438196e-05, -8.064872017418678e-06]
[-4.218952670997922e-06, -6.09575120200101e-06]
[-1.2551101213800764e-05, -2.7984509979539496e-05]
[1.1381943435306852e-05, -7.990336932661712e-06]
[4.159807648229652e-06, -4.707240821577585e-06]
[8.344212309885357e-06, -3.518703271532253e-06]
[2.3355743186237454e-05, -1.103770903559953e-05]
[-1.2889431218715552e-05, 5.676972681056824e-06]
[3.20907873900822e-05, -7.539279889418049e-07]
[-5.622492462817319e-06, -2.0360660637486205e-05]
[5.946315441207606e-06, 5.170467941434387e-06]
[-1.216286968266922e-05, 2.9786150792104893e-06]
[4.812301812075204e-06, 3.1300879175827356e-05]
[-9.74133641540309e-06, -4.075934703307027e-06]
[-4.104263992971147e-06, 1.5786982382470782e-05]
[-2.7537143439726464e-05, 1.6664112199887837e-05]
[-2.067366150859673e-05, 1.5571495345922948e-05]
[1.1151793264940757e-05, 9.712952141249787e-06]
[-3.524311346869702e-06, 2.640819344257306e-06]
[3.90368128200258e-06, 3.799090732936605e-05]
[-1.2695103103199656e-05, 2.23683452529877e-06]
[8.736887158730666e-06, 1.042844713450286e-05]
[-7.860948212368157e-07, -2.2991969481273022e-05]
[1.7746558895956333e-05, -2.0222774680389577e-06]
[-2.0093053414174666e-05, 6.71859601819591e-06]
[1.9579410196979286e-05, -2.0200245881119017e-05]
[1.2952973889937547e-05, -6.124049581335278e-06]
[1.0876609045418206e-05, -2.532051620124376e-06]
[-7.5441089475436485e-06, 4.142988832001038e-07]
[-1.2642118037753391e-05, -2.4670094944334586e-05]
[3.4120089467126746e-06, -1.4680061828642454e-05]
[-1.1561265501058848e-06, 2.678354898755231e-06]
[8.447943086964393e-06, 6.783894288681092e-07]
[-2.3914350918280425e-05, -4.530081035292177e-06]
[2.3875934605899207e-05, -7.162868210425222e-06]
[-1.2528117740454037e-05, 1.2659714102733477e-05]
[1.7040639837748173e-06, -1.7478804256454428e-06]
[-1.0309401118901995e-06, -6.649617016268872e-06]
[7.66378039948612e-06, 2.7032593198250687e-05]
[2.9360383282384106e-06, 1.5350201493291582e-05]
[4.205435190085538e-06, 2.2474219794399453e-05]
[-6.324694686754562e-06, 9.028091570884023e-06]
[-2.100881460909143e-06, 1.8129010460388173e-05]
[-1.3565974563145566e-06, 6.038631596982924e-06]
[-2.8861324785633968e-05, 3.2168546150457278e-06]
[7.90884723198687e-06, 1.4196225155249653e-05]
[-1.3806472692917682e-05, -1.4628606651578835e-06]
[-2.0224274386998475e-06, 9.240218170392112e-06]
[-1.5883534244233444e-05, -1.5494620681760773e-05]
[7.895327207907421e-06, 7.804989581028376e-07]
[-5.628754220887711e-06, -2.0028053447807004e-05]
[2.5852626163613834e-05, -7.725546265713312e-06]
[1.0202049651852896e-05, 1.883762816623502e-06]
[1.4529072225433204e-05, -4.545802829158951e-06]
[1.78668936661186e-05, -1.1989592516692404e-05]
[-9.561763187976302e-06, -8.886483375269982e-06]
[1.2384593559788826e-05, 3.096219714879278e-06]
[-1.0237326527336166e-05, -2.5640822548023134e-05]
[9.780552106819496e-07, 2.0621256834885138e-06]
[-1.7618458426862937e-05, 3.548137118697392e-06]
[9.13065204770358e-06, 1.6283186270060757e-05]
[-1.5575528512834502e-05, -2.678947108508689e-06]
[-3.0636300346054135e-06, -1.6229554513635946e-06]
[-1.7006161405541675e-05, 2.054459601150138e-05]
[-6.37155343186091e-06, 1.4433890133003224e-05]
[1.1848855081098009e-05, 9.986974684572658e-06]
[1.2172701155055421e-05, 1.1901728795754574e-05]
[-1.7434092988433125e-06, 3.0485171351402052e-05]
[-4.883658011545222e-06, 9.100591413513381e-06]
[9.8131471997151e-06, -1.470218156274239e-06]
[-8.977668536858108e-06, -5.034343914633865e-06]
[1.2087187409984268e-05, 8.141433970459966e-07]
[-2.9252728522895233e-05, 1.2537112430988095e-05]
[6.794762700157442e-06, -7.92377377614728e-06]
[2.354991132658135e-06, -8.249911643942731e-06]
[3.384613111556689e-06, 1.3397165066209027e-06]
[-1.693426279825161e-05, -9.438855328336437e-06]
[1.499817160022232e-06, -1.2102039620653926e-05]
[8.764041550479718e-06, -2.097282597021688e-05]
[1.2295481246427098e-05, 8.425461790251276e-06]
[1.3433388417083414e-05, -5.661467914669371e-06]
[-1.7292163828175333e-05, -7.890519589853762e-06]
[2.336413349918187e-05, -8.592558452924504e-06]
[-2.656698749284314e-06, -6.055216479158854e-06]
[4.7623930580567575e-06, 9.612744331394252e-06]
[-3.6228630490020564e-06, -1.6895913937386986e-05]
[8.549121559370265e-06, 2.5616364569658323e-05]
[-8.613819480363105e-06, 1.1514840076359834e-05]
[-2.6569178923629977e-07, 1.3479125698712124e-05]
[-1.843318582517295e-05, 6.896970621728116e-06]
[-9.209378690533399e-06, 1.3364764333223533e-05]
[-5.828143801650532e-06, 1.5996172436305578e-05]
[-1.4265756192233248e-05, 2.644319905514836e-06]
[7.535665635056976e-06, 2.0967046987729887e-05]
[-2.2027898065324347e-06, -1.3730596448158217e-06]
[2.2793487937655676e-06, 1.1219337094969806e-05]
[-1.4469097076655335e-05, -1.1318814216815243e-05]
[1.9165690107514344e-05, -3.005126263111446e-07]
[-6.500143567567118e-06, -1.428230738453884e-06]
[2.053096525600484e-05, -8.064800547102902e-06]
[3.343813548606356e-06, 9.465341634928848e-06]
[7.385855334107738e-06, -6.743901128758445e-06]
[4.9733447875510706e-06, -1.4913403951322124e-05]
[-7.042964800973994e-06, -1.2192764911489462e-05]
[-3.193381048260946e-06, -4.592954896243118e-06]
[-6.9340478199148015e-06, -1.3212919564686842e-05]
[2.8176763086362744e-06, -1.0869259580881252e-05]
[-1.5662638863406242e-05, 8.065892696501598e-06]
[1.5328128344122005e-05, 5.313480166552198e-06]
[-1.0069332362472316e-05, -8.126374616335141e-06]
[6.486112073836314e-06, -4.998503927322595e-06]
[-1.2838649758872833e-06, 1.161485462619627e-05]
[7.640700929956168e-06, 2.0753595301292727e-05]
[6.828322271279497e-06, 2.2224286172489727e-06]
[1.2772296985485987e-05, 1.6376905644710504e-05]
[-1.4583307800686285e-05, 2.1375609468243795e-05]
[-1.045768816398951e-05, 1.4557079740906698e-05]
[-1.371919899836871e-07, -6.765494757504653e-06]
[-1.4394051664423646e-05, 3.844233295774435e-06]
[3.933383075832575e-06, 1.1915996273786922e-05]
[-2.593972085199875e-05, 5.0139245729441395e-06]
[4.143362843489484e-06, 5.714609156659556e-06]
[-7.55885002784451e-07, -1.3837074852585118e-05]
[7.945992037239336e-06, 8.573484451518398e-06]
[-1.6734060647283222e-05, -8.000265173890853e-06]
[1.484878171775783e-05, -6.171276999311637e-06]
[1.708002555467214e-05, -1.1248691925480614e-05]
[1.6855366254231452e-05, 1.2347930234968274e-06]
[9.764169855208671e-06, -4.974333744550696e-06]
[-1.2584786077247945e-05, -1.5941759452298143e-05]
[1.0938481441541414e-05, -8.93773535182163e-06]
[-9.666438660904664e-07, -1.3192047747079272e-05]
[-2.922578292735567e-06, 1.123976846023611e-05]
[-1.364148223503836e-05, -1.3096217248931286e-05]
[8.914476133159432e-06, 1.3180577948967986e-05]
[-1.2818415938586902e-05, 9.822140054682738e-06]
[3.3395151374238097e-06, 9.673325818138068e-07]
[-1.3567260568447814e-05, 6.428820717330197e-06]
[-1.919653427107093e-06, 7.28762229773583e-06]
[-2.760116749045416e-07, 2.1529260011976525e-05]
[2.4128417198676644e-06, 7.176379133860822e-06]
[2.9434425371857587e-06, 1.5472591979148742e-05]
[1.5329994808993552e-06, 8.605238904668688e-06]
[4.988084261470238e-07, 2.3729923651627516e-06]
[-1.5788164064896304e-05, 8.993660554346139e-07]
[1.910914042513312e-05, -3.2991169543472587e-06]
[-1.2056206600635777e-05, 8.060076314375664e-06]
[7.407016569982439e-06, 9.600145732258092e-07]
[-8.125710035722378e-06, 3.39996125958697e-06]
[1.3574971376995038e-06, 1.3715417915838302e-06]
[-4.456425108267936e-06, -1.8471010623272166e-05]
[-4.545238767583726e-07, -6.420195044543053e-06]
[-3.0265754332181594e-06, -9.331647474269955e-06]
[5.27503340661678e-06, -4.37962606070208e-06]
[1.2676377590586929e-05, -1.8302632749100933e-05]
[-6.130477605836848e-06, 3.017722670167755e-06]
[1.4017434512902938e-05, 2.940612583740565e-06]
[-4.132226648301263e-06, -1.6640257388372826e-05]
[7.006638895690198e-06, 1.5682117542326068e-06]
[4.0962055192217406e-07, 5.776321893857794e-07]
[1.0830342681233951e-05, 2.5539110915795415e-05]
[-6.360392669324533e-06, -4.9136823605522295e-06]
[7.902956376204529e-06, 7.841162803862156e-06]
[-2.056344025144763e-05, 1.8819514103374235e-05]
[-1.3592793241423706e-05, 9.045261406520622e-06]
[-4.8119464086046615e-06, 1.1297021912382021e-07]
[-1.0071367266106801e-05, 4.752756140771752e-06]
[1.4580029816801954e-07, 2.2378044870596803e-05]
[-1.2594133432866639e-05, 2.7778992547078385e-06]
[7.395725452830071e-06, 5.153316760167503e-06]
[1.9216182539916193e-06, -8.240893976552144e-06]
[1.5973981097094914e-05, 7.54633795227444e-06]
[-1.5692102407594e-05, 9.32532914832418e-07]
[1.7504804432411092e-05, -3.7718274641385108e-06]
[1.2299877576449347e-05, -1.4570701775684647e-07]
[6.957326590839585e-06, -3.0327503526828004e-06]
[-4.53841735487126e-06, -5.486107470420443e-06]
[-1.1601457209298172e-05, -1.7323476187852682e-05]
[1.4236579803789118e-06, -1.299375340806097e-05]
[2.794682628343148e-06, -8.957728765301987e-06]
[-3.8944784907513075e-06, 6.126762279456965e-07]
[-1.3045758539886876e-05, -2.3769114527449897e-06]
[1.2969846140076235e-05, -9.630109396585596e-07]
[-6.691714660389536e-06, 5.70538880753646e-06]
[9.107926288276502e-06, 2.4946526444580286e-07]
[-5.371429260214722e-06, -1.2024768740737102e-06]
[9.318118133427866e-06, 1.0494652868453525e-05]
[1.8321586336411677e-06, 1.3816225953589001e-05]
[1.0143233467652113e-05, 1.1613676689170571e-05]
[-7.088173203578796e-06, 6.212011201350842e-06]
[-6.911482399216129e-06, 1.269775939341522e-05]
[-7.069606292153807e-06, 1.3026911040991962e-06]
[-1.911851812363974e-05, 8.007122372533093e-06]
[1.0614557775956435e-05, 1.5340647103734284e-06]
[-1.1474898591989913e-05, 7.619023868088437e-06]
[2.750499660253425e-07, 1.1501582003525801e-05]
[-8.243756772330357e-06, -6.708324049864434e-06]
[8.282788030944399e-06, 8.402313049826748e-06]
[-5.421139423922305e-06, -1.6292683413077214e-05]
[8.631452878452017e-06, -6.284953335544685e-09]
[2.0594214256153265e-07, -4.019251957448899e-06]
[1.1040160363247342e-05, -5.101230868886919e-06]
[1.4792402742949684e-05, -1.3826514716236415e-05]
[-2.9044032474334625e-06, -9.607816950890635e-06]
[4.028526969436508e-06, 3.2819778592874105e-06]
[-1.0554739336976482e-06, -1.99308342006127e-05]
[1.6811424108087447e-06, 6.283604392365305e-07]
[-4.4670587004969065e-06, 9.866795908364256e-07]
[7.268163767615299e-06, 1.8369821066732683e-05]
[-1.645369807273811e-05, -3.667018970088254e-06]
[7.718678684764946e-06, -4.219528192447863e-06]
[-1.5058178877355721e-05, 1.620416448316897e-05]
[-4.13774680740886e-06, 5.254101707596881e-06]
[-4.0362084703648993e-07, 3.2064512549001556e-06]
[1.7901598595576607e-06, 5.15897563090062e-06]
[6.812683178702983e-08, 2.2807209170416787e-05]
[-5.37162292862936e-06, 8.481789958353358e-06]
[4.460534231420787e-06, -3.465631469870556e-06]
[-2.3079457886210353e-06, 5.303895971808803e-06]
[1.3124631536576281e-05, 4.642077084282548e-06]
[-1.5998777854853152e-05, 7.943336632898479e-06]
[1.078047664559989e-05, 5.788118895289074e-08]
[3.5166423046906203e-06, -8.711242195369451e-07]
[-8.122718404418583e-07, 3.4056317388952984e-06]
[-1.6507732586767965e-05, -1.2292515292361417e-05]
[-5.359095352847065e-06, -8.738875515265643e-06]
[8.09278846589101e-07, -1.377520536006982e-05]
[8.828062321192265e-06, -4.0039115613843546e-06]
[3.1672058689868887e-06, -5.636742485548574e-06]
[-4.521030827597805e-06, -1.982778005504837e-06]
[1.686098958045279e-05, -6.132996873076113e-06]
[2.6817436410420115e-06, -4.021603720844036e-06]
[6.852100487342305e-06, 5.519649373897373e-06]
[-4.6496469932599815e-06, -7.017876941961543e-06]
[1.0731094754579118e-05, 1.366489745575905e-05]
